# 
61 61 -3.0895188613754465
76 76 2.2987756709671254
91 91 -2.093596673147373
106 106 -0.5914040961320532
121 121 1.842418417060549
136 136 -2.2146446906003856
151 151 -2.814422540702216
166 166 -2.5228402295054213
181 181 3.209363965752769
196 196 -3.630827920473541
211 211 -1.377401698098505
226 226 0.4555442138060837
3001 3001 0.9998892533936674
3016 3016 -0.2042410928087781
3031 3031 2.3428720494391975
3046 3046 -0.23300304611880307
3061 3061 -3.1194704213753575
3076 3076 0.9456297777672296
3091 3091 1.5957102918153367
3106 3106 -1.3568812919453164
3121 3121 -1.8457417410602837
3136 3136 -1.615292255027179
3151 3151 2.4622718284578244
3166 3166 -2.044545382695474
61 76 -0.6825063334025339
61 3121 0.28879686031224217
61 3136 0.40360102022503797
61 3151 -0.32119184000705703
61 3166 -0.3978326429965935
76 3121 -0.5150335140381064
76 3136 0.7541834428832832
76 3151 0.07499374109518953
76 3166 -0.5047704485627098
91 106 0.11881435554927622
91 3061 -0.8604209771604161
91 3076 -0.2479802160997846
91 3091 0.17897844721173173
91 3106 -0.339488461776861
91 3121 -0.7896883751663422
91 3136 -0.4613866732661531
91 3151 0.3659355668512776
91 3166 0.9460142494726131
106 3061 0.40946632587338105
106 3076 -0.06977296085764806
106 3091 -0.25342103177477004
106 3106 -0.36393404230387216
106 3121 -0.6279769625693812
106 3136 0.6116509091637905
106 3151 0.4920433328459066
106 3166 0.5330525401435988
121 136 -0.05667934363635774
121 3061 -0.13298643045606595
121 3076 -0.15527561225611475
121 3091 0.6458088005129938
121 3106 0.6071321169637975
121 3121 0.7213154299892102
121 3136 -0.48298552699233377
136 3061 -0.3033750207271029
136 3076 0.13202947069020432
136 3091 0.8142153781896944
136 3106 -0.04063970438980813
136 3121 0.9418152284644674
136 3136 -0.8056683123853283
151 166 0.289540294717231
151 3061 -0.9425822642513475
151 3076 0.31604272199272065
151 3091 -0.3884663531838439
151 3106 -0.4153572753555905
151 3121 -0.7095321176355929
151 3136 -0.6659412265621092
151 3001 0.1865846855512705
151 3016 -0.25101642927609036
151 3031 -0.8670133981971595
151 3046 -0.3945112286362187
166 3061 0.9590176700532358
166 3076 0.9516124969263426
166 3091 -0.16735044167053204
166 3106 -0.9003997466881997
166 3121 0.5377174084286056
166 3136 0.4133969363706784
166 3001 -0.9529292136251841
166 3016 -0.6400469165057434
166 3031 -0.798138269964825
166 3046 -0.5710264103356149
181 196 -0.19377257445980312
181 3061 0.03517590925036895
181 3076 -0.08566696772269888
181 3001 -0.46730363132676134
181 3016 -0.2661119271040555
181 3031 -0.08986257071182968
181 3046 -0.9488097903050123
196 3061 0.09405156907717593
196 3076 -0.035020017961818084
196 3001 0.4368479471144111
196 3016 -0.6391888093886389
196 3031 -0.7180722574112597
196 3046 0.6811943193667294
211 226 0.5248733988139482
211 3061 0.03939052322995584
211 3076 -0.6223872024071915
211 3001 -0.11133732712808508
211 3016 0.18833723579068518
211 3031 -0.9250416177121277
211 3046 -0.0008154676133895755
226 3061 -0.4628162629512731
226 3076 0.37734228005958426
226 3001 -0.0640681827366687
226 3016 0.9891361405541166
226 3031 0.4041318076344136
226 3046 -0.6904425591979919
3001 3016 0.05747249846589497
3031 3046 0.5524971923956723
3061 3076 -0.24497320963095404
3091 3106 -0.5897775214902068
3121 3136 -0.8834116670257639
3151 3166 0.02342876094481805
