# 
61 61 -2.5861353695151283
76 76 1.2372287660487746
91 91 -3.8780292692964853
106 106 3.397046587269978
121 121 -0.518822028227997
136 136 3.96193630046227
151 151 -2.1439340520708345
166 166 -0.8388514225034243
181 181 -3.209704664752164
196 196 2.7445022799544576
211 211 -0.35531083225991456
226 226 3.0481477107717767
3001 3001 3.458098782758384
3016 3016 -0.9177872581533579
3031 3031 3.27416197039574
3046 3046 1.7757948626875075
3061 3061 -0.1075486471315541
3076 3076 0.018491050051086866
3091 3091 -0.5390998982951576
3106 3106 -0.6174664422454139
3121 3121 1.4533626874940868
3136 3136 1.9316604774059627
3151 3151 2.766458014253068
3166 3166 -3.5072792161802866
61 76 -0.12910673896197977
61 3121 -0.3330050098391333
61 3136 0.7177376853773334
61 3151 -0.3813109612177923
61 3166 0.6975618396167134
76 3121 -0.1331340614110652
76 3136 -0.9707135507928089
76 3151 0.14792926395174422
76 3166 -0.860527934017292
91 106 0.627863557261714
91 3061 0.6001202396576044
91 3076 -0.03996727683283341
91 3091 -0.25699807837784516
91 3106 -0.5968156612428692
91 3121 0.418220144537536
91 3136 0.1318489323228007
91 3151 0.04399393618940195
91 3166 0.3077646011423243
106 3061 0.4815401212705679
106 3076 -0.47962632419257645
106 3091 0.7455942620291374
106 3106 -0.42894715497650227
106 3121 -0.11432141553191522
106 3136 0.10954176983472252
106 3151 0.7593307319896416
106 3166 0.5851549312653819
121 136 -0.4125836141432444
121 3061 0.2621798398563093
121 3076 0.7024928704547169
121 3091 0.0902324924670923
121 3106 -0.8508312612749132
121 3121 -0.32724884053312175
121 3136 0.7459924234481672
136 3061 -0.8587882074697906
136 3076 0.3737937098517976
136 3091 -0.8982070684696772
136 3106 -0.6591150670806063
136 3121 0.5874835186510527
136 3136 0.7043702720359719
151 166 -0.03891084425666791
151 3061 0.4119464001613744
151 3076 0.7403129724140978
151 3091 0.515768761374561
151 3106 0.5410599350588188
151 3121 0.20420932973322237
151 3136 -0.9013562964943687
151 3001 0.8579118210247023
151 3016 0.4363954417645759
151 3031 -0.03921858936220679
151 3046 -0.020104664409868134
166 3061 0.8274974472815919
166 3076 0.8162733558993165
166 3091 0.6843580017740976
166 3106 -0.7964195614603873
166 3121 0.1259424032530443
166 3136 0.12023834610782114
166 3001 0.8076998067612806
166 3016 -0.12361002249589714
166 3031 -0.3680379892649135
166 3046 -0.8797854642289833
181 196 -0.3289897224513112
181 3061 -0.7309480961674046
181 3076 0.02751773255715695
181 3001 0.5695726221311266
181 3016 0.7075240853258893
181 3031 -0.9329020470803442
181 3046 0.23092932038965097
196 3061 -0.6729174832645108
196 3076 0.767076811379102
196 3001 -0.4119136616178556
196 3016 0.8358269909736471
196 3031 -0.4968626418851636
196 3046 -0.035927579714366775
211 226 -0.9326325870831245
211 3061 0.8676677181175809
211 3076 0.3336241002153959
211 3001 0.4743763520916944
211 3016 0.14687645349351275
211 3031 -0.8199261182998439
211 3046 0.5905311956826229
226 3061 -0.8637108408459528
226 3076 -0.2320784074657689
226 3001 -0.42536352052815274
226 3016 0.4864580642121483
226 3031 -0.4595179260600293
226 3046 0.5856731027253161
3001 3016 0.5993316537709183
3031 3046 0.3149771668872807
3061 3076 0.7043523927053736
3091 3106 -0.8264323854741737
3121 3136 0.003174446506798434
3151 3166 -0.36544703347752217
