# 
61 61 -2.6061466665977573
76 76 -1.5311575087001241
91 91 -1.9629855494231734
106 106 1.9243302105760298
121 121 2.5043047268841434
136 136 -3.8107938086733206
151 151 1.8112443818572768
166 166 0.2287003693133709
181 181 -1.9794328696740244
196 196 -1.6941673172181222
211 211 2.6716496496763558
226 226 3.143837395720263
3001 3001 -0.8997624770467771
3016 3016 3.645732460660554
3031 3031 -1.3541811534666204
3046 3046 0.42176314122003156
3061 3061 -1.5190612061742375
3076 3076 1.253771023767615
3091 3091 -0.9461024528867146
3106 3106 -2.3108186219841658
3121 3121 -0.596607272256862
3136 3136 1.8792829493472638
3151 3151 0.5604102888270406
3166 3166 1.8306110753724054
61 76 0.729500884865268
61 3121 -0.22510148335246294
61 3136 0.4366118879664098
61 3151 -0.31739228937993724
61 3166 0.1251362066732189
76 3121 0.6170567463079832
76 3136 -0.3963696018530427
76 3151 -0.9174601868817989
76 3166 -0.13385796433004793
91 106 0.7836829703519645
91 3061 0.460003705974688
91 3076 -0.9630049255127606
91 3091 -0.15255003584803006
91 3106 0.012237852706011632
91 3121 0.22207730957584704
91 3136 -0.608019761943821
91 3151 0.2581105929237699
91 3166 -0.3697649781427288
106 3061 0.5965101378096929
106 3076 0.5648810435411407
106 3091 0.9147632326991841
106 3106 -0.09497549990040022
106 3121 -0.7414413101718509
106 3136 0.7369605043295939
106 3151 -0.44882983555055955
106 3166 0.75228311683241
121 136 0.6538457936467628
121 3061 -0.15861667278743008
121 3076 -0.015177208838741185
121 3091 0.5882426753045844
121 3106 -0.5856451068351565
121 3121 -0.032273155126111064
121 3136 0.06112569251376754
136 3061 0.798465682810326
136 3076 0.747041428705848
136 3091 -0.3405554282781462
136 3106 0.9047982275069573
136 3121 0.144932678096928
136 3136 -0.31928634525120914
151 166 0.7263627959196484
151 3061 -0.7053606619619397
151 3076 -0.3623189126255866
151 3091 0.41501499903159367
151 3106 -0.4884803328670342
151 3121 0.32790868245307037
151 3136 -0.7501648369853666
151 3001 -0.3098898464984672
151 3016 0.5993083892688185
151 3031 -0.8891677628750787
151 3046 -0.28654063448500566
166 3061 0.1161116900185708
166 3076 0.39920331414770494
166 3091 -0.6434261199867088
166 3106 -0.26956876049735845
166 3121 -0.7709193999086841
166 3136 0.5370475610208418
166 3001 0.38761946718285123
166 3016 -0.2529523104291427
166 3031 -0.4358518219069125
166 3046 -0.903495411279545
181 196 -0.681329567184481
181 3061 -0.3254067189144605
181 3076 0.33634641314333447
181 3001 -0.7633582818613063
181 3016 0.9212248938059331
181 3031 -0.9205718461510792
181 3046 -0.24300268736940644
196 3061 0.7239258416564149
196 3076 0.1346406011920782
196 3001 0.08154064363285096
196 3016 -0.3702111238228041
196 3031 -0.1393175018258892
196 3046 -0.5139349145471692
211 226 0.5450856249187936
211 3061 0.4765315959261507
211 3076 -0.8426175536641678
211 3001 0.8320184402548507
211 3016 0.6703806422718979
211 3031 -0.8082251940260752
211 3046 0.3257258455566263
226 3061 -0.3203692711325641
226 3076 0.8097726059707273
226 3001 -0.7836016843498887
226 3016 -0.6866156215144064
226 3031 -0.17709173716647153
226 3046 -0.5597860140356807
3001 3016 -0.1491879567499883
3031 3046 0.6640000892171309
3061 3076 -0.06504018132898248
3091 3106 0.7854936142787181
3121 3136 0.18927977497062387
3151 3166 0.536072805882793
