# 
61 61 0.6962479412996796
76 76 -0.2608511545627987
91 91 0.07940834510059513
106 106 -1.6373333099968148
121 121 0.06729981348738612
136 136 -0.6032780925869021
151 151 -0.9965524949655782
166 166 0.7956805614840867
181 181 -1.0639121694805143
196 196 -0.36517758435380276
211 211 1.2838624419795632
226 226 -0.3146499218778027
3001 3001 -0.9511687406110987
3016 3016 -2.407796669036421
3031 3031 0.24186014839547454
3046 3046 1.8272542297899959
3061 3061 -3.3072617626986043
3076 3076 0.5435740467822807
3091 3091 1.2701020720597391
3106 3106 3.010524704240858
3121 3121 -3.92162781604553
3136 3136 3.1816864266572358
3151 3151 1.7019501889748314
3166 3166 -1.4764957610957676
61 76 -0.8623327771282925
61 3121 -0.9729167079862269
61 3136 0.6671184712646574
61 3151 0.07831288077267384
61 3166 0.34313167892790974
76 3121 -0.13779634999632107
76 3136 -0.3277924520034321
76 3151 -0.21467973346178426
76 3166 -0.26913221383499475
91 106 0.3028810430550861
91 3061 -0.5412692293020611
91 3076 -0.4615051391559619
91 3091 -0.6801578146253802
91 3106 -0.6418468781273174
91 3121 -0.26371014200003096
91 3136 0.7127624404379107
91 3151 -0.6721288728634285
91 3166 0.605691301227216
106 3061 0.30319555993078895
106 3076 0.9984565196248258
106 3091 0.440020191956755
106 3106 -0.09801139305020823
106 3121 0.7020851424964998
106 3136 0.1816048301773212
106 3151 0.6373515732111421
106 3166 0.9306453415118789
121 136 0.6656925005307832
121 3061 -0.3952036861100443
121 3076 0.4649267503194303
121 3091 0.42713620908559724
121 3106 -0.3120030837256036
121 3121 0.4588116670216513
121 3136 0.2897143262911692
136 3061 0.3866345071867272
136 3076 0.4306978945558304
136 3091 0.2638436564274478
136 3106 -0.8172871808564988
136 3121 0.1211132354637321
136 3136 0.7221451986854233
151 166 0.0763628682194526
151 3061 -0.05181947599573067
151 3076 0.2597490599186725
151 3091 0.7751683479017697
151 3106 0.9399554378567949
151 3121 -0.22120645381264104
151 3136 0.9071135607563487
151 3001 -0.9154863271341129
151 3016 0.8907157817647946
151 3031 0.0947266872923831
151 3046 0.003060046508107428
166 3061 -0.38706316910074623
166 3076 -0.16899776842139835
166 3091 -0.5482282061686963
166 3106 0.7172455057415712
166 3121 -0.20325014169586297
166 3136 -0.270058624128108
166 3001 -0.26375311641849164
166 3016 0.5977079810112822
166 3031 -0.1911469212344017
166 3046 0.8691881094
181 196 0.37829002309309123
181 3061 0.47339732894847897
181 3076 -0.18573040760104642
181 3001 -0.9637890810070546
181 3016 -0.5931170680306537
181 3031 0.6772846933563801
181 3046 0.5317397799076302
196 3061 -0.2942787765080197
196 3076 0.980042127002019
196 3001 -0.4218058479370135
196 3016 0.0711224061965754
196 3031 -0.8201522056216954
196 3046 -0.4211546362552536
211 226 -0.17315785757412994
211 3061 0.8809137184551254
211 3076 0.9665821830344781
211 3001 -0.7181562491165758
211 3016 0.616191674410004
211 3031 -0.32952162308118393
211 3046 0.4294868235085223
226 3061 0.44756755719719843
226 3076 -0.7114909659343651
226 3001 -0.5418850939366173
226 3016 0.10582529319747636
226 3031 0.48508222942148627
226 3046 -0.8417731646529945
3001 3016 0.5300407803197127
3031 3046 -0.9191642656814387
3061 3076 0.9204859129098153
3091 3106 0.9655846011858762
3121 3136 -0.00648144820060792
3151 3166 0.7065318378504677
