# 
61 61 -2.524908972734382
76 76 -2.8053159158847363
91 91 2.983770341467479
106 106 2.160183806012844
121 121 1.247286872942662
136 136 0.7366768415801568
151 151 -3.349291564381363
166 166 3.555569308039197
181 181 -3.4973449096632496
196 196 2.874824681161334
211 211 0.4110341588162312
226 226 1.2634373632260099
3001 3001 3.701728683026362
3016 3016 1.323319098268101
3031 3031 -2.991390696238444
3046 3046 1.696561013963195
3061 3061 3.7200216985470798
3076 3076 0.2733838335508576
3091 3091 3.160171869390494
3106 3106 3.1291736015935667
3121 3121 0.3442544125849665
3136 3136 -2.5992185129466012
3151 3151 -3.257663446937519
3166 3166 -3.717710528038814
61 76 0.2481781396666558
61 3121 0.4675558290248314
61 3136 0.7415730118352462
61 3151 0.8149694872418862
61 3166 0.17524040565249122
76 3121 -0.6826439915337636
76 3136 -0.3833407340123103
76 3151 -0.05101424373903218
76 3166 -0.8839534609269186
91 106 -0.3672798678498479
91 3061 0.6048711421372519
91 3076 -0.5937012904029146
91 3091 -0.772437924778691
91 3106 -0.48233778107444336
91 3121 0.11048246942761009
91 3136 0.1645292592929395
91 3151 0.010137811779144856
91 3166 0.5023912242655857
106 3061 0.37266439794045825
106 3076 0.2257850823426899
106 3091 -0.2086155808727903
106 3106 -0.7735869382618221
106 3121 0.11549314920280973
106 3136 -0.14690739216789916
106 3151 0.5056115643844594
106 3166 0.18952531320867894
121 136 -0.31287295202570764
121 3061 -0.9610219803266817
121 3076 0.30236771576253707
121 3091 0.7672654814864601
121 3106 -0.9304869962599995
121 3121 -0.5877745978205879
121 3136 -0.9887142390959376
136 3061 -0.6343980117936252
136 3076 -0.3211958979387026
136 3091 -0.3751815175152913
136 3106 -0.5032982673607371
136 3121 -0.029635844253344867
136 3136 -0.27562626078838814
151 166 0.6019998080369036
151 3061 0.6654299539355919
151 3076 0.11584865478133932
151 3091 0.3995630704049815
151 3106 -0.5621943305371717
151 3121 0.6460236861433843
151 3136 -0.023450590362324775
151 3001 -0.3569262095034331
151 3016 0.202943807668849
151 3031 -0.41037670856040975
151 3046 -0.5858518059128355
166 3061 -0.07758530411487907
166 3076 -0.3833649699596746
166 3091 -0.5410309954860499
166 3106 0.9715574557791389
166 3121 0.359626530002382
166 3136 0.6353998798651226
166 3001 -0.3316455407493648
166 3016 0.6165547637365842
166 3031 -0.43198571863221225
166 3046 0.19471318024702433
181 196 0.950955655264051
181 3061 -0.7332799890080002
181 3076 0.9322199415079822
181 3001 -0.8864118523235087
181 3016 -0.9807331197553553
181 3031 0.7284127845778776
181 3046 -0.41903875993979
196 3061 -0.04260642027491324
196 3076 -0.13631518897343886
196 3001 0.19130475504777444
196 3016 -0.09661797452148257
196 3031 0.17087372260834321
196 3046 0.4207054200664526
211 226 -0.579785666992666
211 3061 0.12127479773187844
211 3076 -0.9976943924181245
211 3001 -0.7351655287569347
211 3016 -0.8477776594167614
211 3031 0.9751457647584176
211 3046 0.414590920207605
226 3061 -0.24285379985283018
226 3076 -0.014507111014531171
226 3001 -0.27084715611195653
226 3016 -0.682580201369362
226 3031 -0.6783928726626234
226 3046 0.28773006905887577
3001 3016 0.16598982034987952
3031 3046 -0.3670688024002444
3061 3076 -0.5415930552007284
3091 3106 -0.28196217755273656
3121 3136 -0.3098318869890768
3151 3166 -0.5262373255967827
