# 
61 61 3.621650037642783
76 76 0.8102898768942843
91 91 0.060401971767580775
106 106 -0.32560286871637434
121 121 3.005542262996075
136 136 2.139659989442455
151 151 -1.3319610507786415
166 166 1.6122972481700346
181 181 -3.7018793768051017
196 196 -3.3241847897569023
211 211 1.916157942596361
226 226 3.195199864724308
3001 3001 1.9222450780530567
3016 3016 -3.762454644961662
3031 3031 0.7410726832561165
3046 3046 2.4591300590813
3061 3061 -3.4520515781083105
3076 3076 0.4702012172904899
3091 3091 -3.515147532804842
3106 3106 -2.5662998639838728
3121 3121 -1.0112825684027777
3136 3136 -1.1217623354343544
3151 3151 3.774465764012212
3166 3166 3.983808496794346
61 76 -0.11195109783950485
61 3121 -0.5872135360398567
61 3136 0.26007105854779855
61 3151 0.48854608959339285
61 3166 -0.816980640083359
76 3121 0.011215824633868499
76 3136 0.26840282671568416
76 3151 0.09158099643509332
76 3166 -0.23737574794195826
91 106 0.1485261563961504
91 3061 0.4232145189175023
91 3076 -0.18104665478402637
91 3091 0.46645650276391737
91 3106 -0.2557781652180571
91 3121 0.06891649909370301
91 3136 -0.901277455591893
91 3151 -0.8310927560915375
91 3166 -0.7559625762353639
106 3061 -0.25801479682762407
106 3076 -0.0504579246642507
106 3091 -0.300974142773915
106 3106 -0.6974263165271646
106 3121 -0.4461362066011909
106 3136 -0.8130533475366317
106 3151 0.9230347073479055
106 3166 0.8679298681963665
121 136 0.42892402628043724
121 3061 -0.665711972637461
121 3076 0.5027294291162323
121 3091 -0.8506963713924196
121 3106 0.5549036317944631
121 3121 -0.5198603019874262
121 3136 0.6144662559207039
136 3061 0.06283176255617962
136 3076 0.5613358527908321
136 3091 -0.8764438584685457
136 3106 -0.9477120302703042
136 3121 -0.09376428468402676
136 3136 0.9161257414697559
151 166 -0.89107890958176
151 3061 0.6751266784986318
151 3076 0.5772028946296395
151 3091 -0.6640967946238665
151 3106 -0.2980939473938997
151 3121 0.09757777551695002
151 3136 -0.1174770676929271
151 3001 0.3256262033481856
151 3016 -0.8433195175321775
151 3031 -0.42816885334737464
151 3046 -0.9294602114661557
166 3061 -0.8100450368908918
166 3076 -0.36964002679247643
166 3091 -0.11351498384436898
166 3106 -0.09679613916458774
166 3121 0.5629661743006324
166 3136 0.3869534963581218
166 3001 0.19541750630526677
166 3016 0.6184825035473371
166 3031 -0.1444122576086302
166 3046 -0.305351745311923
181 196 0.5694282615038342
181 3061 0.2812255054320658
181 3076 0.9061142852455559
181 3001 -0.6759706591332666
181 3016 0.12624376299064144
181 3031 -0.20361930210649937
181 3046 0.10640608183687994
196 3061 -0.18294489629231014
196 3076 0.28476760255584144
196 3001 -0.8361512656952421
196 3016 0.5144302158281688
196 3031 -0.5183974155892928
196 3046 0.7887418320169204
211 226 -0.8670041014943943
211 3061 -0.022727113423986367
211 3076 0.1942581686823064
211 3001 -0.8475981759978857
211 3016 -0.9349648072513008
211 3031 0.8755157189739342
211 3046 -0.0008565901566204293
226 3061 0.0364250182454795
226 3076 -0.6030821825572139
226 3001 0.3782681852022216
226 3016 -0.5183643687069517
226 3031 -0.7853122023532122
226 3046 -0.44587951916387114
3001 3016 0.3817098646201833
3031 3046 0.41001737402463134
3061 3076 0.2527762019889286
3091 3106 0.8676552580062005
3121 3136 -0.5464997483438314
3151 3166 -0.7762770608071434
