# 
61 61 -1.4361418190190163
76 76 0.17339150244267731
91 91 -1.1157291399600098
106 106 -2.8422678568210236
121 121 -0.7314337021095572
136 136 -0.3678184105883968
151 151 1.062790043721738
166 166 -1.5451758953758041
181 181 -3.285254666114354
196 196 3.3609357662633563
211 211 2.3269673670298614
226 226 0.9174351527574078
3001 3001 3.621980726167404
3016 3016 2.6363667326346896
3031 3031 -0.655462683163563
3046 3046 -3.080814250492736
3061 3061 -2.5762429801658406
3076 3076 -3.5361824177093952
3091 3091 0.6610387591182114
3106 3106 -3.4706049811174866
3121 3121 0.14372564213530126
3136 3136 -1.2930446018781998
3151 3151 3.0966625111920747
3166 3166 2.0029094967020677
61 76 0.8728425532660866
61 3121 -0.8655293872418295
61 3136 0.5396080280887565
61 3151 -0.26124429825912987
61 3166 -0.49267889669265297
76 3121 0.3309781210391656
76 3136 -0.7753093711594281
76 3151 0.7450891236383184
76 3166 -0.9710007855307943
91 106 0.08040132318466875
91 3061 -0.9111971528217948
91 3076 -0.11147050121725766
91 3091 0.45839553721508275
91 3106 0.13141972746791564
91 3121 -0.052610665442088145
91 3136 0.5424629578123465
91 3151 -0.7126234829360838
91 3166 -0.0905979803390995
106 3061 0.3943239822707987
106 3076 -0.3300069735626452
106 3091 0.4128814962339076
106 3106 0.9568090661008544
106 3121 -0.5464519220502977
106 3136 0.2740469140325541
106 3151 0.11518945003288139
106 3166 -0.9281771649819701
121 136 -0.03592378011428177
121 3061 0.5402381336805764
121 3076 0.16760990445746682
121 3091 -0.9797945227533507
121 3106 0.9336091396933353
121 3121 0.30367193311621055
121 3136 0.3249143354065078
136 3061 -0.8324970831544787
136 3076 0.030083978281645773
136 3091 0.5670871838092553
136 3106 0.9416103986471145
136 3121 0.44440617034022867
136 3136 0.6954529333139408
151 166 0.653308546304211
151 3061 -0.21918606313545208
151 3076 0.1260916941252217
151 3091 0.308258949816129
151 3106 0.15550111586338966
151 3121 0.10355571822478948
151 3136 -0.11588848115449335
151 3001 0.6452991806395487
151 3016 -0.420084519413358
151 3031 -0.11263214207411454
151 3046 0.18435930591573713
166 3061 -0.05578326378556331
166 3076 -0.5579606299740285
166 3091 -0.26202972296033544
166 3106 -0.5009981806290489
166 3121 -0.34086005447114665
166 3136 0.5854546243024576
166 3001 -0.07426618619460368
166 3016 -0.22100131474980755
166 3031 0.4660352524837792
166 3046 0.9034146427908563
181 196 0.7467017308501851
181 3061 0.4841854738450595
181 3076 -0.25127271254106165
181 3001 -0.27924432222824547
181 3016 -0.24666891428979265
181 3031 0.2127601680810245
181 3046 -0.5805090875821577
196 3061 0.7328769924167899
196 3076 0.21285795319686196
196 3001 -0.5321793896462221
196 3016 0.5577322203003006
196 3031 0.10685548969295189
196 3046 0.7975892615376408
211 226 -0.5118807745068483
211 3061 -0.192750621274965
211 3076 0.7471888197397423
211 3001 -0.07544089804628618
211 3016 -0.37140676591838706
211 3031 -0.742097807630991
211 3046 -0.7302991329011617
226 3061 -0.9470179641974774
226 3076 -0.1039985975839377
226 3001 0.6452612917676763
226 3016 0.3341945035739444
226 3031 0.9453806831439842
226 3046 0.9412808548652121
3001 3016 0.6374231887499018
3031 3046 -0.04439021736392634
3061 3076 -0.46954809913107787
3091 3106 0.8793206016235828
3121 3136 0.056520719468174274
3151 3166 0.9168049090223023
