# 
61 61 1.8894065165733966
76 76 -1.2805143516270343
91 91 -2.888903593668662
106 106 1.6582878171388495
121 121 1.3876624143160612
136 136 0.7343284120331575
151 151 -2.228492227415778
166 166 -2.2775523459051374
181 181 1.0641661624248675
196 196 2.8011634176036333
211 211 2.7206373265468047
226 226 0.4321204723440948
3001 3001 2.7609196608321414
3016 3016 -1.3157796129487656
3031 3031 3.212053543251306
3046 3046 -2.4125388195271364
3061 3061 2.6988037107228013
3076 3076 -1.2462200897181646
3091 3091 1.2525264845948376
3106 3106 -1.5438446842698204
3121 3121 0.5911812487110462
3136 3136 -3.4938623543423617
3151 3151 3.6795472186341813
3166 3166 -0.6841108565464662
61 76 0.4018549779972609
61 3121 -0.284650446506995
61 3136 0.11002409020094728
61 3151 0.45267192659858435
61 3166 -0.1389534656101299
76 3121 -0.8099930119114098
76 3136 -0.8339900555793929
76 3151 0.8335442569266431
76 3166 0.3465602323754051
91 106 0.13612504233451572
91 3061 -0.5775400337260925
91 3076 -0.5607522767266355
91 3091 -0.7362979058053185
91 3106 -0.255176383940219
91 3121 -0.8484989960698051
91 3136 -0.2273656121029417
91 3151 0.5033180075098926
91 3166 -0.2747940215884519
106 3061 -0.8353502032470965
106 3076 0.906085132739322
106 3091 -0.4328462803674036
106 3106 -0.10583557988606751
106 3121 0.6325631553969713
106 3136 0.5748924735850556
106 3151 0.43789642922605654
106 3166 0.3311143528369582
121 136 -0.6983397307335828
121 3061 -0.6695113565326953
121 3076 -0.6550852617089429
121 3091 0.2511306173914314
121 3106 0.12453194550618907
121 3121 0.16658313576535355
121 3136 -0.5252025255156365
136 3061 -0.9264366678405691
136 3076 0.3679070697525644
136 3091 -0.5175498132275416
136 3106 0.8804187368956589
136 3121 -0.37363000546625735
136 3136 -0.5069606036001233
151 166 0.517708899255003
151 3061 0.9698311017826415
151 3076 0.9878118540698331
151 3091 0.7340236737997663
151 3106 0.06324334241496987
151 3121 -0.6184055548567275
151 3136 0.4134987918040023
151 3001 -0.15770352556874578
151 3016 -0.022646034207953525
151 3031 0.5265674966591405
151 3046 -0.6909795245547412
166 3061 0.8991359263991492
166 3076 -0.9173831682416369
166 3091 0.06141233771594812
166 3106 0.6819573688194507
166 3121 -0.6461263103677635
166 3136 -0.2663500256279139
166 3001 0.2058967106853069
166 3016 0.32275662544421224
166 3031 -0.8091226637251256
166 3046 0.23898374817700696
181 196 0.6665054828490713
181 3061 0.2653224238111678
181 3076 -0.580323707955567
181 3001 -0.6730128241925184
181 3016 0.8199580849756327
181 3031 -0.9480860875886279
181 3046 0.47734397586582644
196 3061 -0.7510503949814284
196 3076 0.07526749786123377
196 3001 -0.917686251505784
196 3016 -0.227221601060275
196 3031 0.5495671817663161
196 3046 0.035894279926373285
211 226 0.023869353370567392
211 3061 0.3603807302772355
211 3076 0.7154437266631644
211 3001 0.5900794055901268
211 3016 0.31749175943404206
211 3031 -0.7040278305183789
211 3046 -0.31750097218861706
226 3061 0.4688177970100518
226 3076 0.3871180554675966
226 3001 -0.4801251226326333
226 3016 0.5430674260897042
226 3031 0.8873274016855803
226 3046 0.763899389589549
3001 3016 0.6269240347469212
3031 3046 0.03964358068742313
3061 3076 0.44782138593835774
3091 3106 -0.699682965529842
3121 3136 0.006123740171062542
3151 3166 -0.3551567483993503
