# 
61 61 -3.9458205001298383
76 76 -3.5121832228032437
91 91 -0.7375537509228778
106 106 -0.15722847464342404
121 121 -0.9485683283178012
136 136 2.641037011628266
151 151 -0.4487523469295738
166 166 -1.5332979774895126
181 181 3.5500443530523214
196 196 2.3341108615731763
211 211 -1.0335967262030215
226 226 1.791276848689873
3001 3001 -2.6482281617035506
3016 3016 -1.1266242728506803
3031 3031 3.2824734576348282
3046 3046 -0.939544856516223
3061 3061 -1.6806187813554718
3076 3076 -1.4573840602028714
3091 3091 2.4741154929670737
3106 3106 3.0365140277319345
3121 3121 1.7786729372132672
3136 3136 -0.8122263353526087
3151 3151 -3.4121970187377233
3166 3166 -3.016394014912379
61 76 0.8814426392569679
61 3121 0.02796005092817566
61 3136 0.9792388102150893
61 3151 0.45357340255472645
61 3166 0.48614305100307886
76 3121 0.7657709731166653
76 3136 0.2973904257918789
76 3151 -0.25593235756678645
76 3166 -0.7241019833538409
91 106 -0.5287042404299913
91 3061 -0.3079124456650111
91 3076 0.4689046251609412
91 3091 -0.150100395241058
91 3106 -0.23156978028619424
91 3121 -0.04948058098664743
91 3136 0.47565429122549063
91 3151 -0.9750033775530227
91 3166 -0.7285691800741056
106 3061 -0.1312679474215821
106 3076 -0.09787673387158047
106 3091 -0.08095712134603583
106 3106 -0.8118593278261137
106 3121 0.5173041465918375
106 3136 0.5105229938195448
106 3151 0.7502184046287572
106 3166 -0.3855714428748347
121 136 -0.6971557420773142
121 3061 0.7141445278774552
121 3076 -0.7367749775501575
121 3091 0.5693761960788288
121 3106 0.8631532294449105
121 3121 -0.45517711747463574
121 3136 0.2195479155775868
136 3061 -0.5195557967638378
136 3076 -0.8305818780313223
136 3091 0.3007254383412461
136 3106 -0.5351694678966226
136 3121 -0.9004427013085619
136 3136 -0.9594151725232871
151 166 -0.18190245034177632
151 3061 0.14111948961575882
151 3076 0.9918209432872549
151 3091 0.1784973862618202
151 3106 0.2562378908290963
151 3121 -0.23944441444896092
151 3136 0.5652505713339477
151 3001 0.9630342509291439
151 3016 0.9513710213385338
151 3031 -0.2664723641942721
151 3046 -0.2573072164148613
166 3061 0.5066422276188909
166 3076 -0.26388790598016065
166 3091 -0.9352777606352403
166 3106 0.17597989276908477
166 3121 0.45196903729280447
166 3136 -0.5657522847168273
166 3001 -0.057008372207151936
166 3016 0.11725072133448666
166 3031 -0.3058578289206988
166 3046 -0.15019889127085873
181 196 -0.20757476923550566
181 3061 -0.6518656750795613
181 3076 0.19474070660470844
181 3001 0.17633941174188528
181 3016 0.9448811320866679
181 3031 0.5891011074507495
181 3046 -0.40529424639268363
196 3061 -0.6140496686402122
196 3076 -0.48086903004763526
196 3001 -0.5135805838352856
196 3016 0.005528392736129373
196 3031 0.4339305806814131
196 3046 0.06303546124337323
211 226 0.68324130921538
211 3061 -0.9451567203146791
211 3076 0.34593623063889956
211 3001 0.11358525345678627
211 3016 -0.07194704486103376
211 3031 0.1890755113724536
211 3046 0.4410390309129846
226 3061 -0.15081452413013197
226 3076 0.4328249650977263
226 3001 0.35901284618468243
226 3016 -0.5334388617413746
226 3031 -0.43216073576818026
226 3046 0.944886604183568
3001 3016 0.6545487001899029
3031 3046 0.8066951206628048
3061 3076 -0.36864923095379476
3091 3106 0.644381265417707
3121 3136 0.35235359644005926
3151 3166 0.655087284884937
