# 
61 61 -1.4661179109517581
76 76 3.857011578570142
91 91 -0.6685161733945453
106 106 -1.9699940744319928
121 121 0.4245212042388591
136 136 -2.901934416181077
151 151 -1.690517437947972
166 166 -1.5000253084418453
181 181 -1.9438058411055747
196 196 -1.725654160475317
211 211 -3.407810865819518
226 226 1.4216182625152536
3001 3001 2.2006231262003855
3016 3016 -0.49140225197454157
3031 3031 2.3428724963146577
3046 3046 -3.873122752991476
3061 3061 0.09075699424839812
3076 3076 3.130070981357278
3091 3091 1.900418981676549
3106 3106 -2.673517148102105
3121 3121 0.9263875541604518
3136 3136 -0.8198998966770921
3151 3151 1.1023884751102058
3166 3166 0.08556713073748057
61 76 0.42477806294699927
61 3121 0.8802981551206395
61 3136 0.7275006368895951
61 3151 0.18549283665626404
61 3166 0.6658000977085661
76 3121 0.7052635238133882
76 3136 -0.4163244504220427
76 3151 0.7669453639243078
76 3166 0.4078193192245425
91 106 0.3846414233732707
91 3061 -0.10350260756077123
91 3076 0.6862977772468446
91 3091 0.6087619034049658
91 3106 -0.13347280792728955
91 3121 0.6130271201135362
91 3136 0.3106393873372493
91 3151 0.8578218304645795
91 3166 -0.4309529628003692
106 3061 -0.19137322533496182
106 3076 0.5737758994016429
106 3091 0.06125773509242238
106 3106 0.569372240268631
106 3121 -0.29263743334780656
106 3136 0.03276258551652611
106 3151 -0.8783392662622307
106 3166 0.3549103375056919
121 136 0.6495894307533256
121 3061 -0.950284725269001
121 3076 0.5873333298284504
121 3091 0.05864706828016564
121 3106 -0.9412811578656386
121 3121 0.7048360420028998
121 3136 0.4181546296832026
136 3061 0.18764542872187784
136 3076 -0.8970235460178206
136 3091 -0.21190513483321682
136 3106 0.046421837797608445
136 3121 -0.48190599407416657
136 3136 -0.007413259554309715
151 166 -0.8177910984574221
151 3061 0.6722532382345932
151 3076 0.1351739560106171
151 3091 -0.2667783309134333
151 3106 0.9042383067600781
151 3121 0.6828471307265891
151 3136 0.8876590240403179
151 3001 -0.7631128798055171
151 3016 -0.24235604861692517
151 3031 -0.9446522744256145
151 3046 0.9905913470795527
166 3061 -0.7549587632727588
166 3076 0.6228093772116274
166 3091 -0.1065231591464888
166 3106 -0.5187972077948522
166 3121 0.4318517618992208
166 3136 0.7761902189084777
166 3001 -0.25610588214984653
166 3016 -0.7713467683060515
166 3031 -0.7898478170080743
166 3046 0.751587351963193
181 196 -0.05377973834321237
181 3061 0.046139751680150276
181 3076 0.16252978819247743
181 3001 0.722057535545938
181 3016 0.26540608406765553
181 3031 0.14713389979749936
181 3046 -0.5352257441083674
196 3061 -0.39356527842509625
196 3076 -0.2516505889670919
196 3001 -0.2586517330714606
196 3016 0.906039325950061
196 3031 0.28946617548664766
196 3046 -0.028889431892568318
211 226 0.0785750664251319
211 3061 -0.7184683201033799
211 3076 0.7780491832344583
211 3001 -0.9912479338217868
211 3016 0.951380450915275
211 3031 -0.9405762489852798
211 3046 0.318663097238469
226 3061 -0.160967954815193
226 3076 -0.20373934561481355
226 3001 0.938582319662119
226 3016 -0.39399681051133495
226 3031 -0.013237374548257685
226 3046 0.7251709171454013
3001 3016 -0.49350297278729327
3031 3046 0.7529558292658729
3061 3076 0.2767166324810857
3091 3106 0.8596529096081678
3121 3136 0.1558705055776568
3151 3166 -0.7957615677541272
