# 
61 61 -1.0125337930366305
76 76 -2.804598502600223
91 91 1.9182650634481204
106 106 3.1390617765643034
121 121 1.7762649194311448
136 136 1.8825279312667558
151 151 -2.816187895243969
166 166 3.8628171754901146
181 181 -2.3349469668980145
196 196 -0.40029736867848165
211 211 -2.5136082563684656
226 226 1.8151877214248318
3001 3001 0.37278706116509763
3016 3016 -3.885066291227054
3031 3031 0.8853883320404901
3046 3046 0.8352753955523902
3061 3061 0.9291046067513138
3076 3076 3.377113533244117
3091 3091 -1.923488690399961
3106 3106 -0.7197002154667791
3121 3121 -1.2549476608159056
3136 3136 1.6086490801145885
3151 3151 -2.0391657074739538
3166 3166 0.2398469469960549
61 76 -0.7390753721108143
61 3121 -0.5197377208290426
61 3136 -0.31688409507139537
61 3151 -0.37159498637004074
61 3166 0.6177476920863543
76 3121 -0.002615424897594032
76 3136 0.2405662204935901
76 3151 0.8684734634496056
76 3166 -0.5638753106919228
91 106 -0.3256020273911391
91 3061 -0.9152783621012321
91 3076 0.5125716586376448
91 3091 -0.5956576550995332
91 3106 -0.6236538117360351
91 3121 0.5302915021329713
91 3136 0.21805643771778338
91 3151 -0.5224891669510525
91 3166 -0.3034433268119243
106 3061 -0.15721232467784962
106 3076 -0.028388292098349366
106 3091 0.21983120495750041
106 3106 0.8060081477769439
106 3121 -0.38342123150285246
106 3136 -0.1997655712195261
106 3151 0.7983273686628147
106 3166 0.7950474166463162
121 136 -0.5305402891099045
121 3061 -0.42190373809867343
121 3076 -0.6250080512114788
121 3091 0.25477513626565407
121 3106 -0.4170552680828463
121 3121 -0.33936869750164966
121 3136 0.5036774676801572
136 3061 -0.34259905432607574
136 3076 -0.05261916087059082
136 3091 0.5985650633251172
136 3106 0.448324135393551
136 3121 0.9544790612565062
136 3136 -0.32043749424116874
151 166 0.49855049664972095
151 3061 -0.6049176634171156
151 3076 0.6905675038621715
151 3091 -0.23580654465311413
151 3106 0.9159392387308756
151 3121 -0.8663366131063599
151 3136 0.2036358918969241
151 3001 -0.001382733414208026
151 3016 -0.5988668507237787
151 3031 -0.26115436672638004
151 3046 -0.5693670125705934
166 3061 -0.8093747605173316
166 3076 -0.15645638701153275
166 3091 0.49389447851469637
166 3106 0.9650906401617523
166 3121 0.3660252234074215
166 3136 0.4790202209736927
166 3001 -0.23430057828473538
166 3016 -0.898375471306099
166 3031 -0.579487410856204
166 3046 -0.18007632277707786
181 196 0.17320006537203492
181 3061 -0.17546638323698405
181 3076 0.4617903655176545
181 3001 -0.6749497924928292
181 3016 0.47806176268485
181 3031 0.07543056977640838
181 3046 0.23996537279958363
196 3061 0.7793695229878352
196 3076 0.7352104487879965
196 3001 -0.7728435909848259
196 3016 0.656404624621107
196 3031 0.10113379748778506
196 3046 -0.4017703880691481
211 226 0.23863842236842037
211 3061 -0.3957604431326833
211 3076 -0.15249166611586085
211 3001 0.769561190909791
211 3016 0.5130880166443448
211 3031 -0.7938828336429513
211 3046 -0.14607128962217608
226 3061 -0.3777123283766357
226 3076 -0.3220522372168855
226 3001 -0.5817290595737641
226 3016 0.799636576232567
226 3031 0.3247179266712521
226 3046 0.6545236216753583
3001 3016 0.28967574954655295
3031 3046 -0.0647406246191482
3061 3076 -0.6481297941852953
3091 3106 -0.5892434685320178
3121 3136 -0.09763855439096147
3151 3166 -0.8233900511158827
