# 
61 61 3.3495625103464137
76 76 -1.8873734555753137
91 91 -2.468831079022986
106 106 -3.023570933583807
121 121 -0.5894561897200372
136 136 3.8990544517382073
151 151 -1.3213448458330106
166 166 -3.9436603167068087
181 181 2.7456394422291197
196 196 0.3648883364189901
211 211 3.89134626972524
226 226 -3.1885835196632994
3001 3001 -3.6612908986222372
3016 3016 1.7350555258636033
3031 3031 -0.9485721575095614
3046 3046 -2.2510532693580156
3061 3061 -1.9955834442781173
3076 3076 -3.0681638255197816
3091 3091 1.5123861563047507
3106 3106 -0.8870451455081465
3121 3121 -0.47109472826133914
3136 3136 2.7310896861640703
3151 3151 1.2116697957451414
3166 3166 -3.3575664321668066
61 76 0.40966745101078184
61 3121 -0.08429389338632087
61 3136 -0.8332919706512323
61 3151 0.5141211806862145
61 3166 0.8139588817300498
76 3121 0.1853189112495539
76 3136 -0.22966377353144019
76 3151 0.1034809760123625
76 3166 -0.3823609522319875
91 106 0.8724091006807875
91 3061 0.7695289316778402
91 3076 0.16156087058847235
91 3091 -0.0017340116140254214
91 3106 -0.3261270146114359
91 3121 0.1643250415131874
91 3136 0.5423391910278448
91 3151 -0.7659925344311469
91 3166 -0.9997706122073526
106 3061 -0.7223385742722797
106 3076 0.08426220612955948
106 3091 0.19656824424392028
106 3106 -0.22625596297665118
106 3121 -0.6220636519916427
106 3136 -0.5208767895991362
106 3151 -0.5621040097815782
106 3166 0.49137207488913415
121 136 -0.4751199043783867
121 3061 0.9333506334826824
121 3076 0.6594315697867321
121 3091 0.5712812310207664
121 3106 -0.8200305753788046
121 3121 0.23481225279254714
121 3136 -0.8579190801116461
136 3061 -0.40704529053214333
136 3076 -0.16841304503592625
136 3091 -0.9598563803495208
136 3106 -0.3703425635861184
136 3121 -0.9642712312725075
136 3136 0.1379463059710302
151 166 -0.14804582093269225
151 3061 0.5218427326066606
151 3076 -0.4255095131168636
151 3091 -0.8235376700945283
151 3106 0.4172293985406117
151 3121 -0.3194906665810222
151 3136 0.3719643467713005
151 3001 0.026241238529506772
151 3016 -0.740171624572836
151 3031 0.18702490035319586
151 3046 -0.11170931334785084
166 3061 0.7511825492258977
166 3076 -0.5574580918050329
166 3091 -0.9432786232528949
166 3106 -0.9763255027675437
166 3121 -0.5262152720952247
166 3136 -0.5398849736376683
166 3001 0.49360505457895765
166 3016 -0.7336367339625387
166 3031 -0.44389260286465726
166 3046 0.042467133852912564
181 196 0.14422947381828166
181 3061 0.15053721131419873
181 3076 -0.9501695244843731
181 3001 -0.0017926996432744424
181 3016 0.6462522346122355
181 3031 0.40892492262733837
181 3046 0.7337164374276852
196 3061 0.25237538576109153
196 3076 -0.2484064960623278
196 3001 -0.39948644434569713
196 3016 -0.4762664365436533
196 3031 -0.4558076093493846
196 3046 -0.917418354131792
211 226 0.49887722122275346
211 3061 0.520065724765346
211 3076 -0.9113513565314617
211 3001 -0.6327060724266351
211 3016 -0.46554897530120654
211 3031 0.27465022315723453
211 3046 0.868326659545885
226 3061 0.7667274884236139
226 3076 0.6922777679839796
226 3001 -0.004987436366197251
226 3016 0.9214142386561264
226 3031 0.0594330411285815
226 3046 -0.21725833879965295
3001 3016 0.8146568300877195
3031 3046 0.056420806314069205
3061 3076 -0.4733355526783467
3091 3106 0.41344717616898286
3121 3136 -0.892491433635636
3151 3166 0.371821177262057
