# 
61 61 -3.6064690666321075
76 76 -0.33259295221637775
91 91 -2.8766266072437476
106 106 -3.915992607239935
121 121 -0.3742492445810379
136 136 -3.036024042510298
151 151 -2.471985155254556
166 166 0.23761263788186948
181 181 2.7137793260905925
196 196 -2.363273059849205
211 211 -1.2512050331244007
226 226 2.6348031206038236
3001 3001 1.479424267111634
3016 3016 -2.9732735723389307
3031 3031 2.643364756455128
3046 3046 0.35442910243837744
3061 3061 -0.7735931646032927
3076 3076 0.7621130028289453
3091 3091 -2.2525669128329646
3106 3106 0.8226295960009296
3121 3121 2.8046201679158163
3136 3136 0.1394227711615077
3151 3151 -2.7928100451281184
3166 3166 2.6131044161596098
61 76 0.7173984414676065
61 3121 0.8808757609290367
61 3136 -0.36684389697087383
61 3151 -0.4853945363964951
61 3166 0.37305329250896846
76 3121 -0.10229141567957356
76 3136 0.014295083947188703
76 3151 0.8784191549142244
76 3166 0.03124657900419603
91 106 -0.06160802716698699
91 3061 -0.503104845248824
91 3076 -0.25182289815166237
91 3091 -0.13288555104358624
91 3106 0.9053031524431472
91 3121 -0.43814681683654766
91 3136 0.44972522026327244
91 3151 0.22803536283611425
91 3166 0.6768990255982539
106 3061 -0.9668600570315284
106 3076 -0.5478591975697245
106 3091 -0.35779869148847165
106 3106 -0.3262203212700814
106 3121 -0.5050687649366508
106 3136 0.9176884455664691
106 3151 0.21846977897301811
106 3166 0.7788250927523848
121 136 -0.8538383002858518
121 3061 -0.22537707764445258
121 3076 0.7546054226829908
121 3091 0.38199068458555985
121 3106 0.26049384786631213
121 3121 -0.36176992481542736
121 3136 0.44694133913050327
136 3061 -0.5268201687044887
136 3076 -0.9158694476918137
136 3091 -0.49743255625589233
136 3106 -0.3154506879349015
136 3121 -0.9015478945004005
136 3136 -0.790758278036567
151 166 -0.8988725107253419
151 3061 0.5438201161706295
151 3076 0.536810093100528
151 3091 -0.22773503993758237
151 3106 0.7272362807786252
151 3121 -0.32921186264133784
151 3136 -0.3901981792484339
151 3001 0.049540201032491016
151 3016 -0.497918202750115
151 3031 -0.6659992339821945
151 3046 -0.22106508537443315
166 3061 0.8874696654952083
166 3076 0.5053653203117836
166 3091 -0.6386958512329364
166 3106 -0.22711289703990545
166 3121 -0.32199329298296964
166 3136 -0.1772360121541512
166 3001 -0.897080494486157
166 3016 0.8026231443256826
166 3031 0.19792790992105913
166 3046 0.37837492160218633
181 196 0.4429964455372297
181 3061 0.08132099770399659
181 3076 -0.8070038907201045
181 3001 0.1889510513108652
181 3016 -0.9088821930030837
181 3031 0.937637095259594
181 3046 -0.6096195599805754
196 3061 -0.3840144799032428
196 3076 0.333595282438206
196 3001 0.8432693112779115
196 3016 0.22674774098563533
196 3031 -0.07620784495733934
196 3046 -0.8551828236632983
211 226 -0.568220016570121
211 3061 -0.4564810164809421
211 3076 0.8018656472897838
211 3001 0.05346120172123037
211 3016 0.9424771721289384
211 3031 -0.07292030380607062
211 3046 -0.28597890658474223
226 3061 -0.82261279329727
226 3076 -0.043364315663702024
226 3001 -0.9861425089935654
226 3016 0.017526149080405506
226 3031 -0.3576001533666382
226 3046 -0.8369949993490224
3001 3016 -0.20441166528673627
3031 3046 -0.9556332758710133
3061 3076 0.04594577943032174
3091 3106 0.3166581047775645
3121 3136 -0.3194844913064574
3151 3166 0.3975092844678576
