# 
61 61 -0.9953268075292714
76 76 -3.3976287168295807
91 91 -3.7202484827996187
106 106 -0.5343785993408421
121 121 0.37515744873496537
136 136 3.2413445615408447
151 151 1.9204856628836087
166 166 -2.9477610657016458
181 181 -1.6916273206219454
196 196 -1.6195668596906474
211 211 -1.3044189862649418
226 226 3.950730463420636
3001 3001 -3.8497103456300463
3016 3016 -0.557251477950838
3031 3031 -3.201304597442764
3046 3046 -3.1470101746062937
3061 3061 -3.4400669459099094
3076 3076 -1.3174469111044864
3091 3091 -3.6704603787022956
3106 3106 3.7731402671599366
3121 3121 2.738066139003492
3136 3136 2.302674497421882
3151 3151 0.0814618640898237
3166 3166 1.546839985761724
61 76 -0.8736006282688435
61 3121 -0.5334948170531673
61 3136 0.5718226627461864
61 3151 -0.7087335458710962
61 3166 0.33685736195353067
76 3121 0.21974256248241475
76 3136 -0.11394676983700625
76 3151 -0.6042435583918486
76 3166 -0.00085250331647857
91 106 -0.17055318986633683
91 3061 0.4245434190024273
91 3076 -0.9664864699573552
91 3091 -0.4664754913757905
91 3106 0.250975440147982
91 3121 0.6343735918046538
91 3136 -0.22924124819432068
91 3151 -0.9895431614787922
91 3166 0.5226059905716824
106 3061 0.08823808191141413
106 3076 0.07528291536375242
106 3091 -0.797030992985114
106 3106 0.6122471281151607
106 3121 -0.6767816545351362
106 3136 -0.5282444212241111
106 3151 0.21220705599239742
106 3166 0.7798272399621924
121 136 -0.6266490882492586
121 3061 -0.01488591579865739
121 3076 0.5008611369821867
121 3091 -0.48773427720657003
121 3106 -0.3995481111721695
121 3121 -0.01915129485537692
121 3136 -0.03650703897580021
136 3061 0.3925469748154604
136 3076 -0.7297583847735241
136 3091 -0.8219957818630901
136 3106 -0.8458178533399567
136 3121 0.9917089379312405
136 3136 0.02070075589268261
151 166 -0.03509138424835356
151 3061 -0.8461164792649538
151 3076 -0.08929529421211102
151 3091 0.2901622683609377
151 3106 0.37791238818971196
151 3121 -0.03158360099305768
151 3136 -0.5974735285459887
151 3001 0.625893303758658
151 3016 -0.6133488054929839
151 3031 -0.48593624318545503
151 3046 -0.3904853083889577
166 3061 0.38130078915058374
166 3076 -0.10815872147798578
166 3091 -0.1009367048230363
166 3106 -0.695221124403635
166 3121 0.7004058591052285
166 3136 -0.039920677994405906
166 3001 0.8985170139508398
166 3016 0.40337611710459664
166 3031 -0.49968883877658343
166 3046 0.5787704655620693
181 196 -0.9830193215171112
181 3061 -0.051859824115056075
181 3076 -0.8797784204119392
181 3001 0.6467584721602533
181 3016 -0.7009347510419746
181 3031 0.052919574611903775
181 3046 0.5775821471904095
196 3061 0.8361151237544975
196 3076 -0.027087696029790997
196 3001 -0.0376684135108889
196 3016 0.04777249911915726
196 3031 -0.7921040988889754
196 3046 0.3282474282420764
211 226 -0.05521446463737134
211 3061 0.10970532067936589
211 3076 0.9837570850472128
211 3001 -0.8969765826596536
211 3016 0.49758346837023226
211 3031 0.04072026574123888
211 3046 0.48660194097962184
226 3061 0.3591226170884525
226 3076 -0.7838309605864551
226 3001 0.24896425130211464
226 3016 0.549965182837403
226 3031 0.043243692567395575
226 3046 0.5986531286774464
3001 3016 -0.8059458965830864
3031 3046 -0.09414580157450003
3061 3076 0.8441398046637527
3091 3106 0.6785341668594163
3121 3136 0.31104168740619387
3151 3166 0.8505219994965434
