# 
61 61 1.1737263054669222
76 76 -1.2151778299043556
91 91 -3.0745624567094225
106 106 0.5317480510909096
121 121 -3.6657260530128646
136 136 2.7104727398155406
151 151 3.222690641697233
166 166 3.366652392806004
181 181 0.21538947721319168
196 196 3.7246633976533863
211 211 2.0360276389294985
226 226 -2.0862199738991425
3001 3001 -2.2295887788319932
3016 3016 1.6524483206825646
3031 3031 0.8179144642560221
3046 3046 2.327311309370713
3061 3061 2.8226775391371337
3076 3076 -2.4076687644023025
3091 3091 -0.36345857087476396
3106 3106 1.0434255507553907
3121 3121 -1.8661798919751673
3136 3136 -0.5005897739176763
3151 3151 2.762245120024997
3166 3166 -3.6126066130988255
61 76 -0.7044342871124405
61 3121 0.48069406419608884
61 3136 0.7063248961922979
61 3151 -0.4754673315483402
61 3166 0.8660776647282749
76 3121 -0.7601967024607468
76 3136 -0.9373840058616374
76 3151 0.4468437029990844
76 3166 0.6905843300192578
91 106 0.8189003382930604
91 3061 0.32199168409940215
91 3076 0.2636819845926177
91 3091 0.5081946894745877
91 3106 -0.5178157100355099
91 3121 0.39471370983251997
91 3136 -0.7389898149599268
91 3151 0.9072045363815735
91 3166 0.19787561570306922
106 3061 -0.7430973192976902
106 3076 -0.4329508111348461
106 3091 -0.8538059751201517
106 3106 0.8093510589403177
106 3121 -0.689826144941809
106 3136 -0.11153307185604389
106 3151 -0.6023720630652729
106 3166 0.6259828816291872
121 136 -0.915745382731868
121 3061 0.46197103522389993
121 3076 -0.6964568646238725
121 3091 0.6872097827782861
121 3106 0.23242474514363454
121 3121 0.2859427892272839
121 3136 0.34105428773129254
136 3061 -0.5916260800287823
136 3076 0.30120506173687334
136 3091 0.350697191578651
136 3106 0.07316103835680332
136 3121 0.5738248973368483
136 3136 0.681935681164807
151 166 0.6655173701187238
151 3061 0.6247949498470438
151 3076 -0.15705738820798443
151 3091 0.64239695786715
151 3106 -0.4410802905256981
151 3121 -0.8337137940983101
151 3136 0.6229639741731274
151 3001 -0.09083964445069914
151 3016 -0.647346308625731
151 3031 0.0807168372124194
151 3046 0.32694621502432986
166 3061 -0.5890826259604636
166 3076 -0.10813977737800218
166 3091 0.38864483362887126
166 3106 -0.20423387273739868
166 3121 -0.6728370830966279
166 3136 -0.31211955734094055
166 3001 -0.06935151573240428
166 3016 -0.8329936219548715
166 3031 0.8532991735694055
166 3046 -0.6338511689306745
181 196 -0.7870734848249719
181 3061 -0.7190256497918412
181 3076 0.7941020220748529
181 3001 -0.5470794001087669
181 3016 -0.812672175761844
181 3031 0.18272797576514233
181 3046 0.6992062521898079
196 3061 -0.680892654321694
196 3076 -0.2272559179081568
196 3001 -0.0437919814087
196 3016 0.16437934229450946
196 3031 0.09095833678064191
196 3046 -0.4734936424608174
211 226 0.04472098966001847
211 3061 -0.3889909622910199
211 3076 0.37831618803816447
211 3001 -0.4717307846402057
211 3016 -0.9505090405794139
211 3031 -0.7658530109983424
211 3046 0.5474969806550807
226 3061 0.4041139771459379
226 3076 -0.27349098204849787
226 3001 -0.2955287192174565
226 3016 -0.4994693560681063
226 3031 0.6905351568616778
226 3046 0.4752020837057105
3001 3016 -0.16077112270351224
3031 3046 0.018016155671090495
3061 3076 0.8582855578198108
3091 3106 -0.47015346832886107
3121 3136 -0.8206378430785157
3151 3166 0.9587970112981128
