# 
61 61 2.2967617525395374
76 76 1.5604557249893265
91 91 2.4808661434620767
106 106 -2.0928211857165433
121 121 2.067512328409676
136 136 -2.2233100651648616
151 151 3.260622012607042
166 166 2.808162279273221
181 181 -0.7118062732265074
196 196 -2.3646108131818657
211 211 -0.6254680128621901
226 226 -3.8341521958162383
3001 3001 0.3638035023096986
3016 3016 1.2563409677662198
3031 3031 -0.6665906791939671
3046 3046 -1.8565071984472228
3061 3061 -3.305722684004591
3076 3076 -1.548412246008919
3091 3091 0.4901872188054073
3106 3106 -3.676460810564853
3121 3121 3.072822326150596
3136 3136 -2.344885876522424
3151 3151 -1.1684334162746328
3166 3166 2.5778810249476747
61 76 -0.9553268998628999
61 3121 0.5829661177573908
61 3136 0.11281269751628376
61 3151 0.7467160990690738
61 3166 0.3580653605912507
76 3121 0.27640804332970537
76 3136 0.3543557704015472
76 3151 0.8512828618127382
76 3166 -0.029474757071962676
91 106 0.6131715294727313
91 3061 -0.07834599309703161
91 3076 0.8918996108787682
91 3091 -0.9955937686030101
91 3106 -0.6599518899717307
91 3121 0.37750500807772913
91 3136 0.3766973357135799
91 3151 0.6882841827225734
91 3166 -0.11153376629338707
106 3061 -0.4572348780896607
106 3076 0.9252446714966547
106 3091 -0.29246271840165705
106 3106 -0.49944592272796484
106 3121 0.6305399152722511
106 3136 0.823918282027271
106 3151 -0.5791376822099834
106 3166 -0.7776242966944782
121 136 0.4921950891674409
121 3061 -0.5118632891480728
121 3076 0.7130693730196223
121 3091 -0.0013626014178131918
121 3106 0.9902200886524777
121 3121 -0.41712887573408186
121 3136 0.6675296909152595
136 3061 -0.849574466798769
136 3076 0.8337065560428982
136 3091 -0.8723071302179592
136 3106 -0.46605351828813446
136 3121 -0.926988540366906
136 3136 0.4907829104310071
151 166 0.20721061620370307
151 3061 -0.14654020864124573
151 3076 -0.8595951549838086
151 3091 -0.4879707338686856
151 3106 0.23524547080323166
151 3121 -0.6003483159033469
151 3136 0.7721421900407699
151 3001 -0.7873677393524803
151 3016 0.4193464068689403
151 3031 -0.585033664182536
151 3046 0.49393197880903306
166 3061 0.9822594866967547
166 3076 -0.39959255788027015
166 3091 -0.26184599307451806
166 3106 -0.08542427882463022
166 3121 -0.11988285705723034
166 3136 0.47184722740514884
166 3001 0.742318351676547
166 3016 -0.01798213863397491
166 3031 -0.7428593339296985
166 3046 -0.7401555114871721
181 196 0.7171024352647131
181 3061 0.8257522834714712
181 3076 -0.04278199178078079
181 3001 -0.5640273172506143
181 3016 -0.8239317387779403
181 3031 0.2234286032101609
181 3046 -0.3894320904505244
196 3061 -0.7543543136003517
196 3076 -0.9221315430980703
196 3001 -0.15964105770845638
196 3016 0.5113904791723392
196 3031 -0.5918889855953842
196 3046 -0.8362850041691632
211 226 -0.10642810539671044
211 3061 0.5616118579618044
211 3076 -0.1112452828916981
211 3001 0.15537720169784008
211 3016 0.44939226383728803
211 3031 -0.4263917234429111
211 3046 -0.23734491666549595
226 3061 0.3370719844980128
226 3076 -0.775074252070086
226 3001 0.06521974645018136
226 3016 0.7659088709249031
226 3031 0.290470717054617
226 3046 0.5016232343752494
3001 3016 0.9058585092383549
3031 3046 -0.6170661998232105
3061 3076 0.31935951886469316
3091 3106 -0.09764719282155898
3121 3136 -0.7527709382375316
3151 3166 -0.6162677926403879
