# 
61 61 -2.0645976487521915
76 76 -1.459804324784507
91 91 0.08676284173818338
106 106 -1.778014294001765
121 121 -3.7116373666876132
136 136 -0.3748180867657025
151 151 1.7517460932825895
166 166 -0.30663351145321016
181 181 2.3351948969830616
196 196 -3.215198181254717
211 211 -3.620322808197459
226 226 -3.9292954299717398
3001 3001 -2.9370165901856176
3016 3016 0.43329796107036334
3031 3031 -0.11897000272759328
3046 3046 -0.5055159971810212
3061 3061 3.276864251503601
3076 3076 3.1060686525167887
3091 3091 -0.048377202507874806
3106 3106 1.715946247772342
3121 3121 3.949813834700465
3136 3136 1.716385286894802
3151 3151 2.9412290092884232
3166 3166 -3.611769027191417
61 76 -0.6147574976120644
61 3121 0.7523316349174507
61 3136 0.585964497339732
61 3151 -0.8233608776402381
61 3166 0.5421470824946084
76 3121 -0.5487282484608675
76 3136 -0.11017700910776407
76 3151 0.09567539422280458
76 3166 -0.7968074169007193
91 106 -0.21888248438535562
91 3061 -0.6076227061617572
91 3076 -0.46432360042896903
91 3091 0.7649614757230871
91 3106 -0.334072714048707
91 3121 -0.3006788227573427
91 3136 0.1687597115650643
91 3151 -0.9870772575004121
91 3166 0.899082429797825
106 3061 -0.7233865629760869
106 3076 -0.3834373521469734
106 3091 0.8905660605057046
106 3106 0.06473844656875416
106 3121 0.4321578850375847
106 3136 0.07342499452259421
106 3151 -0.73350263111967
106 3166 0.07079328878869218
121 136 -0.6167985112585883
121 3061 0.4566788536463313
121 3076 -0.42440015625498995
121 3091 -0.8356032664120834
121 3106 0.4599076840870586
121 3121 -0.03500352868515999
121 3136 -0.14326299858098968
136 3061 -0.5716490549044255
136 3076 -0.4061925240737374
136 3091 -0.23367166423353702
136 3106 0.25576153587628614
136 3121 0.3669640455194474
136 3136 -0.603474026970672
151 166 -0.32588471463399027
151 3061 -0.5258572717119394
151 3076 -0.9623376555520113
151 3091 0.912827732913772
151 3106 0.6063025040602779
151 3121 0.40435723147437597
151 3136 0.6005890959193361
151 3001 0.2232663254000271
151 3016 0.09138262042961331
151 3031 -0.49206426554214056
151 3046 -0.11214228849474117
166 3061 0.8114429287149123
166 3076 -0.0650414558696808
166 3091 -0.3976786649102746
166 3106 -0.6482067698604885
166 3121 0.15726470706746465
166 3136 -0.6569478016694812
166 3001 -0.15439418051118858
166 3016 0.9369796638629715
166 3031 -0.3826237406382207
166 3046 0.16521189380522872
181 196 0.14429280180944515
181 3061 0.8932735668244005
181 3076 0.654223993117756
181 3001 -0.27232948185487205
181 3016 -0.5682555785638748
181 3031 -0.8510401590776158
181 3046 -0.6796032158086229
196 3061 -0.8126805820770149
196 3076 0.7880639247748686
196 3001 0.3969082633252763
196 3016 -0.2642589247245819
196 3031 -0.8200631939936485
196 3046 -0.791461770149414
211 226 -0.39256946028862627
211 3061 0.6719550497022622
211 3076 0.14294935852115964
211 3001 0.8258141416733176
211 3016 0.7333885937396964
211 3031 0.6948638772655629
211 3046 -0.14689973741790552
226 3061 0.10531292612417453
226 3076 -0.22077293662560615
226 3001 0.4367530958002197
226 3016 0.5223086249568014
226 3031 -0.23107870579632905
226 3046 0.8784268612740169
3001 3016 0.40400112038342995
3031 3046 0.08402372235427213
3061 3076 0.4677050440485999
3091 3106 -0.7458740761331266
3121 3136 0.743617825894455
3151 3166 0.6413286273444712
