# 
61 61 -3.8062585701016722
76 76 -0.024684435075188027
91 91 2.0768114186319337
106 106 1.6611938318945292
121 121 -1.9948893363641513
136 136 -1.667580289492589
151 151 -0.6934983119057287
166 166 -3.8328497079932866
181 181 0.3557353575276627
196 196 -2.0753373854429116
211 211 2.8823282590183865
226 226 -0.9573027959952443
3001 3001 -2.774118306456053
3016 3016 -2.574273336475109
3031 3031 1.8137115532361374
3046 3046 3.5483393037798256
3061 3061 -1.5653741546105016
3076 3076 -3.550566729720721
3091 3091 0.6646254132630567
3106 3106 -0.1626259791760276
3121 3121 1.005356220685301
3136 3136 -0.3628725440359659
3151 3151 -3.932845607729976
3166 3166 -1.618922071785506
61 76 -0.8700933853852642
61 3121 -0.5940983421191293
61 3136 -0.6064873159220816
61 3151 0.3767491877733107
61 3166 -0.48053249266330234
76 3121 0.856361490005265
76 3136 -0.685849585732685
76 3151 -0.9801829476593433
76 3166 -0.09839203828067689
91 106 0.6758015597582476
91 3061 -0.5833001729992644
91 3076 -0.2555686639093646
91 3091 0.14967561239592753
91 3106 -0.24228694889247349
91 3121 -0.658062413777643
91 3136 -0.43211582586427055
91 3151 -0.8504660144857319
91 3166 0.39292252851876786
106 3061 0.4349340947742928
106 3076 -0.08997034046859587
106 3091 -0.7877616533164642
106 3106 0.34768384453137213
106 3121 -0.08838956325211988
106 3136 0.055568960358705066
106 3151 -0.8208133212168558
106 3166 -0.05873221388901695
121 136 -0.693334497762558
121 3061 0.3233991439543227
121 3076 0.8062997185469323
121 3091 0.14746610408869
121 3106 -0.20446616472286383
121 3121 0.17138279763903075
121 3136 -0.269889846454058
136 3061 -0.476766464436746
136 3076 0.38711988614651416
136 3091 0.2629888943233598
136 3106 -0.5601845344896015
136 3121 -0.028822340211489106
136 3136 -0.3322140963223785
151 166 0.10888089349026009
151 3061 0.06706943798178355
151 3076 0.3099058899564533
151 3091 -0.07396821002143761
151 3106 0.6125747690735759
151 3121 -0.6399787763397562
151 3136 0.4649287930401058
151 3001 0.6733184117662696
151 3016 0.3450876794542921
151 3031 0.9715768526491793
151 3046 0.16887301174929403
166 3061 0.5523575599082311
166 3076 -0.3161586832654304
166 3091 0.6510847553288936
166 3106 0.705029043860373
166 3121 0.39350621888085535
166 3136 -0.9751020861336022
166 3001 0.735103191569171
166 3016 0.5709024227983819
166 3031 -0.13878810123370333
166 3046 0.03564205830655154
181 196 -0.6045375642034858
181 3061 0.4003419098135843
181 3076 0.7903061933519717
181 3001 -0.24784266156813128
181 3016 0.6652055125403644
181 3031 0.04360431774930862
181 3046 -0.9109504844875886
196 3061 0.5742401946184517
196 3076 0.9527847130796296
196 3001 -0.5009878767307112
196 3016 -0.836178950367261
196 3031 -0.3083869037234468
196 3046 -0.34368909887683263
211 226 0.10722885967553442
211 3061 0.5832328569977008
211 3076 0.1043952340887353
211 3001 -0.0854047767002355
211 3016 -0.7740596206679133
211 3031 0.2591131030584799
211 3046 -0.13382263333538447
226 3061 -0.8861532727797354
226 3076 0.6243502240802414
226 3001 -0.5212681404225212
226 3016 0.8019462955389618
226 3031 -0.5338048219503659
226 3046 -0.2449327201151159
3001 3016 0.6206499239726637
3031 3046 -0.6377242452156349
3061 3076 0.2539602159342025
3091 3106 -0.8308205582498109
3121 3136 -0.8779408408929927
3151 3166 0.5684735901010838
