# 
61 61 1.1383906441081661
76 76 -2.9518590322087555
91 91 -1.9464651756268108
106 106 0.14613492038591858
121 121 -0.8083648338013507
136 136 -3.1087009695296466
151 151 1.4197700679228742
166 166 -3.5535689875349874
181 181 -0.05155515480713291
196 196 3.0741730223525483
211 211 -1.4474837495260102
226 226 -2.7409589025551586
3001 3001 -0.19749135610198465
3016 3016 -3.836132612499439
3031 3031 2.062184184247715
3046 3046 -3.2179157753779917
3061 3061 -0.5505198107029798
3076 3076 1.4712301995453174
3091 3091 -2.3350501075763095
3106 3106 1.7433339614084593
3121 3121 0.23270858792742466
3136 3136 2.468913749023006
3151 3151 0.861322252230476
3166 3166 1.798658891324573
61 76 0.6334077158625502
61 3121 0.505581867934451
61 3136 0.9157024787879484
61 3151 -0.48560947579035263
61 3166 -0.1044966695158489
76 3121 -0.4391679257850407
76 3136 0.2486300206364438
76 3151 0.6083263718964786
76 3166 -0.8487448441528902
91 106 0.5800443099082875
91 3061 -0.8042364241645705
91 3076 0.7573505308262825
91 3091 0.8283280633981431
91 3106 -0.6032296782192033
91 3121 -0.16240221426094892
91 3136 0.7528047655147487
91 3151 0.7694594672173192
91 3166 -0.5320091950131163
106 3061 0.9129223347935727
106 3076 0.6432103967531995
106 3091 -0.05566364869956342
106 3106 0.9620801776685894
106 3121 0.6739645897579991
106 3136 -0.06960294058153704
106 3151 0.17402047017168987
106 3166 0.5221954321409241
121 136 -0.40459362238853336
121 3061 0.5155791322978069
121 3076 -0.6906446900945284
121 3091 0.8352354074839847
121 3106 0.8923789428779085
121 3121 -0.6860626725606971
121 3136 -0.6539389014966968
136 3061 0.4460298781171983
136 3076 0.7830437178106462
136 3091 -0.7793368091715707
136 3106 0.944536916161264
136 3121 -0.5357621232928476
136 3136 -0.15896553236038602
151 166 0.17890504769898397
151 3061 0.4762333704467814
151 3076 0.9589942331363834
151 3091 -0.7847609531261748
151 3106 0.7662495277542056
151 3121 0.7770851628534503
151 3136 0.23855725125517213
151 3001 -0.03133653558648364
151 3016 -0.46742067618860106
151 3031 0.052598607889740245
151 3046 -0.2736279736439853
166 3061 -0.35608305734170975
166 3076 0.29789866008279153
166 3091 -0.7705245341982518
166 3106 -0.7708698107322807
166 3121 -0.8367033314679702
166 3136 -0.6976814774645173
166 3001 -0.9698036636894833
166 3016 -0.32741336603296856
166 3031 -0.7199124016179135
166 3046 -0.5450098050579308
181 196 0.3913525154886539
181 3061 -0.30718594040787206
181 3076 -0.4956763517279603
181 3001 -0.47875865503248316
181 3016 0.22429437223462356
181 3031 -0.9288747647222513
181 3046 0.39437360857563997
196 3061 -0.8117443479521673
196 3076 -0.9837864829584453
196 3001 -0.3697928216860711
196 3016 -0.20058506718313418
196 3031 -0.982600911256077
196 3046 -0.9230353389035866
211 226 -0.33177615559269413
211 3061 -0.09936556241617733
211 3076 0.003766809385859826
211 3001 -0.6707239246124044
211 3016 -0.6173723752836322
211 3031 0.1053892233428666
211 3046 0.5046932488317855
226 3061 0.3484525498865152
226 3076 0.4083244123213652
226 3001 -0.05953462895232797
226 3016 -0.878165761445771
226 3031 0.33358808681060403
226 3046 -0.6848597309045368
3001 3016 -0.2984539972797602
3031 3046 0.24361457401285036
3061 3076 -0.5373287131042812
3091 3106 -0.20696766739392825
3121 3136 -0.8308195492814425
3151 3166 0.7493426895551847
