# 
61 61 2.0419917616506655
76 76 -2.702405249031015
91 91 -2.6519484686268546
106 106 1.7947544061582006
121 121 3.715957591902413
136 136 -1.9892518678183713
151 151 -3.8729740854877344
166 166 1.776480477579831
181 181 -3.429175019172976
196 196 -0.7107408385486114
211 211 -1.0898587044228165
226 226 -2.845581686160455
3001 3001 -2.921355915843913
3016 3016 -3.6470921342045086
3031 3031 0.31474970672183034
3046 3046 -2.3906482476577526
3061 3061 1.1177353094402847
3076 3076 3.1015036613789952
3091 3091 3.5479149675340445
3106 3106 -3.7691649084541528
3121 3121 2.640234058887221
3136 3136 -1.1419455472929236
3151 3151 2.6886085361326426
3166 3166 -2.678774099207657
61 76 -0.10823025812883968
61 3121 -0.27945750003505876
61 3136 -0.6510402715249075
61 3151 0.10452474207629425
61 3166 -0.3386505776875859
76 3121 -0.5862260655137816
76 3136 0.8059380276325832
76 3151 0.2320386246786752
76 3166 0.12264248412145284
91 106 0.46089393241415233
91 3061 0.36610245122460694
91 3076 -0.7979886616728309
91 3091 0.4300681108245954
91 3106 0.7992164617185504
91 3121 0.6901758161064462
91 3136 0.8980203757432135
91 3151 0.6056238197254544
91 3166 0.684496008034529
106 3061 -0.4733328384547091
106 3076 -0.35275551497825464
106 3091 0.9155973844031244
106 3106 -0.9961653357063647
106 3121 -0.7970981853353831
106 3136 -0.3295080600291156
106 3151 0.9224056789812736
106 3166 0.32311262165183674
121 136 -0.9069069803733976
121 3061 -0.39998840321994433
121 3076 0.8875348959771188
121 3091 0.22208268120631702
121 3106 0.16410269440760694
121 3121 -0.2200968140589188
121 3136 -0.3297233852200234
136 3061 0.5827900532154253
136 3076 -0.006762017035875312
136 3091 -0.3437809437503525
136 3106 -0.8155511352753844
136 3121 -0.11627407962257252
136 3136 -0.7734840809467292
151 166 -0.9130266215578473
151 3061 0.4876785786705162
151 3076 0.2765828587528798
151 3091 -0.5981540518181154
151 3106 -0.5176005212608799
151 3121 -0.3048870540203039
151 3136 -0.5182008223804384
151 3001 -0.11317833746201078
151 3016 0.038334060899391176
151 3031 -0.6673221847226694
151 3046 -0.19966283123911577
166 3061 0.03289321504734177
166 3076 0.8531767502557162
166 3091 0.9447758849571306
166 3106 -0.630944586287256
166 3121 0.25655197737224733
166 3136 0.07473696747224357
166 3001 -0.5755636800436621
166 3016 -0.476479358994381
166 3031 0.25529866273429613
166 3046 -0.597099867630051
181 196 0.38061916415624775
181 3061 -0.16140272013272683
181 3076 -0.6682947361631018
181 3001 -0.6067765430916499
181 3016 -0.7232121720625369
181 3031 0.20726394061057518
181 3046 0.02558894661107547
196 3061 0.828300255643236
196 3076 0.9920867805831608
196 3001 -0.046994142944944084
196 3016 0.6346163849616551
196 3031 -0.814206778458598
196 3046 -0.16929331969081218
211 226 -0.191427683922065
211 3061 -0.30387811334848513
211 3076 -0.8964289969866419
211 3001 -0.5294671434808649
211 3016 0.08284259921449522
211 3031 -0.17013163449802127
211 3046 -0.25654469569596783
226 3061 -0.8508077218818475
226 3076 -0.8453883206193216
226 3001 0.4026453868593276
226 3016 0.1274895777959657
226 3031 -0.3897129753720989
226 3046 -0.87000127110945
3001 3016 -0.5796782030044048
3031 3046 0.16973198237019838
3061 3076 -0.2921855168195657
3091 3106 0.4571861706037925
3121 3136 -0.051068904065150855
3151 3166 0.7989355966547411
