# 
61 61 1.0292012282094705
76 76 -0.8429857614921374
91 91 -2.912398907351239
106 106 -1.760400621169282
121 121 -3.5994608790652096
136 136 -0.2463140988538628
151 151 -3.9193431754136947
166 166 -3.372598168384722
181 181 0.37760218231047826
196 196 0.9626931875131106
211 211 -2.022563197996047
226 226 2.1564723200008036
3001 3001 3.6864005531846455
3016 3016 2.802187080008265
3031 3031 -3.074139418978823
3046 3046 -0.09625072320598083
3061 3061 -2.5159034806110903
3076 3076 -3.9290609726308103
3091 3091 -2.194616031931284
3106 3106 1.917299130311494
3121 3121 -0.7183499971216962
3136 3136 0.3495012382550007
3151 3151 -3.5563117806156956
3166 3166 2.8088922449664526
61 76 -0.436185583423097
61 3121 -0.10879916012013813
61 3136 0.5283162309139724
61 3151 0.21540387403542116
61 3166 -0.24388434807054105
76 3121 -0.877515630327703
76 3136 0.649489213038418
76 3151 0.5956854536612284
76 3166 0.8264104625876498
91 106 -0.9249905927072586
91 3061 0.5610816300630086
91 3076 0.3266709164192785
91 3091 0.7089964761517722
91 3106 0.26810789589690986
91 3121 -0.6661013249058891
91 3136 -0.09437638544839744
91 3151 0.6091985680782432
91 3166 -0.8311584456414665
106 3061 -0.8874496865881134
106 3076 -0.6158040826968167
106 3091 0.7473319301554018
106 3106 -0.936793969402061
106 3121 -0.22338716628568012
106 3136 0.6391287748797361
106 3151 -0.30433819254746197
106 3166 -0.07459547377865405
121 136 0.0702434863659529
121 3061 -0.2309268976568788
121 3076 0.5531578357829829
121 3091 0.7654880588391819
121 3106 -0.2183369031218838
121 3121 0.6927719391461764
121 3136 -0.3470283397195415
136 3061 -0.307449500604293
136 3076 0.8877558810348167
136 3091 0.2157350272482439
136 3106 0.7668083039952591
136 3121 0.05537338448969065
136 3136 -0.09342684522329114
151 166 -0.9393560567103434
151 3061 -0.10448764482413342
151 3076 0.6348703101380542
151 3091 -0.9441880433451293
151 3106 0.5352423826391051
151 3121 0.508612875882043
151 3136 0.19588710754288252
151 3001 0.5357030608320645
151 3016 -0.9458466447494767
151 3031 -0.5966112499728065
151 3046 5.0839764252907926e-05
166 3061 0.06334240306147954
166 3076 -0.31169672413781013
166 3091 0.6888664207287649
166 3106 0.9248304208882974
166 3121 0.36550306442618585
166 3136 0.20004271820415953
166 3001 -0.6951527962901098
166 3016 0.06154865404948029
166 3031 0.4635052712848682
166 3046 -0.8665817372282323
181 196 0.20234467913544263
181 3061 0.8770573425490302
181 3076 0.07680792628255695
181 3001 0.24431239458023102
181 3016 -0.6713885693988653
181 3031 -0.2611146151034076
181 3046 0.30279376330842966
196 3061 0.5895586815974321
196 3076 -0.16460681698123691
196 3001 -0.5568928003762541
196 3016 0.2993563669404422
196 3031 -0.17629871942308606
196 3046 0.19183350378210728
211 226 -0.21826438404925597
211 3061 -0.6411350369422426
211 3076 -0.8190339041107644
211 3001 -0.03380143838147065
211 3016 0.8450653914306587
211 3031 -0.9550878882031788
211 3046 -0.15143707814342067
226 3061 0.9868873211750622
226 3076 0.5972383995233497
226 3001 0.9423997979733565
226 3016 0.38849151912845037
226 3031 0.7579972566965181
226 3046 -0.19168845664667167
3001 3016 0.4322187426947748
3031 3046 -0.40229524869304245
3061 3076 0.7037475542629337
3091 3106 0.5880739823404959
3121 3136 0.2952387688669087
3151 3166 0.6356432273044683
