# 
61 61 0.7961371267389916
76 76 -3.855389034752042
91 91 1.875562534925412
106 106 -0.19372056549334538
121 121 2.5783227793818453
136 136 2.8022254418994432
151 151 -1.8187130031231487
166 166 3.8854286649526646
181 181 3.9276134636935023
196 196 0.18347408585879066
211 211 -1.8972787319197817
226 226 1.539372902699272
3001 3001 -1.1294127061231567
3016 3016 -3.635116072463788
3031 3031 -2.9958186936943285
3046 3046 0.8343937137964579
3061 3061 1.8391136800999517
3076 3076 -0.01985972383192447
3091 3091 -0.5297869348788131
3106 3106 3.5960708494628566
3121 3121 3.4245509438793666
3136 3136 -2.82336543089988
3151 3151 3.8827863345343996
3166 3166 3.645155813231028
61 76 0.8560463557937663
61 3121 0.7201126774025719
61 3136 0.0507700071275452
61 3151 -0.4361978149102679
61 3166 0.4733496500684622
76 3121 0.3003857753992907
76 3136 0.41592769551517716
76 3151 0.5620093773303492
76 3166 0.028580535313355027
91 106 -0.06273435707751629
91 3061 0.13674916365561152
91 3076 -0.8313227704539405
91 3091 -0.1372613971543204
91 3106 -0.17866017380855626
91 3121 0.492985824341323
91 3136 -0.014172500053542203
91 3151 0.420814024658414
91 3166 -0.6351776458861098
106 3061 -0.12752842096448513
106 3076 0.1254886776773616
106 3091 0.6593594181289315
106 3106 0.6159538647479874
106 3121 -0.14192012432173007
106 3136 -0.45664055058890884
106 3151 -0.5987741773848259
106 3166 0.2574208317041222
121 136 0.01830448699824827
121 3061 -0.3165349138459381
121 3076 -0.3915121389140157
121 3091 0.8820473567584577
121 3106 0.48410494316682695
121 3121 0.25483580995770594
121 3136 -0.5331363830606506
136 3061 -0.6518665061667344
136 3076 -0.2991098335409552
136 3091 0.36365610390600955
136 3106 -0.4772580638141035
136 3121 -0.863639977727799
136 3136 -0.37290700008355193
151 166 -0.18925686666986707
151 3061 -0.8383280539991262
151 3076 -0.9718374421953984
151 3091 0.37068717830924514
151 3106 0.16859079994588755
151 3121 -0.9068569608216883
151 3136 -0.2461722038026517
151 3001 -0.05958167889133681
151 3016 0.05333585208522429
151 3031 0.20477134058889956
151 3046 0.6644429308529791
166 3061 -0.3354385616558577
166 3076 -0.8153081139344793
166 3091 0.2780747053164778
166 3106 0.7979434807701598
166 3121 0.9788278688235041
166 3136 0.6207342124305686
166 3001 0.9042346583184864
166 3016 0.4635269060803193
166 3031 -0.3066021146190523
166 3046 -0.1510099142349679
181 196 0.5717956749996929
181 3061 -0.5043414464093448
181 3076 0.9875096769717127
181 3001 -0.8069915228336002
181 3016 0.11184453487191481
181 3031 0.738734414615458
181 3046 0.7665986913465621
196 3061 -0.6331736340937437
196 3076 0.7371469856799251
196 3001 0.7996395352379155
196 3016 -0.28748378705102406
196 3031 -0.2879011801144453
196 3046 -0.18798016457632571
211 226 -0.6621684819680949
211 3061 -0.34715422251947103
211 3076 0.09493172193685706
211 3001 0.4846303555988909
211 3016 0.17088605181504457
211 3031 -0.9727810879874328
211 3046 0.8003475258995669
226 3061 0.46705011376004424
226 3076 0.6006233103150882
226 3001 0.9268202134309385
226 3016 -0.9753809673843079
226 3031 0.8173506784295295
226 3046 0.16974205515268048
3001 3016 0.8267063101381842
3031 3046 -0.7674366135886743
3061 3076 -0.10148200061735513
3091 3106 -0.18379437708284319
3121 3136 -0.5837129536094949
3151 3166 -0.49263447306945807
