# 
61 61 2.4688646344958505
76 76 2.94346094603733
91 91 2.282224759319777
106 106 1.7609004211388735
121 121 -0.05417420828106234
136 136 -0.7719345557922654
151 151 -2.3790285679046734
166 166 -1.0197780018996738
181 181 1.642734585255102
196 196 -0.06639437314584917
211 211 1.1538188024261462
226 226 2.628485255589389
3001 3001 -2.56788049321384
3016 3016 2.719848004072249
3031 3031 0.5240536099072406
3046 3046 -1.7368155124500388
3061 3061 3.729212612789124
3076 3076 2.3867755615766484
3091 3091 3.197099896817094
3106 3106 0.44270381688817473
3121 3121 -0.6330738457085543
3136 3136 2.0625084713402018
3151 3151 0.43561150920890146
3166 3166 3.905660546946754
61 76 0.2568943399935799
61 3121 0.7156550029700899
61 3136 -0.9313319143691774
61 3151 0.5862986835079267
61 3166 0.31269538165249844
76 3121 0.7993371028226328
76 3136 -0.16611473058232717
76 3151 0.02474762548284537
76 3166 0.4562148758011484
91 106 -0.7899827559341348
91 3061 0.0559797120065928
91 3076 0.5484226043910947
91 3091 -0.7905487459130385
91 3106 -0.12092742820260916
91 3121 -0.5944837189815524
91 3136 0.2948968627965125
91 3151 0.8299369329156661
91 3166 0.9215026679407894
106 3061 0.6745336791604721
106 3076 0.717700931108169
106 3091 0.12155403023963607
106 3106 0.21571287515439486
106 3121 -0.39130657375826283
106 3136 -0.7565434584639843
106 3151 0.9800551219492755
106 3166 -0.36838003859535395
121 136 0.7662044691734031
121 3061 0.6514056844123735
121 3076 0.48269589009389136
121 3091 -0.7282840132679056
121 3106 -0.8343020536801644
121 3121 0.28476252580477057
121 3136 -0.038298401217658595
136 3061 0.7529705217134199
136 3076 0.3536078973091401
136 3091 -0.2753721304525838
136 3106 -0.09671719623723929
136 3121 -0.19838376471956098
136 3136 0.5233399962070813
151 166 -0.533131331876511
151 3061 0.512458661193189
151 3076 -0.20044715643986666
151 3091 0.7834450292569841
151 3106 0.24577627831094429
151 3121 -0.5029457340042969
151 3136 -0.6194714012199356
151 3001 0.2769167556031087
151 3016 0.24759522480729657
151 3031 -0.7833595590657068
151 3046 0.009871938377614686
166 3061 0.7574647352964496
166 3076 0.32997575920201183
166 3091 0.482227709682177
166 3106 0.03814455875170819
166 3121 -0.7741027233348725
166 3136 0.3969732294988475
166 3001 0.5215376479671039
166 3016 0.2696540360518336
166 3031 -0.22517467519603018
166 3046 0.733954828549717
181 196 0.660272641009908
181 3061 0.5770078775435235
181 3076 0.45838737486697534
181 3001 -0.4296439879453011
181 3016 0.02301654795243735
181 3031 0.20514068906567728
181 3046 -0.1128150403059327
196 3061 0.7491943123365381
196 3076 -0.7562618758837261
196 3001 -0.025192403896922455
196 3016 0.7844252586591391
196 3031 -0.5455833272917054
196 3046 -0.9654613649841473
211 226 -0.7424928196952896
211 3061 0.4990605564847199
211 3076 -0.37805621472534434
211 3001 0.5971396652993683
211 3016 -0.6500350461683104
211 3031 -0.5398189203572012
211 3046 0.16962055970100387
226 3061 0.25023006076042553
226 3076 -0.08830253696157864
226 3001 -0.3671408621720995
226 3016 0.029995408331765727
226 3031 0.193631555504173
226 3046 0.1622050124949781
3001 3016 0.31805650757328907
3031 3046 0.05106421774602321
3061 3076 -0.01764045782267676
3091 3106 -0.6164598907414898
3121 3136 -0.14459831287886016
3151 3166 -0.18879425994057053
