# 
61 61 -1.9196676461231963
76 76 -0.4102730528877103
91 91 0.6056270378505451
106 106 -2.8226899438679975
121 121 2.9302814511639843
136 136 0.3613392975430605
151 151 -0.28093608648829616
166 166 -3.2828727698290923
181 181 2.8523561876501526
196 196 -1.537384617654559
211 211 0.35787788609140314
226 226 -2.6808011863739463
3001 3001 1.5650227692204588
3016 3016 -3.7460340797962086
3031 3031 2.622796494366715
3046 3046 -2.5603621971388053
3061 3061 1.9296935419937853
3076 3076 -0.32320855406318305
3091 3091 0.5046780135850231
3106 3106 -1.1939928773248774
3121 3121 2.51226754953442
3136 3136 -0.09220903104009626
3151 3151 -0.8350461151595248
3166 3166 -0.3568604681035721
61 76 -0.9578674533357967
61 3121 -0.35571686479220443
61 3136 -0.3642591322936348
61 3151 -0.9546489708074704
61 3166 -0.18303696335006703
76 3121 0.762983066544876
76 3136 -0.1422045047157583
76 3151 0.334314515467955
76 3166 0.8812174990842965
91 106 -0.3848167390575987
91 3061 -0.8158660027591134
91 3076 0.2793153109972839
91 3091 0.8706978207541536
91 3106 -0.4239771767751923
91 3121 -0.24532511430676718
91 3136 0.4771133755075021
91 3151 0.520188620518431
91 3166 0.5047699156959924
106 3061 -0.280169537993997
106 3076 -0.22735236776009815
106 3091 0.26768346783923036
106 3106 -0.05382283701649082
106 3121 -0.0026809201132114158
106 3136 -0.06892978041394815
106 3151 -0.754177437976649
106 3166 -0.7424473721468905
121 136 -0.04981178844854628
121 3061 0.6839765187544025
121 3076 -0.5217374293125079
121 3091 0.11672085216876948
121 3106 0.19625509018120035
121 3121 0.6189914740130265
121 3136 0.3545311918963403
136 3061 0.8195647849038863
136 3076 0.0025691112333889876
136 3091 -0.7372117736252686
136 3106 0.7991597309834424
136 3121 0.8497238420086184
136 3136 0.035989080713553
151 166 -0.1868832245550538
151 3061 0.46161757719353136
151 3076 -0.3979986965890767
151 3091 0.7559502828570785
151 3106 -0.6559928610430221
151 3121 -0.9081084794549943
151 3136 -0.011978655888611023
151 3001 -0.18306122738801323
151 3016 -0.6238157382073679
151 3031 0.9747678530571591
151 3046 0.9851165852009778
166 3061 0.0883191088847537
166 3076 0.40697426957172733
166 3091 0.5740832797238011
166 3106 0.24728483576068716
166 3121 0.7880902165674355
166 3136 0.6509051306787026
166 3001 0.9290538584363461
166 3016 -0.24923055107944814
166 3031 0.8974539453518064
166 3046 -0.06371394369841066
181 196 -0.5965090058446019
181 3061 0.18846459850469
181 3076 0.5301856853122386
181 3001 -0.03486711182758384
181 3016 0.8483749661104183
181 3031 -0.5232665186097412
181 3046 -0.3745814497924067
196 3061 0.5826421026953472
196 3076 -0.4345203427148614
196 3001 -0.5551945149560982
196 3016 -0.46003668094397976
196 3031 -0.6792379039047729
196 3046 0.027725553192397445
211 226 0.6659487253337657
211 3061 -0.5272656307140839
211 3076 0.7366358613480231
211 3001 -0.6023418235842628
211 3016 0.2101085704080241
211 3031 -0.3265776066006689
211 3046 0.5883651472981097
226 3061 0.05960020309791836
226 3076 0.13048855758938305
226 3001 0.42100618997703565
226 3016 0.6009794716085135
226 3031 -0.976610265155899
226 3046 0.5639031351267763
3001 3016 -0.72629815838515
3031 3046 -0.7922590016723325
3061 3076 -0.22756349619298644
3091 3106 -0.8410989735569792
3121 3136 0.6890026589697864
3151 3166 -0.6368731367476617
