# 
61 61 -1.6902821302390674
76 76 1.666132912159557
91 91 1.2714668203906951
106 106 1.750430350132521
121 121 -3.7709801122628397
136 136 2.127662254486265
151 151 -0.029709716104012962
166 166 2.1350843076903656
181 181 -0.6978563109209936
196 196 -0.368810795239809
211 211 -0.7512601786976774
226 226 0.7541029419482097
3001 3001 3.109442436771351
3016 3016 1.1374453402447378
3031 3031 0.19394361199313526
3046 3046 -2.1835798813024443
3061 3061 -2.537283488039889
3076 3076 0.240820618058307
3091 3091 -0.09584520259794971
3106 3106 0.6450536667843894
3121 3121 -0.82866622670746
3136 3136 1.3059017130906438
3151 3151 3.510496063595017
3166 3166 -1.4236504110376549
61 76 -0.7400312256543902
61 3121 0.47413298990403296
61 3136 0.10109572415979806
61 3151 -0.503865539246833
61 3166 -0.39312078171464715
76 3121 0.3183258065914756
76 3136 0.4707843135113785
76 3151 0.5251053782096105
76 3166 0.08691406460653739
91 106 0.47811400887381494
91 3061 0.05043592946819042
91 3076 -0.7029660354243799
91 3091 -0.3880285631373255
91 3106 0.26646534760228113
91 3121 -0.39257248936815836
91 3136 -0.7968855404851507
91 3151 0.06939925929753743
91 3166 -0.32017563171865127
106 3061 -0.8057138938033221
106 3076 0.591103498143509
106 3091 -0.4362208947620134
106 3106 -0.21434979301421997
106 3121 -0.9390428847784433
106 3136 0.23711632589921638
106 3151 0.7459838487042447
106 3166 0.43018729143059287
121 136 -0.183507143093123
121 3061 0.383712096724532
121 3076 0.5463475745395909
121 3091 0.9318222735144186
121 3106 0.5851439828803393
121 3121 0.6203578582505223
121 3136 0.48422550371924955
136 3061 -0.3262317921903377
136 3076 0.39312453425768057
136 3091 0.3470699788015732
136 3106 -0.8067797220799124
136 3121 0.7152814678727648
136 3136 -0.1577388975749594
151 166 0.8467320178112028
151 3061 0.06890888359838421
151 3076 0.06648735205557998
151 3091 0.9660501602755005
151 3106 0.7605340122672131
151 3121 0.7070046685983387
151 3136 -0.3247411692673523
151 3001 0.46964939849617293
151 3016 0.82435017112348
151 3031 -0.8816953164542629
151 3046 -0.33619209841006525
166 3061 0.74372190098609
166 3076 0.7593556049242631
166 3091 0.8921003389324982
166 3106 0.19323166641744538
166 3121 0.26504740305457597
166 3136 0.5927016381881953
166 3001 -0.8004325072453784
166 3016 -0.44564368545601196
166 3031 0.09130065014768651
166 3046 -0.09504116334517176
181 196 -0.2343591171385817
181 3061 -0.1694030444743253
181 3076 0.9831676228727302
181 3001 -0.14850002434711507
181 3016 -0.9365711704195547
181 3031 -0.2242378315220257
181 3046 -0.928929024677899
196 3061 -0.42371115394545944
196 3076 -0.5435485626786507
196 3001 0.11212273869600553
196 3016 0.014814787353965686
196 3031 0.7990442908872422
196 3046 -0.8352241692089921
211 226 0.6773821060458693
211 3061 0.8351383997479835
211 3076 -0.5116135273797184
211 3001 0.18723920051717013
211 3016 -0.896562528948645
211 3031 -0.05945794315543962
211 3046 -0.055546392429836056
226 3061 -0.004508569583773658
226 3076 0.0835888341346207
226 3001 -0.22304248711450736
226 3016 -0.1925490769901712
226 3031 0.9822430184606135
226 3046 0.22234391370094753
3001 3016 0.17832500698484344
3031 3046 0.16160698258822648
3061 3076 0.0345255205324182
3091 3106 -0.6236345256273557
3121 3136 0.2560958134374336
3151 3166 0.13903962521746438
