# 
61 61 1.1265719729248387
76 76 0.06441171177330585
91 91 -3.107820285028634
106 106 -3.118834613398085
121 121 0.01805223914970089
136 136 -0.9685248612157382
151 151 1.1649207409106141
166 166 -2.0581303622050333
181 181 -1.2729550563611554
196 196 -0.492783132459782
211 211 -3.5233579387662655
226 226 3.0623571933744325
3001 3001 -3.352254332638041
3016 3016 3.142959069938022
3031 3031 1.302200760880356
3046 3046 -0.9128724371985699
3061 3061 1.7008933987937311
3076 3076 0.26256611084978587
3091 3091 3.520869217372783
3106 3106 -2.2414722459207628
3121 3121 1.3835083363578322
3136 3136 -1.2198535716613819
3151 3151 -2.475205211627369
3166 3166 3.3625284439174425
61 76 0.9384622061579084
61 3121 -0.0726599487733739
61 3136 -0.6307807374894543
61 3151 -0.6011630987921655
61 3166 0.77719969657294
76 3121 -0.9515279840732793
76 3136 0.7636409035124312
76 3151 -0.6624194670257906
76 3166 -0.20734786650461645
91 106 0.29341609580442873
91 3061 0.8515497252543085
91 3076 0.5621940557048517
91 3091 -0.016814369511526595
91 3106 -0.12690503372167128
91 3121 -0.32553009737906624
91 3136 0.0006739606465766546
91 3151 -0.9911722442622257
91 3166 -0.7513163620982375
106 3061 0.8789875519041519
106 3076 0.685801808641282
106 3091 -0.05016786926884853
106 3106 0.2577806014273878
106 3121 -0.30509458755738916
106 3136 0.6348436546092646
106 3151 0.9558719915310954
106 3166 0.7682069392614161
121 136 -0.1446280898079677
121 3061 -0.5093521584322815
121 3076 -0.6535259478360722
121 3091 -0.5708703186453854
121 3106 0.5852423753099703
121 3121 -0.15727899466339523
121 3136 -0.6917477836226447
136 3061 -0.2763477527706679
136 3076 0.23619187697726995
136 3091 0.6099043162854711
136 3106 0.11307598003685104
136 3121 0.9605328501523784
136 3136 -0.27457981503353635
151 166 0.8693369765134
151 3061 -0.5068550282157571
151 3076 -0.8866322741040129
151 3091 0.35204696502838995
151 3106 -0.8482354780235566
151 3121 -0.022525872875105213
151 3136 -0.1519856639026842
151 3001 0.07802869161013803
151 3016 0.7993489438137023
151 3031 0.08953161335535609
151 3046 -0.15466092732432135
166 3061 0.7712395880494411
166 3076 0.7499639149785615
166 3091 -0.12567557112900496
166 3106 0.7179280961056798
166 3121 -0.8436388583297598
166 3136 -0.4979816057116031
166 3001 0.31637777349703455
166 3016 -0.9917622118777856
166 3031 0.06942944298239695
166 3046 -0.7030317824918673
181 196 0.7532977291824783
181 3061 -0.08589212029265902
181 3076 0.556895512495726
181 3001 -0.1063510905548708
181 3016 0.5088322416047562
181 3031 0.2940563081570593
181 3046 0.6417748967161736
196 3061 0.13843836344258698
196 3076 0.399850798395075
196 3001 0.4670078720557498
196 3016 -0.7214637979844658
196 3031 0.9349698007416101
196 3046 -0.26201481039273755
211 226 0.057690085458236506
211 3061 0.2543903333700046
211 3076 0.4961009708003752
211 3001 -0.3708921962865386
211 3016 0.9186044081326983
211 3031 -0.728748919036277
211 3046 0.4587460984955156
226 3061 -0.40556132001226297
226 3076 -0.11342468012619622
226 3001 -0.7092081170012519
226 3016 0.9597293919352805
226 3031 -0.3609579924661186
226 3046 -0.8670852443027472
3001 3016 -0.670955132890884
3031 3046 0.1499675236773761
3061 3076 0.3140822438001696
3091 3106 0.45867812635429184
3121 3136 -0.7180801727873631
3151 3166 -0.20123573341187506
