# 
61 61 -3.9556325366438596
76 76 0.3894759664792975
91 91 0.7303586509553393
106 106 2.7430770881968805
121 121 2.7416814919756503
136 136 -2.8246849090707977
151 151 -3.8607525068766932
166 166 1.5017215749903192
181 181 -0.10104519499318787
196 196 2.572412539321901
211 211 -0.9660673496086867
226 226 -3.0238992936865383
3001 3001 3.9457359440666053
3016 3016 3.9657973811764977
3031 3031 1.6502953818398698
3046 3046 2.5329209716312917
3061 3061 -1.1035887459684188
3076 3076 3.042042473099853
3091 3091 -0.2870789333701058
3106 3106 -3.657180828630719
3121 3121 -1.33851642149315
3136 3136 1.378298601982781
3151 3151 -0.8613243745736625
3166 3166 -0.2549134354035152
61 76 -0.5822590650843695
61 3121 0.5481174553361055
61 3136 0.5850036520573045
61 3151 0.16703129067968558
61 3166 0.3412178274655877
76 3121 0.8612415759073464
76 3136 0.7271971267286221
76 3151 0.0223803976157122
76 3166 -0.8332416823719622
91 106 -0.8399216756740011
91 3061 0.3921844703104167
91 3076 0.1685078677589804
91 3091 -0.17484178726916122
91 3106 -0.8509311213939945
91 3121 -0.4482180999149985
91 3136 -0.17698227039792025
91 3151 -0.31956712230799234
91 3166 0.17080006816810833
106 3061 -0.4086121989698346
106 3076 0.6925037890128654
106 3091 -0.11186853961035892
106 3106 -0.6715354061073722
106 3121 0.19267802269407253
106 3136 -0.6271659005774397
106 3151 0.8302024684790725
106 3166 0.9675039572426614
121 136 -0.08712271357627643
121 3061 0.5708687612413319
121 3076 -0.8518677478402454
121 3091 -0.5894677585779518
121 3106 -0.06230072032205691
121 3121 0.33917123122907644
121 3136 0.694359072100176
136 3061 0.7159846545712663
136 3076 -0.6285487283361992
136 3091 -0.6687677359137567
136 3106 0.5349987929408608
136 3121 -0.9091333249066489
136 3136 0.9415908643999045
151 166 0.16446430852441574
151 3061 -0.7407989600010341
151 3076 0.6659623846208369
151 3091 -0.9906720430415112
151 3106 0.874787618279447
151 3121 0.9622580283840594
151 3136 0.6106118318490248
151 3001 0.5668014329832929
151 3016 0.20310517494178115
151 3031 -0.7354588084471323
151 3046 0.2656398599380059
166 3061 0.3154757604973908
166 3076 0.8082196961474062
166 3091 0.9626781500496053
166 3106 0.9594527725371096
166 3121 -0.7722847685022047
166 3136 0.04197632784245031
166 3001 -0.9371374402330874
166 3016 -0.966643769251996
166 3031 -0.04208145708005806
166 3046 0.9902306252539443
181 196 0.3149168177447508
181 3061 0.5964851992267279
181 3076 0.3997402696822496
181 3001 0.7679874311669419
181 3016 0.1286175765653086
181 3031 0.30785512054670683
181 3046 -0.15686712895198074
196 3061 -0.5293975390900942
196 3076 -0.532336193500996
196 3001 0.958783055486039
196 3016 -0.11046140384058156
196 3031 -0.767243648124369
196 3046 -0.36890996879693216
211 226 -0.1718766011986832
211 3061 0.5433998172657348
211 3076 -0.8254337210390714
211 3001 -0.9541675561671596
211 3016 0.689744635974727
211 3031 -0.4658510920841359
211 3046 0.1246093579511014
226 3061 0.7219607827937238
226 3076 0.3248359510398342
226 3001 0.6047074254102622
226 3016 0.20620576595081586
226 3031 0.8739385722341726
226 3046 -0.8336954697552506
3001 3016 0.7694249143061234
3031 3046 0.9131052277164853
3061 3076 0.6547809281377965
3091 3106 -0.39641723878289126
3121 3136 0.7140686657741395
3151 3166 0.7390258403366421
