# 
61 61 -0.0824315509024851
76 76 0.5367168219880094
91 91 0.2607085442474064
106 106 -1.7174732407845115
121 121 -0.34637959168605725
136 136 -3.991257424848097
151 151 -2.195794506727581
166 166 1.3008215557165794
181 181 -2.4329021674579048
196 196 -1.425382548764662
211 211 0.2795503479402255
226 226 2.061121426597568
3001 3001 2.214130413491298
3016 3016 -2.6347739462262405
3031 3031 0.8863728339792063
3046 3046 2.26250041283427
3061 3061 -0.963491287765434
3076 3076 3.242338109358389
3091 3091 -2.190481295340833
3106 3106 2.9509173145366505
3121 3121 1.5468666636532742
3136 3136 -1.8746891139707635
3151 3151 2.8628885296282442
3166 3166 -2.189554500529611
61 76 0.8091964526662125
61 3121 -0.755641330998643
61 3136 0.23650405908518524
61 3151 0.9240191350335534
61 3166 0.5834264465159087
76 3121 0.5256170578015804
76 3136 -0.839903318364001
76 3151 0.9298715156113311
76 3166 0.303767841088576
91 106 -0.690158972434052
91 3061 -0.2784358346154243
91 3076 0.9416465077848224
91 3091 -0.3707448995162892
91 3106 -0.8459955173631568
91 3121 -0.07379532641187381
91 3136 -0.6633696936768405
91 3151 -0.7612864029828976
91 3166 -0.442466512958515
106 3061 -0.002046534460350413
106 3076 0.15970346915510003
106 3091 0.9052673978019956
106 3106 0.5375214018710435
106 3121 -0.9724582908272847
106 3136 -0.8330934699836874
106 3151 -0.39984864424211564
106 3166 -0.7487590289385195
121 136 0.1895956958742866
121 3061 0.026051728129722784
121 3076 -0.7496143859113804
121 3091 0.1899739500674098
121 3106 -0.15910136857868418
121 3121 0.16725875939266532
121 3136 0.20316239253236001
136 3061 -0.12085459147313893
136 3076 -0.8317732674780736
136 3091 0.9837714836604077
136 3106 0.9163083310788644
136 3121 0.3491524160414736
136 3136 0.6747619193178129
151 166 -0.24394473774052772
151 3061 0.8258234661062793
151 3076 0.6588316884066803
151 3091 0.9015284319797343
151 3106 0.8827757683215851
151 3121 0.39819318641156287
151 3136 -0.6119898719610473
151 3001 -0.7352662298186345
151 3016 -0.9545114445686886
151 3031 0.6018117718935683
151 3046 -0.5317848981344953
166 3061 0.7558841967527663
166 3076 -0.4542271793248158
166 3091 -0.7023960713579356
166 3106 0.7233430358158952
166 3121 -0.8363744005369702
166 3136 0.6879856023063895
166 3001 -0.4190438220863921
166 3016 -0.5264917950871635
166 3031 -0.6440528027560148
166 3046 0.5497811768646024
181 196 0.9976236830543284
181 3061 -0.2984343673827843
181 3076 -0.2926018894585387
181 3001 0.30090397108016154
181 3016 0.7711131486006919
181 3031 -0.5109504013163046
181 3046 0.222776438929718
196 3061 0.01632832422434105
196 3076 -0.33801542475769275
196 3001 0.9722938462658541
196 3016 0.07638559883333662
196 3031 -0.2672166568207974
196 3046 0.8469372526837029
211 226 0.5527138988743676
211 3061 0.631276148790189
211 3076 0.6745501735694583
211 3001 -0.4911945422178765
211 3016 -0.987189412689887
211 3031 0.06944941161277085
211 3046 0.19037340975370554
226 3061 -0.2546982644750335
226 3076 -0.8737486930888241
226 3001 -0.2742371424464676
226 3016 0.7151983924688652
226 3031 -0.9399649844977394
226 3046 -0.20273974507947456
3001 3016 0.8663354618326411
3031 3046 0.8295045529112239
3061 3076 -0.2043161749819713
3091 3106 0.9469107687965208
3121 3136 0.12965803018660638
3151 3166 -0.8939294190324161
