# 
61 61 -1.8550238385018227
76 76 0.6559328018307493
91 91 1.1531150955878937
106 106 2.6600362825843433
121 121 3.9595326439319463
136 136 0.8455905408691606
151 151 1.4236632257989763
166 166 2.7285609336707504
181 181 -3.410417733692306
196 196 1.0557058508468966
211 211 -2.1916565943918345
226 226 -2.996429096701469
3001 3001 -0.18769213498637427
3016 3016 -1.0796509621432282
3031 3031 -1.4955407048086906
3046 3046 2.4953591785239055
3061 3061 -3.798207557223381
3076 3076 -1.1896056311335812
3091 3091 -0.6117241758025358
3106 3106 -0.8348181557678291
3121 3121 -1.9336175589653788
3136 3136 1.5285512857643804
3151 3151 -3.0603133610032582
3166 3166 -1.6491756205636232
61 76 0.09483150299372234
61 3121 0.6285899446578345
61 3136 0.8675942588016199
61 3151 0.6850344438589544
61 3166 -0.741279961280122
76 3121 -0.5083052452194221
76 3136 0.20972350105239723
76 3151 -0.27310523769685746
76 3166 0.570222981459549
91 106 -0.47758597515606915
91 3061 -0.14160486005877382
91 3076 -0.11720278231261916
91 3091 -0.7249833846538412
91 3106 -0.5707169485081871
91 3121 -0.4147905403448431
91 3136 0.45125472497738883
91 3151 -0.5095702860577638
91 3166 -0.031504627377401784
106 3061 0.5537556777867128
106 3076 0.6640353848069334
106 3091 -0.5905030531862168
106 3106 0.5615886431967958
106 3121 0.6650814309190562
106 3136 0.11142072961167071
106 3151 -0.2242328520441439
106 3166 0.0763072219297527
121 136 0.515304644998642
121 3061 0.3746847666729498
121 3076 0.4005397241977344
121 3091 -0.48185314261600465
121 3106 0.29816053080823735
121 3121 -0.8436140548702222
121 3136 0.904892256677482
136 3061 0.6696340203528555
136 3076 -0.5889904357616658
136 3091 0.7908418634768433
136 3106 0.5486388787314149
136 3121 0.17160559385471896
136 3136 0.6433202528712545
151 166 -0.5036342083806336
151 3061 0.2929382688815567
151 3076 -0.2963458336295062
151 3091 0.22227194064286238
151 3106 -0.6126765668811323
151 3121 -0.655627091725183
151 3136 0.3939872995189886
151 3001 -0.8881214544865652
151 3016 0.12815707845139435
151 3031 -0.48302596850682367
151 3046 0.08663906878695005
166 3061 -0.9878072509252525
166 3076 0.6506817340482507
166 3091 -0.5543997662221123
166 3106 -0.6556895998186612
166 3121 -0.7324353249509128
166 3136 -0.15675586900786787
166 3001 -0.8105528587159183
166 3016 -0.6616248072048805
166 3031 0.1883079406079542
166 3046 0.04914219466299241
181 196 0.8570615497721192
181 3061 -0.19756167931041935
181 3076 -0.018759219767862323
181 3001 -0.8001084611804186
181 3016 -0.7921683178562364
181 3031 0.8919703330961071
181 3046 -0.5865528206005657
196 3061 -0.033859625704312
196 3076 -0.4769498069736653
196 3001 0.4455207439243929
196 3016 0.34370081530211105
196 3031 0.5316933520573341
196 3046 0.9675273545203584
211 226 -0.6521255812992119
211 3061 0.2136102369525128
211 3076 0.8132445768799306
211 3001 0.36875627295919977
211 3016 -0.6824048662672155
211 3031 -0.053492549252588395
211 3046 -0.5525580565620867
226 3061 0.4146501109173317
226 3076 -0.7710078816319244
226 3001 0.5394373978602065
226 3016 0.06728299642172031
226 3031 -0.16852840538683322
226 3046 -0.4711822274686053
3001 3016 0.1288754176560134
3031 3046 0.6984258715535077
3061 3076 -0.8779963546254888
3091 3106 -0.5970397196891437
3121 3136 0.0908050585216964
3151 3166 -0.13951130817603818
