# 
61 61 -0.44003989374283403
76 76 0.7326748125312914
91 91 0.2962462837127946
106 106 -3.8823807766458795
121 121 2.676483431168954
136 136 -2.8882232724396486
151 151 -2.664136286004373
166 166 -2.1253249957792546
181 181 -2.1778960456066114
196 196 -1.9935565336517476
211 211 0.49786476798816093
226 226 3.1023101249830134
3001 3001 0.4478499178494335
3016 3016 2.8934453346957145
3031 3031 2.723208172438434
3046 3046 2.2838656728954367
3061 3061 -3.268334240945719
3076 3076 1.8028195573200563
3091 3091 -0.8332387629088807
3106 3106 0.3626512331860985
3121 3121 -2.3885141834681702
3136 3136 3.159587006146504
3151 3151 -0.8480152879895746
3166 3166 -0.38508646461115603
61 76 0.6277773766136319
61 3121 -0.7755637564233011
61 3136 0.24541725148480564
61 3151 0.39479245703578814
61 3166 0.7232812820811672
76 3121 0.7475887725689208
76 3136 0.32113416183526877
76 3151 -0.7985677071433899
76 3166 0.027797041795783795
91 106 -0.8051561550861719
91 3061 0.27669714054453354
91 3076 -0.8709451491191667
91 3091 -0.012223903257046587
91 3106 0.7929331022597976
91 3121 -0.9765794189263637
91 3136 0.1263084636702132
91 3151 0.6773339823849738
91 3166 -0.39875201272565053
106 3061 -0.5114810670388348
106 3076 -0.4411097095519174
106 3091 0.25395892463225267
106 3106 -0.8251924944859523
106 3121 0.09684684497202811
106 3136 -0.5335005031936173
106 3151 0.5035297230950235
106 3166 -0.3987637914522646
121 136 -0.5345506624618537
121 3061 0.7079763233809349
121 3076 -0.10805807312580629
121 3091 0.8489339830815918
121 3106 -0.10451381397106507
121 3121 -0.1353883305587542
121 3136 0.5060485393527827
136 3061 -0.976963164236681
136 3076 0.045740187967711066
136 3091 -0.7988219894130606
136 3106 -0.5340996240388749
136 3121 -0.5775975338984571
136 3136 0.9069451737667953
151 166 0.19315697230966733
151 3061 -0.33383820093464056
151 3076 -0.30868300679004346
151 3091 0.659567559244506
151 3106 -0.46652217348167047
151 3121 0.5456294560253456
151 3136 -0.6049756464679508
151 3001 0.413287206168909
151 3016 -0.4736410866442444
151 3031 -0.5504762930260643
151 3046 0.5044762543408643
166 3061 -0.08039898096770282
166 3076 0.36115169398419766
166 3091 0.23100781996676645
166 3106 0.829849795724531
166 3121 -0.1624744327257488
166 3136 0.6414479360283838
166 3001 -0.3323117052913871
166 3016 -0.7502729562886752
166 3031 -0.7376143427660293
166 3046 -0.9093903703081001
181 196 -0.15384691042100673
181 3061 -0.7767022544920095
181 3076 0.9837620347870228
181 3001 0.08873718223122551
181 3016 -0.004035228738555663
181 3031 -0.6880313819418364
181 3046 0.8077264577377052
196 3061 0.9461603297605876
196 3076 -0.7565353431082769
196 3001 -0.3353019163292341
196 3016 -0.4488511153485486
196 3031 -0.847500495160032
196 3046 0.6874388695839462
211 226 -0.6198396613219677
211 3061 -0.48901858192124026
211 3076 -0.376601546511774
211 3001 -0.8813454717617148
211 3016 0.9645573011101152
211 3031 0.35172806095206877
211 3046 0.6807722127001556
226 3061 0.3216040866714094
226 3076 -0.2497145116581343
226 3001 -0.485958024941497
226 3016 -0.6367520013873493
226 3031 0.6744859532798264
226 3046 0.004226621808724795
3001 3016 0.305613257047306
3031 3046 0.31943279818295944
3061 3076 0.6012048227368967
3091 3106 -0.3341103815751647
3121 3136 0.13269443163829475
3151 3166 0.3275866922779167
