# 
61 61 3.965899343014807
76 76 -2.984378328505115
91 91 3.6396456878424965
106 106 1.4000403725602037
121 121 0.9278671692038625
136 136 -1.2327898138808955
151 151 -2.160453738044777
166 166 -0.8275017226868524
181 181 -1.282849161920672
196 196 -1.0480544356694628
211 211 2.5711247160604165
226 226 2.5281672492057456
3001 3001 2.3835555682578056
3016 3016 -0.2469245493350023
3031 3031 -2.489790460751032
3046 3046 -2.1228693853289213
3061 3061 -1.3163163282518902
3076 3076 -3.210594996943028
3091 3091 1.1381038557254293
3106 3106 3.5470650668263906
3121 3121 3.0726714068111054
3136 3136 -0.7638934633437486
3151 3151 3.322230018477484
3166 3166 -2.0633468344381427
61 76 0.6019581761975199
61 3121 0.6845133497359532
61 3136 0.6361989552989731
61 3151 0.6821660369723095
61 3166 0.40422792448310685
76 3121 0.4458976832374837
76 3136 -0.85334619539623
76 3151 0.6709248560996188
76 3166 -0.6147235504138786
91 106 -0.2724346768826713
91 3061 -0.7719178130313673
91 3076 0.23297849662255765
91 3091 -0.7136584981371985
91 3106 -0.6958665065994922
91 3121 -0.8952738984087085
91 3136 -0.721571725890326
91 3151 -0.7220131634411449
91 3166 0.46041831173952286
106 3061 0.7811591223935721
106 3076 -0.662857929885162
106 3091 0.4079198117386289
106 3106 -0.1986197528267546
106 3121 0.3266225568542058
106 3136 0.808252998514944
106 3151 0.6744988076987293
106 3166 0.7458315705152425
121 136 -0.42496780189636585
121 3061 0.45360618702566047
121 3076 -0.38235661770971263
121 3091 0.078151803168101
121 3106 -0.23895936486683444
121 3121 0.48943622745240956
121 3136 0.7325418139427538
136 3061 -0.5128273464296833
136 3076 -0.4394906232478817
136 3091 0.5484252554967224
136 3106 0.9070276171833214
136 3121 -0.46463753311763867
136 3136 0.24199023035375578
151 166 0.5816477372661271
151 3061 -0.9746088167625484
151 3076 -0.4810662005740396
151 3091 0.7805364995907853
151 3106 0.3458852629841258
151 3121 0.19920394837304256
151 3136 -0.1366134938320116
151 3001 -0.19840837665413447
151 3016 0.6538288467922331
151 3031 0.10164404413168104
151 3046 0.979787620596025
166 3061 -0.6522458941500056
166 3076 0.4780358003694094
166 3091 0.5257994459597779
166 3106 -0.07569714028026531
166 3121 0.2121435625626309
166 3136 0.6243308726976058
166 3001 -0.5356004040951752
166 3016 0.7077237853136209
166 3031 -0.8595118134279875
166 3046 -0.5915104408285661
181 196 -0.9023349591904322
181 3061 -0.2411088619600319
181 3076 0.16089119821215503
181 3001 0.8635743687616713
181 3016 0.21814890043189483
181 3031 -0.149969106518812
181 3046 -0.44549346726201255
196 3061 0.23987523694545887
196 3076 -0.9981111509234792
196 3001 0.07950271703955258
196 3016 0.40693560502636594
196 3031 0.6954365415484738
196 3046 0.22498190128370132
211 226 -0.13133000320658939
211 3061 -0.6613001885377576
211 3076 0.161378884574904
211 3001 0.5341329283976644
211 3016 0.19016391027508495
211 3031 -0.057245996969378155
211 3046 -0.675998206477898
226 3061 -0.4139179922498293
226 3076 -0.9711973399484097
226 3001 -0.22824142800116864
226 3016 -0.9851148626715145
226 3031 0.3419337300165095
226 3046 -0.707851101919047
3001 3016 0.03959144201158127
3031 3046 0.9288093886093991
3061 3076 -0.5648061800854558
3091 3106 0.08318496454435742
3121 3136 0.03197932023117955
3151 3166 0.7766692667750277
