# 
61 61 0.6470980061125404
76 76 1.458632271944067
91 91 3.2243059972799406
106 106 -0.5691458834872307
121 121 1.1734676089867655
136 136 -0.7188661675655474
151 151 -2.883519652278423
166 166 3.0326993086696543
181 181 -3.9633304694568983
196 196 -3.96159357928937
211 211 0.6232563285572077
226 226 -1.5820851580171578
3001 3001 -3.5294724301264235
3016 3016 3.101165943437218
3031 3031 -1.7750061324110566
3046 3046 -2.021609641424565
3061 3061 2.6508926628060463
3076 3076 -1.6174353529342929
3091 3091 0.06663895516139551
3106 3106 -2.1101204100604454
3121 3121 -1.9094000768083106
3136 3136 -2.171716966094417
3151 3151 3.242288780718769
3166 3166 0.5964653622174358
61 76 0.49184430197819795
61 3121 0.8830453771648508
61 3136 0.4226958337930191
61 3151 -0.45124176055778764
61 3166 0.9094945650424604
76 3121 -0.8202602352298669
76 3136 0.43889203236610297
76 3151 0.9297869007374804
76 3166 0.11143589407428722
91 106 -0.7996701223723579
91 3061 -0.2620082784684572
91 3076 0.14981522952532544
91 3091 -0.9548783764750048
91 3106 0.6981883524567001
91 3121 0.2604572546888295
91 3136 0.9894843680992054
91 3151 -0.46588538030408144
91 3166 0.3579503888683244
106 3061 0.1695630581770624
106 3076 0.7107013321819264
106 3091 -0.2589576550478627
106 3106 -0.49735283989439294
106 3121 -0.3958502919257363
106 3136 0.81694627891858
106 3151 0.2886524394205392
106 3166 -0.2577237553026881
121 136 0.05142514654985697
121 3061 0.15038566360040728
121 3076 -0.3002426323060632
121 3091 0.8703598309301104
121 3106 0.01530475915438867
121 3121 -0.4772375530138748
121 3136 -0.008789096271969887
136 3061 -0.5527195058638785
136 3076 0.37084763662512676
136 3091 0.6515946020807175
136 3106 0.0314545510503319
136 3121 0.3095131205717059
136 3136 -0.7617794556376276
151 166 -0.14040730484241548
151 3061 0.4304697246173925
151 3076 -0.1343474414609176
151 3091 0.92242290955957
151 3106 -0.18341373894178936
151 3121 0.44180229039389984
151 3136 -0.5980816709417172
151 3001 -0.2253569945383953
151 3016 0.2291829566635064
151 3031 -0.8103486254279653
151 3046 -0.12110235796361102
166 3061 -0.12328459391431501
166 3076 -0.9552521320793375
166 3091 0.41822640715918324
166 3106 0.3689005516891739
166 3121 0.8293916902753056
166 3136 -0.10000306784337543
166 3001 -0.2608252398045199
166 3016 -0.131073463164878
166 3031 -0.8436576405967264
166 3046 0.16053613988116933
181 196 0.05808010238287409
181 3061 -0.39724175851648114
181 3076 0.6040550414287995
181 3001 -0.7240522254151665
181 3016 0.7007082633769475
181 3031 0.4429005551740539
181 3046 -0.0997239988581653
196 3061 0.6472857153639282
196 3076 -0.10219715397395124
196 3001 -0.41883149770551764
196 3016 0.20217792919905442
196 3031 0.5856563671217656
196 3046 0.01866274666706569
211 226 -0.4704099042196832
211 3061 -0.9156668312418521
211 3076 0.05914909903585186
211 3001 -0.25580843674569964
211 3016 0.4171732324323918
211 3031 0.9869533350770359
211 3046 0.21453811051449612
226 3061 -0.8542548672707626
226 3076 -0.8764059531624164
226 3001 -0.03990878032745493
226 3016 -0.3596045057240085
226 3031 0.35237349072763524
226 3046 -0.298968398607214
3001 3016 -0.1907810086610391
3031 3046 0.09507381265042825
3061 3076 0.007812647566802555
3091 3106 0.6406859940468848
3121 3136 -0.7569174641286189
3151 3166 -0.8897059759551351
