# 
61 61 -0.89443671141232
76 76 2.858880469857689
91 91 1.9568074121723624
106 106 1.550444059859018
121 121 -3.0261726302509224
136 136 2.155918449263538
151 151 2.0553934156506024
166 166 3.5821610721937454
181 181 0.8065520450929844
196 196 -2.264191606893613
211 211 -0.2685546315962881
226 226 2.165225984762545
3001 3001 -0.31568276564191855
3016 3016 -2.787020094254192
3031 3031 -1.844015613117917
3046 3046 1.8686008064705089
3061 3061 1.2335807843062874
3076 3076 -2.6774486647097318
3091 3091 -1.410053354294
3106 3106 -0.7023090652004695
3121 3121 3.3916285618531594
3136 3136 -0.5246321438904973
3151 3151 -0.9089348022616992
3166 3166 1.4350855166326975
61 76 -0.11149805959683667
61 3121 0.6807662350517938
61 3136 0.9795657304875165
61 3151 0.4419453496378163
61 3166 -0.960961040763795
76 3121 0.49543107660006824
76 3136 0.841411054662657
76 3151 -0.18158289416761542
76 3166 -0.24000931903227918
91 106 -0.9873872648174631
91 3061 0.9535604589789657
91 3076 -0.048803878771775056
91 3091 0.9091001763086712
91 3106 0.011977197795452366
91 3121 0.5956751370518136
91 3136 0.1980677042877348
91 3151 0.1940365703234308
91 3166 -0.09567863803181065
106 3061 -0.5817437520520183
106 3076 -0.7696344619657385
106 3091 -0.2069175739388034
106 3106 0.37703807615044305
106 3121 0.4179510205511199
106 3136 -0.7801159206433896
106 3151 -0.6419525032862541
106 3166 0.24528071093739823
121 136 -0.15753454909163755
121 3061 -0.3603875935048382
121 3076 -0.851642932979819
121 3091 -0.865827493395771
121 3106 0.12527888336946358
121 3121 0.19631610254566167
121 3136 0.8893664236925511
136 3061 -0.8661612818426792
136 3076 -0.863437618805529
136 3091 -0.22941480676856152
136 3106 0.6072256713633475
136 3121 -0.6861811577811978
136 3136 -0.7784550907463135
151 166 0.8116964391714041
151 3061 -0.1954752358978964
151 3076 -0.5800387270628147
151 3091 0.3948887273056596
151 3106 -0.25433674078666746
151 3121 -0.4324002774912379
151 3136 -0.07140955957660755
151 3001 0.5673954234679517
151 3016 0.19907668915493404
151 3031 0.27632938795973794
151 3046 0.9659074301015995
166 3061 0.24389000918233172
166 3076 0.6826204231538633
166 3091 -0.17101124194350303
166 3106 0.14464844367377783
166 3121 0.3780847509885876
166 3136 0.25899079006030323
166 3001 -0.5823724299415216
166 3016 0.3364759869804912
166 3031 0.0216684216721319
166 3046 -0.9018224067125689
181 196 -0.23851532007231202
181 3061 0.0052231311329036245
181 3076 -0.1380231452365117
181 3001 0.2735476605425824
181 3016 0.011847991452154094
181 3031 -0.989913259671821
181 3046 -0.17497544772825502
196 3061 -0.29292173670053456
196 3076 -0.6395268460214325
196 3001 0.6167603731150293
196 3016 -0.6263454639968074
196 3031 0.8634981452007744
196 3046 -0.7315309052598498
211 226 -0.15827374155967
211 3061 0.8035737610862035
211 3076 0.8795409206647207
211 3001 0.47654197316497293
211 3016 -0.06989924808492676
211 3031 0.355521742245988
211 3046 -0.5874849878497321
226 3061 0.11263610299493187
226 3076 0.6728423423524392
226 3001 -0.24901266612588402
226 3016 -0.43532784119520085
226 3031 0.00690802810161073
226 3046 0.014115070914350714
3001 3016 0.49915528970059353
3031 3046 -0.060629820776171295
3061 3076 -0.8013583315825352
3091 3106 -0.9937149664388578
3121 3136 0.920623908001428
3151 3166 0.13895385641532187
