# 
61 61 2.430103568186282
76 76 3.4272731398925513
91 91 3.945441809609325
106 106 -2.7298232353261573
121 121 1.4685081180794182
136 136 0.8129650946230731
151 151 -2.3854062071980264
166 166 0.5751878001445254
181 181 -0.5194458950253527
196 196 -0.37598050621804635
211 211 -1.437672224647918
226 226 -1.4973472030915005
3001 3001 0.6243454098501218
3016 3016 -2.2008711297408334
3031 3031 2.3327858617997608
3046 3046 2.638713408568714
3061 3061 3.8743136620625185
3076 3076 -0.4901441926936636
3091 3091 -2.453558888600517
3106 3106 3.4897713056673147
3121 3121 1.2424550189960435
3136 3136 -0.8660217872717295
3151 3151 -1.8546362438320534
3166 3166 1.7701867621248537
61 76 0.5897487905064269
61 3121 -0.18708703371642654
61 3136 0.942004963411611
61 3151 -0.9632393142875872
61 3166 -0.5777812521123347
76 3121 -0.16548820288518207
76 3136 0.2352499814229827
76 3151 0.275568023076717
76 3166 0.13048624820879384
91 106 -0.607560149298257
91 3061 -0.19084572990589255
91 3076 -0.7657274944483952
91 3091 0.24692704657647013
91 3106 0.4842433120237086
91 3121 0.8958045978477456
91 3136 -0.7530934751028286
91 3151 -0.6886025943744469
91 3166 -0.24407759740665824
106 3061 -0.6807878280898816
106 3076 -0.30883897353566314
106 3091 0.8483337620888036
106 3106 0.46698914987434326
106 3121 -0.054670006257801385
106 3136 -0.37165357277371114
106 3151 0.5841970856966532
106 3166 0.7734652018887587
121 136 0.12523974216634692
121 3061 -0.7604984447657028
121 3076 0.8981407584905305
121 3091 0.6522955398881656
121 3106 0.4768899261531192
121 3121 0.10264232412633101
121 3136 -0.40961991907208795
136 3061 0.49322687353523054
136 3076 -0.23183813041742218
136 3091 -0.982735471199097
136 3106 -0.9157286649937055
136 3121 0.3638684279389339
136 3136 -0.3840472558828405
151 166 0.6213218072863653
151 3061 0.10318931815097976
151 3076 -0.030905027937115914
151 3091 -0.4236272678218882
151 3106 0.6234641199331235
151 3121 -0.7293260915359598
151 3136 0.0008590380128887798
151 3001 -0.6284724378018725
151 3016 -0.07851796979017434
151 3031 0.697177612599601
151 3046 -0.512046909170661
166 3061 0.029905967774124687
166 3076 -0.45693114090543485
166 3091 0.3215274882128947
166 3106 0.6210163013501218
166 3121 -0.07467171335832323
166 3136 0.0197932931039162
166 3001 -0.08767760320639217
166 3016 0.3654454837215959
166 3031 0.23640811497550618
166 3046 -0.6596527811290016
181 196 0.27364621642269094
181 3061 -0.01290202301745147
181 3076 0.11919976888672279
181 3001 -0.480928055208961
181 3016 0.05964628462012267
181 3031 -0.27538117901537107
181 3046 0.5608985985300317
196 3061 0.6288363070786498
196 3076 0.540975199355908
196 3001 -0.911377566493736
196 3016 -0.46827211200668084
196 3031 -0.5833906505462674
196 3046 -0.28852897305941205
211 226 0.19653831915476605
211 3061 0.9466490793627829
211 3076 0.939759863773947
211 3001 -0.8696739523236925
211 3016 0.8961285003027359
211 3031 0.035552780558330443
211 3046 -0.7459415337980926
226 3061 0.8383814842009236
226 3076 0.992455661787863
226 3001 -0.8977814091349627
226 3016 -0.6183468528171034
226 3031 -0.48001514787712507
226 3046 0.1587320708925024
3001 3016 -0.5113670386647002
3031 3046 -0.36740538802361566
3061 3076 -0.5392259355230935
3091 3106 -0.3175347744047854
3121 3136 -0.34798727550497754
3151 3166 0.9489665320402292
