# 
61 61 -3.5515851730140104
76 76 3.8582222317234383
91 91 3.662473794983489
106 106 -3.860132011214753
121 121 -1.9898403937734574
136 136 -3.7044866929482945
151 151 3.1319333606219155
166 166 1.22765097992158
181 181 1.6311838469481446
196 196 0.2608945416423323
211 211 -2.974357844720762
226 226 0.9055107314658519
3001 3001 0.19085688784419386
3016 3016 1.4756360658114316
3031 3031 1.0195027091300508
3046 3046 0.4052944847157889
3061 3061 -1.0227005631014734
3076 3076 -2.5878944681734763
3091 3091 1.1212075753333304
3106 3106 3.5359965954159485
3121 3121 1.1925556377817967
3136 3136 -0.5226196093918185
3151 3151 1.5439816541664086
3166 3166 3.1957520868857694
61 76 -0.47210576811296523
61 3121 -0.9430972764286651
61 3136 -0.711941073539184
61 3151 0.6727615065083097
61 3166 -0.7346082762423045
76 3121 0.7373635503539684
76 3136 0.6642804809151988
76 3151 -0.9481200633211817
76 3166 0.510776800930679
91 106 -0.7446576623790759
91 3061 -0.7192354318892389
91 3076 0.5545614879140961
91 3091 0.2807213644083959
91 3106 0.779441319270676
91 3121 -0.6250971635067528
91 3136 0.05382053351385996
91 3151 0.722896055060519
91 3166 0.8946877594665965
106 3061 -0.2413841674393049
106 3076 -0.485105851649273
106 3091 0.4470263170810649
106 3106 -0.4192927276630303
106 3121 -0.652711663239367
106 3136 -0.4452489430503732
106 3151 -0.2013618785138267
106 3166 0.377262719184728
121 136 0.7743764749675279
121 3061 0.45047738699362005
121 3076 0.8726473199893061
121 3091 -0.6494920743631512
121 3106 0.648166711920648
121 3121 -0.5144151716992007
121 3136 0.9953552097984812
136 3061 0.12383393325108516
136 3076 0.029409167660871205
136 3091 -0.9779379240073822
136 3106 0.21101596402458123
136 3121 -0.16857813349015482
136 3136 -0.37945870264726755
151 166 0.12037899263738261
151 3061 0.40265669502364054
151 3076 -0.6534749004175926
151 3091 -0.664508785472834
151 3106 -0.3073793448891693
151 3121 -0.056060858157807036
151 3136 0.3703041536778544
151 3001 0.9683456508955242
151 3016 0.42334108594838193
151 3031 -0.03604711162331142
151 3046 -0.803318109883878
166 3061 0.8064992388260255
166 3076 0.9227251520216111
166 3091 0.4450623223260577
166 3106 0.841853922421413
166 3121 0.7578314493785512
166 3136 0.37034181145789447
166 3001 0.7192320047700091
166 3016 0.572371525039252
166 3031 0.1968360124856796
166 3046 0.6849272731846248
181 196 -0.5865785763363118
181 3061 -0.5974223211582059
181 3076 0.28736694812219676
181 3001 0.9475119770572593
181 3016 0.6639116477950036
181 3031 0.5588543829497812
181 3046 -0.9181436235456686
196 3061 0.34873549611397325
196 3076 -0.6714363661172538
196 3001 0.7229787043593296
196 3016 0.6851210611013852
196 3031 0.7520923566230722
196 3046 -0.9585004298512263
211 226 0.18651467758664553
211 3061 -0.7707348401008447
211 3076 -0.22155773165431825
211 3001 -0.6249642742407315
211 3016 -0.6072626471819318
211 3031 -0.7851995507108447
211 3046 0.6804647759233582
226 3061 -0.33617884843860235
226 3076 -0.26093037444399636
226 3001 -0.4204020662086241
226 3016 -0.1836012164711862
226 3031 -0.7542101334466302
226 3046 0.1809538715993988
3001 3016 -0.28137860489744604
3031 3046 -0.131520026040856
3061 3076 0.6509807164092509
3091 3106 0.39342448744225034
3121 3136 -0.09721005849790676
3151 3166 0.7581610352922343
