# 
61 61 -1.1707067413953345
76 76 -0.2964887133358003
91 91 -0.3789635743433939
106 106 0.41502808963418225
121 121 3.9524266348690986
136 136 1.2027611807151155
151 151 -1.5080934688895402
166 166 -1.5957370186126338
181 181 -3.09659388792117
196 196 0.13375264784976526
211 211 1.7410374415068013
226 226 -0.37493654279874633
3001 3001 -3.41998301456501
3016 3016 -3.60072633167633
3031 3031 3.719399573485643
3046 3046 2.9012214388805972
3061 3061 0.09504640737581038
3076 3076 0.014584332822346724
3091 3091 0.7595284006568006
3106 3106 -2.569606665188159
3121 3121 1.7605520731910094
3136 3136 2.3044929936060496
3151 3151 -2.470223020336536
3166 3166 1.1077412341507609
61 76 -0.16224537278327
61 3121 -0.05886467356712166
61 3136 -0.07147455819619486
61 3151 -0.7685363811369508
61 3166 0.25853988794241145
76 3121 0.5718469779533437
76 3136 -0.09135793505698753
76 3151 -0.8577579156122046
76 3166 -0.913454388407354
91 106 -0.7878181233120918
91 3061 0.8014305851615378
91 3076 0.6249737358414054
91 3091 0.016754256127336165
91 3106 0.145798325513381
91 3121 0.5000618209305452
91 3136 -0.7479536003380503
91 3151 0.1278091290085439
91 3166 0.2631109353355534
106 3061 -0.217841979942494
106 3076 -0.3041459755544138
106 3091 0.8684050527864302
106 3106 -0.8438894219731727
106 3121 -0.07570887925800518
106 3136 -0.6010872425885601
106 3151 -0.2006426085233015
106 3166 -0.9639479650582057
121 136 -0.09134227385729488
121 3061 -0.32364324101659125
121 3076 0.45316442408331437
121 3091 0.32726559078379225
121 3106 -0.06543355133815831
121 3121 -0.6775463372300676
121 3136 -0.9092074645783443
136 3061 0.24844627571771682
136 3076 -0.7052545033492872
136 3091 0.1294562325476014
136 3106 0.4931855183039697
136 3121 -0.8370860706044867
136 3136 0.9137566231260354
151 166 -0.37430933074774453
151 3061 0.5185589472281564
151 3076 -0.9732659614117338
151 3091 0.5386851158522414
151 3106 0.5277486733826389
151 3121 0.9693635896185737
151 3136 -0.12071343583220284
151 3001 0.25922022230837527
151 3016 -0.7372862569377805
151 3031 0.6780780169839384
151 3046 0.1353840611877477
166 3061 -0.935478820861422
166 3076 0.6283473093557417
166 3091 -0.22043978977027812
166 3106 -0.7432516903536992
166 3121 -0.9225868214598401
166 3136 -0.8099818979525024
166 3001 0.8876314897854158
166 3016 -0.4378849737710333
166 3031 -0.2089329204863628
166 3046 -0.43896076967662534
181 196 -0.6848230539495495
181 3061 -0.024181688723679207
181 3076 0.04779930787390918
181 3001 -0.23334970324586113
181 3016 -0.4017046233885151
181 3031 0.06414264853152152
181 3046 -0.6927185419743547
196 3061 0.3737422020895711
196 3076 -0.2340856001814522
196 3001 0.041322488509452304
196 3016 0.7221558422823047
196 3031 0.31731314595937254
196 3046 0.05807363264572185
211 226 -0.9490342134052747
211 3061 -0.9559564382340837
211 3076 -0.03467973241008293
211 3001 -0.6682497649874293
211 3016 0.8651884731687767
211 3031 0.514321280672003
211 3046 -0.22651445897510158
226 3061 -0.387628235551549
226 3076 -0.19114455301259792
226 3001 -0.8418798925844584
226 3016 -0.8322781141056521
226 3031 -0.4631768598861401
226 3046 0.06305184273708564
3001 3016 0.04550569670292015
3031 3046 0.025951055659825473
3061 3076 0.5282846706582538
3091 3106 0.6191835326269446
3121 3136 0.732396928789417
3151 3166 0.22130057642882717
