# 
61 61 -2.273498134885573
76 76 2.16091920553193
91 91 -2.1984893814432995
106 106 3.3865880026446282
121 121 0.941318432496562
136 136 0.3043851877293209
151 151 -1.6570531602153862
166 166 2.714356221611429
181 181 0.6955982999121835
196 196 2.7875476320879153
211 211 -0.6533726729985627
226 226 3.686880544398176
3001 3001 -2.764388374160509
3016 3016 -3.219525278899603
3031 3031 2.2304018809216704
3046 3046 -1.6028185006665625
3061 3061 1.2094191524313969
3076 3076 2.272884125359486
3091 3091 1.1961794321105819
3106 3106 -0.7232663475549037
3121 3121 -3.0362818358157337
3136 3136 2.3493903764959345
3151 3151 0.4754041100801407
3166 3166 -2.917092777780576
61 76 -0.3673512745753649
61 3121 0.4160134864452678
61 3136 0.5124213652724587
61 3151 0.510436089000903
61 3166 0.6732531215232702
76 3121 0.7304461202300014
76 3136 0.20189189832847076
76 3151 0.5071858178474136
76 3166 -0.27620130994873904
91 106 -0.07779738989548224
91 3061 -0.19310700382220447
91 3076 0.58467437517463
91 3091 0.11131057421102675
91 3106 -0.8351685311129058
91 3121 0.31047808671073507
91 3136 -0.07640985981259285
91 3151 -0.930464698036888
91 3166 -0.1535705329880681
106 3061 0.30405165002307966
106 3076 -0.7113884444800467
106 3091 0.2397545905470604
106 3106 -0.021445538364452732
106 3121 0.12105199552973067
106 3136 -0.44965858427284466
106 3151 0.8321696138808283
106 3166 0.9093329856282963
121 136 0.9396633176102747
121 3061 0.6346703828751623
121 3076 0.3955682227262911
121 3091 -0.10444039403114647
121 3106 0.6722072413351037
121 3121 -0.3074269030532699
121 3136 -0.6977839977147686
136 3061 -0.544424511677027
136 3076 -0.7480230204874805
136 3091 -0.33217481956211126
136 3106 0.8350658558761856
136 3121 0.265555209512081
136 3136 -0.11060671080588214
151 166 0.7638267370097664
151 3061 0.502840748604902
151 3076 -0.05424822769856008
151 3091 -0.9086039895506639
151 3106 0.26428000395210605
151 3121 0.9993736052573978
151 3136 0.4410968533653008
151 3001 0.672138291534679
151 3016 -0.8790204446940959
151 3031 -0.6939907395090834
151 3046 0.7093087642325036
166 3061 0.21953548856399108
166 3076 -0.2853470634172337
166 3091 0.857084190902643
166 3106 0.17939853063826172
166 3121 -0.44800840491731475
166 3136 -0.4673339128095835
166 3001 0.15878284781802798
166 3016 0.7560362874584474
166 3031 -0.7334024629846407
166 3046 0.5577004493361546
181 196 0.7790289306708496
181 3061 -0.5063655110391998
181 3076 0.6183828234510251
181 3001 -0.6272093916388046
181 3016 -0.4550213899169595
181 3031 0.6248404935029759
181 3046 0.8961322126130224
196 3061 -0.04025599295278992
196 3076 0.3086376182451187
196 3001 0.16690070828344505
196 3016 -0.5987026483995401
196 3031 0.2835172936767816
196 3046 0.011197931303388975
211 226 -0.08133005963695927
211 3061 0.4188340683136742
211 3076 -0.1998499604425994
211 3001 0.10633026052078565
211 3016 0.6826873569063674
211 3031 0.07477672783621125
211 3046 -0.252466417632738
226 3061 -0.49817626784655156
226 3076 -0.7200142993271024
226 3001 0.7656085166893929
226 3016 0.7271865164840292
226 3031 -0.36652442703024657
226 3046 0.6077492807906641
3001 3016 0.019989159691046865
3031 3046 -0.07453756525061772
3061 3076 -0.8772706096095559
3091 3106 0.31281584834687126
3121 3136 0.606725124912715
3151 3166 0.6639655223621312
