# 
61 61 3.0000859266210584
76 76 -1.6322672611478728
91 91 -1.049214909242285
106 106 -0.17104492925565928
121 121 2.6347753808040277
136 136 2.168922815419932
151 151 -3.433155945179081
166 166 0.6852349005159306
181 181 -0.6730259509109509
196 196 -3.5625168185956317
211 211 2.5373630784550842
226 226 -2.2793642949247674
3001 3001 -3.3938736433274928
3016 3016 2.143644719063862
3031 3031 0.9792706686968966
3046 3046 2.231504771481088
3061 3061 -3.43875726585349
3076 3076 1.777159868810509
3091 3091 0.6502596427538032
3106 3106 0.9056005082915899
3121 3121 -3.7700038759962675
3136 3136 -0.32665293438124365
3151 3151 2.9044503777426707
3166 3166 3.3806467954633996
61 76 -0.7751591479576021
61 3121 0.2712997101745196
61 3136 -0.02998393460212956
61 3151 0.5152608622361234
61 3166 0.9913401541765052
76 3121 -0.4667742661373022
76 3136 0.16801801178645137
76 3151 -0.8230046856704059
76 3166 -0.4323992948304842
91 106 0.720268429251572
91 3061 -0.45137955966379617
91 3076 0.7213124607385801
91 3091 -0.5974940043354682
91 3106 0.537892289274059
91 3121 0.16217250779737613
91 3136 -0.7526367092735076
91 3151 0.8397424975516996
91 3166 -0.41299035286201025
106 3061 0.8411785051132583
106 3076 0.30898208715698927
106 3091 0.6542696189670876
106 3106 -0.36037352181685356
106 3121 -0.34843957878683507
106 3136 -0.7563752050901145
106 3151 0.5053812026839781
106 3166 -0.7094730567817231
121 136 0.3095035205987302
121 3061 0.3942169502829158
121 3076 -0.33898508639707137
121 3091 0.16560106810823805
121 3106 0.0998339268173678
121 3121 0.23200407580955584
121 3136 -0.23605154374201054
136 3061 -0.6253660877369847
136 3076 -0.07261338136868356
136 3091 0.3522101804067934
136 3106 0.9007201635203876
136 3121 -0.8370196767421427
136 3136 -0.8185536941213543
151 166 -0.6461647693915304
151 3061 -0.863110619158977
151 3076 0.3575790232037248
151 3091 -0.7668688189076915
151 3106 0.0008960554114820773
151 3121 0.40322205565214797
151 3136 0.3763362379653883
151 3001 0.3780014936990028
151 3016 0.43195270897782834
151 3031 0.1582066995143976
151 3046 -0.858213983275232
166 3061 -0.573871269532497
166 3076 -0.8811882297927991
166 3091 -0.07117209070572939
166 3106 -0.5857083376738177
166 3121 0.5804312099143969
166 3136 -0.5373719970393722
166 3001 -0.2554730227154123
166 3016 0.7613891863703834
166 3031 0.8227752404539654
166 3046 0.2545438196747114
181 196 0.9401757549558487
181 3061 0.11764355204092869
181 3076 -0.5840808457399824
181 3001 0.9410330225621302
181 3016 -0.4761684822622254
181 3031 -0.49196080266094455
181 3046 -0.20963413616418425
196 3061 -0.48773531129932546
196 3076 0.16009870281600325
196 3001 -0.7659990967056882
196 3016 -0.8246953452850612
196 3031 -0.772353060956481
196 3046 0.10415542211638296
211 226 0.6610515188851198
211 3061 -0.09811159340641185
211 3076 -0.8901203790669749
211 3001 -0.04011730918223777
211 3016 -0.11494085159450407
211 3031 -0.3575047643963907
211 3046 -0.007962188185403285
226 3061 0.5554399860705732
226 3076 0.18445779332217138
226 3001 -0.6227838198485331
226 3016 0.8488179909931106
226 3031 -0.6955364451137278
226 3046 -0.7747988457695894
3001 3016 -0.42376091544756833
3031 3046 0.8768555057578793
3061 3076 -0.39383571181394816
3091 3106 0.5703198420448305
3121 3136 0.14586986987423312
3151 3166 -0.8032359325544327
