# 
61 61 -0.03189000884570792
76 76 -0.1408414923622905
91 91 -0.4077288930577323
106 106 -1.403797787246985
121 121 -0.3105713617939996
136 136 2.5677674282656016
151 151 -3.641230265779498
166 166 3.296657558678768
181 181 -1.7329864726594657
196 196 3.503623551512322
211 211 -3.813379447900579
226 226 2.250355449123271
3001 3001 -0.5617232947983464
3016 3016 1.2956551025700378
3031 3031 1.0154512762832502
3046 3046 -1.7756128861678508
3061 3061 -2.903450468866329
3076 3076 -1.0954258344488785
3091 3091 -3.94150038102838
3106 3106 -2.8292195058837173
3121 3121 -1.3689849302275832
3136 3136 -0.7353560065657421
3151 3151 3.2963147883201254
3166 3166 0.3028641309190334
61 76 0.7907271890796945
61 3121 0.010832676079497672
61 3136 0.2374615266698321
61 3151 0.7829827470750905
61 3166 -0.5559274096129025
76 3121 -0.48656038005172175
76 3136 0.385513902762173
76 3151 0.012692686629228955
76 3166 0.06722621483297231
91 106 -0.3377741535972134
91 3061 -0.10831939352560238
91 3076 0.2495429192178915
91 3091 0.5126399828472166
91 3106 0.9617170017435572
91 3121 0.9625424974140104
91 3136 0.004027884173535723
91 3151 -0.7155311014091918
91 3166 -0.36412727047836224
106 3061 -0.9375776010199202
106 3076 0.15807151684350584
106 3091 -0.025947763288784786
106 3106 -0.3095563535843777
106 3121 -0.6674161471272637
106 3136 -0.5396503545431173
106 3151 0.13726067390683094
106 3166 0.2790141937662409
121 136 -0.157098374281198
121 3061 -0.1892327828376561
121 3076 -0.9768254796320526
121 3091 0.9674892147495657
121 3106 0.6691474960845345
121 3121 -0.2531009254452983
121 3136 -0.32966335054931295
136 3061 -0.0018495281413515308
136 3076 0.4083299149288073
136 3091 0.8192329463338748
136 3106 -0.5190550602186412
136 3121 0.5878199804153206
136 3136 -0.8266778235766528
151 166 -0.010277022028240435
151 3061 0.01763025198692092
151 3076 -0.33433901366672925
151 3091 0.4608160776819126
151 3106 -0.08025031167152652
151 3121 -0.5705571440692456
151 3136 -0.6000778519626924
151 3001 -0.8704957963902573
151 3016 -0.18192526296352884
151 3031 -0.7917532402293672
151 3046 -0.7515793424793793
166 3061 0.05984392227961011
166 3076 -0.04986138845644339
166 3091 0.5673098669045313
166 3106 0.6048354305729104
166 3121 0.9252576934489163
166 3136 0.5569979865192924
166 3001 0.0024808661034836366
166 3016 0.41930583090769336
166 3031 0.8057136705967829
166 3046 0.3735829848640184
181 196 0.9414973016904615
181 3061 0.3808718348945228
181 3076 -0.29280367679639685
181 3001 0.20495771627611403
181 3016 -0.157899082747744
181 3031 0.24227673428760887
181 3046 -0.5377242976441878
196 3061 0.2854050668378434
196 3076 -0.5667663387775628
196 3001 0.3243407156164082
196 3016 0.8790655877525557
196 3031 0.5483113339149317
196 3046 0.3591479921467797
211 226 0.4948062040624046
211 3061 -0.15880798348305003
211 3076 0.5283589524061425
211 3001 -0.30269236677638744
211 3016 0.1843675414729724
211 3031 -0.7630791683357889
211 3046 -0.9909737288175504
226 3061 -0.36997325554205784
226 3076 -0.1423759086909573
226 3001 -0.2113367448709964
226 3016 -0.8360208218316616
226 3031 0.2543193287615668
226 3046 0.3160470317258992
3001 3016 0.7273806742897722
3031 3046 -0.5513621061078613
3061 3076 -0.38383057873531645
3091 3106 0.6564899235574817
3121 3136 0.06021023414951365
3151 3166 -0.8230440492466709
