# 
61 61 -1.4246789087199474
76 76 1.5821634811481706
91 91 -3.343496383436702
106 106 -0.8007748032627982
121 121 1.9577399335746275
136 136 2.4461358355773664
151 151 -1.614202531097951
166 166 -1.7709803442801082
181 181 -1.5109907855673743
196 196 -2.4219655067685615
211 211 -0.7996885354553616
226 226 -0.7633320908433223
3001 3001 -0.25803983583350387
3016 3016 3.3972477232404907
3031 3031 2.3148982023182203
3046 3046 0.27338825362545727
3061 3061 0.9211009590399106
3076 3076 -3.5135975318539963
3091 3091 -3.634365708204542
3106 3106 0.13538420815311625
3121 3121 2.030684011468481
3136 3136 1.094798156672435
3151 3151 3.1997806851968305
3166 3166 -0.5764769154377296
61 76 0.4284657372007621
61 3121 -0.7434889512633966
61 3136 -0.016485479369047207
61 3151 -0.02606839753020873
61 3166 0.09093541384739035
76 3121 -0.9359519192197598
76 3136 -0.2643745085928759
76 3151 -0.025548934639200827
76 3166 -0.07285556513565594
91 106 0.791222401957894
91 3061 -0.9829091170169841
91 3076 0.5933753088547815
91 3091 -0.4374988876014019
91 3106 0.48791589449646766
91 3121 0.0017888723895145286
91 3136 -0.5243975651107782
91 3151 0.7158008613094313
91 3166 0.46207216302551
106 3061 -0.8581531096118595
106 3076 0.9470439267237611
106 3091 0.20870840112385425
106 3106 -0.6684846675351903
106 3121 -0.10622335797433724
106 3136 -0.11362251714504534
106 3151 -0.32946158485297183
106 3166 0.9516486906997788
121 136 -0.9846546665751397
121 3061 0.5153827807326639
121 3076 -0.6284021081998201
121 3091 0.8105234437938935
121 3106 0.0045030185120154
121 3121 0.5757484679393536
121 3136 -0.8361650503697875
136 3061 0.11855219016475971
136 3076 -0.9931924117885809
136 3091 0.9617578439945038
136 3106 -0.5488936334829906
136 3121 -0.6475175810462079
136 3136 -0.4251468252574424
151 166 -0.5805820006220883
151 3061 0.42598645588475503
151 3076 0.529342961389031
151 3091 -0.42960763417727144
151 3106 0.9867155137080827
151 3121 -0.0556346374499066
151 3136 0.4133762141194388
151 3001 -0.375030776336184
151 3016 0.45955858911182723
151 3031 -0.9059268229356661
151 3046 -0.12606678329310217
166 3061 0.06381987885683338
166 3076 0.6972836562010432
166 3091 -0.8736307919550175
166 3106 0.6782878491287596
166 3121 0.3696942613735108
166 3136 0.8239568967855795
166 3001 0.6434882385086051
166 3016 -0.3618353843902824
166 3031 0.48642982067859086
166 3046 -0.06959071751795598
181 196 -0.7813562025132026
181 3061 0.13393772464091303
181 3076 -0.8232131632335371
181 3001 -0.6635019991722348
181 3016 0.6028561306553577
181 3031 0.2673412847450103
181 3046 0.48322767129666144
196 3061 0.3686789199703526
196 3076 -0.937975306244551
196 3001 -0.9586778246607777
196 3016 -0.9868064195926796
196 3031 -0.8488857692657346
196 3046 0.6283723424184668
211 226 -0.445940119482249
211 3061 0.09363876711663477
211 3076 -0.3145716202900428
211 3001 0.8584576431992228
211 3016 -0.3857173425103628
211 3031 0.2890958434545272
211 3046 -0.4482698602476618
226 3061 -0.9755162561368573
226 3076 0.14930312148769542
226 3001 -0.22885305585679983
226 3016 0.8283605370853515
226 3031 0.784183959871362
226 3046 -0.34717430172680075
3001 3016 -0.5590622770380618
3031 3046 -0.32130612991748597
3061 3076 -0.5200784304696933
3091 3106 -0.13520131925817624
3121 3136 0.6106543638859592
3151 3166 0.6720202527376251
