# 
61 61 -1.9218533645887703
76 76 2.8644531733747662
91 91 -2.8033147941393226
106 106 -0.5041425222284026
121 121 3.068420187995784
136 136 -1.423950948644646
151 151 -0.14931003944022514
166 166 1.8536167127147056
181 181 -0.7441147765732596
196 196 0.3522764882951863
211 211 -2.7793373070694436
226 226 3.379204486172714
3001 3001 2.066382969488995
3016 3016 -0.6011692394844923
3031 3031 -1.9921718887755233
3046 3046 -1.5367992301524227
3061 3061 -3.788236722005416
3076 3076 -3.8311942194840425
3091 3091 2.023422689434269
3106 3106 -2.0204055935587073
3121 3121 -3.1811064124904433
3136 3136 -0.537667317876954
3151 3151 -1.5937743563683453
3166 3166 -2.956974811091097
61 76 -0.03895900671239039
61 3121 0.8030249597050145
61 3136 -0.9820250675817042
61 3151 -0.5739281279334261
61 3166 -0.4139858617591201
76 3121 0.6049161306622235
76 3136 -0.5889024325052452
76 3151 -0.7902041306390386
76 3166 0.8409477382219108
91 106 -0.27368546930757276
91 3061 -0.753947618354152
91 3076 -0.2940730460678824
91 3091 -0.7342629925266189
91 3106 -0.5683769770649267
91 3121 -0.2289121454758507
91 3136 -0.7907587257552435
91 3151 -0.051244035266314825
91 3166 0.19098275372629536
106 3061 0.9566607315068252
106 3076 -0.449498592617529
106 3091 0.36838211429151624
106 3106 -0.22764865507912346
106 3121 0.7607490628741356
106 3136 -0.15547730145829863
106 3151 -0.22039286649509116
106 3166 0.1532182608800814
121 136 0.07366524365435634
121 3061 0.6463656717612811
121 3076 0.15177069352210548
121 3091 0.22323397443071258
121 3106 -0.026739995143820527
121 3121 -0.701034235826347
121 3136 -0.5225127507127525
136 3061 -0.7473985344768719
136 3076 -0.004833154599463763
136 3091 0.3641398510039944
136 3106 -0.21047252272275796
136 3121 -0.07072005046257068
136 3136 -0.13237797363707138
151 166 0.4257141934990638
151 3061 -0.06068484853845235
151 3076 0.16033433913888162
151 3091 0.8497484545534395
151 3106 0.7204304699994357
151 3121 -0.9930178824315781
151 3136 -0.04308453622074082
151 3001 -0.040407215631121485
151 3016 0.6881732359235431
151 3031 0.923389387173972
151 3046 -0.7914314614027647
166 3061 -0.3415395027841648
166 3076 -0.8572023047310717
166 3091 -0.05455357459031607
166 3106 0.7697132637773831
166 3121 -0.7755164250355413
166 3136 -0.5820281638007441
166 3001 -0.4956658758123831
166 3016 -0.6183024211903232
166 3031 -0.9734513641204747
166 3046 0.28643825728539385
181 196 -0.8362469286916112
181 3061 0.10321467171506238
181 3076 -0.3790183759828081
181 3001 0.6456176976316375
181 3016 0.0856877099885045
181 3031 -0.4713643160421106
181 3046 -0.17032012552163178
196 3061 -0.059369152514829215
196 3076 0.5583970831857015
196 3001 -0.6527613039944893
196 3016 0.546745268973998
196 3031 -0.35794997240279747
196 3046 -0.8179320515543371
211 226 0.6556355018683562
211 3061 -0.4973951764655964
211 3076 0.6110009966556245
211 3001 -0.7248695537250522
211 3016 0.4087388947554216
211 3031 0.349243165138039
211 3046 0.4266723619794974
226 3061 -0.20144753570067842
226 3076 0.8063286362596696
226 3001 -0.957991307001725
226 3016 0.9718401376617731
226 3031 0.4994886731422785
226 3046 -0.8796271724545917
3001 3016 0.7888473513910317
3031 3046 -0.08813751428210193
3061 3076 -0.07671248687911225
3091 3106 -0.004486466025585667
3121 3136 -0.716290968928061
3151 3166 0.3972345747085724
