# 
61 61 -2.7937556364001876
76 76 -1.763832512622736
91 91 -2.9659561143993853
106 106 -2.722728100900155
121 121 -2.7558305619316537
136 136 -2.06171964661163
151 151 -1.3203731287291145
166 166 -3.9492955773703775
181 181 -3.328928481107196
196 196 -1.9381128514319554
211 211 0.8471680480465444
226 226 -0.5346968709100883
3001 3001 -2.437978068277838
3016 3016 -3.671461794005989
3031 3031 -2.2972770719231086
3046 3046 -1.257519504208088
3061 3061 2.318084487312351
3076 3076 1.7570252506602761
3091 3091 0.25126414264446506
3106 3106 -2.436757892850455
3121 3121 -1.3814277965449255
3136 3136 2.686193703924598
3151 3151 2.7650512575282704
3166 3166 0.1175354715478214
61 76 -0.5846364257708443
61 3121 -0.994297045380433
61 3136 -0.22881069138571486
61 3151 0.16758339259800126
61 3166 0.1557909191097484
76 3121 0.20322452599139296
76 3136 0.763635767901913
76 3151 0.2047144432804504
76 3166 -0.2618761274794281
91 106 0.09529002134286513
91 3061 0.2433682845948617
91 3076 0.443208191552076
91 3091 -0.9690640599068225
91 3106 -0.10471204852704985
91 3121 0.5746685717993183
91 3136 -0.5506415171206236
91 3151 -0.3171338457881898
91 3166 0.7437475914376697
106 3061 -0.08410753770576829
106 3076 0.28181219217093156
106 3091 -0.0008138955001322223
106 3106 -0.7558238423893235
106 3121 -0.9922251460480003
106 3136 -0.7561142776781862
106 3151 -0.717445244703381
106 3166 0.8499595017175066
121 136 0.3679343102384911
121 3061 0.008908935000757623
121 3076 -0.48150434603750014
121 3091 0.9011351397704952
121 3106 -0.6328556439260289
121 3121 -0.8123294855836583
121 3136 0.3559017170073693
136 3061 -0.35954753958196406
136 3076 -0.379022870926504
136 3091 -0.9153216780546192
136 3106 0.8172470009038706
136 3121 0.1267107550705031
136 3136 0.8326032202340752
151 166 0.7778543293625833
151 3061 -0.6995655325761392
151 3076 0.21003659698734323
151 3091 0.4535505713126353
151 3106 -0.5381644469723894
151 3121 0.8311966895476914
151 3136 0.6820899451667599
151 3001 0.7039947103905158
151 3016 0.7703828823562036
151 3031 -0.3940303240908942
151 3046 0.18228478350864163
166 3061 -0.8477324300731648
166 3076 -0.009735782784025426
166 3091 0.34230678467218434
166 3106 0.3522116051573738
166 3121 -0.06473155818808096
166 3136 0.9471935322190508
166 3001 -0.46121969954668507
166 3016 0.7570189128772238
166 3031 0.29213209613382163
166 3046 -0.15575004433957385
181 196 -0.5690855395336141
181 3061 -0.4555388173771848
181 3076 -0.5148888645129952
181 3001 0.16706256374561246
181 3016 -0.5063697880123639
181 3031 0.9586057481648242
181 3046 0.5117276195014295
196 3061 -0.58862229971076
196 3076 0.10924449679799131
196 3001 -0.2788934002175456
196 3016 0.1562153746871615
196 3031 0.5040870620761821
196 3046 -0.3064914000688037
211 226 -0.2225198267948436
211 3061 0.8166343674549148
211 3076 -0.265593191528545
211 3001 -0.33419022949737043
211 3016 -0.2904007685284389
211 3031 -0.7578475116499201
211 3046 0.3165741261984656
226 3061 -0.28287921781295444
226 3076 0.5173634602038377
226 3001 -0.7566690601215522
226 3016 -0.6997122974780527
226 3031 -0.2863776917996561
226 3046 -0.03386798172575056
3001 3016 0.8910083871473016
3031 3046 -0.6186571483335666
3061 3076 0.8993600074023429
3091 3106 -0.20161983533105698
3121 3136 0.07493962055222525
3151 3166 -0.9653627351213512
