# 
61 61 0.12848349841928375
76 76 0.9618590156496065
91 91 0.37274257914361275
106 106 3.470875272328774
121 121 -2.3878774640985796
136 136 1.6846696069562466
151 151 -3.7609408720859
166 166 0.29485679653914687
181 181 -0.8986736380081783
196 196 2.6031380322943116
211 211 -1.5242026155455672
226 226 0.4020701861182001
3001 3001 0.11619209726769686
3016 3016 1.1206839008263891
3031 3031 1.122499758698277
3046 3046 3.590345700380099
3061 3061 -2.0700353941405885
3076 3076 -3.928351812805195
3091 3091 0.605296756214039
3106 3106 0.7155419765534026
3121 3121 2.3398703409049997
3136 3136 0.896204848054099
3151 3151 -2.618405515696696
3166 3166 -1.6981585339897958
61 76 0.46606822011664817
61 3121 -0.14917438911381087
61 3136 -0.02649923877205196
61 3151 0.6083761341124991
61 3166 0.3169377560891742
76 3121 0.2311892792527357
76 3136 -0.011584186161645249
76 3151 0.7390072932435559
76 3166 0.19831247507101768
91 106 -0.9717251476909872
91 3061 0.8781418984883325
91 3076 -0.933936924346354
91 3091 0.8230530768686877
91 3106 0.24094552516921075
91 3121 -0.616982245954689
91 3136 -0.5846966656418675
91 3151 -0.23198827092312135
91 3166 -0.06448846065145242
106 3061 0.8838738032608828
106 3076 -0.4501774215713268
106 3091 -0.3495862325944379
106 3106 -0.08615995278588762
106 3121 0.15482153087995476
106 3136 -0.43854515008720774
106 3151 -0.37690290154480377
106 3166 -0.11131248585646514
121 136 0.6990612377498204
121 3061 0.2505485820637361
121 3076 0.3156834754659392
121 3091 0.39684294232115147
121 3106 0.30619379471326846
121 3121 -0.7781313458238994
121 3136 0.2686755681421271
136 3061 0.5645499723073215
136 3076 -0.1830999383291818
136 3091 0.6716840134818809
136 3106 -0.44648422707511215
136 3121 0.8700782262932198
136 3136 -0.49082357351894634
151 166 0.5274154208976967
151 3061 -0.05875195285255019
151 3076 -0.8488418206734087
151 3091 0.7374797019998145
151 3106 0.627361039570155
151 3121 -0.3463359389953158
151 3136 0.24290891216151822
151 3001 -0.7003853640398721
151 3016 0.9788345003306218
151 3031 -0.8510971928770623
151 3046 0.3056711525211515
166 3061 0.5447281013773575
166 3076 0.43326358060984105
166 3091 0.12718663235330152
166 3106 0.45476505592796257
166 3121 0.9435827092500557
166 3136 -0.6965635249407942
166 3001 -0.1263468417125
166 3016 0.16113341964612227
166 3031 -0.33201146418002825
166 3046 -0.7583265148411633
181 196 0.7151867872868374
181 3061 -0.7793845714697756
181 3076 0.3751198620856133
181 3001 0.9887052226801507
181 3016 -0.8635836659858531
181 3031 0.350459534473363
181 3046 0.3213768040230669
196 3061 -0.08416262304311495
196 3076 -0.7264078961902987
196 3001 0.6866409396040731
196 3016 0.5259005618093764
196 3031 -0.8353046767392702
196 3046 0.5435497174866857
211 226 -0.021327465403645274
211 3061 -0.475910371753413
211 3076 -0.40071814131104744
211 3001 -0.365239900169003
211 3016 -0.885863386650287
211 3031 -0.3346309582127678
211 3046 0.24703667183329903
226 3061 0.7781983176626426
226 3076 0.8742598271948343
226 3001 0.48941268189318365
226 3016 0.9781953780020822
226 3031 0.488404784926171
226 3046 -0.037429571995585054
3001 3016 -0.33145400444785533
3031 3046 0.8470880052966718
3061 3076 -0.1733359059110311
3091 3106 -0.8844652390499219
3121 3136 0.7730845984242085
3151 3166 -0.060757173516900576
