# 
61 61 -2.892688661312685
76 76 -0.6483049407781483
91 91 -0.5503329026384858
106 106 0.022919580568654396
121 121 3.362849072853982
136 136 3.4233166033234133
151 151 -2.727779599411642
166 166 -2.8237957756422523
181 181 -2.5077379676196623
196 196 3.5718440040898445
211 211 2.1948662184800396
226 226 3.8376927752419387
3001 3001 1.833596930956082
3016 3016 3.689490374530628
3031 3031 -1.1591983852404226
3046 3046 -3.9024472661463525
3061 3061 2.8276220039201627
3076 3076 -3.280364975799701
3091 3091 -0.3500302211256967
3106 3106 -2.1367388904507614
3121 3121 -2.1957148792146253
3136 3136 -0.29111210267809806
3151 3151 2.078223874616511
3166 3166 -1.0110216525554083
61 76 -0.8988717645388187
61 3121 -0.37130576017775696
61 3136 -0.23033430049116266
61 3151 -0.6314433489617424
61 3166 0.9994336648873146
76 3121 0.8754907914062751
76 3136 -0.5624015303647913
76 3151 0.6708059888668971
76 3166 0.9549156563648671
91 106 -0.06990947346738352
91 3061 0.443533532391859
91 3076 -0.30953758510767515
91 3091 0.9086305549426719
91 3106 -0.7926485375952459
91 3121 0.2588762384307226
91 3136 -0.06636177141681521
91 3151 -0.355316545981436
91 3166 0.7644772417192585
106 3061 -0.27891977654540523
106 3076 -0.8835331040896262
106 3091 -0.5683091827892208
106 3106 -0.9535028679716564
106 3121 -0.46834837408595975
106 3136 -0.3570829462289793
106 3151 -0.9376772764550203
106 3166 -0.9607643302016258
121 136 -0.04761885108494002
121 3061 0.17444021851986458
121 3076 -0.035193224322132455
121 3091 0.13328477948966788
121 3106 0.4678853561492562
121 3121 -0.8163955021516014
121 3136 0.6964305847320456
136 3061 -0.9736908750535984
136 3076 0.5305373725159379
136 3091 0.3000003436273879
136 3106 0.6278338713526597
136 3121 0.628919905033217
136 3136 0.5695869881247981
151 166 -0.12301554046815832
151 3061 0.41210301191012566
151 3076 -0.9213263261862432
151 3091 -0.46115617905833806
151 3106 0.9967828149370419
151 3121 -0.7565318766435944
151 3136 0.49444347468158556
151 3001 -0.34150682157550505
151 3016 -0.7180331147489871
151 3031 -0.512110702925515
151 3046 -0.2693871708414779
166 3061 0.8047506636959745
166 3076 0.9056036026661074
166 3091 0.9820397848573106
166 3106 0.07352172537911583
166 3121 0.8096872065763512
166 3136 0.7346716993232578
166 3001 -0.7607635976486704
166 3016 0.5096104012601188
166 3031 -0.8065624186006854
166 3046 -0.15843952391352523
181 196 0.4339440165059234
181 3061 -0.6450132837734222
181 3076 0.998201528254721
181 3001 -0.8317578549808102
181 3016 -0.47374978011854085
181 3031 0.08136739604483023
181 3046 0.09179038608044832
196 3061 0.19084925188942736
196 3076 -0.10321438104808167
196 3001 -0.06769905930345166
196 3016 -0.21759037701617823
196 3031 -0.3081342645131444
196 3046 -0.10664204293844537
211 226 -0.9918177962060779
211 3061 -0.20252754664856742
211 3076 -0.03628186648938958
211 3001 -0.576146055490903
211 3016 0.7612851019297762
211 3031 -0.2854499545290623
211 3046 0.6375037845105846
226 3061 -0.36593479141852336
226 3076 0.016776986211322287
226 3001 0.6253274494004222
226 3016 -0.05165364219754576
226 3031 0.05562622964012176
226 3046 0.8314427059692275
3001 3016 -0.7511815928093897
3031 3046 0.9974699677296341
3061 3076 0.3653331246001168
3091 3106 -0.42176921178137117
3121 3136 0.20542222510822672
3151 3166 0.6826533131951791
