# 
61 61 -1.7592614690477504
76 76 1.8695281045180598
91 91 3.8310726899799334
106 106 -2.892851329957743
121 121 1.3028007471655139
136 136 -2.597476367739489
151 151 3.541699895314027
166 166 2.3143894880583415
181 181 3.803295714743401
196 196 -3.2309171017279157
211 211 -1.776861734743047
226 226 -1.7543615953017717
3001 3001 2.021698376640127
3016 3016 3.220120599410359
3031 3031 -2.0096727430893875
3046 3046 3.7247655867330396
3061 3061 3.5714664620887895
3076 3076 3.121456583508154
3091 3091 -3.7507232521381404
3106 3106 3.116039816576615
3121 3121 -3.0001273608892722
3136 3136 1.7584997394970756
3151 3151 -1.975883280003072
3166 3166 -2.7811363460861136
61 76 -0.2608441015759053
61 3121 -0.7862967130488048
61 3136 0.7809683758580179
61 3151 -0.012366207390970274
61 3166 0.12098080431485903
76 3121 0.6449207845572185
76 3136 0.8824261886745117
76 3151 0.7460347588267213
76 3166 -0.19958533485816532
91 106 -0.8412295384181059
91 3061 0.9711374193133286
91 3076 -0.8610223296625175
91 3091 0.36444810182196696
91 3106 -0.9743270452705894
91 3121 -0.27736179017914875
91 3136 -0.6674329217069921
91 3151 0.8453641933221345
91 3166 0.32875688627589694
106 3061 0.7996236911971171
106 3076 -0.5421285510177936
106 3091 -0.9692645246473361
106 3106 0.8594737751141863
106 3121 -0.524660654809072
106 3136 0.021860304756195603
106 3151 0.9309906479449879
106 3166 0.773753746202436
121 136 -0.7041817167524209
121 3061 0.754765129823346
121 3076 0.38359313657725447
121 3091 -0.5262556922086794
121 3106 0.33979738127008074
121 3121 -0.44995734263930776
121 3136 -0.8951387430003468
136 3061 0.959158207241424
136 3076 -0.5716896597747714
136 3091 -0.13760378602815493
136 3106 0.1389472035294912
136 3121 0.7800089575210511
136 3136 0.020711348051451584
151 166 -0.8340283552763441
151 3061 -0.40671177455734253
151 3076 -0.4339465858935152
151 3091 -0.8003478056863222
151 3106 0.8868761859631122
151 3121 -0.13412113695174055
151 3136 -0.01618743462181227
151 3001 -0.5044129065834579
151 3016 0.4861938691267935
151 3031 -0.7994519929506263
151 3046 0.7910383278149817
166 3061 0.604510601714422
166 3076 0.0555759920511707
166 3091 -0.023810903793695548
166 3106 0.5081340800959029
166 3121 -0.5361124656694936
166 3136 0.9796068480327855
166 3001 0.9669885559076685
166 3016 -0.04346750157609014
166 3031 0.39863276118093216
166 3046 -0.4828752134319725
181 196 0.08562790742611148
181 3061 -0.41115017726195924
181 3076 0.7471840543965582
181 3001 -0.07873373897020786
181 3016 -0.2424594355353169
181 3031 0.4146973687818434
181 3046 0.13606139243898774
196 3061 0.898487946749688
196 3076 -0.9560480170761256
196 3001 0.04002246036511381
196 3016 -0.8535901111609301
196 3031 -0.037187253210536175
196 3046 -0.17082485472122388
211 226 0.9988686329672383
211 3061 0.4186502247874295
211 3076 -0.4852476630608049
211 3001 0.8835739476850519
211 3016 0.7371583493967602
211 3031 -0.20415035902120415
211 3046 -0.27217570128929647
226 3061 0.8145725691633008
226 3076 -0.6400888063992194
226 3001 -0.07975266105385792
226 3016 0.8549767178905325
226 3031 -0.4429347422408687
226 3046 -0.048444136281088124
3001 3016 0.34810310140104317
3031 3046 0.6824356091324209
3061 3076 -0.5426545036692165
3091 3106 0.4770103459462205
3121 3136 0.03372770934256253
3151 3166 0.20107410165258766
