# 
61 61 -0.15923222284661076
76 76 3.609906998406272
91 91 -1.5237147119588945
106 106 -2.7059219825559993
121 121 -1.019423982416412
136 136 -1.207591030835978
151 151 -3.3844658750743237
166 166 -3.8781930451428996
181 181 -2.96448379314541
196 196 0.5665843276636195
211 211 1.8623098240112625
226 226 2.580569609359773
3001 3001 0.13548513323051825
3016 3016 0.10157593945017407
3031 3031 -1.2490761830419927
3046 3046 2.892016356330892
3061 3061 -2.0497378877722783
3076 3076 3.6361185549412065
3091 3091 2.5162284433812223
3106 3106 1.881775968704245
3121 3121 -0.7848714278475901
3136 3136 2.918302932969925
3151 3151 -2.290105957993557
3166 3166 -3.6598187220164773
61 76 -0.5292324303552811
61 3121 0.11046037422947519
61 3136 -0.614704674027299
61 3151 0.8675571624914373
61 3166 0.19769851621827805
76 3121 -0.1317823821116566
76 3136 -0.7723531995783923
76 3151 -0.021411764580419046
76 3166 -0.22979500921446894
91 106 0.48519230235082156
91 3061 0.9425431585126374
91 3076 -0.5470954080637251
91 3091 -0.2522527271522532
91 3106 0.9526185493627048
91 3121 -0.3509203494247266
91 3136 -0.6446984620007563
91 3151 -0.5434333254066452
91 3166 -0.006251637461122339
106 3061 0.1477072449770669
106 3076 0.44019400397838093
106 3091 -0.9147456556278173
106 3106 0.6341371364634254
106 3121 -0.36377583199787655
106 3136 -0.20019753049362254
106 3151 -0.7741516680341503
106 3166 -0.8166680030212781
121 136 -0.8181319703025285
121 3061 0.09373357587287967
121 3076 -0.519315596948456
121 3091 0.22383120759309882
121 3106 0.9691945369054467
121 3121 0.9717560693164848
121 3136 -0.10845243005226046
136 3061 0.17269058928301928
136 3076 0.4984404820048727
136 3091 -0.7732628257770371
136 3106 0.9147044549610117
136 3121 0.8263975235053849
136 3136 0.5423929911850054
151 166 -0.5693818462328983
151 3061 0.84705493955672
151 3076 0.6837278432351837
151 3091 0.21678470032287334
151 3106 -0.27283265566927084
151 3121 -0.2547444251519355
151 3136 -0.3757254145015967
151 3001 -0.792734917411615
151 3016 -0.09263666063827469
151 3031 -0.30506799565590104
151 3046 0.46228336263665737
166 3061 -0.965743780522655
166 3076 -0.17767399865450195
166 3091 0.5250187613788453
166 3106 0.8003245440429843
166 3121 -0.5769968170183257
166 3136 0.741168007865926
166 3001 0.3926047562558146
166 3016 -0.5139832846211492
166 3031 -0.2568397918567158
166 3046 0.23173464561333046
181 196 0.16239514257455268
181 3061 -0.3027025257101317
181 3076 0.2364869839230237
181 3001 0.5014358230262972
181 3016 -0.8501127338499297
181 3031 -0.9111011704149838
181 3046 -0.6656217882203583
196 3061 0.7639315670140066
196 3076 -0.023036085435292897
196 3001 0.9629481310437911
196 3016 -0.6197587317661903
196 3031 -0.5774246064244133
196 3046 -0.945810108857045
211 226 0.4753191832623449
211 3061 -0.12939688455651654
211 3076 0.01527280428251121
211 3001 -0.3711093908249272
211 3016 -0.20681717309232472
211 3031 -0.21681302879845288
211 3046 0.24267774050166557
226 3061 0.5080694316239966
226 3076 -0.3617170221240229
226 3001 -0.5600602261613841
226 3016 -0.8095687643533491
226 3031 -0.6113057666370121
226 3046 -0.5337225279368336
3001 3016 -0.18385462342502623
3031 3046 0.44683470418474736
3061 3076 -0.6514941584419627
3091 3106 -0.31152207661274933
3121 3136 -0.6248770274774298
3151 3166 -0.7797759443758774
