# 
61 61 3.2658711301023633
76 76 2.569479270065311
91 91 -2.265088954010146
106 106 -1.2961748627426202
121 121 -1.9008130557839102
136 136 -3.9273082441292617
151 151 0.9337416727780754
166 166 2.455667415255098
181 181 1.7906920158889115
196 196 2.497749391760758
211 211 0.719549383748622
226 226 -2.837910298537028
3001 3001 3.7100808506571346
3016 3016 -0.5377400008477684
3031 3031 -3.9663969686727674
3046 3046 -2.6541286815309126
3061 3061 3.1225886190562155
3076 3076 -0.8498290601585561
3091 3091 -3.1087160842890667
3106 3106 -1.0210821369068697
3121 3121 3.7614848785074235
3136 3136 -0.05084028239727889
3151 3151 0.46556645600480806
3166 3166 -0.9377162854251546
61 76 -0.8545271545613962
61 3121 0.8843080176993503
61 3136 0.8375992136725814
61 3151 -0.4157054913218243
61 3166 0.40006087791873
76 3121 -0.6214621133522076
76 3136 -0.19602428676443107
76 3151 -0.9237724036770323
76 3166 0.4117450681949799
91 106 -0.7170233593120683
91 3061 -0.9482026525004021
91 3076 -0.29623309277979937
91 3091 0.39022365776574075
91 3106 0.3087227326026958
91 3121 -0.7064462602948576
91 3136 -0.564369280526033
91 3151 -0.4662611037118378
91 3166 0.6045362474633085
106 3061 0.40324885743728167
106 3076 -0.00010348930542347645
106 3091 -0.6630488298457704
106 3106 0.11666451593624094
106 3121 0.14359940684674344
106 3136 0.5527002947559789
106 3151 0.830253558610853
106 3166 0.9274842124175449
121 136 0.9713655227525757
121 3061 0.8293357990732089
121 3076 -0.9293675198891596
121 3091 -0.03373468348180153
121 3106 0.3074285941410815
121 3121 -0.6978240948784313
121 3136 0.6083066173917306
136 3061 0.6768631123312032
136 3076 0.2028201209978604
136 3091 0.7894859513880503
136 3106 -0.45079181662147727
136 3121 0.4261038797276224
136 3136 0.7938922331492531
151 166 -0.9900162867375577
151 3061 -0.7242474199213584
151 3076 0.7208317244494094
151 3091 -0.37304050773317465
151 3106 0.8139479985961695
151 3121 -0.43596906786795975
151 3136 -0.5041158447839509
151 3001 0.5049142332357328
151 3016 -0.22280596442801803
151 3031 -0.5086538713872542
151 3046 0.20287611910300352
166 3061 -0.3848685652593111
166 3076 -0.09036712000710745
166 3091 0.5813437299450823
166 3106 0.5540595518131548
166 3121 0.1964334165021575
166 3136 0.19787803981079066
166 3001 0.8879723438691478
166 3016 0.5659239584325206
166 3031 0.9749074555146222
166 3046 -0.18721198201645328
181 196 -0.44761608165027256
181 3061 0.37824740732743245
181 3076 0.7426045116167335
181 3001 0.4474408823998217
181 3016 -0.2542082689746561
181 3031 0.27055611241760635
181 3046 -0.5489013410742565
196 3061 -0.23825467265164413
196 3076 0.4814305912693455
196 3001 0.7044528952227473
196 3016 0.07404853772455411
196 3031 0.04409349723227529
196 3046 -0.7594126242567825
211 226 0.8282724014722356
211 3061 0.37746256337368056
211 3076 -0.13397489357843595
211 3001 0.5016484371343368
211 3016 -0.7375901856734348
211 3031 0.26931298981386975
211 3046 -0.3266807989533165
226 3061 -0.8133378206703803
226 3076 0.062283019575956944
226 3001 -0.11158328790803429
226 3016 -0.3536004890999216
226 3031 0.5743417949239178
226 3046 -0.8423921363177078
3001 3016 0.8387160761087744
3031 3046 0.7811437630394911
3061 3076 -0.8526274047302649
3091 3106 0.6523873031984868
3121 3136 -0.47452134061675544
3151 3166 -0.03581882446614637
