# 
61 61 -0.669191849124103
76 76 -0.4392351269583122
91 91 0.8375905786022755
106 106 0.9249465897606666
121 121 -0.41532919736398977
136 136 1.0028137651428366
151 151 -0.023043324851176872
166 166 -0.0355289381792235
181 181 2.0881912234440176
196 196 0.7055264631417805
211 211 0.9137639815229942
226 226 -0.1998357897484914
3001 3001 1.2444592177432758
3016 3016 0.5659141364078704
3031 3031 0.6314614914637439
3046 3046 -0.10078069088859251
3061 3061 -1.373060611227193
3076 3076 -0.7466098396289966
3091 3091 0.055842668591740446
3106 3106 1.73678976861126
3121 3121 0.6362582548659171
3136 3136 0.041546270313604444
3151 3151 -0.7408838458291596
3166 3166 0.09848328527354323
61 76 -0.7687099311949331
61 3121 0.29722057066137525
61 3136 0.11699055657383507
61 3151 -0.24512635771601848
61 3166 0.05523926640756916
76 3121 0.1994088551746193
76 3136 0.2831659405843559
76 3151 -0.16159624163522232
76 3166 0.35666893878598954
91 106 -1.0
91 3061 -0.2032291667898268
91 3076 -0.17688529049096507
91 3091 -0.8034779864132177
91 3106 -0.23584416396675695
91 3121 0.23145704461410035
91 3136 -0.06882167527238357
91 3151 -0.3755726401829776
91 3166 -0.5172472196878785
106 3061 -0.005756740406137612
106 3076 -0.5459744310805417
106 3091 0.2427905202409689
106 3106 -0.2863268225034212
106 3121 -0.4350216140736865
106 3136 0.5457900163168665
106 3151 0.1572806272741937
106 3166 0.5400758545796224
121 136 0.30528650221757364
121 3061 -0.5142908660625829
121 3076 -0.4594444718167113
121 3091 1.0
121 3106 0.6556795723716784
121 3121 0.2870187774035464
121 3136 0.1422302836690102
136 3061 0.13901816280443863
136 3076 -0.32000584821069394
136 3091 0.5388791073678479
136 3106 -0.5621258984701439
136 3121 -0.07045214681645552
136 3136 -0.3904390646611986
151 166 0.48244167095342017
151 3061 0.6853999892479297
151 3076 -0.34271765647297386
151 3091 -0.37270117753225085
151 3106 0.30233450119127914
151 3121 0.4697391457591264
151 3136 0.34999202739303636
151 3001 0.32021394412920123
151 3016 -0.2008675103473398
151 3031 0.8336826082938888
151 3046 0.56197183416462
166 3061 0.5323322185824879
166 3076 0.02989207509765052
166 3091 0.09894075805925107
166 3106 -0.045089251038476545
166 3121 -0.6019198147536894
166 3136 -0.022692222012516514
166 3001 0.2788991670245214
166 3016 0.5722989861570361
166 3031 -0.13379681719291547
166 3046 0.8457557535126456
181 196 -1.0
181 3061 0.6672531179704457
181 3076 0.03881476284204919
181 3001 0.10056703596528759
181 3016 0.5756567042557897
181 3031 0.2930601325374408
181 3046 -0.9925374081150798
196 3061 0.7830248406560796
196 3076 0.023652449016787945
196 3001 -0.31804253747250094
196 3016 -0.6628011122961762
196 3031 -0.4174319729718915
196 3046 0.2916302432431742
211 226 -0.5294197617640515
211 3061 -0.1133188152264368
211 3076 -0.8240998323107421
211 3001 -0.1052773119627836
211 3016 0.7996217301629388
211 3031 1.0
211 3046 0.0659310495854601
226 3061 0.38994193832543944
226 3076 0.18029498635547922
226 3001 0.5013455292424841
226 3016 -1.0
226 3031 0.2939230568610348
226 3046 -0.303249409477807
3001 3016 -0.29282129113954797
3031 3046 0.22373400645982663
3061 3076 -0.16743038703296012
3091 3106 0.7380252912920496
3121 3136 0.2272859939897722
3151 3166 -0.279346340255729
