# 
61 61 -1.4127828146783072
76 76 -0.5436803761320037
91 91 1.18160315513817
106 106 2.204321177618626
121 121 -0.4120532545415482
136 136 2.3370462660262903
151 151 0.99198560983524
166 166 0.869139619337233
181 181 1.5288698033598747
196 196 1.145593595582332
211 211 0.27107907620204535
226 226 0.5674227547757191
3001 3001 1.968185659021889
3016 3016 -0.43510440016884405
3031 3031 0.7036540701604103
3046 3046 1.14076229499361
3061 3061 0.33535966172865783
3076 3076 -0.8050562514070854
3091 3091 1.3540604206356346
3106 3106 -0.6349466957860904
3121 3121 -0.5293253442720043
3136 3136 0.7422644038853065
3151 3151 -0.2144881276721551
3166 3166 -0.32157381418826997
61 76 -0.6093221021559055
61 3121 0.08532001866630719
61 3136 0.46593581218676
61 3151 -1.0
61 3166 0.05184778907234932
76 3121 -0.2708612758266641
76 3136 0.11361193467740942
76 3151 0.0055963413846035655
76 3166 -0.4950858270004142
91 106 -0.7903470160639872
91 3061 0.7404821914321574
91 3076 0.14858273545900574
91 3091 -0.7645344962161699
91 3106 -0.2261473842981872
91 3121 -0.43330275054453776
91 3136 -0.13127318478929223
91 3151 -0.00738131361630831
91 3166 -0.12401505091051031
106 3061 0.2240335994498941
106 3076 1.0
106 3091 0.7409738242442124
106 3106 -0.38762737984760165
106 3121 -1.0
106 3136 -0.2978733407179829
106 3151 -0.2535080766882709
106 3166 -0.579318147820389
121 136 -0.5928233152132644
121 3061 -0.18659800312598565
121 3076 0.640327171033521
121 3091 -0.5956961550197089
121 3106 -0.13968310867531222
121 3121 0.014197088765237625
121 3136 -0.08655960593971065
136 3061 0.5328029584599312
136 3076 0.5192930724579109
136 3091 0.07256030694750093
136 3106 0.3031574683418973
136 3121 0.25993930395884224
136 3136 -0.20199819289292154
151 166 -0.029242965035929856
151 3061 -0.4183291694946721
151 3076 0.09370610900049849
151 3091 -0.5554271010143207
151 3106 -0.43091955947430927
151 3121 -0.050452470105593034
151 3136 0.2586919491863439
151 3001 -0.8027389837325587
151 3016 0.1871485155411717
151 3031 0.04026603590892447
151 3046 0.06837409234319314
166 3061 -0.9845266266140154
166 3076 0.6952290636522631
166 3091 0.0016097948414837582
166 3106 0.8174538925299061
166 3121 0.675334072611126
166 3136 0.62000487803569
166 3001 0.08475752768578823
166 3016 -0.2763070163569637
166 3031 -0.45451629170687435
166 3046 -0.9442348470133208
181 196 -0.22919844409266912
181 3061 -0.13484162761577292
181 3076 0.39755989914064893
181 3001 0.5744673478024731
181 3016 0.12516751671228585
181 3031 0.520016606289291
181 3046 -0.45375246228503596
196 3061 -0.5147102731556514
196 3076 -0.09104844042390506
196 3001 0.1224117380754788
196 3016 -0.5379437391739714
196 3031 0.4001388196249253
196 3046 0.4762392307910202
211 226 0.4639730362903385
211 3061 -0.012843491921274873
211 3076 0.028260755720304266
211 3001 -0.10588641365103474
211 3016 0.4391871736350917
211 3031 -0.04500582715357448
211 3046 0.23690668618607336
226 3061 1.0
226 3076 -0.380551114224484
226 3001 -0.9226127821151081
226 3016 -0.09081227713193525
226 3031 -0.040901343531864406
226 3046 -0.10544546624329672
3001 3016 -0.7668897310886746
3031 3046 1.0
3061 3076 0.8887428963113178
3091 3106 0.5688916194279486
3121 3136 0.054660093263561416
3151 3166 0.18653991216677246
