# 
61 61 0.31076977426089414
76 76 -0.30094337264931914
91 91 -0.7126769599278164
106 106 -0.2454128543213539
121 121 -1.1736343430034888
136 136 0.26594589251704226
151 151 -0.44079300888082057
166 166 0.6266605344998305
181 181 0.275019726350955
196 196 0.5875067408295963
211 211 -0.29186131412020655
226 226 1.3994671584597
3001 3001 0.18431363968681597
3016 3016 0.9902129657119279
3031 3031 -0.17334260492871476
3046 3046 0.2946338934013205
3061 3061 0.34790208618472107
3076 3076 0.41474353241659734
3091 3091 0.4918886972376205
3106 3106 -1.0723179428517469
3121 3121 0.7082272059632725
3136 3136 -0.4642991641794224
3151 3151 0.928822350523398
3166 3166 0.06780303095428247
61 76 0.4235288502675427
61 3121 -0.4252063854853363
61 3136 0.5111717017919217
61 3151 0.0073749062958915835
61 3166 -0.908369010228635
76 3121 -1.0
76 3136 0.05972707631288023
76 3151 0.22525746249565162
76 3166 0.8167190788003734
91 106 0.15609420043136274
91 3061 0.2866493993256471
91 3076 0.23394426543152155
91 3091 0.3247368802518601
91 3106 -0.021445426809009092
91 3121 -0.9027180163726887
91 3136 0.6490901595998995
91 3151 0.1284404277115037
91 3166 -0.05498445561324588
106 3061 0.020468740335878564
106 3076 -0.11887915960563299
106 3091 -0.48282870249490456
106 3106 0.005357847645856887
106 3121 -0.38122249050526896
106 3136 0.9315481405981884
106 3151 -0.17547779484298223
106 3166 -0.5431087303229222
121 136 0.20745206321105744
121 3061 0.5975646529810936
121 3076 0.12478804086640298
121 3091 -0.0018976441746100445
121 3106 -0.06463580693097024
121 3121 -0.922270480974535
121 3136 -1.0
136 3061 -0.1394230087365461
136 3076 -0.09317759008905156
136 3091 0.3104228553390428
136 3106 0.2598662503900623
136 3121 -0.5228735282266298
136 3136 -0.05421900916053613
151 166 -0.08674789673732411
151 3061 0.13477927945398102
151 3076 -0.6259258685729906
151 3091 0.14401054140333594
151 3106 -0.06990358014483594
151 3121 0.5655844000051558
151 3136 0.10822058320900213
151 3001 0.3156311195914605
151 3016 -0.313738726580513
151 3031 -0.2861543580701774
151 3046 0.5021951806489322
166 3061 -0.4996382669838905
166 3076 -0.12707546154640012
166 3091 -0.18739012858720627
166 3106 0.6876199199481638
166 3121 -0.5853512643120858
166 3136 -0.5799121141206194
166 3001 0.7221941643684063
166 3016 0.40499561469545897
166 3031 -0.02680320826437569
166 3046 0.24354697190239938
181 196 0.19604838675630964
181 3061 0.330845568383915
181 3076 -0.09672866301242602
181 3001 0.1957000393225018
181 3016 -0.4318592610842164
181 3031 0.18852361607140108
181 3046 -0.8458913741216754
196 3061 -0.5605139443644563
196 3076 0.36079359942512446
196 3001 0.6939173311899524
196 3016 -0.6997593084862268
196 3031 1.0
196 3046 -0.002706917331232788
211 226 -0.4257255525769725
211 3061 0.6515531180938958
211 3076 -0.18755927057829158
211 3001 0.8032868891791559
211 3016 0.7558793532128391
211 3031 0.21709784080445885
211 3046 0.4559324822156885
226 3061 0.18780015506216402
226 3076 0.9305251826984398
226 3001 0.4045744884916555
226 3016 0.02360625955825805
226 3031 -0.19994249046236193
226 3046 0.2759076963522743
3001 3016 -0.7285280362077061
3031 3046 -0.06303965098086578
3061 3076 0.22780729250309217
3091 3106 -0.05937299057513411
3121 3136 -0.5573716176266198
3151 3166 0.47473737898478596
