# 
61 61 -0.43863390236786626
76 76 0.25028989401576673
91 91 -1.1112705217251493
106 106 -0.9057455062286743
121 121 -1.0339124733158236
136 136 -1.491456480358056
151 151 -0.9831354681830542
166 166 -0.7705362200708037
181 181 0.5878713180546488
196 196 -0.13654007098545073
211 211 0.5335983335745238
226 226 1.1997118110833949
3001 3001 0.9732478208172163
3016 3016 -1.379645156649334
3031 3031 -0.6599335382453191
3046 3046 -1.7130882334640296
3061 3061 0.8141250740564869
3076 3076 -0.7004783100229842
3091 3091 0.1508488825577746
3106 3106 0.5564068873639579
3121 3121 -1.7553985836147352
3136 3136 0.10432255640467535
3151 3151 -0.4942238467128458
3166 3166 -0.8100992230681782
61 76 0.19551102221026795
61 3121 -0.6889429950614285
61 3136 -0.619546507756674
61 3151 0.19057356159793207
61 3166 0.7515550679093421
76 3121 0.1440394243680495
76 3136 0.3976445898370839
76 3151 0.5107275976699599
76 3166 0.6122493115975255
91 106 0.32287183845240536
91 3061 0.7752245437163039
91 3076 0.3580796555535201
91 3091 -0.02658498887828137
91 3106 -0.1479650952204909
91 3121 0.3311496120131928
91 3136 -1.0
91 3151 0.6236598017266868
91 3166 0.5481915179391164
106 3061 0.3129596776719694
106 3076 -1.0
106 3091 0.7368758799879116
106 3106 0.6011964359337423
106 3121 0.30543019907495667
106 3136 -0.12196600591345803
106 3151 -0.4760319392192124
106 3166 0.4709343079616125
121 136 -0.0958428544285121
121 3061 0.4623132891775266
121 3076 -0.2890998372881448
121 3091 0.46617571750504444
121 3106 0.15323666070022998
121 3121 -1.0
121 3136 0.8782389759161295
136 3061 0.05421753952834404
136 3076 0.15129345017765503
136 3091 0.6123330893399943
136 3106 -0.2476687988266473
136 3121 0.5396612603491941
136 3136 -0.42614684814258386
151 166 0.30182716510792645
151 3061 -0.1664824881940188
151 3076 0.1033766204142224
151 3091 -0.5738741818660562
151 3106 -1.0
151 3121 0.5969012333047286
151 3136 -0.30944044619448463
151 3001 -0.9866265817705979
151 3016 1.0
151 3031 0.33656387374670615
151 3046 -0.2500586432206128
166 3061 0.5085812730602881
166 3076 -0.4784942887777421
166 3091 0.00867852570029474
166 3106 0.17937508636701205
166 3121 -0.029827778124154606
166 3136 0.02679954620612256
166 3001 -0.5014484475584827
166 3016 0.6731134709505252
166 3031 -0.5167013255721774
166 3046 0.4420102328553428
181 196 0.5837747969090971
181 3061 -1.0
181 3076 -0.5171431997871893
181 3001 0.08014299691967389
181 3016 -0.2120814687171634
181 3031 0.39859634604753835
181 3046 0.2857704145591179
196 3061 -0.9419062521988903
196 3076 0.5817561530346471
196 3001 -0.8684393822805526
196 3016 0.49790548676824875
196 3031 1.0
196 3046 -0.5490154015219223
211 226 -0.25035517873610763
211 3061 -0.37565495094768686
211 3076 0.9395609418781964
211 3001 0.6981862455096411
211 3016 -0.44755157778808335
211 3031 0.3968701318867961
211 3046 -0.6780073687858316
226 3061 0.17587483797822648
226 3076 -0.4288882226415606
226 3001 -0.12793503748620622
226 3016 -0.476616387451965
226 3031 -0.6739175218875578
226 3046 0.4270823031314314
3001 3016 0.09120082753907104
3031 3046 0.6334463827071111
3061 3076 -0.08598055374026028
3091 3106 0.10220331981059909
3121 3136 -0.05832256543488446
3151 3166 0.20344515633627905
