# 
61 61 0.9791256135190202
76 76 -0.040154427742313585
91 91 0.26493266600447307
106 106 0.5731583228305713
121 121 1.0048767365807025
136 136 0.5096674287620768
151 151 0.9848764460495969
166 166 -0.7696408437052581
181 181 0.5876380258529488
196 196 0.009297653129080038
211 211 -0.8767453527340552
226 226 -0.07835160652311274
3001 3001 0.3435233651904667
3016 3016 -0.30764892376672176
3031 3031 -1.7923501148444643
3046 3046 -0.8755543299340918
3061 3061 1.8873314489463069
3076 3076 -0.027158650056220923
3091 3091 2.3666064723089266
3106 3106 -0.26081701142068303
3121 3121 -0.0019720894462131574
3136 3136 -0.1469497874324057
3151 3151 1.1228828324926339
3166 3166 0.1458552004694226
61 76 -0.16294479855690364
61 3121 -0.016000455248713675
61 3136 0.39767360461645795
61 3151 0.2885109183111236
61 3166 -0.4842248180541482
76 3121 0.12871908863768627
76 3136 -0.6555317193234894
76 3151 -0.9865826214812312
76 3166 -0.18327086158946299
91 106 0.7775739394084085
91 3061 0.06621632799638075
91 3076 0.4075450315336718
91 3091 -0.09601027564927028
91 3106 0.060138662479227195
91 3121 0.4071313569442576
91 3136 0.8482209963067534
91 3151 -0.05799866244746835
91 3166 0.044229498114033906
106 3061 0.6652725420611945
106 3076 0.221079857875733
106 3091 0.3603112535021001
106 3106 0.4334509143577003
106 3121 0.9418291442577297
106 3136 0.07938412947687093
106 3151 0.9222913409255364
106 3166 0.3074221451559778
121 136 -0.3676654388425453
121 3061 0.12166285664410426
121 3076 0.4159805515174668
121 3091 -0.14599828747927213
121 3106 -0.23773481723705045
121 3121 0.033193948585408126
121 3136 0.9033470481447792
136 3061 1.0
136 3076 0.3471294293240271
136 3091 0.03939141518017449
136 3106 0.058493823709026296
136 3121 0.7762688409235572
136 3136 0.2701530290114239
151 166 0.07384936429193735
151 3061 -0.12425129719212183
151 3076 -0.029119684100470118
151 3091 0.23923585595263627
151 3106 0.31513790394716323
151 3121 0.5302790210468853
151 3136 0.8256091885570022
151 3001 -0.17503219699112707
151 3016 -0.052172904882368205
151 3031 -0.9928519626346199
151 3046 0.35474067470815157
166 3061 -0.025516419721572384
166 3076 -0.1591234973768076
166 3091 -0.20604244717626904
166 3106 0.006163107300641227
166 3121 -0.9806894212616762
166 3136 0.3380695157794596
166 3001 -0.23791033026777794
166 3016 0.6253110894088875
166 3031 0.4931885286663891
166 3046 0.20482542836109835
181 196 -0.1443057391661315
181 3061 0.49737343237955584
181 3076 0.22595039734486302
181 3001 1.0
181 3016 1.0
181 3031 -0.22906303893967062
181 3046 0.2725776424269624
196 3061 0.28984363946113473
196 3076 -0.13765230310939786
196 3001 0.2785092264259224
196 3016 0.27947633833424174
196 3031 -0.1917363897352916
196 3046 -0.28830440956404435
211 226 0.7788424018275676
211 3061 0.2255127721026527
211 3076 0.999294164538295
211 3001 0.18503927484503285
211 3016 0.7348322065808739
211 3031 0.23243909014743178
211 3046 -0.1585368881190309
226 3061 -0.7187488849583811
226 3076 0.20704041376197613
226 3001 0.22943692930204895
226 3016 0.16126755608927693
226 3031 0.06276285741249392
226 3046 0.9850437504277731
3001 3016 0.3145631741526556
3031 3046 -0.12923108734712255
3061 3076 -0.039684858714335094
3091 3106 -0.3580940982746195
3121 3136 -0.552369538229444
3151 3166 0.5133535331754973
