# 
61 61 -0.5875712514055174
76 76 0.7737529124334569
91 91 0.5297027577462492
106 106 0.7383824831404092
121 121 0.8067722501582604
136 136 2.4650242866719085
151 151 -1.0096033304671437
166 166 -1.1509893756595622
181 181 0.5246506717225655
196 196 -0.3363253839358338
211 211 1.3533564893227932
226 226 -0.11742463956378624
3001 3001 -1.3514736672625607
3016 3016 -1.0750240611104298
3031 3031 -0.32742282443447657
3046 3046 0.7870314957878373
3061 3061 -1.3169972627771467
3076 3076 -0.8547930759539898
3091 3091 0.40310927776722943
3106 3106 -0.49290415479785527
3121 3121 -0.2850181311456012
3136 3136 -2.4220373388413012
3151 3151 -0.23642447829159494
3166 3166 0.25521862707442106
61 76 0.2059850689957003
61 3121 0.19467637669866686
61 3136 -0.45170475453659087
61 3151 0.2521160161969019
61 3166 0.16030287969578821
76 3121 0.03290537700454012
76 3136 -0.38844480749375637
76 3151 -0.6943560037305013
76 3166 -0.6183355988755864
91 106 0.17430001403543838
91 3061 0.0731141797612132
91 3076 -0.5993431515265453
91 3091 0.3716373568529342
91 3106 -0.4814937334790287
91 3121 -0.4443253657496259
91 3136 -0.4088006391621525
91 3151 -0.20680505132388427
91 3166 0.23853655801362322
106 3061 -0.4038387322180544
106 3076 -0.6913465696313253
106 3091 -0.3231647543682135
106 3106 0.2654590529680757
106 3121 0.011350150128888443
106 3136 0.628320941078759
106 3151 0.5817400660775172
106 3166 -0.1896596092672125
121 136 -0.12030456574144341
121 3061 0.4889581819524599
121 3076 0.3995212392186131
121 3091 -0.2511512664689189
121 3106 -1.0
121 3121 0.36216469982464744
121 3136 0.7972839754500515
136 3061 0.8458940432079465
136 3076 -0.07153168840399039
136 3091 0.6622320443964079
136 3106 -0.26912545029735824
136 3121 0.7426020587536246
136 3136 -0.3942833940056171
151 166 -0.4302037798188664
151 3061 0.13486920540485436
151 3076 0.23224489205327042
151 3091 -0.11625154979433197
151 3106 -0.4048857425187692
151 3121 -0.17744379042668007
151 3136 0.5050983077117941
151 3001 -0.5017422707846065
151 3016 -0.9698329982804892
151 3031 0.10773172711157764
151 3046 0.4892385199708211
166 3061 -0.25099117096913026
166 3076 -0.9848802660461845
166 3091 -0.24826136175722313
166 3106 -0.0044831304807117075
166 3121 0.4863877480892846
166 3136 -0.5728073912950012
166 3001 -0.3331529829222411
166 3016 -0.4316878129060684
166 3031 -0.6704348423519424
166 3046 -0.5539020076265155
181 196 -0.15832023013852844
181 3061 0.08997877126418753
181 3076 -0.3770779365885445
181 3001 -0.9326468937843048
181 3016 0.24502466050407035
181 3031 -0.25786166450760545
181 3046 -0.4597145086651167
196 3061 -0.4298902569349881
196 3076 0.23053281560802905
196 3001 0.07376679206766516
196 3016 -0.636920005093707
196 3031 -0.494502086810723
196 3046 -0.251049331181742
211 226 0.2846093523313684
211 3061 -0.606894746661594
211 3076 0.15010944939106205
211 3001 0.06243359769939054
211 3016 1.0
211 3031 -0.013964847069683272
211 3046 0.5740543488662228
226 3061 -0.14213618203620237
226 3076 -0.6846436200852897
226 3001 -0.3425337719456825
226 3016 -0.07293300717885787
226 3031 0.3442518279803982
226 3046 -1.0
3001 3016 0.33200317152345454
3031 3046 0.5142377465295462
3061 3076 0.7202256256226296
3091 3106 -0.04486717357320792
3121 3136 0.5827304217993559
3151 3166 -0.29773351208990684
