# 
61 61 2.097182463941782
76 76 -0.8909491785429933
91 91 -1.1779031400702895
106 106 0.2892482898552555
121 121 -0.17473546435732862
136 136 0.8899850141931533
151 151 0.0411022416499614
166 166 0.07899646333774657
181 181 0.4298148300894592
196 196 0.9338620287550515
211 211 -1.2554987914520341
226 226 -1.9108465202760612
3001 3001 -1.0588004714692978
3016 3016 -0.11643946016847391
3031 3031 -0.10053661827234808
3046 3046 0.06614943559632522
3061 3061 -0.9404857129848891
3076 3076 -0.2582778698359399
3091 3091 -0.15320966005141745
3106 3106 -0.19793446063726222
3121 3121 -1.0335897417647395
3136 3136 0.8882103605452452
3151 3151 -1.4016510965584656
3166 3166 -0.49363663103241534
61 76 0.6941806670720636
61 3121 -0.22797625508876543
61 3136 0.6806429914048068
61 3151 0.06534217866381932
61 3166 -0.25577567013110125
76 3121 -0.9111256412480387
76 3136 0.6200613112875897
76 3151 0.15660785218382106
76 3166 -0.6082175446238715
91 106 0.25331379881476085
91 3061 -0.580485969100531
91 3076 -0.35327475378626466
91 3091 0.28931956324759744
91 3106 -0.2826492781696359
91 3121 0.7326029393305008
91 3136 0.8786318232483191
91 3151 -0.014728047209267164
91 3166 -0.3756374430852296
106 3061 -0.6286103200822731
106 3076 -0.44390284451095485
106 3091 0.430090706984742
106 3106 -0.6783357901720202
106 3121 0.2247213357255105
106 3136 -0.7866078550481901
106 3151 0.5936722936776785
106 3166 0.8601881411289221
121 136 -0.4774656719698129
121 3061 -0.526183622896438
121 3076 0.30396319759024576
121 3091 -0.47266667638187043
121 3106 -0.0598881650663276
121 3121 -0.35388556152586775
121 3136 -0.2705143848222377
136 3061 -0.38488256638562324
136 3076 -0.19431571514824877
136 3091 -0.039521537922019304
136 3106 0.6673919995978708
136 3121 0.42822375782261746
136 3136 -0.3832880446134578
151 166 0.009019662412401732
151 3061 0.009409091422470652
151 3076 0.5651577914163354
151 3091 -0.9308885531162956
151 3106 -0.04497342057364796
151 3121 0.3441130561232373
151 3136 -0.23448540334083023
151 3001 0.3215752864050856
151 3016 0.3497947683938618
151 3031 -0.8545876675329149
151 3046 0.14314740228441908
166 3061 -0.01793630637269683
166 3076 0.47177096340586017
166 3091 -0.9560045973700031
166 3106 -0.08340040793753488
166 3121 -0.08490406371856234
166 3136 -0.5248130511354243
166 3001 0.21316035072747969
166 3016 -1.0
166 3031 -0.39336853878697386
166 3046 0.9018307298063452
181 196 -0.8610890983339046
181 3061 -0.3105481721455632
181 3076 -0.960070796170858
181 3001 0.060699357544499524
181 3016 0.41596467056643693
181 3031 -0.06173107129969958
181 3046 0.8273386724856548
196 3061 1.0
196 3076 -0.33994006293841333
196 3001 0.11697477378474808
196 3016 -0.35972382420648014
196 3031 -0.8456746538798556
196 3046 0.646233205252555
211 226 -0.08174993373767561
211 3061 0.3427409111265321
211 3076 -0.31187426984560784
211 3001 -0.4788796323235739
211 3016 -0.7003208833810864
211 3031 -0.24475244088108608
211 3046 -0.030878182538463025
226 3061 -0.1307707736986224
226 3076 -0.6197382158488579
226 3001 -0.16134968037805605
226 3016 0.5514878033788619
226 3031 0.040601181348967126
226 3046 -0.16422479752958993
3001 3016 0.2469201718002411
3031 3046 0.366596082788058
3061 3076 0.5161895529971373
3091 3106 -0.34260870498587775
3121 3136 -0.5195590979084562
3151 3166 0.9003555639621053
