# 
61 61 -1.0587102586306283
76 76 1.0760988386779287
91 91 1.1109017230949347
106 106 -0.9785341705077822
121 121 -0.954538162975638
136 136 0.2198147362587566
151 151 -0.41362232106808416
166 166 0.19253456674346925
181 181 1.0772571011216976
196 196 1.1266736977525136
211 211 -0.6750914673058999
226 226 -0.29031341577660374
3001 3001 0.19601269151510176
3016 3016 1.1678197374540693
3031 3031 -0.05453482931662807
3046 3046 1.2513848020919194
3061 3061 -0.8461330022859483
3076 3076 -0.11877196366956505
3091 3091 -0.00790065392302283
3106 3106 0.04687032405209607
3121 3121 0.9760304621607071
3136 3136 0.6242737027932949
3151 3151 -0.46385694314854087
3166 3166 -1.0422244391987048
61 76 0.07779371267147657
61 3121 0.014431076039410847
61 3136 0.4200756349674821
61 3151 0.0969250477025156
61 3166 -0.43890723667106485
76 3121 -0.9842416923534142
76 3136 -0.144268671151385
76 3151 -1.0
76 3166 0.1536604982642657
91 106 -0.01643675476433896
91 3061 0.5977250567466714
91 3076 0.0843921586597673
91 3091 -0.701829105697144
91 3106 -0.11454955384892865
91 3121 -0.23501953527271596
91 3136 -0.1021484365662724
91 3151 0.14425385781408015
91 3166 -0.48927632291307005
106 3061 0.7931542517392942
106 3076 -0.10537355389526269
106 3091 -0.44416105878760387
106 3106 0.4290074499766562
106 3121 -1.0
106 3136 -0.685120763232853
106 3151 -0.36351751310820724
106 3166 -0.443199115785709
121 136 -0.4045671445828582
121 3061 -0.31903717384701363
121 3076 -0.6532390890123151
121 3091 -0.06792447158329769
121 3106 -1.0
121 3121 -0.14971207845250842
121 3136 -0.6110473385404068
136 3061 1.0
136 3076 -0.6994638734587142
136 3091 -0.08447972897485345
136 3106 -0.4225119055876781
136 3121 0.41414422128384465
136 3136 0.2230913501200065
151 166 0.0061033346226177015
151 3061 0.3495517412934531
151 3076 0.10688801903233243
151 3091 1.0
151 3106 0.5285933724629922
151 3121 -0.388025411767673
151 3136 -0.13589998886986612
151 3001 1.0
151 3016 0.023261636676611807
151 3031 -0.12541530943331222
151 3046 0.017150209396488512
166 3061 -0.3654232830247408
166 3076 0.5992717131340589
166 3091 0.3962085600478158
166 3106 0.2914826778694806
166 3121 0.42709484245806484
166 3136 0.3084209031673041
166 3001 -0.23500278744298622
166 3016 0.2398999091922154
166 3031 -0.04755461487220767
166 3046 0.3551350436109619
181 196 0.8568755421530923
181 3061 -0.21965257932051702
181 3076 -1.0
181 3001 -0.03184833216344148
181 3016 -0.27355780737219043
181 3031 0.35422460321183963
181 3046 -0.5998290325319088
196 3061 -0.1441455194118913
196 3076 0.8320259321159823
196 3001 -0.3344215870786028
196 3016 0.050605260617186655
196 3031 0.45985654287169375
196 3046 -0.3510030825484397
211 226 0.11007484244829083
211 3061 -0.4480000873811036
211 3076 -0.2578620207757333
211 3001 -0.47202834074908623
211 3016 -0.4552942114097243
211 3031 -0.22733043844626197
211 3046 -0.02394530703565997
226 3061 0.8399474155627471
226 3076 0.39528419399559384
226 3001 1.0
226 3016 0.5167348899232868
226 3031 0.4941192383812431
226 3046 -0.7440253192512112
3001 3016 1.0
3031 3046 -0.9278886862743025
3061 3076 -0.3044437257679255
3091 3106 -0.8788915391159533
3121 3136 -0.5898943915665891
3151 3166 -0.49228585300041666
