# 
61 61 -0.21245724278003666
76 76 -0.515692536526771
91 91 -1.8232932653449787
106 106 1.5366846042656788
121 121 -0.28640766882249313
136 136 1.5012145784738977
151 151 0.9159918790485483
166 166 0.4641346039777597
181 181 -0.45790592772348215
196 196 0.17431642973085962
211 211 -0.22374932654676272
226 226 -0.5347511942516134
3001 3001 0.6658069352303639
3016 3016 0.4384423719780716
3031 3031 -0.04856013774746722
3046 3046 0.0629620185833313
3061 3061 1.4516029817907155
3076 3076 -0.33217678286736757
3091 3091 -0.9357905234621189
3106 3106 0.6059092722693502
3121 3121 -0.16576694304423917
3136 3136 0.4311814052895463
3151 3151 -0.5337649508034158
3166 3166 0.4114370293268193
61 76 -0.3448485277182905
61 3121 0.6440789183953161
61 3136 0.6884838846340773
61 3151 -0.03169528494508522
61 3166 0.4476391419364119
76 3121 0.6930645400727883
76 3136 -0.34671261895898553
76 3151 0.1527202481076229
76 3166 0.11071994849796575
91 106 -0.9321034769198687
91 3061 -0.6450426144403859
91 3076 -0.6405479809886042
91 3091 -0.43725050057801296
91 3106 0.6180186324324464
91 3121 0.3293004759720705
91 3136 0.308689649229888
91 3151 0.3634419780144571
91 3166 -1.0
106 3061 0.560363029719179
106 3076 0.8689007918117205
106 3091 0.7588480871294226
106 3106 -0.35263945450186757
106 3121 0.5453684589761227
106 3136 0.21064722346951165
106 3151 0.3007319411180412
106 3166 0.12932777656414685
121 136 -0.8790399337706749
121 3061 0.24187240394233614
121 3076 -0.2673502530383775
121 3091 0.1095856034826116
121 3106 -0.8487762478253973
121 3121 0.28083934389771004
121 3136 -0.5768850688309548
136 3061 -0.16360387880933475
136 3076 -0.13653392701402695
136 3091 -0.16934454814715488
136 3106 0.6976124812232551
136 3121 0.3855172214405714
136 3136 -0.2572943372027885
151 166 0.30351244583188736
151 3061 0.48768911954061556
151 3076 -0.6992411319609833
151 3091 0.9066283289453788
151 3106 0.5676128930227827
151 3121 0.6375441186605427
151 3136 -0.42926742631717785
151 3001 0.6332082350082244
151 3016 -0.07492865158198844
151 3031 0.0951109518773255
151 3046 -0.03187299445587905
166 3061 0.8558781655172398
166 3076 -0.20335545146523168
166 3091 -0.4889972303212189
166 3106 -0.46684747888532135
166 3121 -0.3358871036471743
166 3136 0.3009692105474066
166 3001 -0.3076375213198619
166 3016 -0.40015852605269747
166 3031 0.08674350390279136
166 3046 -0.5894493459389863
181 196 1.0
181 3061 -0.11626503656324508
181 3076 0.4808954122625134
181 3001 0.8291311892560618
181 3016 0.2659277511487021
181 3031 0.21059478875262191
181 3046 -0.5566137054371042
196 3061 0.5524783760705304
196 3076 -0.05259138365466687
196 3001 -0.014459609189415967
196 3016 -0.7737368418831277
196 3031 -0.19524811462358732
196 3046 0.31882740749463423
211 226 -0.2692058454286072
211 3061 0.01681264102840502
211 3076 -0.8320109858531803
211 3001 1.0
211 3016 -0.4784422913427648
211 3031 -0.020825140367376673
211 3046 -0.1414910202693729
226 3061 -0.15080502537529772
226 3076 -0.4847832328180146
226 3001 0.2990525843244413
226 3016 -0.11307501960111568
226 3031 -0.5323316236409161
226 3046 0.05369987992525242
3001 3016 -1.0
3031 3046 0.20088432147102495
3061 3076 0.22536538180764976
3091 3106 0.5741270493546885
3121 3136 0.4478440179762906
3151 3166 0.13570943577950245
