# 
61 61 -0.020621461260675378
76 76 1.6679414745468921
91 91 -0.37122887660536913
106 106 -1.6432293075561113
121 121 -0.05535667577211985
136 136 0.1999036227317288
151 151 -0.09396378648999949
166 166 0.61792897631703
181 181 -0.5370544692375151
196 196 -0.15678206680454357
211 211 -0.5530420221710682
226 226 -0.11202277360877319
3001 3001 0.41249958386277924
3016 3016 0.16647048661852404
3031 3031 0.21555841566311426
3046 3046 -0.12464875784047451
3061 3061 -1.0188808483080316
3076 3076 -0.7406207299904493
3091 3091 0.7580822432234727
3106 3106 1.597034599619005
3121 3121 -0.21765976618180163
3136 3136 -1.0241327569637348
3151 3151 1.2686805159975287
3166 3166 -2.340652538544281
61 76 -0.17641036095661863
61 3121 0.7569727188013524
61 3136 -0.3043437674076477
61 3151 0.14774516068370763
61 3166 0.6555323742865511
76 3121 0.7306675553361611
76 3136 0.9582628421993629
76 3151 0.15257614605258046
76 3166 -0.25357422314957767
91 106 -0.7656286971069377
91 3061 -0.268482439474892
91 3076 0.10611539901551569
91 3091 -0.5857077345093039
91 3106 -0.7401394157154809
91 3121 -0.27108172817094944
91 3136 -0.3531901866289728
91 3151 -0.14154259153513749
91 3166 -0.1615699284342299
106 3061 0.43688938665166316
106 3076 -0.9826737212907342
106 3091 -0.21620061045388975
106 3106 -0.6353692138018221
106 3121 0.49680444946098284
106 3136 0.3335021910230524
106 3151 -0.48077514682850586
106 3166 0.6421897878794909
121 136 -0.7229649583300011
121 3061 -0.19109017109758325
121 3076 -0.8362575573096164
121 3091 -0.37482316766550455
121 3106 0.2563731526734512
121 3121 -0.2055309605630447
121 3136 -0.9915228231573168
136 3061 0.34732645734344775
136 3076 0.2794603943066113
136 3091 -0.020438279572709276
136 3106 0.8036786356503539
136 3121 -0.46087225833313533
136 3136 -0.06388952892444907
151 166 -0.5593934499778641
151 3061 0.2365102813796484
151 3076 -0.35278907802784243
151 3091 0.2570494608266528
151 3106 0.13690936571179677
151 3121 0.06910771317043783
151 3136 -0.8050928686652603
151 3001 -0.37499451842514625
151 3016 -0.3344863256589653
151 3031 0.25728901077733884
151 3046 0.23193412006542485
166 3061 1.0
166 3076 0.7020524245025019
166 3091 0.029753324076942107
166 3106 0.4796047070905833
166 3121 0.412330429097065
166 3136 0.022918327224962332
166 3001 0.15810038345825653
166 3016 -0.13856951362308867
166 3031 -0.43133342885765635
166 3046 0.2412225953366942
181 196 -0.09277549682613488
181 3061 0.5336795953856572
181 3076 -0.14428963609175346
181 3001 -0.031239949692376368
181 3016 -0.7121108185241795
181 3031 0.011367704262195128
181 3046 0.3783171072193317
196 3061 0.528860734065966
196 3076 -0.7710153582576381
196 3001 0.13381769913423924
196 3016 0.46329536111452874
196 3031 -0.024784073188503425
196 3046 -0.6009910109883058
211 226 0.007721545687072477
211 3061 -0.33724267716635
211 3076 -0.1458207456298034
211 3001 0.27834627079913604
211 3016 0.25908953147524766
211 3031 0.6010360644441778
211 3046 0.09965567354434905
226 3061 -0.44932333315703255
226 3076 0.38092606426624226
226 3001 0.6739741482383568
226 3016 -0.060472573503044254
226 3031 -0.2901275172434209
226 3046 0.8749258213418328
3001 3016 0.20199198756434625
3031 3046 0.3109950229388892
3061 3076 -0.7546948786849682
3091 3106 -0.07979734468397787
3121 3136 -0.5400736697876879
3151 3166 0.08349766380395918
