# 
61 61 0.46696284706125385
76 76 0.7078923175215329
91 91 0.4804056320339594
106 106 1.8665513316483258
121 121 0.14309643094712238
136 136 0.14998046962390355
151 151 1.0906458941818797
166 166 0.745421197851406
181 181 -0.7031776702734428
196 196 0.6583859489552689
211 211 0.14527482173502151
226 226 -0.5264674814882906
3001 3001 0.46981201683035867
3016 3016 0.14904134267963343
3031 3031 -0.24531036269520698
3046 3046 -1.691379572586619
3061 3061 -0.14577096159843786
3076 3076 -1.5762421527772041
3091 3091 0.40587136776093563
3106 3106 -0.3986156116219084
3121 3121 0.765999918595192
3136 3136 1.4357221483427667
3151 3151 -1.194050678387331
3166 3166 0.49078208636659265
61 76 -0.29234871184053257
61 3121 -0.09985034531779172
61 3136 -0.5874867658642079
61 3151 -0.01889987401905884
61 3166 1.0
76 3121 0.047438680648512935
76 3136 0.004084166589774112
76 3151 -0.911579706526856
76 3166 -0.5134274241668636
91 106 -0.27422429803148873
91 3061 -0.31731798649328113
91 3076 -0.1492734783987082
91 3091 -0.3503218991753956
91 3106 -0.1209668684578611
91 3121 0.44509814711484275
91 3136 -0.3442529824333723
91 3151 -0.1053221767580788
91 3166 -0.18042097233413548
106 3061 -0.34580323213924313
106 3076 -0.32332006724300794
106 3091 0.03612194080014111
106 3106 -0.3929498270748093
106 3121 0.0721444793616177
106 3136 0.27242237971392613
106 3151 0.3752797949095642
106 3166 0.29847717576700133
121 136 1.0
121 3061 0.2633700998801816
121 3076 -0.6449218588574236
121 3091 0.11726364668596594
121 3106 0.9555383639743198
121 3121 -0.3877142388797104
121 3136 -0.04400996196838015
136 3061 -0.5671502709627799
136 3076 0.8045346710110309
136 3091 -0.16168940276324684
136 3106 -0.009908584847271487
136 3121 0.11776661159907834
136 3136 -0.21055552099890518
151 166 -0.45179090076540057
151 3061 -0.3420264034553389
151 3076 -0.8948633738643689
151 3091 -1.0
151 3106 0.4238550832297521
151 3121 -0.4163200053588868
151 3136 0.33791877345279575
151 3001 -1.0
151 3016 0.05339627427285801
151 3031 0.43551776341124715
151 3046 0.6068715726841518
166 3061 -0.6405866253304704
166 3076 -0.3629840273721297
166 3091 0.2590830948570294
166 3106 0.5015747849812193
166 3121 -0.19493151519493404
166 3136 -0.9016891545250747
166 3001 -0.4904328777906365
166 3016 -0.027673314957044733
166 3031 0.0293591304331387
166 3046 0.10273624918376034
181 196 0.9187741013416428
181 3061 0.7641294439997657
181 3076 0.21195564577633988
181 3001 -0.0025351725222931805
181 3016 -0.4415588205505021
181 3031 0.37542665555193855
181 3046 0.3840608164554975
196 3061 0.030495185452185488
196 3076 0.17260116984874763
196 3001 -0.22492535252358944
196 3016 0.04839382520987884
196 3031 0.5293498098278444
196 3046 -0.15942490329437528
211 226 0.42774677794994687
211 3061 -0.32718243427147214
211 3076 -0.8075952290981022
211 3001 0.2460409354844642
211 3016 -0.18095726093503853
211 3031 0.6630958972405264
211 3046 0.14032049892621887
226 3061 0.7352024636254272
226 3076 0.0592105835636595
226 3001 -0.11737353452990185
226 3016 0.14257802167464187
226 3031 -0.13261754893218194
226 3046 -0.5149509980655742
3001 3016 0.21793695263197407
3031 3046 0.10358676848573764
3061 3076 -0.5438868384172906
3091 3106 -0.6453184159378759
3121 3136 0.08955403364728629
3151 3166 -0.18434130321396364
