# 
61 61 -0.38574703804066734
76 76 0.9825297105542817
91 91 0.21454955809791262
106 106 -1.0892714821850522
121 121 0.32090635963758823
136 136 -0.1525783909160079
151 151 0.13352429047304715
166 166 0.9441883693968651
181 181 -0.30244124314188414
196 196 -1.2818725437723033
211 211 -0.7872839223424588
226 226 -0.09353395166754454
3001 3001 -0.34264639295756166
3016 3016 -0.1492819688083008
3031 3031 0.6282296270085875
3046 3046 0.8064167921809322
3061 3061 -0.49104004895676606
3076 3076 0.13142187827749963
3091 3091 -1.0367471790704856
3106 3106 -0.02093347521061281
3121 3121 -1.2554211578203593
3136 3136 0.8843220698222324
3151 3151 0.016424191059144357
3166 3166 0.20040009825369878
61 76 0.3710058953984495
61 3121 0.0801334332655854
61 3136 0.2953940468883336
61 3151 0.1605767779110715
61 3166 0.6895934832559737
76 3121 0.4383500490132828
76 3136 -0.3757793447343791
76 3151 -0.25638745784580863
76 3166 0.35086867068035416
91 106 -0.9654331987564875
91 3061 -0.23402105803033693
91 3076 -0.12740941810681886
91 3091 -0.2840626044816844
91 3106 0.39639451105105505
91 3121 0.3756787121671359
91 3136 0.09353903682480603
91 3151 -0.6845335956963869
91 3166 -0.029734229337701076
106 3061 -0.1656839869984213
106 3076 0.6684187544969626
106 3091 0.1836947363348186
106 3106 0.3412851768551053
106 3121 -0.0810264107200801
106 3136 -0.2215705263997643
106 3151 0.12364869227275492
106 3166 0.9890996823415936
121 136 -0.14568980637794288
121 3061 0.13624305915367121
121 3076 -0.567356053970085
121 3091 -0.4041151278846309
121 3106 -0.3720283953001078
121 3121 -0.5290975820062318
121 3136 1.0
136 3061 -0.05097534456628647
136 3076 -0.7367977890096178
136 3091 0.12636718529040367
136 3106 -0.6134661313090113
136 3121 0.017324804554628797
136 3136 -0.16013677500485832
151 166 -0.22446059337603913
151 3061 0.5323960138814573
151 3076 0.41973254992046655
151 3091 0.012553727149221535
151 3106 0.25471665254058573
151 3121 0.034853932541078186
151 3136 -0.211397118571861
151 3001 0.6953898863347873
151 3016 0.4095368839353689
151 3031 0.4998853551781156
151 3046 0.593301146595585
166 3061 -0.00507596760456356
166 3076 0.06636565311445972
166 3091 -0.21780506706243632
166 3106 0.2160226241365789
166 3121 0.4022275178189674
166 3136 -0.6344747544036786
166 3001 -0.2761302340432233
166 3016 -1.0
166 3031 0.1710437403630743
166 3046 -0.24828322852646034
181 196 0.021534944689034167
181 3061 -0.6821041504399411
181 3076 0.09104558042750106
181 3001 0.3653156092906149
181 3016 0.9829787545306014
181 3031 0.6186675062673935
181 3046 -0.5271288356112425
196 3061 -1.0
196 3076 0.12206656324471596
196 3001 -0.3431216756238396
196 3016 -0.12008087485438772
196 3031 0.09896881914861846
196 3046 -0.03601592472023044
211 226 0.7502414085405091
211 3061 -0.3995155279330207
211 3076 0.20892004586994548
211 3001 0.07642378523328265
211 3016 0.5593352838144529
211 3031 -0.632742146741414
211 3046 -0.028977296412880472
226 3061 0.8320524118378397
226 3076 0.6607342097707765
226 3001 -0.10781164316127631
226 3016 -0.6339191691122383
226 3031 -0.6711008682501367
226 3046 -0.8178177091358853
3001 3016 0.06383514483807735
3031 3046 -0.11977886406398507
3061 3076 0.15362483647578404
3091 3106 0.23199168606692522
3121 3136 -0.18451134398330774
3151 3166 0.06298840687696038
