# 
61 61 0.18350758831639855
76 76 -0.9760937779965337
91 91 -0.06761179459314683
106 106 -0.29523556073739443
121 121 -1.382791444655142
136 136 -0.5840948140040149
151 151 0.9666640492515595
166 166 0.4406846818659755
181 181 -1.167396416791068
196 196 -0.5956755087342873
211 211 -0.8825100222706692
226 226 0.3221327260380238
3001 3001 -0.6921029315974874
3016 3016 -0.4286724662074316
3031 3031 0.1428271847926767
3046 3046 -0.00680408999640102
3061 3061 -1.1381883855526154
3076 3076 0.8261572846675057
3091 3091 -1.5022078521425293
3106 3106 0.6428394073515357
3121 3121 2.385977256263455
3136 3136 -1.445707247421147
3151 3151 -0.7909345021601385
3166 3166 0.7249963013802475
61 76 0.39709319767454887
61 3121 0.35389782289489874
61 3136 -0.32422049852978024
61 3151 -0.7185158495683991
61 3166 0.6145375599622741
76 3121 -0.020122596066012025
76 3136 -0.4557357950958375
76 3151 0.5250971531341782
76 3166 -0.4287132941397529
91 106 -0.07548804605246097
91 3061 0.4187054086337117
91 3076 0.2199994026409743
91 3091 -0.03362472465120257
91 3106 0.5855650663012235
91 3121 0.44408313596883076
91 3136 -1.0
91 3151 0.3488300335551943
91 3166 -0.23096360542662975
106 3061 0.022016738090807383
106 3076 -0.2546045698027047
106 3091 0.36879099819413974
106 3106 0.8415111452548287
106 3121 0.13226158319709208
106 3136 -0.08602938005905073
106 3151 -0.6542973081426348
106 3166 -0.2940852311462248
121 136 -0.27961634429375065
121 3061 0.16063171723700456
121 3076 0.48907434906692315
121 3091 0.2681170779876118
121 3106 -0.23631441591371122
121 3121 -0.8855232166474292
121 3136 -0.24422434240356602
136 3061 0.25061280378286244
136 3076 -0.6607032308383526
136 3091 1.0
136 3106 0.074732289902623
136 3121 -0.15993563564670507
136 3136 0.6132562509561286
151 166 -0.5086656954319171
151 3061 -0.22704732088487714
151 3076 -0.5435485061519564
151 3091 0.04124933488459586
151 3106 0.8272939826570317
151 3121 -0.4257944441138758
151 3136 -0.4105163092325803
151 3001 0.1582705625633837
151 3016 -0.35089810932831905
151 3031 -0.10794720894433937
151 3046 -0.08760039121247161
166 3061 0.06149786629457754
166 3076 -0.9531861840414478
166 3091 -0.07774985806545763
166 3106 -0.8757272760621947
166 3121 0.5250964201522655
166 3136 -0.32442289395608703
166 3001 -0.01691119222081808
166 3016 0.05023117120477614
166 3031 0.37445694622555215
166 3046 0.121982054240038
181 196 -1.0
181 3061 0.3317268252360316
181 3076 0.09172194529531298
181 3001 0.3160369088102317
181 3016 -0.5588163898062664
181 3031 0.08510495353323597
181 3046 0.3511792815518738
196 3061 -0.295454851064507
196 3076 0.6253323519818209
196 3001 -0.8246329233755026
196 3016 -0.690972166302115
196 3031 -0.16317074532985934
196 3046 0.03830502523402303
211 226 -0.1879789970000206
211 3061 -0.36702112121542346
211 3076 1.0
211 3001 1.0
211 3016 0.9296263398649851
211 3031 0.12312545271267815
211 3046 -0.5539284906745247
226 3061 -0.8342411309210581
226 3076 -0.2597806850126109
226 3001 -0.11928795052591723
226 3016 0.6413091213486565
226 3031 -0.666064353117519
226 3046 -0.84301445404972
3001 3016 -0.2566061863212315
3031 3046 0.16723110080540704
3061 3076 -1.0
3091 3106 -0.11933391064109167
3121 3136 0.8648774191926003
3151 3166 0.832514764228899
