# 
61 61 0.6846076556039763
76 76 0.3931844511934045
91 91 -0.31145061393335643
106 106 0.8970089340339199
121 121 0.988328331866677
136 136 -2.66467730182249
151 151 1.0176407230745617
166 166 -0.5136647932197086
181 181 -2.094717281402206
196 196 -0.6184169838853053
211 211 -1.2059954233903367
226 226 -1.185710778200053
3001 3001 -0.6743891035469775
3016 3016 2.312998584360544
3031 3031 -0.7756348107438651
3046 3046 -0.1640832344768106
3061 3061 0.556235475837774
3076 3076 0.5863232702575951
3091 3091 -0.5273447677343547
3106 3106 0.8357249549225542
3121 3121 -0.6656932040676399
3136 3136 0.3315112573120264
3151 3151 0.5967721578923215
3166 3166 0.44927236024128175
61 76 0.11215098171659091
61 3121 0.17169810671757932
61 3136 -0.2416952857332248
61 3151 -0.26351457245909415
61 3166 -0.9580131430550902
76 3121 -0.8667435303782931
76 3136 0.6659387946911428
76 3151 -0.04972394807062196
76 3166 0.22034582907851286
91 106 -0.5736629382486303
91 3061 -0.02739067284000855
91 3076 -0.47510900818177537
91 3091 -0.6044311495603747
91 3106 -0.3185667301052095
91 3121 0.10595760319278755
91 3136 -0.05390900020144817
91 3151 -0.22927094045057345
91 3166 0.27854225970457147
106 3061 0.35127434420484416
106 3076 0.17930794661685776
106 3091 0.8777899131768141
106 3106 -0.22348377277945505
106 3121 -0.7237453554700448
106 3136 -0.12043098565846325
106 3151 0.06193115385129528
106 3166 -0.6492691911341405
121 136 0.35572889174324085
121 3061 -0.022552571611079833
121 3076 -0.4323343863381738
121 3091 0.4191404761628983
121 3106 0.1976401015578345
121 3121 -1.0
121 3136 -0.10188074998764775
136 3061 -0.5641397341496797
136 3076 0.5559710753296251
136 3091 -0.19888232231808523
136 3106 0.644965829100439
136 3121 0.21377111192878462
136 3136 0.4168834866093741
151 166 -0.6546034566500399
151 3061 -0.15304464588231592
151 3076 -0.4326985303938486
151 3091 -0.43787517359612715
151 3106 -0.05871830356993162
151 3121 -0.35931748109665185
151 3136 0.2123424131086733
151 3001 0.4082120599374679
151 3016 0.1742330275797187
151 3031 0.003749731597457203
151 3046 0.3878407819565386
166 3061 0.4855112403387566
166 3076 -0.41407170238937135
166 3091 0.6308931797355705
166 3106 0.4563219871743549
166 3121 -0.032137912567969676
166 3136 -0.06850056409748
166 3001 0.0997474679099953
166 3016 0.558784554046752
166 3031 0.09146872294302096
166 3046 -0.09058715438585829
181 196 0.19770495188576548
181 3061 -0.15790775940212035
181 3076 -0.439401078045845
181 3001 0.41085294498301556
181 3016 0.9443086410724002
181 3031 0.5447687880177741
181 3046 1.0
196 3061 0.3195942930134866
196 3076 -0.4680618281105723
196 3001 -0.18802726457439647
196 3016 -0.7617346951610658
196 3031 0.16949778723369102
196 3046 -0.05831158971827414
211 226 -0.9063245991516747
211 3061 0.12639100584819032
211 3076 0.1627420561696312
211 3001 -0.2788253219510354
211 3016 0.3467103634611328
211 3031 -0.08603626334069947
211 3046 0.44080120111710513
226 3061 -0.27505532687724915
226 3076 0.6591220421479252
226 3001 0.08979225993705492
226 3016 -0.1097104478827482
226 3031 -0.6471159741576978
226 3046 -0.029472145050637954
3001 3016 0.057882934007777116
3031 3046 -0.5233044098442599
3061 3076 -0.22413005822132911
3091 3106 0.45727970986095223
3121 3136 -0.0708662510439808
3151 3166 0.6344853187650211
