# 
61 61 1.405531504328813
76 76 -1.2905982624614278
91 91 1.1941508848252118
106 106 -0.06681791194120319
121 121 0.7765229090001031
136 136 0.8643064167296904
151 151 -0.4808225534337834
166 166 0.7495697847160773
181 181 -0.40476537871158574
196 196 0.7379029511517207
211 211 -0.7378200777172391
226 226 -0.13415271243164184
3001 3001 0.3336666959936405
3016 3016 0.2174419459314984
3031 3031 -0.040112193068725634
3046 3046 -0.08339910611709285
3061 3061 -0.06903229314411909
3076 3076 -0.3674360832945293
3091 3091 -1.3599027575789908
3106 3106 -0.6091316674150034
3121 3121 0.20377127122590136
3136 3136 0.528756016182084
3151 3151 0.020196575882838432
3166 3166 0.06177131960652935
61 76 0.07136002586238993
61 3121 -0.3651327860922645
61 3136 -0.9130248036742563
61 3151 -0.22195831285849935
61 3166 -0.6318639419607024
76 3121 0.9386117103043589
76 3136 0.5364897550145624
76 3151 0.016502102206385635
76 3166 -0.23280846861510088
91 106 0.16772311724759403
91 3061 0.0037190116957304454
91 3076 -0.4306106391346559
91 3091 -0.15989677888830722
91 3106 -0.580767331168761
91 3121 0.3070272439094953
91 3136 -1.0
91 3151 -0.5722487155618432
91 3166 -0.7316730127057212
106 3061 -0.8221441347911561
106 3076 1.0
106 3091 -0.18408784035429968
106 3106 -0.2629913249988341
106 3121 -0.07833063829619616
106 3136 0.10076207560645142
106 3151 -0.3463230609587543
106 3166 0.3307030033147711
121 136 0.6494945440426778
121 3061 -0.04130735407450676
121 3076 0.5385601949342472
121 3091 -0.43846425642101106
121 3106 -0.5412087912417256
121 3121 0.06848347506153267
121 3136 0.5412498056650306
136 3061 0.05077719533238475
136 3076 0.6559544292375469
136 3091 -0.2603849797195624
136 3106 0.36002531373858776
136 3121 0.2669697629131493
136 3136 -0.24911053563387472
151 166 -0.22753835937414615
151 3061 -0.545002982622488
151 3076 0.5471292740031806
151 3091 -0.5768168146687088
151 3106 0.026852460779212953
151 3121 0.25248794475016295
151 3136 0.2523909897414663
151 3001 -0.3338394595746069
151 3016 0.5739373583351353
151 3031 0.3702022004807829
151 3046 -0.8333226782380372
166 3061 -0.6740141064616437
166 3076 -0.6080524709755336
166 3091 0.09034551203665381
166 3106 -0.35428372973145095
166 3121 0.7328649817977071
166 3136 0.09616710722937818
166 3001 0.9687907382722565
166 3016 0.15644016169078226
166 3031 -0.239242415895877
166 3046 -0.2086311703630514
181 196 -0.2381389237258433
181 3061 0.09785919697949802
181 3076 -0.006790505002197012
181 3001 0.830208519673788
181 3016 0.30258952849936827
181 3031 -0.893338457153332
181 3046 -0.28574335234760817
196 3061 -0.8189696861560564
196 3076 -0.3034018493758805
196 3001 -0.28834800088534174
196 3016 0.329360559139823
196 3031 0.862102645578707
196 3046 -0.29379198808223284
211 226 -1.0
211 3061 0.18775760975125394
211 3076 -0.41074492880629015
211 3001 0.22551774082104126
211 3016 0.20769761260178185
211 3031 -0.5988046006412842
211 3046 -0.2435728917761212
226 3061 0.23814002863379277
226 3076 0.4948848965826412
226 3001 -0.8288667556017472
226 3016 -0.7457524124529599
226 3031 0.3692388906205627
226 3046 -0.15016995613619605
3001 3016 -0.3629437002838226
3031 3046 0.08197327578711242
3061 3076 -0.08098311409897757
3091 3106 1.0
3121 3136 0.28128391761354654
3151 3166 0.12898033296271416
