# 
61 61 -0.5345929366174113
76 76 -0.16018206930765747
91 91 -0.4923947745226239
106 106 1.732057367499605
121 121 -0.4399853374991183
136 136 0.1321329875182991
151 151 0.4252102890075886
166 166 -0.5916802488226957
181 181 0.6382293186394672
196 196 0.7168416373207022
211 211 -0.3277565531967714
226 226 1.6160584240374873
3001 3001 0.1948054950492455
3016 3016 0.3082071434049494
3031 3031 -0.4826344217224985
3046 3046 0.9721721259685692
3061 3061 0.9337468339266008
3076 3076 0.20606557482588386
3091 3091 0.8089238867823927
3106 3106 1.0699710035977141
3121 3121 1.2942947174146868
3136 3136 -2.527878240437694
3151 3151 0.5009827366021389
3166 3166 -0.2737738383060989
61 76 -0.0877094936004256
61 3121 -0.10618601944145287
61 3136 -0.4373038085072967
61 3151 -0.1784260895072936
61 3166 -0.19765789024937794
76 3121 0.655862723296788
76 3136 0.50540872751087
76 3151 -0.11305202075282761
76 3166 -0.6771268306400743
91 106 0.22930944764098696
91 3061 0.9229452413318135
91 3076 -0.14292999344426807
91 3091 0.8618262516495324
91 3106 -0.09323613362020772
91 3121 0.0931716056481818
91 3136 0.2371429800647587
91 3151 -0.12714470079400658
91 3166 0.49045629903894594
106 3061 -0.9393064084043048
106 3076 0.520123350198036
106 3091 1.0
106 3106 0.3790953002347153
106 3121 0.5195078275070988
106 3136 -0.4685955353629635
106 3151 -0.6447392490564464
106 3166 0.08673661988724791
121 136 0.08883981560631518
121 3061 -0.2994470094782244
121 3076 0.24691609728056982
121 3091 0.011846383078930841
121 3106 0.17485543690886582
121 3121 0.23621827653668315
121 3136 -0.4732826271413074
136 3061 0.40220283846904825
136 3076 -0.34944501530667105
136 3091 0.19497598942159172
136 3106 0.521620751367726
136 3121 -0.25077875078265355
136 3136 0.05832248991617158
151 166 -0.22675199002537466
151 3061 -0.8065336892070964
151 3076 0.36141246707263924
151 3091 0.1900969777401394
151 3106 -0.16484784423600835
151 3121 0.9531275940792288
151 3136 0.5270437289336397
151 3001 0.11997020784469309
151 3016 -0.15893266090496483
151 3031 -0.5541738609479016
151 3046 0.284345897544245
166 3061 0.24962154959857882
166 3076 0.8374241033977323
166 3091 0.17944423072102345
166 3106 0.02767928716301256
166 3121 0.38738369737882633
166 3136 -0.037675208004802126
166 3001 0.0742163356400736
166 3016 -0.6580293235063851
166 3031 -1.0
166 3046 -0.08035187588494316
181 196 -0.02265309591759338
181 3061 0.579189701005213
181 3076 -0.6201486045707254
181 3001 0.07565016177630028
181 3016 -0.33273122417403317
181 3031 0.529365553431495
181 3046 0.444324772393874
196 3061 -0.14646484248564592
196 3076 0.12168036243675388
196 3001 0.004432662403785513
196 3016 0.3958036911364371
196 3031 0.49233915069964923
196 3046 -0.41741817224163436
211 226 0.29283255612840764
211 3061 0.2232766898026404
211 3076 0.2182139249851302
211 3001 -0.4405078968362682
211 3016 -0.5988786626146402
211 3031 -0.07930536047401847
211 3046 0.8902932940787839
226 3061 0.5099256861950521
226 3076 -0.7294930393185765
226 3001 0.6723931333067045
226 3016 0.4089769087031178
226 3031 -0.03776043505881272
226 3046 -0.4829395449219655
3001 3016 0.5266089668785164
3031 3046 -0.07357385465786742
3061 3076 0.3799629190326121
3091 3106 1.0
3121 3136 0.11774459852544074
3151 3166 -0.6786085787361739
