# 
61 61 0.42579314265832274
76 76 0.9410272739975633
91 91 -1.2386222432534788
106 106 1.0321961743533923
121 121 0.5006217133151495
136 136 -1.2156849243943497
151 151 0.08215286040559937
166 166 0.09377200368950805
181 181 -1.1415452930167516
196 196 0.7487874782179607
211 211 -0.9543601720742217
226 226 -0.2795304379603724
3001 3001 1.658290005414812
3016 3016 -0.21924174861370416
3031 3031 -0.23431532466812124
3046 3046 1.0708118776155011
3061 3061 0.3154474448258773
3076 3076 -0.4044581850080336
3091 3091 1.0864223364265928
3106 3106 0.29087917484294623
3121 3121 0.9663969947162259
3136 3136 -0.8977686470133797
3151 3151 -0.11134117741724894
3166 3166 -1.2521839384242697
61 76 0.2579656981682682
61 3121 0.738480594166784
61 3136 -0.39517926547917576
61 3151 0.04632174318555282
61 3166 0.8836919389499301
76 3121 0.6116189825596372
76 3136 -1.0
76 3151 0.31040261718420215
76 3166 -0.14224251589576928
91 106 -0.16707490804043937
91 3061 -0.3381811190665773
91 3076 0.015686332770535244
91 3091 0.2822844124355698
91 3106 -0.5446073529106522
91 3121 0.15044579183715248
91 3136 -0.6612087302169486
91 3151 -0.7751393746261841
91 3166 -0.5671395036932749
106 3061 0.7695636419692167
106 3076 -0.29840301169325606
106 3091 0.40754005096455354
106 3106 -0.24292811564928543
106 3121 -0.8968598558086797
106 3136 -1.0
106 3151 -0.8947151388464905
106 3166 0.6513530870625778
121 136 -0.6971904232538849
121 3061 -0.4146970004215144
121 3076 0.318770584432771
121 3091 -0.4706726789437904
121 3106 0.0038027513531188476
121 3121 -0.3934513109152829
121 3136 -0.20846268099011953
136 3061 -0.6443682839091001
136 3076 -0.3804710063725636
136 3091 0.3109370925197664
136 3106 -0.10759495056699442
136 3121 -0.12520260902232305
136 3136 -1.0
151 166 1.0
151 3061 -0.17656950026707005
151 3076 -0.5623385941199639
151 3091 -1.0
151 3106 -0.09747764260673915
151 3121 -0.402459018055734
151 3136 0.0769304575233187
151 3001 -0.1920769378269331
151 3016 -0.4039856417182934
151 3031 0.08890266123011456
151 3046 -0.0015694423665438756
166 3061 0.2559480566383749
166 3076 -0.015299544711184512
166 3091 0.3674000437311142
166 3106 -0.1402082047868013
166 3121 -0.388934760502949
166 3136 0.4317521686090767
166 3001 -0.34407965731911166
166 3016 -0.7100610259230034
166 3031 -1.0
166 3046 0.4155445551541593
181 196 -1.0
181 3061 0.8115193060253504
181 3076 0.27327487654734056
181 3001 0.13912027983182249
181 3016 -0.4257580927484314
181 3031 0.16647833081567956
181 3046 0.4178465564743074
196 3061 -0.6425334507240857
196 3076 0.1682582151496082
196 3001 -0.3291710472156827
196 3016 0.6544436195634935
196 3031 0.017130873042234943
196 3046 0.5059805564551864
211 226 0.6491833417004738
211 3061 -0.08129784170226194
211 3076 0.26921349077551227
211 3001 0.48062342189888496
211 3016 0.368144100382792
211 3031 -0.07883036231620519
211 3046 -0.13272853378593777
226 3061 -0.44866622662439737
226 3076 -0.13227393299255746
226 3001 0.8796892888227148
226 3016 -0.33959696037528864
226 3031 0.11828325140755121
226 3046 0.35406819638867865
3001 3016 0.4152647059428069
3031 3046 -0.018141533765151045
3061 3076 -0.9563949493646915
3091 3106 -0.33254728719956633
3121 3136 0.049178077267152655
3151 3166 0.012734491045050497
