# 
61 61 -1.5701040977480074
76 76 2.2673569490305057
91 91 1.2585233469843153
106 106 0.30359867218241016
121 121 -1.0476285791153992
136 136 -1.0147885289427714
151 151 1.1557048449187486
166 166 1.243129303020856
181 181 0.9341430833376667
196 196 -0.10215714803601467
211 211 0.7225690120786208
226 226 1.053700005488519
3001 3001 -1.059340371810843
3016 3016 0.08334383769836948
3031 3031 0.7286534053504381
3046 3046 -0.5378675665982419
3061 3061 1.4785578934945776
3076 3076 1.862500384099764
3091 3091 0.486315712505019
3106 3106 -0.31651666469398454
3121 3121 0.785363923017007
3136 3136 0.33092057421598425
3151 3151 1.7382804835436019
3166 3166 0.25723233029796533
61 76 -0.21307300596378753
61 3121 0.5135888919207111
61 3136 -0.3905119276844226
61 3151 -0.19055070380977865
61 3166 0.03261934475537787
76 3121 -0.429877255643528
76 3136 -0.268115616792865
76 3151 -0.42053079461895476
76 3166 0.5221375523000199
91 106 0.5010926347941561
91 3061 -0.5256458796058263
91 3076 -0.42821505877383187
91 3091 0.17566053867171014
91 3106 0.008128869008916398
91 3121 0.6962681438275087
91 3136 0.39386235069407793
91 3151 0.12125734306133605
91 3166 0.441170953085006
106 3061 -0.8745053126548251
106 3076 0.3300077463392758
106 3091 -1.0
106 3106 0.19216236030864636
106 3121 -0.021954682233157313
106 3136 -0.38426904195441436
106 3151 0.0950036742067866
106 3166 0.4785554444247745
121 136 0.5014781454213078
121 3061 -1.0
121 3076 0.3346735060286413
121 3091 0.4959127439691926
121 3106 1.0
121 3121 -0.5960023142639396
121 3136 0.1311127563813729
136 3061 0.2365480412618575
136 3076 0.7078401798830563
136 3091 -0.08261234580840687
136 3106 -0.16229373606277966
136 3121 0.02887712985435644
136 3136 -0.2166212301388177
151 166 -0.2257076683557835
151 3061 -1.0
151 3076 0.6642617562155874
151 3091 -0.15676396796445558
151 3106 -0.0008444308571532686
151 3121 0.17015616225240152
151 3136 0.22894108311953354
151 3001 1.0
151 3016 0.09531798200730053
151 3031 -0.573702373931437
151 3046 -0.5973913196415743
166 3061 -0.09347277824287642
166 3076 -0.25850204029337914
166 3091 0.18725869148340304
166 3106 0.2207103214853745
166 3121 0.29875723091165
166 3136 0.3815984502376809
166 3001 0.1526421166156832
166 3016 0.19556432529360757
166 3031 0.6887867259750254
166 3046 -1.0
181 196 -0.29469584841151925
181 3061 -0.34036068703022104
181 3076 0.14148730378213414
181 3001 -0.4552930084214132
181 3016 0.2679156357035983
181 3031 0.7968431145591376
181 3046 -0.2790701523702288
196 3061 0.005808290544137584
196 3076 0.7165726304248851
196 3001 -0.5221015536111466
196 3016 -0.2468934830564082
196 3031 -0.1360570589485044
196 3046 -0.9844913618047423
211 226 0.3229627815449477
211 3061 0.8691296006661442
211 3076 -0.2178098417348767
211 3001 0.05263835020482501
211 3016 0.05348242600403234
211 3031 0.4068991037315524
211 3046 0.5669944577318208
226 3061 -0.31166671515209643
226 3076 -0.00035524455520412037
226 3001 0.11298022025423417
226 3016 0.15397891774317626
226 3031 -0.49885152445424225
226 3046 0.17556843259971863
3001 3016 -0.191867198967771
3031 3046 0.13276330355845886
3061 3076 0.00012258522885985284
3091 3106 -0.20499713089159105
3121 3136 -0.5920726207289123
3151 3166 -0.812039892347586
