# 
61 61 1.2928165428869227
76 76 0.6988736173574546
91 91 0.231400064845363
106 106 -0.05936097191497883
121 121 1.712866222525738
136 136 0.038232053088327084
151 151 1.061506436047374
166 166 1.1866816977869281
181 181 -0.1565030445258467
196 196 -0.9761562408645013
211 211 1.0279279809907766
226 226 1.927573499304411
3001 3001 -0.15001887823597357
3016 3016 0.45880765873134294
3031 3031 0.6416388362715824
3046 3046 -0.5480225473614031
3061 3061 -0.8895762550184559
3076 3076 0.44194606016601595
3091 3091 -0.7639566850737077
3106 3106 -0.3232719964075961
3121 3121 1.5557127319845467
3136 3136 0.3838517511499737
3151 3151 -0.770479533525014
3166 3166 -0.3608452084735326
61 76 -0.4875790881996412
61 3121 -0.8884818080803821
61 3136 0.5880209601874984
61 3151 -0.2726370333778702
61 3166 -0.07948290239283373
76 3121 0.09383627245360587
76 3136 0.11924385504780029
76 3151 -0.24459418288444926
76 3166 -0.46091047214125497
91 106 0.33740992986720175
91 3061 -0.09683237278620922
91 3076 0.14890224711597536
91 3091 -0.19072978373126837
91 3106 -0.48535520911991614
91 3121 -0.0034090979398159567
91 3136 -0.9683325285864677
91 3151 -0.4095941045149592
91 3166 -0.08667435675862682
106 3061 0.306833724338343
106 3076 -0.6357636550571165
106 3091 0.16335612311281625
106 3106 -0.02925616427937022
106 3121 -0.1435241384877574
106 3136 0.1522561864579011
106 3151 0.18528371683162229
106 3166 -0.5503069236868113
121 136 0.3511739535949579
121 3061 0.17215438185543894
121 3076 -0.018989020917758524
121 3091 0.22317633802393191
121 3106 -0.09555695995850315
121 3121 0.1428278112903402
121 3136 0.2562513884447488
136 3061 -1.0
136 3076 0.01971270259236958
136 3091 0.44030136189598085
136 3106 0.5609462423527127
136 3121 0.1266253776358327
136 3136 0.3622989437798054
151 166 0.7473746948584038
151 3061 -0.8116567679212131
151 3076 -0.4031230882678514
151 3091 -0.3702694623118366
151 3106 -0.414040897469495
151 3121 0.6685588631086767
151 3136 -0.4859018896384414
151 3001 -0.1658606378258851
151 3016 0.009805497513002118
151 3031 -0.48227900301204346
151 3046 -0.5221003362564797
166 3061 0.30006075007407557
166 3076 1.0
166 3091 -0.13533265290427665
166 3106 0.602298434658627
166 3121 -0.05659370661992423
166 3136 0.4695742564411985
166 3001 0.6723212205914814
166 3016 -0.6686074568544704
166 3031 0.6367286486675041
166 3046 0.10925941656637309
181 196 -0.25992673389104964
181 3061 0.38175224425039683
181 3076 0.8917171402670101
181 3001 -0.09521536494908238
181 3016 0.00040212356856819843
181 3031 -0.20048654554567982
181 3046 0.048058656103693066
196 3061 0.017418253221663592
196 3076 0.0016691795285070838
196 3001 1.0
196 3016 -0.5263674848912621
196 3031 -0.12254699257403467
196 3046 -0.3068574485571123
211 226 -0.26628601321554324
211 3061 -0.8773172285279928
211 3076 -0.20741038538902407
211 3001 0.4868565654200567
211 3016 -0.24683425927105004
211 3031 0.8371256920824754
211 3046 -0.5237097385302228
226 3061 -1.0
226 3076 -0.5040789764712045
226 3001 -0.5889034902473026
226 3016 -0.15378548829798971
226 3031 -0.33296104241972063
226 3046 0.24324040634368596
3001 3016 0.13322646004462652
3031 3046 0.10978914634766995
3061 3076 0.6422548256934167
3091 3106 -0.13998756274170263
3121 3136 -0.6881018351073045
3151 3166 -0.488582220990672
