# 
61 61 -0.31795536161666865
76 76 0.20105699321431775
91 91 -0.13439177164388305
106 106 1.8920038863908597
121 121 -1.4031455085240472
136 136 -0.4812621573394255
151 151 -1.173141094162995
166 166 -0.5510908149293002
181 181 -0.4085117888266923
196 196 -1.0639515272508846
211 211 -0.8836139175927636
226 226 -1.5794003794096603
3001 3001 -0.03589576390007564
3016 3016 0.49011763633496747
3031 3031 1.5239881880065362
3046 3046 1.6258549736625216
3061 3061 1.4307695001233984
3076 3076 -1.097736923631838
3091 3091 0.4733657601642327
3106 3106 -0.541373740135497
3121 3121 0.19319103896160433
3136 3136 -1.0806810885276266
3151 3151 -1.1803504290258395
3166 3166 0.8647090903374738
61 76 0.005885510519033948
61 3121 0.3464956176697714
61 3136 0.050290599874391696
61 3151 0.06071918256539488
61 3166 -0.12766386314550082
76 3121 0.7688444422520767
76 3136 0.4684158929226902
76 3151 -0.2892145653594472
76 3166 -1.0
91 106 0.4866759343377256
91 3061 0.09995856276395909
91 3076 0.41971135471036414
91 3091 0.16048977679524495
91 3106 -0.01967179717771321
91 3121 -0.23853735431967482
91 3136 0.5998745462910656
91 3151 -0.33220483957402447
91 3166 0.6671472442462905
106 3061 -0.3980916063016665
106 3076 -0.2026529127677145
106 3091 -0.07696335254248642
106 3106 0.8980577305710759
106 3121 -0.27076072754345293
106 3136 -0.18279195658120484
106 3151 0.3081492621106095
106 3166 -0.37661054358589385
121 136 0.45201861822290235
121 3061 -0.293785925450208
121 3076 -0.38716138745318585
121 3091 -0.16424403918476554
121 3106 -0.006742092313853425
121 3121 -0.05298217677995229
121 3136 -0.6878242964062782
136 3061 0.31430056707869036
136 3076 0.09894885438290915
136 3091 0.3598036266725678
136 3106 -0.10937436914807538
136 3121 -0.38771609495057696
136 3136 0.014599024136542356
151 166 -0.7190657082156059
151 3061 -0.9439757314599222
151 3076 -0.14592626946829512
151 3091 0.4996859933912713
151 3106 -0.24537647386007916
151 3121 0.33049118901331265
151 3136 0.10305456000955422
151 3001 -0.244959563463424
151 3016 0.37405768183694854
151 3031 1.0
151 3046 -0.6538772807380516
166 3061 1.0
166 3076 -0.03199649439287225
166 3091 0.11152136265771065
166 3106 -0.24046119688654188
166 3121 0.7290043761897244
166 3136 0.17473892445732006
166 3001 0.6022599570937369
166 3016 0.6912931408225941
166 3031 0.22622016876559367
166 3046 -0.634677276889572
181 196 1.0
181 3061 -0.8405452904303996
181 3076 -0.453439401230427
181 3001 0.3236409250521617
181 3016 -0.3337646366362327
181 3031 0.07379524133861144
181 3046 -0.14559915493609182
196 3061 0.5727163657714927
196 3076 -0.04712263810268929
196 3001 0.20244210371851803
196 3016 -0.2678866850492044
196 3031 -0.17106506308477723
196 3046 0.5600055568311959
211 226 -0.30094252207574784
211 3061 -0.1112614945787945
211 3076 -0.14104840871594457
211 3001 -0.9683641644677318
211 3016 0.08836982794030548
211 3031 0.44848220290576896
211 3046 -0.030288393931035922
226 3061 0.4872531894670696
226 3076 0.4789445860122803
226 3001 0.6350360935266391
226 3016 0.0251429593162857
226 3031 -0.44065244874495313
226 3046 -0.2596733659859949
3001 3016 0.20858990859835022
3031 3046 -0.38967607546828187
3061 3076 0.209715659110161
3091 3106 0.07278517168889322
3121 3136 0.5366387623784921
3151 3166 -0.011815687166786815
