# 
61 61 0.9954450305403991
76 76 -0.6749458230189358
91 91 0.19025127210223539
106 106 -0.10495486814458459
121 121 0.5615782746194725
136 136 -1.2278424447043106
151 151 0.15298886665822656
166 166 0.05053476977237501
181 181 0.7092401548449806
196 196 -0.13338082175299606
211 211 -2.342642551547593
226 226 0.9251569915075896
3001 3001 -1.551761273613525
3016 3016 0.06787260040581387
3031 3031 0.26157618430821405
3046 3046 -0.4275019734622141
3061 3061 1.2761421624352625
3076 3076 -1.2174530008048816
3091 3091 -1.4341580226276063
3106 3106 -0.3556974221110508
3121 3121 0.21737773994598245
3136 3136 0.8077503554468869
3151 3151 0.9884426182941657
3166 3166 0.42258334981098045
61 76 -0.21938382129466052
61 3121 -0.2736304995484248
61 3136 -0.3308625615572361
61 3151 -0.050108402679751446
61 3166 0.5437422389168914
76 3121 -1.0
76 3136 0.6457871634752056
76 3151 -0.3285644541323279
76 3166 -0.1220832901745129
91 106 0.6445211791774107
91 3061 -0.3619688140580134
91 3076 -0.02172174245766522
91 3091 1.0
91 3106 -0.43312199903549475
91 3121 -0.5423295293334781
91 3136 0.6973264807937574
91 3151 0.11593469912998605
91 3166 -0.20818712975042403
106 3061 0.2647115868960445
106 3076 -0.25267180025247743
106 3091 0.3928161416824966
106 3106 0.36451515197893186
106 3121 0.62213099920869
106 3136 0.5401620334297923
106 3151 0.5641690460698001
106 3166 -0.9057182721404001
121 136 -1.0
121 3061 0.05125466737904923
121 3076 -0.6162154919806848
121 3091 0.23008278230586218
121 3106 -1.0
121 3121 -0.6736521259557751
121 3136 -0.3495066162951155
136 3061 0.044734304567467416
136 3076 -0.3337714741622924
136 3091 -0.5472727755234598
136 3106 -0.5635885023243261
136 3121 -0.3812520277427666
136 3136 0.44006173397273585
151 166 0.10287441875265683
151 3061 0.594643055204341
151 3076 0.3624346516146723
151 3091 0.19991751135411584
151 3106 1.0
151 3121 0.5157882330414125
151 3136 -0.11184940362832566
151 3001 -0.0884259162151901
151 3016 -0.07393524569574081
151 3031 -0.17258626068988647
151 3046 0.45351696792332097
166 3061 0.17146595091262543
166 3076 -0.08844615698234812
166 3091 -0.4383801105748613
166 3106 0.5854437453067466
166 3121 0.0281749617457373
166 3136 -0.5739890327523988
166 3001 -0.43396170605758744
166 3016 0.014643756698417072
166 3031 0.21830631040910906
166 3046 0.42240390125307226
181 196 0.3248762918238878
181 3061 -0.010058159004813534
181 3076 0.29064802620880664
181 3001 -0.8631635123168907
181 3016 -0.007812968894567217
181 3031 -0.8017286270573545
181 3046 0.2090298932905761
196 3061 -1.0
196 3076 0.08560491381501437
196 3001 0.6174347334577025
196 3016 -0.649994823814576
196 3031 -0.817058579982482
196 3046 0.1415658511816771
211 226 0.4200326182905858
211 3061 0.122634790000285
211 3076 -0.721281132539084
211 3001 -1.0
211 3016 1.0
211 3031 -0.7928492513593741
211 3046 0.4530012421210638
226 3061 0.5353667606776799
226 3076 -0.9936800998632314
226 3001 0.323776511771265
226 3016 -0.11340737309650853
226 3031 -0.9014499158170798
226 3046 0.12692098856612077
3001 3016 -0.2343884146469031
3031 3046 0.27260820664047086
3061 3076 0.9542695557545824
3091 3106 0.32677552853612984
3121 3136 0.07167463834887051
3151 3166 0.6178443009897374
