# 
61 61 -0.8507125706736317
76 76 -0.4906188344009846
91 91 -0.9636938584574949
106 106 -0.2942307365721785
121 121 -0.1727946633122193
136 136 -0.9049992429030038
151 151 0.7097272702561529
166 166 0.9457306631588748
181 181 0.5789080955259149
196 196 1.9509457666397347
211 211 0.78628135783048
226 226 0.7481789789116384
3001 3001 -1.251267155916288
3016 3016 0.2530136125274452
3031 3031 -0.08240035257354654
3046 3046 -2.2955655173060374
3061 3061 1.7572690426605984
3076 3076 1.167974788313877
3091 3091 -0.027841395967147232
3106 3106 -1.3764057383624761
3121 3121 0.40422174012074497
3136 3136 0.22997404025287296
3151 3151 0.10482870854789489
3166 3166 1.1042751100385988
61 76 -0.32868895104423873
61 3121 -0.5131364884505653
61 3136 -0.04839894943841864
61 3151 -0.37269517785632666
61 3166 0.5411439511282422
76 3121 -0.7190276301987908
76 3136 -0.44721389166346903
76 3151 -0.039005283791249824
76 3166 0.81507468887186
91 106 0.10929314155672501
91 3061 0.5433519891195777
91 3076 -0.07635083823555544
91 3091 -0.43187130384855016
91 3106 -0.4141631118447539
91 3121 -0.2555667303690189
91 3136 -0.005351303515016964
91 3151 0.16395390036412352
91 3166 0.5669091112324173
106 3061 0.06553148207728356
106 3076 -0.19679568071698952
106 3091 0.12324379733721266
106 3106 0.13766576684846438
106 3121 0.41372036837909376
106 3136 0.46069830893163244
106 3151 0.24359476601152383
106 3166 -0.5918154403913296
121 136 0.10936772678889445
121 3061 0.0887688286579457
121 3076 0.2760061418986794
121 3091 -0.26864799750823826
121 3106 0.24015372055537323
121 3121 -0.8712235245468473
121 3136 0.3488959860362246
136 3061 0.30392002807370566
136 3076 0.6124478914184931
136 3091 -0.12082165426810089
136 3106 -0.31747298642010385
136 3121 0.08732207597375416
136 3136 -0.25297078684876156
151 166 0.29842525629405503
151 3061 -0.6129045493613583
151 3076 -0.22270329998600427
151 3091 0.2298054465404486
151 3106 0.09063221070823554
151 3121 0.6527513312634229
151 3136 0.5853940936916489
151 3001 0.7873141466751898
151 3016 0.3387277697381147
151 3031 0.5672334784724361
151 3046 0.1033711253176409
166 3061 -0.5652160760063427
166 3076 0.21898388665926297
166 3091 -0.41795283803070765
166 3106 0.030100618347926433
166 3121 -0.27584454127393476
166 3136 0.20363187063244478
166 3001 -0.6928789593478275
166 3016 0.6254091127105286
166 3031 0.612629088234029
166 3046 -0.7648958598702144
181 196 0.4063245461856979
181 3061 -0.3701635659907225
181 3076 -0.2577168459791931
181 3001 -1.0
181 3016 0.039036648993136656
181 3031 -0.31505199833327574
181 3046 0.444394299761712
196 3061 -0.5348694869882452
196 3076 -0.6124635251302004
196 3001 0.36910480544571206
196 3016 1.0
196 3031 -0.9682624914017093
196 3046 0.10277136603078212
211 226 1.0
211 3061 -0.029391038091007363
211 3076 -0.46614273589178684
211 3001 0.07399608794371076
211 3016 -0.037734016552793376
211 3031 0.20290537568067285
211 3046 -0.2563353474134382
226 3061 0.46328966660205206
226 3076 0.04924637487905073
226 3001 0.9457137206789763
226 3016 0.4409270133216034
226 3031 -0.535199400179035
226 3046 -0.5503619888711713
3001 3016 0.4033810128007995
3031 3046 0.1558521151311103
3061 3076 -0.5751939442034671
3091 3106 -0.11597208110622728
3121 3136 0.3054088970739057
3151 3166 -0.2958092246484
