# 
61 61 1.1904083356215982
76 76 -0.6689161298138023
91 91 0.10002101032547304
106 106 -0.6153927846790983
121 121 0.6319441629917616
136 136 -1.4395008230002346
151 151 0.16507973693408678
166 166 -0.8179939721753614
181 181 -1.5742594882312935
196 196 -0.6127113928998581
211 211 1.0483532121177448
226 226 0.2175869988804107
3001 3001 1.8914032943639176
3016 3016 -0.4401452551320811
3031 3031 -0.5346544374907235
3046 3046 -0.27767176645441516
3061 3061 -0.1747074219225165
3076 3076 0.7023921949920293
3091 3091 -0.16499281666286836
3106 3106 -0.34785366965149844
3121 3121 0.7342090805668657
3136 3136 -0.20650573381663917
3151 3151 -1.2252754317219539
3166 3166 0.5577244050946413
61 76 -0.3639069681725914
61 3121 0.6733017557504869
61 3136 -0.5793840290431713
61 3151 -0.6590037055507812
61 3166 -0.6718507793583182
76 3121 -0.24889381645240954
76 3136 -0.4184639080582327
76 3151 -0.6884655873867678
76 3166 0.5703756345117049
91 106 0.03732431544763811
91 3061 -0.6601070936746704
91 3076 -0.04328412465790444
91 3091 -0.17226853731423522
91 3106 -0.29306938152894846
91 3121 -0.3012640096456795
91 3136 0.27101413533953145
91 3151 0.022137686408059708
91 3166 -0.12129425565159639
106 3061 -0.15110577978008752
106 3076 -0.9385056443668442
106 3091 -0.03704955310468582
106 3106 0.04700131078330774
106 3121 0.35650370828000477
106 3136 -0.02858086425654165
106 3151 -0.24794708727846063
106 3166 0.03994037600781723
121 136 0.211178338086748
121 3061 0.5527584573380594
121 3076 -0.6773449550492593
121 3091 0.6395592523150012
121 3106 -0.026859959418514826
121 3121 0.23939158933810092
121 3136 -0.11948901069974381
136 3061 0.14016702516458937
136 3076 0.2623554685058678
136 3091 -0.5428720791380311
136 3106 -0.7189812256608452
136 3121 -0.053683459314157314
136 3136 0.06931947748735978
151 166 0.26313114488908473
151 3061 -0.4043833370920056
151 3076 -0.5068982954221958
151 3091 -0.2066451237307641
151 3106 -0.22284813117380717
151 3121 -0.2629280125061644
151 3136 0.05323415711689561
151 3001 0.20545161411241256
151 3016 -0.10017029675985903
151 3031 0.5869367939538317
151 3046 0.5619694243828897
166 3061 0.4719338244272803
166 3076 1.0
166 3091 0.4974537181515779
166 3106 -0.09381358271239255
166 3121 -0.306692947096062
166 3136 0.3711023698339041
166 3001 -0.4673583679130832
166 3016 0.4889554440581258
166 3031 -0.35820090091848816
166 3046 0.24170945112001657
181 196 0.5456275088215198
181 3061 0.1735788870121471
181 3076 -0.26669574478334523
181 3001 0.3594666256215402
181 3016 0.7030103779880542
181 3031 -0.5006338514677089
181 3046 -0.8071702138001604
196 3061 -0.6562199390717498
196 3076 -0.18720652066785665
196 3001 -0.3655407776292039
196 3016 -0.532169940188517
196 3031 -0.3604586327192762
196 3046 0.7079940804498405
211 226 0.6371565412627725
211 3061 -0.11277043234358194
211 3076 0.22127483543718332
211 3001 -0.29081460018954264
211 3016 0.8190858695962264
211 3031 -0.26078094454465156
211 3046 0.257549620993295
226 3061 0.029996049722222688
226 3076 0.5039628165083042
226 3001 1.0
226 3016 0.5083646529389416
226 3031 -0.7529292055239373
226 3046 -0.22156781866394812
3001 3016 0.0038427321333339803
3031 3046 0.17993359974906392
3061 3076 0.1508287878038562
3091 3106 0.04222613797794222
3121 3136 0.35877367087481304
3151 3166 -0.4655046525500917
