# 
61 61 0.2753523386527847
76 76 0.38065194261865687
91 91 0.0761556293045211
106 106 0.6283138392769209
121 121 1.752521742443133
136 136 -1.1406729548371366
151 151 -1.6626716281352432
166 166 1.0259426961194633
181 181 -0.7024162835010682
196 196 -0.34942119017019563
211 211 -1.2540478466947484
226 226 -1.2825533862804464
3001 3001 0.5088387416693512
3016 3016 -3.074863636163337
3031 3031 -0.7984567300887545
3046 3046 1.8077396686932652
3061 3061 -0.5452334007954489
3076 3076 -0.32291095230773587
3091 3091 1.0022713241965662
3106 3106 0.6779378979902367
3121 3121 -1.2832146315118662
3136 3136 -1.413044368941369
3151 3151 1.3523190615661362
3166 3166 -1.2585598695781468
61 76 0.09514925044638937
61 3121 -0.24985180154571013
61 3136 -0.860628602415335
61 3151 -0.46989457026126785
61 3166 -0.19286370534854336
76 3121 0.7552556626399776
76 3136 0.029064389132869507
76 3151 0.09491872831624759
76 3166 -0.04286099965731567
91 106 -0.1827350933240494
91 3061 -0.4397037146995186
91 3076 -0.18579926171941427
91 3091 0.000966831201940476
91 3106 -0.12031284469949015
91 3121 -0.36950064882660255
91 3136 0.27631602710828596
91 3151 -0.23408210605628707
91 3166 0.551599137606429
106 3061 0.272790963829958
106 3076 -0.1996316032350825
106 3091 -0.5588615303474743
106 3106 -0.9099106642050814
106 3121 1.0
106 3136 0.6946737415332002
106 3151 0.2440191423106496
106 3166 -0.6857348377023468
121 136 -0.028685515704310553
121 3061 -0.16795082326518834
121 3076 -0.1814151897508228
121 3091 0.5389629625360879
121 3106 0.08392942381612664
121 3121 0.11070314347489149
121 3136 -0.21266581331995157
136 3061 0.6006688491153507
136 3076 0.6668628996277027
136 3091 0.2356513808853772
136 3106 0.2676654176522397
136 3121 1.0
136 3136 0.6890596457742636
151 166 -0.46561577256551123
151 3061 -0.48673312812817104
151 3076 -0.3448373834087241
151 3091 0.4077430611563791
151 3106 -0.10294963181164417
151 3121 -0.18392754164994252
151 3136 0.89559117540835
151 3001 0.27238869274481115
151 3016 0.2570245073326356
151 3031 0.5773296076194444
151 3046 0.5558387076780333
166 3061 0.3806149542909589
166 3076 0.3078646976862886
166 3091 1.0
166 3106 -0.5532864974788316
166 3121 0.23842798606021937
166 3136 1.0
166 3001 -0.9620010057769024
166 3016 -0.6049241733695985
166 3031 0.451669164307895
166 3046 0.04243037658317307
181 196 -0.7253661116684423
181 3061 -0.7326642188435722
181 3076 0.1522379799608763
181 3001 0.46034630592196635
181 3016 0.1412006088617926
181 3031 0.1563509429900147
181 3046 0.42659838110564285
196 3061 -0.4935099133726927
196 3076 0.616061699733061
196 3001 -0.6792414211433796
196 3016 0.46106510194372263
196 3031 0.017387537155789525
196 3046 -0.4067521952361002
211 226 0.17843303373671612
211 3061 -0.015571492650178705
211 3076 0.28171703682615434
211 3001 -0.2981729975878373
211 3016 -1.0
211 3031 0.15516889394471492
211 3046 -0.4560100041926892
226 3061 -0.29921312175544185
226 3076 -0.07288534182695258
226 3001 -0.07394936508509953
226 3016 -0.4296018918404423
226 3031 0.05985512165577425
226 3046 0.4006595040775957
3001 3016 0.2516924822909531
3031 3046 -0.20007753188791969
3061 3076 0.5572923357381694
3091 3106 0.4260730089624666
3121 3136 -0.3996936660684652
3151 3166 0.15860194981142275
