# 
61 61 0.06757771203711813
76 76 -0.4343953383907504
91 91 -2.489344860282824
106 106 0.6004228852569231
121 121 -0.030716761574641954
136 136 -0.1692561382445471
151 151 -1.9452792521779045
166 166 -1.8841160316720515
181 181 -2.4073864763148523
196 196 -0.03857467681034546
211 211 -0.8106364271061848
226 226 -0.13318509219301414
3001 3001 0.24311691337137553
3016 3016 -0.02903481161725577
3031 3031 0.8907312832188317
3046 3046 -0.3501077515918016
3061 3061 1.6615429500660377
3076 3076 0.9772680846312286
3091 3091 0.19207202330888112
3106 3106 -1.6200718325347323
3121 3121 0.9769067405916615
3136 3136 -0.8072940224014348
3151 3151 0.9835207910802701
3166 3166 0.0791792946819109
61 76 0.22609164142446997
61 3121 -0.016020039843467924
61 3136 -0.36338711830063514
61 3151 -0.030555404595464214
61 3166 -0.15736901251627733
76 3121 -0.7959918421265028
76 3136 0.6089740923181094
76 3151 0.24243511615449587
76 3166 0.33906397062912624
91 106 -0.47764751323122817
91 3061 -0.5339325467840327
91 3076 -0.22550797083255594
91 3091 0.4378654903619854
91 3106 0.1547374901405273
91 3121 -1.0
91 3136 -0.6138867879509962
91 3151 -0.07153531495327248
91 3166 0.9511806553519025
106 3061 0.9783849393310581
106 3076 0.647384674541021
106 3091 -0.3533206088153482
106 3106 -0.5053015292915809
106 3121 0.39481005703856537
106 3136 0.8852899677564418
106 3151 0.43227990147344103
106 3166 -1.0
121 136 0.33484222779620554
121 3061 -0.04011035068120089
121 3076 -0.009272118093374974
121 3091 -0.9479037356590716
121 3106 0.17627686001973872
121 3121 0.37620006139506773
121 3136 -0.7411820675529351
136 3061 0.01270600500357169
136 3076 0.4466699312396138
136 3091 0.1677463428106036
136 3106 -0.5910997804279342
136 3121 0.07201403189624521
136 3136 0.3832439710027023
151 166 0.1107587824152938
151 3061 0.6988653507829042
151 3076 0.010519230718646697
151 3091 -0.8281850285195795
151 3106 -0.2767043982337149
151 3121 -0.015219726091372442
151 3136 0.20585658239592633
151 3001 -0.05686084383294821
151 3016 0.9110262959329942
151 3031 0.19102722586928045
151 3046 -0.44135942762998837
166 3061 -0.04803427335363075
166 3076 0.5509686068485216
166 3091 0.03062305116128233
166 3106 -0.20385021047455648
166 3121 -0.04032769404824642
166 3136 0.4977044489204932
166 3001 -0.5435256931436312
166 3016 -0.3788873797962592
166 3031 -0.41755554414576135
166 3046 -0.2867283963422371
181 196 0.11958481302970839
181 3061 0.09509331593794658
181 3076 0.4156514708280538
181 3001 0.09566752305473797
181 3016 -0.41657945370694877
181 3031 0.3489018631161131
181 3046 -0.1663043554011922
196 3061 0.10251090964343264
196 3076 0.059200913807186735
196 3001 -0.20572762170710943
196 3016 0.38574595814892887
196 3031 0.483017656314618
196 3046 -0.0767720224512005
211 226 -0.1568413384536651
211 3061 -0.5103055034249913
211 3076 -0.8315473941306071
211 3001 0.7452901833608212
211 3016 -0.7568792919140264
211 3031 -0.003562892291404597
211 3046 -0.24857068086630024
226 3061 1.0
226 3076 0.5956417505459524
226 3001 1.0
226 3016 -0.26589159024053743
226 3031 -0.3659174228181382
226 3046 -0.6033325997128556
3001 3016 0.6158941352961119
3031 3046 0.11580664893809124
3061 3076 -0.0980798311846113
3091 3106 0.8657288067294726
3121 3136 0.27893314033313554
3151 3166 0.9756400548662528
