# 
61 61 -0.05862356855984641
76 76 -0.4131058181801256
91 91 0.7360420066792984
106 106 0.41026014953777323
121 121 -0.2772014276494258
136 136 1.7094641159405386
151 151 0.44413043422027126
166 166 -0.4832247344369823
181 181 -1.5546716717519253
196 196 -0.009528411890855563
211 211 0.28200064259296326
226 226 0.6148012937192068
3001 3001 0.3956412536514448
3016 3016 0.4353157026079374
3031 3031 -1.2771577066055129
3046 3046 0.12876224107242884
3061 3061 -1.5160212663916337
3076 3076 0.5805629280045314
3091 3091 -1.0469133326834785
3106 3106 0.32226582924054037
3121 3121 2.5078052070389756
3136 3136 0.2767921217458058
3151 3151 -0.5283378654165183
3166 3166 0.7138797384937924
61 76 -1.0
61 3121 -0.16371564646189618
61 3136 0.034932324625729975
61 3151 0.7372131803173563
61 3166 0.371719877222166
76 3121 -0.1729394114994808
76 3136 -0.07339688376840985
76 3151 0.05524265146951565
76 3166 -0.1913294096395199
91 106 -0.5063372010548889
91 3061 0.4920680056150889
91 3076 -0.06149143444225039
91 3091 0.7449605621237532
91 3106 -1.0
91 3121 0.40181942161561773
91 3136 0.5755803326296551
91 3151 0.12353793327755978
91 3166 -0.12265886743527078
106 3061 0.3743035116005101
106 3076 -0.36115952776242205
106 3091 -0.077669224254739
106 3106 -0.7689446553481394
106 3121 -0.5621032775428156
106 3136 -0.541285175951844
106 3151 0.0826442398154228
106 3166 -0.02467980479239302
121 136 0.32496379166198236
121 3061 -0.1581049404509383
121 3076 0.4843795831328082
121 3091 0.5382097449558249
121 3106 -0.024002043854577656
121 3121 -0.4811201783499018
121 3136 0.36679948919888244
136 3061 -0.19845891375009947
136 3076 0.10113816115708231
136 3091 -0.45763538738711873
136 3106 0.5002839659263414
136 3121 0.1955090621558012
136 3136 0.626098563642659
151 166 -0.5730022212099651
151 3061 0.6087508865319884
151 3076 0.11784362574874592
151 3091 -0.04840917960234055
151 3106 0.24080241488764514
151 3121 0.7919716047486098
151 3136 0.15956484520138334
151 3001 0.05458790411552577
151 3016 -0.17679497559188553
151 3031 -0.030350866006090303
151 3046 -0.5664110873043953
166 3061 0.19856119402195194
166 3076 -0.5337370858573488
166 3091 -0.4779083712598998
166 3106 -0.12207847915220672
166 3121 -0.16996716627647993
166 3136 -0.13941392877137965
166 3001 0.5034608707448428
166 3016 -0.7028005956016818
166 3031 -0.6183642682013336
166 3046 0.2567305660061717
181 196 0.39139699430979497
181 3061 -0.807170111804159
181 3076 -0.4778378199565736
181 3001 -0.44221834809833077
181 3016 -0.1947098924805547
181 3031 -0.27637228189487484
181 3046 0.1177775725499498
196 3061 -0.4550837032051057
196 3076 1.0
196 3001 0.6796987091939501
196 3016 -0.0022421506689512052
196 3031 0.07096829237281733
196 3046 -0.32752604168794147
211 226 -0.7968713694615606
211 3061 0.3184773593939053
211 3076 -0.4335143949726449
211 3001 0.7743429005182365
211 3016 -0.2919522585336331
211 3031 0.1942922716938418
211 3046 0.226579850595493
226 3061 0.5950568328564902
226 3076 0.24405449326021517
226 3001 0.22140053634871038
226 3016 0.397312263709153
226 3031 0.624983640612148
226 3046 -0.12062085462223206
3001 3016 0.9225030167442605
3031 3046 0.5883952303625198
3061 3076 0.2795425338831681
3091 3106 -0.11177789465471265
3121 3136 -0.30211767725921623
3151 3166 -0.04209220043464897
