# 
61 61 -1.3309881387902998
76 76 0.923665327167302
91 91 1.3709457496963868
106 106 1.4825271754041278
121 121 0.7162739685132622
136 136 -0.515847250227773
151 151 0.9407474410776168
166 166 0.9084331170104881
181 181 -1.3042866402688074
196 196 -0.006104514604734829
211 211 -0.23716611047967273
226 226 -0.3030233762590246
3001 3001 -1.1854068901961055
3016 3016 -0.763519699140526
3031 3031 1.4544912404818315
3046 3046 -1.5162328911276841
3061 3061 -0.2583726986593856
3076 3076 -0.9917406920257532
3091 3091 -1.7013911935833215
3106 3106 0.24663434739493717
3121 3121 -0.19469052867970993
3136 3136 -0.9380651335146168
3151 3151 -0.7185568199708412
3166 3166 -0.438116128378381
61 76 0.22779631821370894
61 3121 -0.44892726680055484
61 3136 -0.2813150600954804
61 3151 -0.2994471141658638
61 3166 0.33881110919295804
76 3121 0.994646467055867
76 3136 0.6451133561176985
76 3151 -0.9379184064634856
76 3166 0.7065072937932837
91 106 0.22043777324298416
91 3061 0.30132973274962194
91 3076 0.013569755899383798
91 3091 -0.14035009185459085
91 3106 -0.45765434881744843
91 3121 0.6063294295121506
91 3136 0.19768073644547485
91 3151 0.3833563688737533
91 3166 0.4719967767144145
106 3061 0.28073633810373666
106 3076 0.7858015887371896
106 3091 -0.7596297616019423
106 3106 0.21044863505570988
106 3121 -1.0
106 3136 -1.0
106 3151 0.26849151145165273
106 3166 1.0
121 136 -0.29350919264042735
121 3061 0.5207933551587706
121 3076 0.6068412959680366
121 3091 -0.007377485925905421
121 3106 -0.7050997874272839
121 3121 0.01651034017419871
121 3136 -0.005193208538225655
136 3061 0.15946297287450814
136 3076 -0.24501818808512857
136 3091 -0.11955237683125076
136 3106 1.0
136 3121 -0.12765772649729787
136 3136 0.4010416552381285
151 166 -0.04951031816681584
151 3061 -0.20716230591490434
151 3076 0.6237401536258279
151 3091 -0.4229796682486188
151 3106 0.7671187379606483
151 3121 -0.7786512230072953
151 3136 -0.8871880012758369
151 3001 0.42420720433058556
151 3016 1.0
151 3031 -0.09809574975143624
151 3046 -1.0
166 3061 0.17309349660115866
166 3076 0.724621045086411
166 3091 -0.28834713680655755
166 3106 -0.5442456336122233
166 3121 -0.04219911751272397
166 3136 0.1620529276984445
166 3001 -0.8084770029550846
166 3016 0.06442879426763262
166 3031 0.592776448529988
166 3046 -1.0
181 196 0.37068392420509466
181 3061 -0.4958454790233517
181 3076 0.873776105022103
181 3001 0.6833014038203559
181 3016 0.20675915737940506
181 3031 0.6254904840340316
181 3046 0.01712513219724574
196 3061 -0.8715572348974888
196 3076 -0.7625955036143593
196 3001 -0.13682827423409583
196 3016 -0.5965284272780134
196 3031 1.0
196 3046 -0.10257053468376136
211 226 0.5764353072091386
211 3061 0.5258305065606131
211 3076 0.6430705318850191
211 3001 0.5293415900592242
211 3016 -0.7396025042301384
211 3031 -0.04277217362483008
211 3046 -1.0
226 3061 -0.2982256112940661
226 3076 -0.028451479113376237
226 3001 0.8000074545434828
226 3016 0.18931079649891622
226 3031 0.10478472555055095
226 3046 0.3233878603657499
3001 3016 0.2271852573265783
3031 3046 -0.35763466306031344
3061 3076 -0.7846906119706789
3091 3106 0.1939340781082925
3121 3136 0.01886979069024249
3151 3166 -0.040590886389073405
