# 
61 61 -1.783664891908164
76 76 -0.6272833596873978
91 91 0.38907548923550517
106 106 -1.9843744046014364
121 121 -0.6013132581611255
136 136 -0.18746243173599617
151 151 -1.2306517257977945
166 166 -0.4582625991908234
181 181 0.5011843742903138
196 196 -0.5702633170174682
211 211 -2.465193974461817
226 226 1.6010444079472397
3001 3001 -1.0228262798096242
3016 3016 -0.702631326733973
3031 3031 0.9833878233623757
3046 3046 -1.102784724197023
3061 3061 0.40229740551449295
3076 3076 -0.6773511478351885
3091 3091 -2.2388102080512353
3106 3106 -0.2150191300882733
3121 3121 -1.6741148530288488
3136 3136 0.07697366513399646
3151 3151 -0.5310508120973386
3166 3166 0.7297228278069192
61 76 0.019929584964583504
61 3121 0.19267119460470847
61 3136 0.27454173177588403
61 3151 -0.3862417445374431
61 3166 0.07624796144053939
76 3121 -1.0
76 3136 -0.9018445357293906
76 3151 -0.051635315238608454
76 3166 0.05630877191657234
91 106 -0.5155035942811242
91 3061 -0.4036792875761274
91 3076 0.5505495435998112
91 3091 0.08101189302787287
91 3106 0.367289068504448
91 3121 0.284928025958188
91 3136 0.426764585979374
91 3151 -0.3755482746434964
91 3166 -0.5492456096435249
106 3061 1.0
106 3076 -0.14878500345877388
106 3091 0.021115192303729578
106 3106 -0.35883868550036047
106 3121 -0.04202873794194783
106 3136 0.9979117152950491
106 3151 -1.0
106 3166 -0.27924691374904004
121 136 0.7529766142169705
121 3061 -0.13525547428913753
121 3076 0.4214900838166946
121 3091 0.6997133018089513
121 3106 0.03517652210391089
121 3121 0.3728163636545557
121 3136 1.0
136 3061 0.7296521279243491
136 3076 0.7361406448998477
136 3091 0.7935258894811237
136 3106 -0.9137950599712424
136 3121 0.4107820905105375
136 3136 -0.1864851135034069
151 166 1.0
151 3061 0.2484760782490116
151 3076 0.037224706552906064
151 3091 -0.35253786083095856
151 3106 -0.22244091028114482
151 3121 -0.3364235790564515
151 3136 -0.6960960235162339
151 3001 -0.39665211383246435
151 3016 1.0
151 3031 -0.4856259149571949
151 3046 -0.9956778689964243
166 3061 -0.3485227790784039
166 3076 -0.9435567259738761
166 3091 -0.18682633795557163
166 3106 -0.16109718528101435
166 3121 -0.4681686464720286
166 3136 -0.43727748752267853
166 3001 0.0071898724183851025
166 3016 -0.4523897863907123
166 3031 0.8004675532989426
166 3046 0.031236232637720223
181 196 0.4963720715182264
181 3061 -0.13614042439685337
181 3076 -0.42203815436618164
181 3001 0.5707292814987701
181 3016 -0.0018043876744164573
181 3031 -0.3433050451994862
181 3046 -0.8134947297299855
196 3061 -0.3413326116614811
196 3076 0.2268657795566448
196 3001 -0.32688662188803846
196 3016 -0.19781454103823637
196 3031 0.2198980513827476
196 3046 1.0
211 226 0.06598574495640948
211 3061 0.355655967124714
211 3076 -0.6345635382221593
211 3001 0.10690055184096417
211 3016 0.1487892120542253
211 3031 -0.8776228501009097
211 3046 -0.20392179852389405
226 3061 -0.589959976557241
226 3076 0.5703468621323151
226 3001 0.4101650883919928
226 3016 0.43515216108838384
226 3031 0.44706597764710704
226 3046 0.06184318187029447
3001 3016 -0.9357255836408582
3031 3046 0.13026043852493144
3061 3076 0.14634035299065468
3091 3106 -0.4551211522628938
3121 3136 -0.9156544056676282
3151 3166 0.17585258351379143
