# 
61 61 0.18200550074611777
76 76 -1.9579537145458672
91 91 -0.8940638062931071
106 106 -1.587687360169646
121 121 0.5116860548186192
136 136 0.39220857145959287
151 151 -2.4356160697334936
166 166 -1.125686442400538
181 181 -1.0724570795303408
196 196 0.970581159815845
211 211 -1.0508711363434744
226 226 0.5705403091587745
3001 3001 0.7716494214966878
3016 3016 -0.19919425412265232
3031 3031 -0.06882735446686801
3046 3046 0.01489980363551144
3061 3061 0.6689803102566027
3076 3076 -0.896658532203564
3091 3091 -2.0400254307285444
3106 3106 0.8699861485353892
3121 3121 -0.045534314858766134
3136 3136 -0.31706937992431117
3151 3151 0.1710193665195741
3166 3166 -0.273718177952607
61 76 0.5943559516337463
61 3121 -0.47078506990788727
61 3136 -0.012092241282931291
61 3151 -0.17903821659517238
61 3166 -0.4147766603299409
76 3121 -0.1264825625946714
76 3136 -0.3784561283493874
76 3151 0.19255359510236225
76 3166 0.33164493302184245
91 106 -0.35640858424946753
91 3061 -0.4888632015061414
91 3076 -0.18480240415447355
91 3091 -0.05504886668870494
91 3106 0.5557099640307717
91 3121 -0.7472404263659446
91 3136 0.3938740702941481
91 3151 0.8958871446434461
91 3166 -0.9329758020544704
106 3061 0.8049568008521355
106 3076 0.7933756073911177
106 3091 -0.1833150210736031
106 3106 -0.1495470368717556
106 3121 0.08453220201297035
106 3136 -0.5010488177083746
106 3151 -0.36110239663794685
106 3166 -1.0
121 136 0.4122984624357222
121 3061 0.09690244970485756
121 3076 0.37904798818813684
121 3091 -0.729833983534713
121 3106 -0.259093045416104
121 3121 0.26136155813204626
121 3136 -0.5210320106486566
136 3061 0.35304347081587856
136 3076 -0.09413874486506779
136 3091 0.4410654045034556
136 3106 0.3363243163780686
136 3121 -0.5001022397810235
136 3136 0.7682298484135681
151 166 0.263057295243596
151 3061 0.22440883840978665
151 3076 0.3684475271987663
151 3091 -0.39800333742828037
151 3106 0.10646623306181953
151 3121 -0.2483467276110293
151 3136 0.6067432689488735
151 3001 -0.5645742105468956
151 3016 -0.5133635534133635
151 3031 0.10020970490986313
151 3046 0.6687532755683133
166 3061 -0.11286127757884792
166 3076 0.33754656687269674
166 3091 0.6475209788138769
166 3106 -0.5658055544216201
166 3121 -0.05331542769349807
166 3136 0.0283598305483904
166 3001 -0.15647073221697877
166 3016 -0.33253904760476916
166 3031 -0.8746655819698695
166 3046 -0.14786704005236248
181 196 0.0556535291089677
181 3061 0.4379553751618777
181 3076 -0.32888690237794255
181 3001 0.5129625736891005
181 3016 0.5814767390943707
181 3031 0.16242531579082772
181 3046 0.10118217806613379
196 3061 -0.8570889797904545
196 3076 -0.1617888757019627
196 3001 0.07050890818820853
196 3016 -0.4740547137156884
196 3031 -0.3514041721639524
196 3046 0.5278453665119173
211 226 0.3426551278616833
211 3061 0.10361703997806807
211 3076 -0.6532525980792718
211 3001 0.68872410237303
211 3016 0.1560796786276383
211 3031 0.406649801334631
211 3046 0.7041852435874046
226 3061 0.5783969882440713
226 3076 -0.1621458630358897
226 3001 -0.8362673844943017
226 3016 0.7441370922296391
226 3031 -0.6042056394356767
226 3046 0.3862451131386017
3001 3016 0.07664465915051044
3031 3046 -0.371943650809549
3061 3076 0.6630936786960244
3091 3106 0.06683467034348367
3121 3136 -0.7832180282475819
3151 3166 0.24083157933388638
