# 
61 61 0.22872465755427368
76 76 -0.1041292399708453
91 91 -0.48945453104419717
106 106 0.07410835955773946
121 121 -0.28257634208535154
136 136 -0.26614207665989265
151 151 -1.6282483713993499
166 166 -0.3347675243631198
181 181 0.6762454875038991
196 196 -0.31337045570575645
211 211 -0.40267397181976927
226 226 0.5814509867420695
3001 3001 0.8578638006583155
3016 3016 -0.08007077758199485
3031 3031 0.1383252923793033
3046 3046 1.6102584737269126
3061 3061 1.0109676446461582
3076 3076 -1.0520750080027792
3091 3091 -0.34168263352783607
3106 3106 -0.929718427499018
3121 3121 -0.980264032334294
3136 3136 -1.183645931083831
3151 3151 1.0551113926587643
3166 3166 -1.2958610506870847
61 76 -0.5173858245246935
61 3121 -0.27481038318483303
61 3136 -0.04053777517946621
61 3151 -0.3240195073537683
61 3166 -0.6183353075735687
76 3121 0.2139198214404657
76 3136 -0.1514430436817095
76 3151 -0.9900189830510444
76 3166 0.40282249050666763
91 106 -0.6145749051933401
91 3061 -0.3020234769751226
91 3076 -0.2700641849092692
91 3091 -1.0
91 3106 -0.4249074933044565
91 3121 0.0980351328072946
91 3136 -0.23838890189922812
91 3151 -0.10007987677939088
91 3166 0.5240902418262519
106 3061 -0.2943130950704342
106 3076 -1.0
106 3091 -0.2409990959945437
106 3106 -1.0
106 3121 0.05407971470680249
106 3136 0.33409427188166335
106 3151 -0.7580525542773388
106 3166 0.8147640452253812
121 136 -0.9819380804090705
121 3061 -0.48802945733596326
121 3076 -0.8080730999288012
121 3091 -0.7130312761871314
121 3106 -1.0
121 3121 -0.36571190287435007
121 3136 0.43238071712152737
136 3061 -0.5206248093310077
136 3076 -0.011231621733874625
136 3091 0.05825364619131302
136 3106 0.1263143487534861
136 3121 0.14298187920637953
136 3136 -0.3013412038082486
151 166 0.32871604522341047
151 3061 0.36368715012296193
151 3076 0.09634793235424192
151 3091 -0.7694937276866294
151 3106 -0.0383417160227893
151 3121 -0.001756220492002024
151 3136 -0.17907861756899482
151 3001 -0.7590889072477465
151 3016 0.8427188723339276
151 3031 0.5717237532178566
151 3046 -0.6157300579186167
166 3061 0.39064826749611276
166 3076 0.49759439116234466
166 3091 -0.5283026951796749
166 3106 -1.0
166 3121 0.4140746494491818
166 3136 -0.6687128196853382
166 3001 -0.4648573287906107
166 3016 -0.6976241699830592
166 3031 0.3212350563669037
166 3046 0.005367017335152038
181 196 -0.05103349830514776
181 3061 -0.31240378041433825
181 3076 -0.18594293743003457
181 3001 0.30699415742280983
181 3016 0.08490081425526295
181 3031 -0.37673327318880845
181 3046 0.08072704010230593
196 3061 0.44877955477326176
196 3076 0.27386886375062475
196 3001 0.2814213879753204
196 3016 0.583963580332744
196 3031 0.6766761488847486
196 3046 0.14062117024908627
211 226 0.6441886159631924
211 3061 0.05805514877968856
211 3076 -0.18506875769667824
211 3001 -0.6657619995165157
211 3016 -0.9945995441821202
211 3031 0.278868969346474
211 3046 -0.08359789403998405
226 3061 0.0032483903912125666
226 3076 0.5742031833986879
226 3001 0.006733202011828098
226 3016 0.3847624119022273
226 3031 0.16476486308052823
226 3046 0.35011310238981586
3001 3016 0.046474074505445724
3031 3046 -0.32707395589505006
3061 3076 0.5056324072680051
3091 3106 -0.16685293428092438
3121 3136 -0.0828695229614696
3151 3166 0.9909839236704873
