# 
61 61 -1.227141352448109
76 76 -0.47760286648857087
91 91 0.5299583062829626
106 106 -0.7454443082436452
121 121 -0.3122523010638068
136 136 0.02626212595929913
151 151 -0.34981181255679045
166 166 0.15198518134306221
181 181 -0.13915667698645848
196 196 -0.02177908930072828
211 211 -0.19344919662231447
226 226 -0.7489998872941701
3001 3001 -1.2632749169223352
3016 3016 -2.3051295235543656
3031 3031 0.3013221858568484
3046 3046 -0.4067835083931072
3061 3061 1.287320842858052
3076 3076 1.4360084080191091
3091 3091 0.5905964842339477
3106 3106 0.04085233460093257
3121 3121 0.8625340813856667
3136 3136 0.46339600825192
3151 3151 0.4101030669437689
3166 3166 0.7327415936975646
61 76 -0.6467634593797842
61 3121 0.5772443997325329
61 3136 0.31817032324406036
61 3151 0.3118689230374321
61 3166 0.06248475695004306
76 3121 0.3960032935870038
76 3136 0.2955258116003414
76 3151 0.8308096312942698
76 3166 0.27095946377036323
91 106 -0.7356475657023479
91 3061 0.7861088798082001
91 3076 0.20034956316683142
91 3091 0.10718687248304234
91 3106 0.3017438328152655
91 3121 0.01837524884204048
91 3136 -0.17410711172411664
91 3151 0.27622119445251314
91 3166 0.2987277059666932
106 3061 -0.096855614044997
106 3076 1.0
106 3091 -0.4602350498151569
106 3106 -0.8190137971579478
106 3121 0.8021563400453146
106 3136 0.761525852067676
106 3151 0.2407990206041715
106 3166 -0.3621771661591599
121 136 0.6169578042128936
121 3061 -0.9921222722832782
121 3076 0.07848659467338834
121 3091 0.437689617146583
121 3106 -0.9070766113883908
121 3121 0.24934648245316257
121 3136 0.508102887417341
136 3061 -0.05960043285716476
136 3076 0.023736780204612385
136 3091 0.4675819665214821
136 3106 -0.24821248070874147
136 3121 0.04424368352448853
136 3136 -0.07563560737396371
151 166 -0.4941225666210926
151 3061 -0.624874196837349
151 3076 0.11520008092850946
151 3091 0.19031652949260103
151 3106 -0.32411669863812437
151 3121 -1.0
151 3136 -0.15587325148652184
151 3001 -0.21451884188470627
151 3016 -0.6376052225917321
151 3031 -0.3667097940781211
151 3046 1.0
166 3061 -0.42487698969204896
166 3076 -0.2507834571686338
166 3091 -0.3518392633657353
166 3106 0.03671634491683942
166 3121 -0.34000180122996476
166 3136 0.8617933073461876
166 3001 0.07044117772735699
166 3016 -0.24052246413755965
166 3031 0.5960090540867602
166 3046 0.2229869870041994
181 196 0.5799705568559497
181 3061 -0.15914488892360432
181 3076 0.3631446939175788
181 3001 0.5799145359364407
181 3016 -1.0
181 3031 -0.5852365036079362
181 3046 0.8535678870483606
196 3061 -0.527114469959511
196 3076 -0.5740838269490846
196 3001 0.3992957152114047
196 3016 0.693830086461827
196 3031 0.2594763433692643
196 3046 0.028815147497525315
211 226 0.3891262800893333
211 3061 0.27669189711522213
211 3076 -0.43882250014337165
211 3001 -0.1092998989468855
211 3016 -0.026968485317603604
211 3031 -0.2170349740938482
211 3046 0.2956557350532776
226 3061 0.14111128406286008
226 3076 -0.3983878330949249
226 3001 -0.5360233017420264
226 3016 0.18075946245633798
226 3031 -0.6461745723270627
226 3046 -0.18723223314610424
3001 3016 -0.21438410041237996
3031 3046 -0.6826042540854821
3061 3076 0.37812944371417034
3091 3106 0.14604468189375122
3121 3136 0.5339827301012835
3151 3166 0.5532801008477147
