# 
61 61 0.6301082294224991
76 76 -0.03344297226383255
91 91 0.6455012169165377
106 106 -0.07790801418414738
121 121 0.15141566731923714
136 136 -0.15183989700082212
151 151 0.7753524354954242
166 166 -1.1619795117899716
181 181 0.12309488687351142
196 196 -1.2918452896891854
211 211 0.1429096261037814
226 226 -0.14537367366137868
3001 3001 1.1762042061209148
3016 3016 0.16043025272251438
3031 3031 -0.6168040197958663
3046 3046 -2.372832194055992
3061 3061 0.424126013959937
3076 3076 1.4107997048558045
3091 3091 1.184803835586927
3106 3106 1.0512477765187882
3121 3121 1.6580057041545275
3136 3136 0.5548741737364745
3151 3151 -0.15365447320881814
3166 3166 -1.2692086722718527
61 76 -0.10650458989530971
61 3121 -0.5668751715368507
61 3136 -0.01932059329523256
61 3151 0.6213717714561025
61 3166 -0.11264804772644002
76 3121 -0.06914781729164328
76 3136 -0.49338159918494845
76 3151 1.0
76 3166 0.17070789116190566
91 106 -0.6588738665697724
91 3061 0.05893442162680149
91 3076 0.6889580672269735
91 3091 -0.6255250795661905
91 3106 -0.47288124381773944
91 3121 -0.2857033662822485
91 3136 0.7577891652172218
91 3151 0.28512927774468977
91 3166 1.0
106 3061 -0.2643444693204649
106 3076 0.5872727558313433
106 3091 0.6437451922091608
106 3106 0.6846435965838531
106 3121 -0.728408068679609
106 3136 -0.09523101435552489
106 3151 -0.12260731878244596
106 3166 -0.018411573603412713
121 136 0.17934768214325503
121 3061 -0.24482996887393713
121 3076 -0.3799784064401484
121 3091 0.724839999777939
121 3106 -1.0
121 3121 0.1482279171861975
121 3136 0.6854423497153096
136 3061 -0.1829485574209383
136 3076 -0.6013778011032902
136 3091 -0.0012233379704255322
136 3106 -1.0
136 3121 -0.8279127485678386
136 3136 -0.2612973815667404
151 166 -0.1293674585609268
151 3061 -0.7052896840422902
151 3076 -1.0
151 3091 -0.8713598663103188
151 3106 -0.0774116423752924
151 3121 0.9111690452954473
151 3136 0.4015398386929357
151 3001 0.15363681301254486
151 3016 0.9915915662894137
151 3031 -0.2267502743257338
151 3046 0.40240911034470067
166 3061 0.5068177778282477
166 3076 -0.11253637966837048
166 3091 0.48615616589323496
166 3106 0.5613258977881607
166 3121 -0.31530666124995965
166 3136 0.1652642675054529
166 3001 -0.23066095927520971
166 3016 0.6891079363430114
166 3031 -0.10475912518975702
166 3046 1.0
181 196 0.11325706963072794
181 3061 -0.046466050213411776
181 3076 -0.25490082750020765
181 3001 0.23736058827516598
181 3016 0.18867151485351963
181 3031 0.4301491474583511
181 3046 1.0
196 3061 0.03726629404493308
196 3076 -0.4240876292520255
196 3001 0.3222028175404335
196 3016 0.044805323891803375
196 3031 0.617497216886635
196 3046 0.06201640896965475
211 226 0.17702742836489432
211 3061 0.25416795335454656
211 3076 0.1884536233300666
211 3001 -1.0
211 3016 0.8543210064729786
211 3031 -0.20703564753216375
211 3046 0.2869197699343162
226 3061 0.5483103398362947
226 3076 0.3328737646637672
226 3001 -0.474432695086732
226 3016 -0.2684560574353255
226 3031 -0.5989822780631636
226 3046 0.21642131201312742
3001 3016 0.08002506733528028
3031 3046 0.10427979721093496
3061 3076 0.4023291442254502
3091 3106 -0.12644991938763253
3121 3136 0.6776758256245645
3151 3166 0.6227641398570254
