# 
61 61 0.6037335038254579
76 76 -0.573735751132347
91 91 1.0870572436006405
106 106 2.144603351810076
121 121 -0.6963182346100232
136 136 0.11440428863361456
151 151 -1.2261530665981168
166 166 1.8819975047548565
181 181 0.512714848318743
196 196 1.4256086102631589
211 211 1.3206335314648072
226 226 -0.9342261983336086
3001 3001 0.12534826787925357
3016 3016 -1.9021886768303409
3031 3031 0.244188481787599
3046 3046 -0.5991410959807042
3061 3061 -1.3042007928321457
3076 3076 -0.839956610722488
3091 3091 -0.48441142625085715
3106 3106 0.9329578443842582
3121 3121 -0.3609111733571239
3136 3136 0.08006406032167397
3151 3151 -0.21583454448737371
3166 3166 0.19985486311247974
61 76 0.1815338938168221
61 3121 -0.2469954354061467
61 3136 -0.8160957984899696
61 3151 -0.12001201161642286
61 3166 0.22233090249069248
76 3121 -0.6818656517353132
76 3136 0.1555144458283882
76 3151 0.5486023920828311
76 3166 0.7886396383125331
91 106 -0.29617044015189936
91 3061 0.038996144061342795
91 3076 0.11147816479104358
91 3091 -0.3536392223669829
91 3106 0.7718355966132356
91 3121 -0.036480635783649254
91 3136 0.2391075440767096
91 3151 1.0
91 3166 -0.3345644125232854
106 3061 -0.05733733301078555
106 3076 -0.2333458628960486
106 3091 0.012569688196436661
106 3106 -0.5456994424917911
106 3121 -0.2880977579824324
106 3136 -0.5211921022144747
106 3151 -0.06586346028344783
106 3166 0.06432684211012137
121 136 0.3441699251536803
121 3061 -0.5938774450797428
121 3076 0.1326798904399508
121 3091 -0.12911147832086392
121 3106 -0.26597702382186766
121 3121 -0.40142737470539486
121 3136 0.09558360814061827
136 3061 -0.4750086595822156
136 3076 -0.4417738190121993
136 3091 0.5116244879896897
136 3106 -0.43383985539188874
136 3121 0.01789057135254089
136 3136 0.28556565423422603
151 166 0.6344486529797968
151 3061 -1.0
151 3076 0.432821746607329
151 3091 -0.15866981648411524
151 3106 -0.02346395458601721
151 3121 0.579174530366146
151 3136 0.29728527781800185
151 3001 0.23228362086718707
151 3016 0.5402454873697364
151 3031 -0.9020469029474316
151 3046 -0.1983894589548213
166 3061 0.5889272643046761
166 3076 -0.8012954369518203
166 3091 -0.033456132617216985
166 3106 0.5084364472881105
166 3121 0.4054934930929733
166 3136 -0.11860432831336279
166 3001 0.7994917895159945
166 3016 0.17474947940354618
166 3031 0.6221352945861444
166 3046 -0.17878822057868596
181 196 1.0
181 3061 -0.7708502682659931
181 3076 1.0
181 3001 0.5176396856886811
181 3016 0.3129235812429763
181 3031 -0.0920021283466421
181 3046 0.08067278393250356
196 3061 -0.5684792605750636
196 3076 -0.1820001800915371
196 3001 -0.9548195327264534
196 3016 1.0
196 3031 0.030705491968203887
196 3046 -0.721017500244434
211 226 -0.6485975851713552
211 3061 0.16721293603732634
211 3076 -0.29660176189130916
211 3001 0.34466616471142764
211 3016 -0.06163974369510884
211 3031 -0.008888001525336182
211 3046 1.0
226 3061 0.3572073901759936
226 3076 0.3531291334128237
226 3001 0.38274342165875747
226 3016 -0.17641361012593215
226 3031 -0.5890358748674758
226 3046 -0.2633542567755789
3001 3016 -0.36068459907869754
3031 3046 -0.3900434247690468
3061 3076 0.19468568018771268
3091 3106 -0.12594129417283684
3121 3136 -0.35945409077904167
3151 3166 0.2128614798348474
