# 
61 61 0.8563662018984625
76 76 -0.7335266145153032
91 91 -0.0873992443112647
106 106 0.2565667979077188
121 121 -0.9284564337364205
136 136 0.48119399360738685
151 151 -0.16642064209931784
166 166 1.5717376415275497
181 181 1.119796700012436
196 196 -1.0242716410155026
211 211 -1.2606017622483794
226 226 -2.7764541477816476
3001 3001 0.348752504385814
3016 3016 -0.18199213340913542
3031 3031 0.20725584052797721
3046 3046 -0.13626857834122574
3061 3061 1.1714131491116466
3076 3076 -0.45744660124166586
3091 3091 0.13046740192076917
3106 3106 -0.3963862232153123
3121 3121 -1.494718992443206
3136 3136 -0.6258498798132427
3151 3151 -1.236427097451684
3166 3166 0.2420561110726745
61 76 -0.488762539597444
61 3121 -0.6342541022231682
61 3136 0.3510030572283412
61 3151 -0.7953650758986853
61 3166 0.5736500261257974
76 3121 0.5131799974264997
76 3136 1.0
76 3151 -0.7298460308070148
76 3166 -0.6356266605441723
91 106 -0.12014838272076638
91 3061 0.09660954592516882
91 3076 -0.44459096108569274
91 3091 -0.4771503941539139
91 3106 -0.6777183946530956
91 3121 -0.6305959277579558
91 3136 -0.03015046213056831
91 3151 -0.04409926741092286
91 3166 -0.6583881198514505
106 3061 -0.07901137847902018
106 3076 -0.5283946576788405
106 3091 0.02389332468473688
106 3106 -0.18294910151772997
106 3121 -0.29976806518906157
106 3136 0.16404026439276856
106 3151 0.4457889203338167
106 3166 0.039905983064209456
121 136 0.059286451896617735
121 3061 0.8875806942362108
121 3076 -0.16011328705599606
121 3091 0.1915893955936161
121 3106 0.8107998757670788
121 3121 0.58628261297471
121 3136 -0.3021133940303223
136 3061 0.33501816572729726
136 3076 0.43592393162640536
136 3091 -0.5254005842073761
136 3106 -0.4665239447217473
136 3121 0.43928836785765274
136 3136 -0.2106539569213609
151 166 -0.19519875704256928
151 3061 -0.25533524631693055
151 3076 0.7155639450472367
151 3091 -0.3938144488973809
151 3106 -0.07676207318126589
151 3121 -0.5218909938995658
151 3136 -0.030014728069386324
151 3001 0.6920839751887072
151 3016 -1.0
151 3031 -0.05810633177508135
151 3046 0.6126079125977889
166 3061 0.1997453925740224
166 3076 0.17801943848708002
166 3091 -0.26408348769592854
166 3106 0.6143119707622833
166 3121 0.037698445397515996
166 3136 -0.2022496623412064
166 3001 0.29754122209831446
166 3016 0.10239131058793186
166 3031 0.6334501302151874
166 3046 -0.3661794043071811
181 196 -1.0
181 3061 -0.4099003311480251
181 3076 -0.5531138921411933
181 3001 0.32809000464926397
181 3016 -1.0
181 3031 0.0776823349255896
181 3046 0.4471402267389934
196 3061 0.4255130210001789
196 3076 0.2556625605746894
196 3001 -0.18994314240928695
196 3016 0.23359614007024573
196 3031 0.11958873425972831
196 3046 1.0
211 226 0.3913875826172925
211 3061 -0.5669889899922546
211 3076 -0.003065540960478135
211 3001 0.4442786092927779
211 3016 0.09162732258450094
211 3031 -0.12566327672839367
211 3046 -0.600616525506078
226 3061 0.49872406225190136
226 3076 0.11821105007067029
226 3001 0.5702949995468506
226 3016 -0.1042413399284158
226 3031 0.7467554613796619
226 3046 -0.23504010266330624
3001 3016 0.05161420054977125
3031 3046 -0.24745128313262574
3061 3076 0.4021928732334461
3091 3106 0.23340421434493197
3121 3136 1.0
3151 3166 -0.14708619538516696
