# 
61 61 -1.1143303152646797
76 76 -0.8680757950637593
91 91 0.2837898732109345
106 106 -1.302751504767873
121 121 1.68454152989951
136 136 -0.5412342038794903
151 151 -0.6075297673628337
166 166 0.08955906819426224
181 181 0.905452067321108
196 196 -1.3473224141349822
211 211 0.7337124671686651
226 226 -2.300314542273813
3001 3001 -0.9598469094457506
3016 3016 0.42636741126729966
3031 3031 1.0205019945984615
3046 3046 0.5333288832603721
3061 3061 -1.1381632206423022
3076 3076 -0.2686711683763817
3091 3091 0.5353588618762586
3106 3106 -0.24457728458612288
3121 3121 1.5654901010627587
3136 3136 0.382809973664659
3151 3151 0.9192812972056119
3166 3166 -1.0109700779065642
61 76 0.6085998682295706
61 3121 -0.05481212429598676
61 3136 -0.21906730854017478
61 3151 0.3955049655567694
61 3166 -0.5688751794241482
76 3121 0.06922550722009206
76 3136 0.15681805586743597
76 3151 0.03515828058342414
76 3166 0.4863028092792202
91 106 -0.09153416844246445
91 3061 -0.37278268807622295
91 3076 -0.08640371734653793
91 3091 -0.039051673099305025
91 3106 0.5694320714602702
91 3121 0.1942020075520933
91 3136 -0.23852083013618652
91 3151 -0.5324666652231528
91 3166 0.7024313342615673
106 3061 -0.046122966492449104
106 3076 0.3965965304235039
106 3091 -0.23099353931807415
106 3106 0.22606385052993588
106 3121 0.7244365000703394
106 3136 0.41429404413739407
106 3151 0.2200798752576091
106 3166 -0.16980420674954055
121 136 -0.239062287756932
121 3061 -0.053934900465258104
121 3076 -0.29456973236437634
121 3091 -0.26278941230060043
121 3106 0.19724785955905086
121 3121 -0.42419478525139287
121 3136 -0.4466927101722611
136 3061 -0.1558165291383599
136 3076 0.7408323896395415
136 3091 1.0
136 3106 -0.5102628965453405
136 3121 0.342300154357059
136 3136 0.20744425579939393
151 166 0.2912471898752283
151 3061 -0.2297172856488767
151 3076 -0.39102176935076133
151 3091 -0.3784423559358602
151 3106 0.52512836121937
151 3121 -0.29197673315224587
151 3136 -0.2600263411233832
151 3001 0.6151018960396533
151 3016 0.05908281780047613
151 3031 -0.5889827122302361
151 3046 -0.004873020833568687
166 3061 0.38440668901234826
166 3076 -0.35223983055064806
166 3091 -0.1580717755325249
166 3106 -0.5583390376682075
166 3121 0.018359493786035186
166 3136 -0.2020755988264933
166 3001 -0.06693137871843896
166 3016 0.1548433443150752
166 3031 0.11015678138446174
166 3046 -0.6488911281318098
181 196 -0.25909696290318607
181 3061 0.011685584644127715
181 3076 -0.727352959861657
181 3001 -0.27463461045000387
181 3016 0.07689923193944584
181 3031 0.029332552608628014
181 3046 0.44311003260306375
196 3061 0.1278587755367383
196 3076 0.01792156031441881
196 3001 -0.4152843834955031
196 3016 0.3167571148114102
196 3031 0.30230326012719877
196 3046 0.11265942414244019
211 226 0.5360299857196398
211 3061 0.46348209107640725
211 3076 -0.05708392622486758
211 3001 -0.02039216778732186
211 3016 0.7252144494830818
211 3031 0.31711266518512077
211 3046 0.40153059929348867
226 3061 -0.9654837277991234
226 3076 -0.23710121649599689
226 3001 0.25063101926816034
226 3016 -0.22363900026012734
226 3031 0.12341806133912359
226 3046 -0.7764721035752195
3001 3016 0.19906567052563204
3031 3046 -0.5409956089453327
3061 3076 0.11659696256956978
3091 3106 -0.5933440850378716
3121 3136 0.18538231007015993
3151 3166 0.6227737905652886
