# 
61 61 0.7554658429401049
76 76 -2.234910943476263
91 91 -0.519111146137945
106 106 -0.17201196760299503
121 121 1.038170017686039
136 136 -0.696995446357999
151 151 -0.7331031011068266
166 166 -1.0168328884575308
181 181 -1.4213146377077062
196 196 -0.055316551030101226
211 211 0.6095499178373085
226 226 -1.1466249163313191
3001 3001 -0.32858960030177153
3016 3016 -1.2940990220588817
3031 3031 0.6722362800160523
3046 3046 -0.05205073371612333
3061 3061 -0.38664961546519055
3076 3076 -0.08428897014411749
3091 3091 0.570578544493326
3106 3106 -0.49418250064949204
3121 3121 0.4913536948463998
3136 3136 -0.22098168593078246
3151 3151 -0.6330390829914602
3166 3166 -1.9704075756630368
61 76 -0.11736174141838482
61 3121 0.14858590286961199
61 3136 0.03943686789017943
61 3151 -0.717009957342274
61 3166 0.05628134536173508
76 3121 -0.4246904253196945
76 3136 0.03072657266623364
76 3151 -0.9308895423852247
76 3166 -0.1867626118468582
91 106 0.417927798024589
91 3061 0.29472784031475996
91 3076 0.1762744716844197
91 3091 0.05146849847297787
91 3106 -0.5450232623881824
91 3121 0.7128587302979411
91 3136 0.5363527089400593
91 3151 0.23085827302811188
91 3166 -0.22440377917163545
106 3061 0.011906822550193551
106 3076 0.4731550849330546
106 3091 -0.5793199274104732
106 3106 -1.0
106 3121 0.18229941058050791
106 3136 0.43852291428142864
106 3151 -0.540281253530089
106 3166 0.14410815808552674
121 136 0.37796857124614225
121 3061 -0.017944384637362493
121 3076 0.5478336587202575
121 3091 -1.0
121 3106 -0.3062946837003194
121 3121 0.42132290887889073
121 3136 -1.0
136 3061 0.08124649216858564
136 3076 0.23680108364256922
136 3091 -0.09475868856338289
136 3106 -0.7821048234942216
136 3121 0.46964707062371913
136 3136 0.5226594462596246
151 166 0.48420110914488357
151 3061 -0.4201020070245122
151 3076 -0.19647662175480118
151 3091 0.3193147396967093
151 3106 0.1489183586691243
151 3121 -0.06695056650739376
151 3136 -0.04958132490626845
151 3001 0.4277211311630644
151 3016 -0.05306320180587855
151 3031 -1.0
151 3046 0.5115648528910188
166 3061 0.3698584540099953
166 3076 0.8404557037299906
166 3091 0.49636651356694295
166 3106 -0.16241255048760422
166 3121 0.0982196376125006
166 3136 0.19932416166450792
166 3001 0.36558144255355385
166 3016 0.1354745504342351
166 3031 -0.6698386637711178
166 3046 0.1624484187235695
181 196 0.7157811886317947
181 3061 -0.17483440715726078
181 3076 -0.7217684067951597
181 3001 -0.3031663031576257
181 3016 1.0
181 3031 -0.34179066892642596
181 3046 0.29002806578791285
196 3061 -0.00460988565541254
196 3076 -0.278029209512488
196 3001 -0.4159446015850165
196 3016 0.38138921265832476
196 3031 0.1373878628900381
196 3046 0.8334685227267962
211 226 -0.2854994596549713
211 3061 -0.04457366263654941
211 3076 0.145087677990315
211 3001 0.01001026173834406
211 3016 -0.8237374396697339
211 3031 0.8390135482121941
211 3046 -1.0
226 3061 0.5962141975795547
226 3076 -0.031355255848405594
226 3001 0.3179350742087108
226 3016 -0.8990496384992166
226 3031 -0.28580144808172614
226 3046 0.47881976166427265
3001 3016 0.10872569883839156
3031 3046 -0.927665532809677
3061 3076 0.5382839911866125
3091 3106 0.9289344772113156
3121 3136 -0.7641389448634597
3151 3166 -0.9002534288376618
