# 
61 61 0.7183103778325395
76 76 -1.0909589848741696
91 91 2.991949383486278
106 106 -1.4545933164401195
121 121 -2.3991795262965985
136 136 1.6311265303412017
151 151 0.6416297956223567
166 166 -0.9582601887946912
181 181 1.526240329768229
196 196 -0.8224083309856957
211 211 -1.1660993805413489
226 226 0.3303087475696853
3001 3001 1.3002375271340927
3016 3016 -0.970526760897342
3031 3031 1.5411558930765694
3046 3046 -1.9399128693528718
3061 3061 1.1853777401663335
3076 3076 0.8064265362295406
3091 3091 -0.36102470801950864
3106 3106 1.0874912510511179
3121 3121 0.5279338395560751
3136 3136 -0.5972178314996713
3151 3151 -0.018257877726197618
3166 3166 -2.02744772900641
61 76 0.06453331826397775
61 3121 -0.44164259461738037
61 3136 0.2624372040106946
61 3151 -0.2608069125785038
61 3166 0.18956135280099767
76 3121 0.577634356972937
76 3136 -0.8362410353729045
76 3151 0.41127140999334066
76 3166 0.26382454249941817
91 106 -0.4445657316622038
91 3061 0.8090608784629165
91 3076 -0.17070277173490453
91 3091 0.21776674218328007
91 3106 0.5678960747040471
91 3121 -0.2799487746582022
91 3136 -0.9706341331724602
91 3151 -0.4183471922206104
91 3166 -0.954772822975912
106 3061 0.2802385803541976
106 3076 1.0
106 3091 -0.5036079803626646
106 3106 0.9387708726803744
106 3121 0.06915747069798607
106 3136 0.8006581384194281
106 3151 -0.3089830137854707
106 3166 0.16533871837649594
121 136 0.0899112973998163
121 3061 0.5068461332597477
121 3076 0.6789222523666675
121 3091 0.09813955313445927
121 3106 -0.36359083456224706
121 3121 0.6403267870905315
121 3136 0.039503818902261234
136 3061 0.18214330611296997
136 3076 -0.19653468250737752
136 3091 0.25893064556742096
136 3106 -0.009137176101641982
136 3121 -0.39991988989361027
136 3136 0.5092851247352665
151 166 0.4810952711754873
151 3061 -0.5802128369136279
151 3076 -0.4224567841392013
151 3091 -0.3441468294955491
151 3106 0.5900148527783216
151 3121 0.28314284461745304
151 3136 -0.10738413367454769
151 3001 -0.2748420924067447
151 3016 -0.03671413639394581
151 3031 0.0510451722252373
151 3046 0.14333183095211796
166 3061 0.8901357400752586
166 3076 -0.3063176047055997
166 3091 -0.2681187539167799
166 3106 -0.2849151652314045
166 3121 0.9253781830511713
166 3136 -1.0
166 3001 0.42365893933734167
166 3016 0.4609300864679621
166 3031 0.05970962875753026
166 3046 -0.9402199197827862
181 196 0.09165155221631333
181 3061 -0.019170022581776847
181 3076 -0.38662350500619297
181 3001 0.5284539019708876
181 3016 0.4807543560910167
181 3031 0.4597662945633136
181 3046 0.4800536005748082
196 3061 0.770672706293189
196 3076 0.0033691656812454116
196 3001 0.08426398928697064
196 3016 0.19572744213012783
196 3031 -0.658670827405524
196 3046 0.46428205596220956
211 226 0.33489472761483885
211 3061 0.3478985920520757
211 3076 0.4406413429175829
211 3001 -0.680346798252276
211 3016 -0.26567333231861345
211 3031 -0.589562143140146
211 3046 0.7041650305570718
226 3061 0.796341616774462
226 3076 0.3802136557169587
226 3001 0.9651863637843798
226 3016 -0.16790408256729755
226 3031 -0.3565241282863244
226 3046 -0.0282308579828076
3001 3016 0.856666790847403
3031 3046 0.19761069969207737
3061 3076 0.015602788127799807
3091 3106 -0.5824363399100095
3121 3136 -0.10968572897132074
3151 3166 -1.0
