# 
61 61 -0.654766807668384
76 76 2.8871043809208814
91 91 1.047272765949639
106 106 -0.27983547579841445
121 121 1.5521546097878456
136 136 0.9644387654471648
151 151 -0.31707221061120916
166 166 0.11874787390629411
181 181 -0.47302007230161724
196 196 -0.5847146682227055
211 211 0.4898372006150047
226 226 0.34185927762605695
3001 3001 -1.131121603577869
3016 3016 -1.146032365386873
3031 3031 -0.8323891061308955
3046 3046 2.3007135262800467
3061 3061 1.9326345354139698
3076 3076 2.374875406775307
3091 3091 -2.3553761067840138
3106 3106 1.9795031840180446
3121 3121 -1.660078660043817
3136 3136 -0.28796565567245175
3151 3151 0.12400200527016203
3166 3166 -0.11150011637145747
61 76 -0.2318314198877212
61 3121 -0.644693904524521
61 3136 -0.5009776784293674
61 3151 -0.25779646033539044
61 3166 -0.09814547204701492
76 3121 0.7669987716696623
76 3136 0.33328161612740287
76 3151 -0.6268077066068719
76 3166 0.17859638167806885
91 106 0.1284996478200016
91 3061 -0.07192255307466307
91 3076 0.38816439027208394
91 3091 -0.4806171515158186
91 3106 0.02436788295284287
91 3121 0.15196647472425007
91 3136 -0.051332175783420066
91 3151 -0.2678334786583909
91 3166 0.7333245270182985
106 3061 0.4456715022329135
106 3076 0.3063065766683807
106 3091 0.1777071919644455
106 3106 0.6767127034585558
106 3121 0.1507816947396133
106 3136 0.9413425610176609
106 3151 -0.4247470206029297
106 3166 -0.2629064631521468
121 136 0.08508252637553321
121 3061 -0.39802673672977196
121 3076 -0.1629109405853241
121 3091 -0.7463079942978615
121 3106 0.17720879168982331
121 3121 -0.5083295863333824
121 3136 -0.5094315729631228
136 3061 -0.5118651402110462
136 3076 -0.20781647149828267
136 3091 0.8220781272811487
136 3106 0.9617296528022519
136 3121 -0.1278938656042303
136 3136 1.0
151 166 0.13496312797539964
151 3061 -0.09019969781202758
151 3076 -0.7138959057946371
151 3091 0.8716859302948613
151 3106 -0.41714611791648654
151 3121 -0.11076429339574304
151 3136 0.3380987555106787
151 3001 -0.35825674015431674
151 3016 -0.25233397550514425
151 3031 0.14947810784788554
151 3046 0.7803649117784267
166 3061 -0.3201603969977384
166 3076 -0.4341949806786252
166 3091 -0.7741672217301738
166 3106 -0.02652216667906566
166 3121 0.09084820906050237
166 3136 -0.08362869916462871
166 3001 0.8427617112187507
166 3016 -0.1526081354071008
166 3031 0.013461207673810024
166 3046 -0.7007973820029462
181 196 -1.0
181 3061 0.17295504490782612
181 3076 -0.5105530754668834
181 3001 -0.14625550327553136
181 3016 -0.6984902264443095
181 3031 0.03492156343849874
181 3046 0.35595208462865097
196 3061 0.03240811405951524
196 3076 -0.19975835680229578
196 3001 0.031233141159463084
196 3016 -0.2646540808110605
196 3031 -0.25554966372572135
196 3046 -0.20527146154231707
211 226 0.061619628208403124
211 3061 0.6681619085359692
211 3076 -0.05095522818341941
211 3001 0.44123231726964895
211 3016 -0.06490597658038874
211 3031 0.4525022816347715
211 3046 0.46519735531501544
226 3061 -0.4141201918823309
226 3076 -0.09115357255662485
226 3001 0.13651745453418007
226 3016 -0.19250683056071843
226 3031 -0.4134073222173968
226 3046 0.3739849146162104
3001 3016 -0.3527575060823955
3031 3046 1.0
3061 3076 0.39239691941084676
3091 3106 -0.3753451850158631
3121 3136 -0.25385172002328804
3151 3166 -0.6485117415738216
