# 
61 61 0.37787485222129175
76 76 0.8293427433439713
91 91 2.6755143149475797
106 106 2.0838147229583246
121 121 -0.3421907282954984
136 136 -1.2442707678183451
151 151 -1.068762632619041
166 166 0.16236737205545693
181 181 1.862870036705392
196 196 -0.4938923863788208
211 211 0.07859726540911263
226 226 0.2978037048632047
3001 3001 1.0573757766367073
3016 3016 -1.6369596982902426
3031 3031 0.8409661884479299
3046 3046 1.8386151409584395
3061 3061 0.2595041601265817
3076 3076 -2.0478376463905708
3091 3091 -0.9302695859582958
3106 3106 -0.07869071813932386
3121 3121 1.3064648645459527
3136 3136 -0.06291616686447933
3151 3151 -0.8976586119236344
3166 3166 -0.7205845370477733
61 76 0.6614284878370517
61 3121 -0.37122672931489353
61 3136 0.693591415581117
61 3151 0.3800048712401719
61 3166 -0.3786254511351781
76 3121 -0.6665381113031423
76 3136 0.7622470395954982
76 3151 0.5908452119379053
76 3166 0.24332683343604408
91 106 0.2781352552836052
91 3061 0.1668191576028958
91 3076 0.34445824966389493
91 3091 0.24246651179233394
91 3106 -0.25985234497898524
91 3121 0.09311969739719729
91 3136 -0.6598671268520789
91 3151 0.4220945316114801
91 3166 0.66426461790445
106 3061 -0.38962569053662244
106 3076 -0.5587960989719157
106 3091 0.48428044629579536
106 3106 0.23589436029883593
106 3121 -0.5503410709338616
106 3136 0.6716515998625591
106 3151 0.05443953234518733
106 3166 -0.060787932582925495
121 136 0.1493063282131596
121 3061 0.4194629108351512
121 3076 0.07265171334826503
121 3091 0.14858014240152567
121 3106 0.4420908622796528
121 3121 -0.18448145864946472
121 3136 0.24848683685150239
136 3061 0.2895263544839436
136 3076 -0.39841221970666185
136 3091 0.04667188615212961
136 3106 0.2968816219908087
136 3121 -0.9259854382232957
136 3136 0.2559910402110852
151 166 0.6797776246622549
151 3061 -0.6648910073982653
151 3076 0.11233692636755185
151 3091 -0.5681555360662947
151 3106 -0.19033367191598285
151 3121 0.22820384834004842
151 3136 -0.054354457035960736
151 3001 -0.10525683601857544
151 3016 -0.17537089907056946
151 3031 0.9774004709904713
151 3046 -0.23677588894443372
166 3061 -0.43282107000828135
166 3076 -0.1380945109940815
166 3091 -0.05548643217563556
166 3106 -0.32326317153789974
166 3121 -0.09055676698754217
166 3136 -0.3939344009216811
166 3001 0.16896665416951864
166 3016 -0.027844204552874785
166 3031 -1.0
166 3046 -0.5843654322753665
181 196 0.46521819828255384
181 3061 -0.0318414812470298
181 3076 -0.39502771903807293
181 3001 -0.5014703676148655
181 3016 -0.13512959501154231
181 3031 0.8076880554376892
181 3046 -0.08112275803617075
196 3061 0.3754053245294806
196 3076 -0.20788031975472415
196 3001 0.8775884108305992
196 3016 0.13341649914424217
196 3031 0.7617865992811589
196 3046 1.0
211 226 -1.0
211 3061 0.44314611372717283
211 3076 -0.654932251907158
211 3001 -0.9039121579771159
211 3016 0.46913239851407174
211 3031 -0.593338458133354
211 3046 1.0
226 3061 0.10425651784849388
226 3076 -0.7966501898347614
226 3001 -1.0
226 3016 0.6808907378691157
226 3031 0.25748976852297273
226 3046 0.5223422578250339
3001 3016 0.3999952106395735
3031 3046 -0.5498103989554365
3061 3076 -0.024243040952958296
3091 3106 -0.28771037547128014
3121 3136 -0.46822607872585253
3151 3166 0.00070647926623062
