# 
61 61 -1.381275452556093
76 76 1.2818929046993295
91 91 0.8881942043390894
106 106 0.7578061314132551
121 121 1.3764668166582177
136 136 0.7994135409130514
151 151 1.3127058355104753
166 166 0.13183608358026958
181 181 -0.45451095597667385
196 196 -1.6130989168912895
211 211 0.5041662070089076
226 226 0.7029899500293723
3001 3001 1.0941250845860944
3016 3016 -0.23929696179757143
3031 3031 0.9706659330450373
3046 3046 0.05508123017775337
3061 3061 -0.025315241433951564
3076 3076 0.9070186515773515
3091 3091 0.5476015126960995
3106 3106 -1.3175103229689529
3121 3121 1.1741028164560143
3136 3136 -0.9012486143908852
3151 3151 1.2265866368757645
3166 3166 1.9413119419334226
61 76 0.23737032858440105
61 3121 0.63889389701911
61 3136 -0.18512128468140096
61 3151 0.053575438840724
61 3166 0.33490587374006475
76 3121 0.04587048675911051
76 3136 0.5128636042783884
76 3151 -0.3353366256584437
76 3166 -0.18881825970502267
91 106 1.0
91 3061 -0.7360998864317002
91 3076 0.16403398142279207
91 3091 0.7074881807106524
91 3106 -0.006648209166369115
91 3121 -0.37728012431631974
91 3136 -0.5388489259733218
91 3151 -0.09719202893908252
91 3166 -0.3510082811742522
106 3061 0.09071191783934023
106 3076 -0.6443106521354095
106 3091 1.0
106 3106 0.3088401554434073
106 3121 0.18456323832898294
106 3136 -0.5549973025233711
106 3151 0.2210890039099226
106 3166 0.4735516941121702
121 136 -0.46900919468879215
121 3061 0.7760586671420069
121 3076 0.3767583090487707
121 3091 -0.37964814456188367
121 3106 0.5168157070512359
121 3121 -0.8861595293846541
121 3136 0.2517264340788704
136 3061 -0.18798786737825307
136 3076 0.7961247704234616
136 3091 -0.18364105574646866
136 3106 -0.29346673185903716
136 3121 -0.023629690542327695
136 3136 -0.26424236838203885
151 166 0.454491044671024
151 3061 0.45814180027007523
151 3076 -0.09008556116594132
151 3091 0.47504056799251587
151 3106 -0.11104202580787764
151 3121 -0.03929868995244388
151 3136 -0.32589752587933063
151 3001 -0.14371204174154675
151 3016 -0.044209144034965925
151 3031 0.13478056197065783
151 3046 0.43102873722199936
166 3061 -0.38588360250342296
166 3076 -0.41236417145120735
166 3091 0.47633962243819333
166 3106 -0.24280440247642446
166 3121 0.581982502236014
166 3136 0.09906645693531883
166 3001 -0.24435312886281627
166 3016 -0.8359850889617809
166 3031 0.76023388594103
166 3046 -0.27235444231466827
181 196 0.17076448385942003
181 3061 -0.5685712123645701
181 3076 0.09129988610312122
181 3001 -0.9909661621742444
181 3016 -0.44343731338987646
181 3031 -0.3749356589653679
181 3046 0.6691690764670771
196 3061 0.7293499559399216
196 3076 -0.874853847198982
196 3001 0.7186904986307104
196 3016 -0.8848969740797198
196 3031 0.5698909931943715
196 3046 0.47185338626318646
211 226 0.31740715253880986
211 3061 -0.5139542176274121
211 3076 0.3285497462174268
211 3001 -1.0
211 3016 -0.35311255600886504
211 3031 -0.3694548570092293
211 3046 0.579386535172617
226 3061 0.4438600723024636
226 3076 -0.45136803311009954
226 3001 0.4622419715801469
226 3016 0.33350102165978346
226 3031 0.12335005242177081
226 3046 -0.40667493678220784
3001 3016 -0.08476834972470809
3031 3046 -0.5741931728096286
3061 3076 0.1279071171424562
3091 3106 -0.094589900482631
3121 3136 -0.08928006192810634
3151 3166 -0.40726340258942734
