# 
61 61 -0.22423262177120343
76 76 0.14577736442630207
91 91 -0.48747524237699086
106 106 0.18125306891344353
121 121 -0.8538044433403953
136 136 -1.03289656567415
151 151 1.7682449180558242
166 166 1.7478067596042561
181 181 1.021763339172229
196 196 -0.4253029635791503
211 211 -0.8688672586993605
226 226 -1.352972360026543
3001 3001 0.9981849520718102
3016 3016 -0.5189100122137968
3031 3031 -0.45023150096316583
3046 3046 -3.050085837141221
3061 3061 0.3064248953790314
3076 3076 -1.0009779678210278
3091 3091 0.30195584890223326
3106 3106 1.0533405633808695
3121 3121 -0.25356430168020644
3136 3136 1.495021437262691
3151 3151 -0.6912690424526118
3166 3166 -1.944092227734504
61 76 -0.2607346382898529
61 3121 0.49042063404504405
61 3136 0.18327864199192515
61 3151 -0.10559010608840728
61 3166 0.4354638684494911
76 3121 -0.545133173443674
76 3136 -0.8629192651598767
76 3151 0.01017399210842667
76 3166 0.06631487337607546
91 106 -0.503881542068002
91 3061 -0.20843639131875658
91 3076 0.21291875704985866
91 3091 -0.9464452341656979
91 3106 -0.1036975988308786
91 3121 -0.4222597235733445
91 3136 0.6472148882419271
91 3151 -0.8050821944386128
91 3166 0.23359868523211427
106 3061 0.49728167330440837
106 3076 -0.154490411517655
106 3091 0.5598842410082657
106 3106 -0.9388601282794043
106 3121 0.08863866443504986
106 3136 -0.2646437052044264
106 3151 0.09336838129140645
106 3166 0.12088947386721029
121 136 -0.15106570500894692
121 3061 1.0
121 3076 -0.3987035492089066
121 3091 -0.5435407425054682
121 3106 -0.28326305654443906
121 3121 -1.0
121 3136 0.35335343495508686
136 3061 -0.4097991023314871
136 3076 0.8015242551792833
136 3091 0.42850365731932855
136 3106 -0.14870528398139413
136 3121 0.238858912685868
136 3136 0.35552480163215
151 166 -0.5031798585773146
151 3061 -0.5025783818178086
151 3076 -0.8246856556291517
151 3091 0.32870087941839315
151 3106 -0.6714037303132478
151 3121 -0.3228674070780995
151 3136 -0.5719741800809502
151 3001 0.3707215817034155
151 3016 0.6046644471285899
151 3031 -0.30008896487906256
151 3046 -0.7044123285562228
166 3061 -0.06512663765188248
166 3076 -0.3038678272441855
166 3091 0.6506682123397636
166 3106 -0.3379630747697561
166 3121 -0.7887313541772537
166 3136 0.25848164286594805
166 3001 0.04342830137860072
166 3016 -0.02899667823763208
166 3031 0.3547694769099074
166 3046 0.4046435059792428
181 196 0.08742908836040462
181 3061 -0.17025551061132038
181 3076 0.06957233905190495
181 3001 -0.2025862144671561
181 3016 0.5981921943590977
181 3031 -0.09946474995756681
181 3046 -0.08476743604029693
196 3061 -0.0015802878902579933
196 3076 -0.0869407567949567
196 3001 0.019156749938967477
196 3016 0.35024236165961414
196 3031 0.06793925519879618
196 3046 0.7182979676932634
211 226 -0.4629745644832077
211 3061 0.3155101140892119
211 3076 0.21356160641234131
211 3001 0.47651786197120555
211 3016 0.27967924156403207
211 3031 -0.19918682756118689
211 3046 -0.349585625183301
226 3061 -0.3836931005161361
226 3076 1.0
226 3001 -0.19334781532486342
226 3016 0.4872344386761962
226 3031 -0.2606613213774894
226 3046 0.020088733516558255
3001 3016 0.6870719641616998
3031 3046 -0.6018513388436538
3061 3076 -0.5713838972609587
3091 3106 0.9128635387066929
3121 3136 1.0
3151 3166 0.7091047111767055
