# 
61 61 0.04337686997053893
76 76 0.004611896589905707
91 91 0.1598765893146532
106 106 0.3841782804937722
121 121 0.28247376456401085
136 136 -0.5117310953824055
151 151 -0.17879112265339242
166 166 -0.7193566906928434
181 181 0.3841255764862068
196 196 -1.0033885665065376
211 211 -0.0187960373702121
226 226 -0.5386617641355697
3001 3001 2.407595139154197
3016 3016 0.7482898332289591
3031 3031 -0.12229085745605127
3046 3046 -0.6013373893233516
3061 3061 0.6715944532604312
3076 3076 -0.7870146736430128
3091 3091 0.49382887423422617
3106 3106 0.8216320412171667
3121 3121 -0.06742373885611064
3136 3136 -0.6105623344652176
3151 3151 1.6222490964549359
3166 3166 -0.018363421858856213
61 76 0.48509411605165365
61 3121 0.39259829352867764
61 3136 -0.08115367132580904
61 3151 -0.03500574310230404
61 3166 -0.6084440370572218
76 3121 0.13261062294950826
76 3136 0.32691580360624883
76 3151 -0.5914480310638122
76 3166 -0.4506016506868957
91 106 0.035192510021983175
91 3061 -0.09206381664971255
91 3076 -1.0
91 3091 0.6766192677880531
91 3106 0.3358440755288415
91 3121 -0.11256855317251349
91 3136 0.03391751261204602
91 3151 0.08569500763912308
91 3166 0.2508863149615
106 3061 -0.9519467738176156
106 3076 -0.6026998619976257
106 3091 -0.3962579858690172
106 3106 0.17431241873945394
106 3121 -0.6225976990496438
106 3136 0.11190116044176918
106 3151 -0.3545476767114812
106 3166 -0.3914455694387134
121 136 0.6275772727545419
121 3061 0.41467058942362056
121 3076 -0.4401333431797236
121 3091 1.0
121 3106 0.6808765418645816
121 3121 -0.2432832918772527
121 3136 0.5683865520005111
136 3061 -0.16432178734688468
136 3076 0.30442082055024006
136 3091 -0.07155709462565596
136 3106 -0.46692017241452516
136 3121 -0.04827966135273361
136 3136 0.757997010957585
151 166 0.06226029207920178
151 3061 -0.3486761523761404
151 3076 0.38718678226055175
151 3091 0.5396838111979452
151 3106 1.0
151 3121 0.7965091788357195
151 3136 0.0472907100123739
151 3001 -0.530734977837347
151 3016 -0.7157365115682837
151 3031 0.0714553511168303
151 3046 -0.21287716583285518
166 3061 0.5236971429206632
166 3076 -0.031865663062399824
166 3091 -0.30411609230669046
166 3106 0.15107669712275967
166 3121 0.20129616110807566
166 3136 -0.9653270909347251
166 3001 0.45966415044231373
166 3016 -0.04837583937023802
166 3031 -0.3744388262290829
166 3046 -0.20201288449363738
181 196 0.03889481663088282
181 3061 0.45119468123061657
181 3076 0.1795341051389469
181 3001 0.22746498872982854
181 3016 0.00868381321414144
181 3031 0.9760155713623176
181 3046 -0.5550162525130111
196 3061 0.8537621815380748
196 3076 -0.17873782859553605
196 3001 -0.4548723589084726
196 3016 0.6817545925586272
196 3031 -0.049714768614705813
196 3046 0.255826262775015
211 226 0.0752607651331043
211 3061 0.4073214315039744
211 3076 0.05857447531963034
211 3001 0.5096694917259293
211 3016 -0.2667653375138763
211 3031 -0.39818633522338626
211 3046 0.08041761660464075
226 3061 -0.389818721827251
226 3076 -0.6419639693282192
226 3001 -0.36675312219556483
226 3016 -0.7115798413151756
226 3031 -0.4638858125332123
226 3046 0.6663702827799136
3001 3016 -0.18868824481259897
3031 3046 -0.14790778560059403
3061 3076 -1.0
3091 3106 0.4975163380398932
3121 3136 0.7419896908785264
3151 3166 0.6960993639993174
