0 1 1.000000
0 4 1.000000
0 5 0.000000
0 6 0.000000
0 7 1.000000
0 12 0.000000
0 13 1.000000
0 14 1.000000
0 15 0.000000
0 72 1.000000
1 1 -1.000000
1 4 1.000000
1 5 1.000000
1 6 1.000000
1 7 0.000000
1 12 0.000000
1 13 0.000000
1 14 0.000000
1 15 0.000000
1 73 1.000000
2 2 -1.000000
2 3 1.000000
2 4 -1.000000
2 5 -1.000000
2 6 1.000000
2 7 0.000000
2 74 1.000000
3 3 -1.000000
3 4 -1.000000
3 5 1.000000
3 6 0.000000
3 7 1.000000
3 75 1.000000
4 4 -1.000000
4 5 1.000000
4 8 1.000000
4 9 0.000000
4 10 1.000000
4 11 0.000000
4 28 1.000000
5 5 -1.000000
5 8 -1.000000
5 9 1.000000
5 10 0.000000
5 11 1.000000
5 29 0.000000
6 7 1.000000
6 30 0.000000
7 7 -1.000000
7 31 1.000000
8 8 -1.000000
8 9 1.000000
8 12 1.000000
8 13 1.000000
8 14 0.000000
8 15 -1.000000
8 20 -1.000000
8 21 1.000000
8 22 1.000000
8 23 0.000000
8 78 1.000000
8 79 1.000000
8 80 0.000000
9 9 -1.000000
9 12 1.000000
9 13 0.000000
9 14 0.000000
9 15 1.000000
9 20 1.000000
9 21 1.000000
9 22 0.000000
9 23 0.000000
9 78 -1.000000
9 79 0.000000
9 81 1.000000
10 10 -1.000000
10 11 0.000000
10 12 1.000000
10 13 1.000000
10 14 1.000000
10 15 1.000000
10 78 0.000000
10 79 0.000000
10 82 0.000000
11 11 -1.000000
11 12 0.000000
11 13 0.000000
11 14 1.000000
11 15 0.000000
11 78 1.000000
11 79 1.000000
11 83 0.000000
12 12 -1.000000
12 13 0.000000
12 16 0.000000
12 17 0.000000
12 18 -1.000000
12 19 0.000000
12 26 -1.000000
12 27 1.000000
12 36 1.000000
13 13 -1.000000
13 16 -1.000000
13 17 1.000000
13 18 1.000000
13 19 0.000000
13 26 0.000000
13 27 1.000000
13 37 0.000000
14 15 0.000000
14 26 1.000000
14 27 -1.000000
14 38 0.000000
15 26 0.000000
15 27 1.000000
15 39 0.000000
16 16 -1.000000
16 17 1.000000
16 20 1.000000
16 21 1.000000
16 22 0.000000
16 23 1.000000
16 86 1.000000
16 87 0.000000
16 88 0.000000
16 100 1.000000
16 101 1.000000
16 102 1.000000
16 103 1.000000
17 17 -1.000000
17 20 1.000000
17 21 1.000000
17 22 0.000000
17 23 0.000000
17 86 0.000000
17 87 0.000000
17 89 1.000000
17 100 0.000000
17 101 0.000000
17 102 1.000000
17 103 1.000000
18 18 -1.000000
18 19 1.000000
18 20 0.000000
18 21 0.000000
18 22 1.000000
18 23 0.000000
18 76 1.000000
18 77 0.000000
18 78 0.000000
18 79 -1.000000
18 86 -1.000000
18 87 1.000000
18 90 1.000000
19 19 -1.000000
19 20 0.000000
19 21 0.000000
19 22 1.000000
19 23 1.000000
19 76 1.000000
19 77 1.000000
19 78 1.000000
19 79 1.000000
19 86 0.000000
19 87 1.000000
19 91 1.000000
20 20 -1.000000
20 21 1.000000
20 34 1.000000
20 35 1.000000
20 44 1.000000
20 96 0.000000
20 97 1.000000
20 98 0.000000
20 99 1.000000
21 21 -1.000000
21 34 0.000000
21 35 1.000000
21 45 0.000000
21 96 1.000000
21 97 0.000000
21 98 1.000000
21 99 1.000000
22 23 1.000000
22 24 0.000000
22 25 0.000000
22 26 1.000000
22 27 0.000000
22 34 0.000000
22 35 1.000000
22 46 1.000000
23 24 1.000000
23 25 1.000000
23 26 0.000000
23 27 0.000000
23 34 -1.000000
23 35 1.000000
23 47 1.000000
24 25 -1.000000
24 28 1.000000
24 29 0.000000
24 30 1.000000
24 31 0.000000
24 36 0.000000
24 37 0.000000
24 38 0.000000
24 39 1.000000
24 96 1.000000
25 25 -1.000000
25 28 0.000000
25 29 1.000000
25 30 1.000000
25 31 0.000000
25 36 0.000000
25 37 1.000000
25 38 1.000000
25 39 1.000000
25 97 1.000000
26 26 -1.000000
26 27 1.000000
26 28 1.000000
26 29 0.000000
26 30 1.000000
26 31 1.000000
26 98 1.000000
27 28 1.000000
27 29 0.000000
27 30 1.000000
27 31 1.000000
27 99 1.000000
28 28 -1.000000
28 29 0.000000
28 32 1.000000
28 33 1.000000
28 34 0.000000
28 35 -1.000000
28 52 0.000000
29 29 -1.000000
29 32 0.000000
29 33 1.000000
29 34 -1.000000
29 35 1.000000
29 53 0.000000
30 30 -1.000000
30 31 1.000000
30 54 1.000000
31 31 -1.000000
31 55 1.000000
32 32 -1.000000
32 33 -1.000000
32 36 1.000000
32 37 1.000000
32 38 1.000000
32 39 0.000000
32 44 1.000000
32 45 -1.000000
32 46 1.000000
32 47 0.000000
32 102 1.000000
32 103 0.000000
32 104 1.000000
33 33 -1.000000
33 36 1.000000
33 37 1.000000
33 38 -1.000000
33 39 1.000000
33 44 -1.000000
33 45 1.000000
33 46 1.000000
33 47 0.000000
33 102 0.000000
33 103 1.000000
33 105 1.000000
34 34 -1.000000
34 35 -1.000000
34 36 -1.000000
34 37 0.000000
34 38 1.000000
34 39 1.000000
34 102 -1.000000
34 103 1.000000
34 106 1.000000
35 35 -1.000000
35 36 0.000000
35 37 1.000000
35 38 -1.000000
35 39 0.000000
35 102 -1.000000
35 103 0.000000
35 107 -1.000000
36 36 -1.000000
36 37 0.000000
36 40 1.000000
36 41 0.000000
36 42 0.000000
36 43 1.000000
36 50 0.000000
36 51 1.000000
36 60 1.000000
37 37 -1.000000
37 40 1.000000
37 41 -1.000000
37 42 0.000000
37 43 0.000000
37 50 1.000000
37 51 0.000000
37 61 1.000000
38 38 -1.000000
38 39 1.000000
38 50 -1.000000
38 51 1.000000
38 62 1.000000
39 50 0.000000
39 51 1.000000
39 63 1.000000
40 40 -1.000000
40 41 -1.000000
40 44 1.000000
40 45 1.000000
40 46 0.000000
40 47 1.000000
40 110 1.000000
40 111 1.000000
40 112 0.000000
40 124 1.000000
40 125 1.000000
40 126 0.000000
40 127 1.000000
41 41 -1.000000
41 44 -1.000000
41 45 0.000000
41 46 0.000000
41 47 0.000000
41 110 1.000000
41 111 1.000000
41 113 1.000000
41 124 1.000000
41 125 0.000000
41 126 1.000000
41 127 1.000000
42 42 -1.000000
42 43 1.000000
42 44 1.000000
42 45 0.000000
42 46 1.000000
42 47 1.000000
42 100 0.000000
42 101 1.000000
42 102 1.000000
42 103 1.000000
42 110 0.000000
42 111 1.000000
42 114 1.000000
43 43 -1.000000
43 44 1.000000
43 45 1.000000
43 46 0.000000
43 47 0.000000
43 100 1.000000
43 101 0.000000
43 102 1.000000
43 103 0.000000
43 110 1.000000
43 111 -1.000000
43 115 0.000000
44 45 0.000000
44 58 0.000000
44 59 1.000000
44 68 1.000000
44 120 -1.000000
44 121 1.000000
44 122 1.000000
44 123 1.000000
45 45 -1.000000
45 58 1.000000
45 59 1.000000
45 69 -1.000000
45 120 1.000000
45 121 0.000000
45 122 1.000000
45 123 1.000000
46 47 1.000000
46 48 1.000000
46 49 1.000000
46 50 1.000000
46 51 1.000000
46 58 1.000000
46 59 1.000000
46 70 1.000000
47 47 -1.000000
47 48 -1.000000
47 49 -1.000000
47 50 1.000000
47 51 1.000000
47 58 1.000000
47 59 1.000000
47 71 0.000000
48 48 -1.000000
48 49 1.000000
48 52 1.000000
48 53 1.000000
48 54 0.000000
48 55 1.000000
48 60 1.000000
48 61 -1.000000
48 62 -1.000000
48 63 1.000000
48 120 0.000000
49 49 -1.000000
49 52 1.000000
49 53 0.000000
49 54 0.000000
49 55 1.000000
49 60 0.000000
49 61 0.000000
49 62 1.000000
49 63 1.000000
49 121 1.000000
50 50 -1.000000
50 51 0.000000
50 52 1.000000
50 53 0.000000
50 54 1.000000
50 55 0.000000
50 122 1.000000
51 51 -1.000000
51 52 1.000000
51 53 -1.000000
51 54 0.000000
51 55 0.000000
51 123 0.000000
52 52 -1.000000
52 53 1.000000
52 56 1.000000
52 57 1.000000
52 58 1.000000
52 59 0.000000
53 53 -1.000000
53 56 1.000000
53 57 0.000000
53 58 1.000000
53 59 1.000000
54 54 -1.000000
54 55 0.000000
55 55 -1.000000
56 56 -1.000000
56 57 0.000000
56 60 1.000000
56 61 1.000000
56 62 1.000000
56 63 0.000000
56 68 1.000000
56 69 1.000000
56 70 0.000000
56 71 0.000000
56 126 1.000000
56 127 1.000000
56 128 1.000000
57 57 -1.000000
57 60 0.000000
57 61 1.000000
57 62 1.000000
57 63 0.000000
57 68 -1.000000
57 69 1.000000
57 70 1.000000
57 71 1.000000
57 126 0.000000
57 127 1.000000
57 129 -1.000000
58 58 -1.000000
58 59 1.000000
58 60 1.000000
58 61 1.000000
58 62 1.000000
58 63 1.000000
58 126 1.000000
58 127 0.000000
58 130 1.000000
59 59 -1.000000
59 60 1.000000
59 61 0.000000
59 62 0.000000
59 63 -1.000000
59 126 1.000000
59 127 -1.000000
59 131 0.000000
60 61 1.000000
60 64 1.000000
60 65 1.000000
60 66 1.000000
60 67 1.000000
61 61 -1.000000
61 64 1.000000
61 65 0.000000
61 66 0.000000
61 67 0.000000
62 62 -1.000000
62 63 0.000000
63 63 -1.000000
64 64 -1.000000
64 65 1.000000
64 68 0.000000
64 69 0.000000
64 70 0.000000
64 71 1.000000
64 134 0.000000
64 135 1.000000
64 136 1.000000
65 65 -1.000000
65 68 0.000000
65 69 1.000000
65 70 -1.000000
65 71 1.000000
65 134 0.000000
65 135 0.000000
65 137 1.000000
66 67 0.000000
66 68 1.000000
66 69 1.000000
66 70 1.000000
66 71 1.000000
66 124 1.000000
66 125 0.000000
66 126 1.000000
66 127 0.000000
66 134 1.000000
66 135 1.000000
66 138 0.000000
67 67 -1.000000
67 68 0.000000
67 69 0.000000
67 70 1.000000
67 71 0.000000
67 124 1.000000
67 125 -1.000000
67 126 0.000000
67 127 1.000000
67 134 1.000000
67 135 1.000000
67 139 1.000000
68 68 -1.000000
68 69 0.000000
69 69 -1.000000
70 71 1.000000
71 71 -1.000000
72 72 -1.000000
72 73 0.000000
72 76 0.000000
72 77 1.000000
72 78 -1.000000
72 79 0.000000
72 84 0.000000
72 85 -1.000000
72 86 0.000000
72 87 0.000000
72 144 1.000000
73 73 -1.000000
73 76 0.000000
73 77 0.000000
73 78 0.000000
73 79 0.000000
73 84 1.000000
73 85 0.000000
73 86 1.000000
73 87 0.000000
73 145 1.000000
74 74 -1.000000
74 75 0.000000
74 76 0.000000
74 77 1.000000
74 78 -1.000000
74 79 1.000000
74 146 1.000000
75 75 -1.000000
75 76 1.000000
75 77 1.000000
75 78 0.000000
75 79 1.000000
75 147 1.000000
76 76 -1.000000
76 77 1.000000
76 80 1.000000
76 81 0.000000
76 82 0.000000
76 83 -1.000000
76 100 1.000000
77 80 1.000000
77 81 1.000000
77 82 -1.000000
77 83 1.000000
77 101 -1.000000
78 78 -1.000000
78 79 0.000000
78 102 1.000000
79 79 -1.000000
79 103 1.000000
80 80 -1.000000
80 81 0.000000
80 84 0.000000
80 85 1.000000
80 86 0.000000
80 87 1.000000
80 92 0.000000
80 93 0.000000
80 94 1.000000
80 95 0.000000
80 150 1.000000
80 151 1.000000
80 152 1.000000
81 84 -1.000000
81 85 0.000000
81 86 1.000000
81 87 0.000000
81 92 1.000000
81 93 0.000000
81 94 1.000000
81 95 1.000000
81 150 0.000000
81 151 0.000000
81 153 0.000000
82 83 1.000000
82 84 1.000000
82 85 1.000000
82 86 1.000000
82 87 1.000000
82 150 0.000000
82 151 1.000000
82 154 1.000000
83 83 -1.000000
83 84 1.000000
83 85 1.000000
83 86 0.000000
83 87 -1.000000
83 150 1.000000
83 151 1.000000
83 155 0.000000
84 84 -1.000000
84 85 1.000000
84 88 1.000000
84 89 1.000000
84 90 0.000000
84 91 0.000000
84 98 -1.000000
84 99 1.000000
84 108 1.000000
85 88 0.000000
85 89 1.000000
85 90 0.000000
85 91 1.000000
85 98 1.000000
85 99 1.000000
85 109 1.000000
86 86 -1.000000
86 87 1.000000
86 98 1.000000
86 99 1.000000
86 110 0.000000
87 87 -1.000000
87 98 0.000000
87 99 1.000000
87 111 0.000000
88 88 -1.000000
88 89 0.000000
88 92 0.000000
88 93 1.000000
88 94 1.000000
88 95 1.000000
88 158 1.000000
88 159 1.000000
88 160 0.000000
88 172 0.000000
88 173 1.000000
88 174 0.000000
88 175 1.000000
89 92 0.000000
89 93 0.000000
89 94 0.000000
89 95 -1.000000
89 158 1.000000
89 159 0.000000
89 161 0.000000
89 172 -1.000000
89 173 0.000000
89 174 1.000000
89 175 0.000000
90 90 -1.000000
90 91 1.000000
90 92 1.000000
90 93 0.000000
90 94 1.000000
90 95 1.000000
90 148 0.000000
90 149 1.000000
90 150 0.000000
90 151 0.000000
90 158 1.000000
90 159 0.000000
90 162 1.000000
91 92 1.000000
91 93 1.000000
91 94 0.000000
91 95 1.000000
91 148 1.000000
91 149 1.000000
91 150 1.000000
91 151 0.000000
91 158 1.000000
91 159 1.000000
91 163 1.000000
92 92 -1.000000
92 93 1.000000
92 106 -1.000000
92 107 1.000000
92 116 0.000000
92 168 1.000000
92 169 1.000000
92 170 0.000000
92 171 0.000000
93 93 -1.000000
93 106 0.000000
93 107 0.000000
93 117 1.000000
93 168 0.000000
93 169 -1.000000
93 170 0.000000
93 171 1.000000
94 94 -1.000000
94 95 1.000000
94 96 1.000000
94 97 1.000000
94 98 1.000000
94 99 -1.000000
94 106 0.000000
94 107 0.000000
94 118 1.000000
95 95 -1.000000
95 96 0.000000
95 97 1.000000
95 98 1.000000
95 99 -1.000000
95 106 0.000000
95 107 1.000000
95 119 1.000000
96 96 -1.000000
96 97 1.000000
96 100 1.000000
96 101 1.000000
96 102 0.000000
96 103 1.000000
96 108 1.000000
96 109 1.000000
96 110 1.000000
96 111 1.000000
96 168 0.000000
97 100 0.000000
97 101 1.000000
97 102 1.000000
97 103 1.000000
97 108 1.000000
97 109 -1.000000
97 110 1.000000
97 111 1.000000
97 169 0.000000
98 99 1.000000
98 100 1.000000
98 101 1.000000
98 102 1.000000
98 103 -1.000000
98 170 1.000000
99 99 -1.000000
99 100 1.000000
99 101 -1.000000
99 102 0.000000
99 103 0.000000
99 171 1.000000
100 100 -1.000000
100 101 0.000000
100 104 0.000000
100 105 0.000000
100 106 0.000000
100 107 1.000000
100 124 -1.000000
101 101 -1.000000
101 104 0.000000
101 105 1.000000
101 106 -1.000000
101 107 1.000000
101 125 -1.000000
102 102 -1.000000
102 103 1.000000
102 126 1.000000
103 103 -1.000000
103 127 1.000000
104 104 -1.000000
104 105 1.000000
104 108 1.000000
104 109 0.000000
104 110 1.000000
104 111 1.000000
104 116 1.000000
104 117 0.000000
104 118 0.000000
104 119 -1.000000
104 174 1.000000
104 175 1.000000
104 176 0.000000
105 105 -1.000000
105 108 1.000000
105 109 1.000000
105 110 0.000000
105 111 0.000000
105 116 0.000000
105 117 1.000000
105 118 1.000000
105 119 0.000000
105 174 0.000000
105 175 0.000000
105 177 -1.000000
106 106 -1.000000
106 107 -1.000000
106 108 1.000000
106 109 1.000000
106 110 1.000000
106 111 0.000000
106 174 -1.000000
106 175 0.000000
106 178 1.000000
107 107 -1.000000
107 108 0.000000
107 109 0.000000
107 110 1.000000
107 111 1.000000
107 174 1.000000
107 175 1.000000
107 179 1.000000
108 108 -1.000000
108 109 -1.000000
108 112 1.000000
108 113 1.000000
108 114 1.000000
108 115 0.000000
108 122 1.000000
108 123 1.000000
108 132 1.000000
109 109 -1.000000
109 112 1.000000
109 113 1.000000
109 114 1.000000
109 115 1.000000
109 122 1.000000
109 123 0.000000
109 133 1.000000
110 110 -1.000000
110 111 0.000000
110 122 0.000000
110 123 1.000000
110 134 1.000000
111 111 -1.000000
111 122 1.000000
111 123 0.000000
111 135 0.000000
112 112 -1.000000
112 113 1.000000
112 116 1.000000
112 117 0.000000
112 118 1.000000
112 119 -1.000000
112 182 1.000000
112 183 1.000000
112 184 1.000000
112 196 0.000000
112 197 1.000000
112 198 1.000000
112 199 1.000000
113 113 -1.000000
113 116 0.000000
113 117 0.000000
113 118 0.000000
113 119 -1.000000
113 182 1.000000
113 183 1.000000
113 185 1.000000
113 196 1.000000
113 197 1.000000
113 198 1.000000
113 199 0.000000
114 114 -1.000000
114 115 0.000000
114 116 0.000000
114 117 1.000000
114 118 -1.000000
114 119 1.000000
114 172 1.000000
114 173 -1.000000
114 174 1.000000
114 175 1.000000
114 182 1.000000
114 183 -1.000000
114 186 0.000000
115 115 -1.000000
115 116 0.000000
115 117 1.000000
115 118 0.000000
115 119 1.000000
115 172 1.000000
115 173 1.000000
115 174 0.000000
115 175 0.000000
115 182 1.000000
115 183 0.000000
115 187 0.000000
116 116 -1.000000
116 117 0.000000
116 130 1.000000
116 131 1.000000
116 140 -1.000000
116 192 -1.000000
116 193 0.000000
116 194 0.000000
116 195 1.000000
117 117 -1.000000
117 130 1.000000
117 131 1.000000
117 141 0.000000
117 192 0.000000
117 193 1.000000
117 194 1.000000
117 195 1.000000
118 119 1.000000
118 120 0.000000
118 121 1.000000
118 122 0.000000
118 123 0.000000
118 130 0.000000
118 131 1.000000
118 142 1.000000
119 119 -1.000000
119 120 1.000000
119 121 1.000000
119 122 0.000000
119 123 0.000000
119 130 1.000000
119 131 1.000000
119 143 0.000000
120 120 -1.000000
120 121 1.000000
120 124 1.000000
120 125 0.000000
120 126 -1.000000
120 127 1.000000
120 132 1.000000
120 133 -1.000000
120 134 0.000000
120 135 1.000000
120 192 1.000000
121 121 -1.000000
121 124 1.000000
121 125 1.000000
121 126 1.000000
121 127 0.000000
121 132 1.000000
121 133 1.000000
121 134 0.000000
121 135 1.000000
121 193 0.000000
122 122 -1.000000
122 123 1.000000
122 124 0.000000
122 125 1.000000
122 126 1.000000
122 127 1.000000
122 194 1.000000
123 123 -1.000000
123 124 1.000000
123 125 1.000000
123 126 1.000000
123 127 -1.000000
123 195 1.000000
124 124 -1.000000
124 125 1.000000
124 128 1.000000
124 129 0.000000
124 130 1.000000
124 131 0.000000
125 128 1.000000
125 129 1.000000
125 130 1.000000
125 131 1.000000
126 126 -1.000000
126 127 1.000000
127 127 -1.000000
128 128 -1.000000
128 129 1.000000
128 132 0.000000
128 133 1.000000
128 134 0.000000
128 135 1.000000
128 140 1.000000
128 141 1.000000
128 142 1.000000
128 143 0.000000
128 198 0.000000
128 199 1.000000
128 200 1.000000
129 129 -1.000000
129 132 0.000000
129 133 0.000000
129 134 0.000000
129 135 0.000000
129 140 0.000000
129 141 -1.000000
129 142 0.000000
129 143 1.000000
129 198 0.000000
129 199 0.000000
129 201 1.000000
130 130 -1.000000
130 131 0.000000
130 132 1.000000
130 133 1.000000
130 134 0.000000
130 135 0.000000
130 198 -1.000000
130 199 1.000000
130 202 1.000000
131 131 -1.000000
131 132 1.000000
131 133 1.000000
131 134 0.000000
131 135 1.000000
131 198 0.000000
131 199 1.000000
131 203 1.000000
132 132 -1.000000
132 133 0.000000
132 136 1.000000
132 137 1.000000
132 138 1.000000
132 139 1.000000
133 133 -1.000000
133 136 0.000000
133 137 1.000000
133 138 1.000000
133 139 0.000000
134 135 1.000000
136 136 -1.000000
136 137 1.000000
136 140 1.000000
136 141 0.000000
136 142 0.000000
136 143 0.000000
136 206 1.000000
136 207 1.000000
136 208 1.000000
137 137 -1.000000
137 140 1.000000
137 141 0.000000
137 142 0.000000
137 143 0.000000
137 206 0.000000
137 207 0.000000
137 209 0.000000
138 138 -1.000000
138 139 0.000000
138 140 1.000000
138 141 0.000000
138 142 1.000000
138 143 1.000000
138 196 0.000000
138 197 1.000000
138 198 1.000000
138 199 1.000000
138 206 0.000000
138 207 0.000000
138 210 1.000000
139 140 1.000000
139 141 1.000000
139 142 0.000000
139 143 1.000000
139 196 -1.000000
139 197 -1.000000
139 198 1.000000
139 199 0.000000
139 206 1.000000
139 207 1.000000
139 211 0.000000
140 140 -1.000000
140 141 1.000000
141 141 -1.000000
142 142 -1.000000
142 143 1.000000
143 143 -1.000000
144 145 1.000000
144 148 0.000000
144 149 1.000000
144 150 1.000000
144 151 0.000000
144 156 1.000000
144 157 -1.000000
144 158 1.000000
144 159 1.000000
145 145 -1.000000
145 148 1.000000
145 149 0.000000
145 150 -1.000000
145 151 0.000000
145 156 0.000000
145 157 1.000000
145 158 0.000000
145 159 0.000000
146 146 -1.000000
146 147 0.000000
146 148 -1.000000
146 149 1.000000
146 150 1.000000
146 151 1.000000
147 147 -1.000000
147 148 0.000000
147 149 0.000000
147 150 1.000000
147 151 0.000000
148 148 -1.000000
148 149 0.000000
148 152 1.000000
148 153 0.000000
148 154 -1.000000
148 155 1.000000
148 172 1.000000
149 149 -1.000000
149 152 0.000000
149 153 1.000000
149 154 0.000000
149 155 -1.000000
149 173 1.000000
150 150 -1.000000
150 151 0.000000
150 174 1.000000
151 151 -1.000000
151 175 1.000000
152 152 -1.000000
152 153 1.000000
152 156 0.000000
152 157 -1.000000
152 158 1.000000
152 159 1.000000
152 164 0.000000
152 165 0.000000
152 166 1.000000
152 167 1.000000
153 153 -1.000000
153 156 0.000000
153 157 0.000000
153 158 -1.000000
153 159 -1.000000
153 164 0.000000
153 165 1.000000
153 166 1.000000
153 167 0.000000
154 154 -1.000000
154 155 0.000000
154 156 0.000000
154 157 1.000000
154 158 0.000000
154 159 1.000000
155 155 -1.000000
155 156 1.000000
155 157 0.000000
155 158 0.000000
155 159 1.000000
156 156 -1.000000
156 157 1.000000
156 160 0.000000
156 161 0.000000
156 162 1.000000
156 163 0.000000
156 170 1.000000
156 171 0.000000
156 180 0.000000
157 157 -1.000000
157 160 1.000000
157 161 1.000000
157 162 1.000000
157 163 0.000000
157 170 0.000000
157 171 1.000000
157 181 0.000000
158 159 0.000000
158 170 1.000000
158 171 1.000000
158 182 1.000000
159 159 -1.000000
159 170 1.000000
159 171 1.000000
159 183 1.000000
160 160 -1.000000
160 161 1.000000
160 164 0.000000
160 165 1.000000
160 166 1.000000
160 167 1.000000
161 161 -1.000000
161 164 0.000000
161 165 1.000000
161 166 0.000000
161 167 0.000000
162 163 1.000000
162 164 0.000000
162 165 1.000000
162 166 1.000000
162 167 0.000000
163 164 0.000000
163 165 0.000000
163 166 0.000000
163 167 1.000000
164 164 -1.000000
164 165 1.000000
164 178 1.000000
164 179 0.000000
164 188 -1.000000
165 178 -1.000000
165 179 1.000000
165 189 1.000000
166 166 -1.000000
166 167 0.000000
166 168 0.000000
166 169 1.000000
166 170 -1.000000
166 171 1.000000
166 178 1.000000
166 179 0.000000
166 190 1.000000
167 168 0.000000
167 169 0.000000
167 170 1.000000
167 171 1.000000
167 178 1.000000
167 179 1.000000
167 191 0.000000
168 168 -1.000000
168 169 1.000000
168 172 1.000000
168 173 1.000000
168 174 -1.000000
168 175 0.000000
168 180 1.000000
168 181 1.000000
168 182 -1.000000
168 183 1.000000
169 169 -1.000000
169 172 1.000000
169 173 1.000000
169 174 1.000000
169 175 -1.000000
169 180 0.000000
169 181 1.000000
169 182 -1.000000
169 183 1.000000
170 170 -1.000000
170 171 1.000000
170 172 1.000000
170 173 1.000000
170 174 1.000000
170 175 0.000000
171 171 -1.000000
171 172 0.000000
171 173 1.000000
171 174 0.000000
171 175 1.000000
172 172 -1.000000
172 173 0.000000
172 176 1.000000
172 177 1.000000
172 178 0.000000
172 179 1.000000
172 196 0.000000
173 173 -1.000000
173 176 0.000000
173 177 1.000000
173 178 1.000000
173 179 0.000000
173 197 0.000000
174 174 -1.000000
174 175 1.000000
174 198 0.000000
175 175 -1.000000
175 199 1.000000
176 176 -1.000000
176 177 1.000000
176 180 0.000000
176 181 1.000000
176 182 1.000000
176 183 1.000000
176 188 -1.000000
176 189 0.000000
176 190 0.000000
176 191 1.000000
177 177 -1.000000
177 180 1.000000
177 181 -1.000000
177 182 1.000000
177 183 0.000000
177 188 1.000000
177 189 1.000000
177 190 1.000000
177 191 1.000000
178 178 -1.000000
178 179 0.000000
178 180 1.000000
178 181 1.000000
178 182 1.000000
178 183 -1.000000
179 179 -1.000000
179 180 1.000000
179 181 0.000000
179 182 1.000000
179 183 0.000000
180 180 -1.000000
180 181 1.000000
180 184 1.000000
180 185 1.000000
180 186 0.000000
180 187 1.000000
180 194 1.000000
180 195 1.000000
180 204 1.000000
181 181 -1.000000
181 184 1.000000
181 185 1.000000
181 186 1.000000
181 187 1.000000
181 194 1.000000
181 195 1.000000
181 205 1.000000
182 182 -1.000000
182 183 1.000000
182 194 1.000000
182 195 1.000000
182 206 1.000000
183 183 -1.000000
183 194 1.000000
183 195 1.000000
183 207 1.000000
184 184 -1.000000
184 185 1.000000
184 188 1.000000
184 189 1.000000
184 190 1.000000
184 191 1.000000
185 185 -1.000000
185 188 -1.000000
185 189 1.000000
185 190 1.000000
185 191 1.000000
186 186 -1.000000
186 187 0.000000
186 188 1.000000
186 189 1.000000
186 190 0.000000
186 191 0.000000
187 187 -1.000000
187 188 1.000000
187 189 0.000000
187 190 1.000000
187 191 1.000000
188 188 -1.000000
188 189 -1.000000
188 202 1.000000
188 203 -1.000000
188 212 1.000000
189 189 -1.000000
189 202 1.000000
189 203 0.000000
189 213 0.000000
190 190 -1.000000
190 191 1.000000
190 192 -1.000000
190 193 0.000000
190 194 1.000000
190 195 1.000000
190 202 1.000000
190 203 -1.000000
190 214 0.000000
191 191 -1.000000
191 192 1.000000
191 193 -1.000000
191 194 0.000000
191 195 1.000000
191 202 1.000000
191 203 1.000000
191 215 0.000000
192 193 -1.000000
192 196 0.000000
192 197 0.000000
192 198 0.000000
192 199 0.000000
192 204 0.000000
192 205 1.000000
192 206 1.000000
192 207 0.000000
193 193 -1.000000
193 196 1.000000
193 197 1.000000
193 198 0.000000
193 199 1.000000
193 204 1.000000
193 205 0.000000
193 206 1.000000
193 207 -1.000000
194 194 -1.000000
194 195 1.000000
194 196 1.000000
194 197 0.000000
194 198 1.000000
194 199 1.000000
195 195 -1.000000
195 196 1.000000
195 197 0.000000
195 198 1.000000
195 199 -1.000000
196 197 1.000000
196 200 -1.000000
196 201 0.000000
196 202 -1.000000
196 203 0.000000
197 197 -1.000000
197 200 1.000000
197 201 1.000000
197 202 1.000000
197 203 1.000000
198 198 -1.000000
198 199 1.000000
199 199 -1.000000
200 201 0.000000
200 204 1.000000
200 205 1.000000
200 206 0.000000
200 207 -1.000000
200 212 1.000000
200 213 0.000000
200 214 1.000000
200 215 1.000000
201 204 1.000000
201 205 0.000000
201 206 0.000000
201 207 0.000000
201 212 -1.000000
201 213 0.000000
201 214 1.000000
201 215 0.000000
202 202 -1.000000
202 203 1.000000
202 204 0.000000
202 205 0.000000
202 206 1.000000
202 207 -1.000000
203 203 -1.000000
203 204 1.000000
203 205 1.000000
203 206 1.000000
203 207 1.000000
204 204 -1.000000
204 205 1.000000
204 208 1.000000
204 209 1.000000
204 210 -1.000000
204 211 0.000000
205 205 -1.000000
205 208 1.000000
205 209 0.000000
205 210 1.000000
205 211 0.000000
206 206 -1.000000
206 207 0.000000
207 207 -1.000000
208 208 -1.000000
208 209 1.000000
208 212 1.000000
208 213 1.000000
208 214 1.000000
208 215 0.000000
209 209 -1.000000
209 212 0.000000
209 213 1.000000
209 214 0.000000
209 215 1.000000
210 211 1.000000
210 212 1.000000
210 213 0.000000
210 214 -1.000000
210 215 1.000000
211 211 -1.000000
211 212 0.000000
211 213 1.000000
211 214 -1.000000
211 215 0.000000
212 212 -1.000000
212 213 1.000000
213 213 -1.000000
214 215 1.000000
215 215 -1.000000
