# 
603 603 -2.144444408327094
604 604 3.5247265444765468
605 605 3.274018953421634
618 618 -3.676707692067221
619 619 -2.7380220253021035
620 620 -2.494922089082343
633 633 -3.584068780364107
634 634 -3.623854149954248
635 635 -3.665422864816387
648 648 -3.7473197994097447
649 649 -2.099370006047222
650 650 -1.7099581207408736
663 663 1.3034456240800187
664 664 1.8549764738672136
665 665 0.8555375002469345
678 678 1.8988458114266473
679 679 -3.8409249177937204
680 680 1.4814685061137682
693 693 3.7646233683591426
694 694 -2.760708154082792
695 695 -2.8743623958815103
708 708 3.3854847132586636
709 709 3.3496238674090044
710 710 -3.0623575429006884
723 723 -1.522713280447392
724 724 2.5333196023901765
725 725 2.7348102622517114
738 738 2.6789585191509016
739 739 -1.617001116776784
740 740 -1.260844301068512
753 753 -1.2220492980090807
754 754 1.7630466377546412
755 755 2.9561074918987
768 768 2.941503680798891
769 769 1.8908658508971676
770 770 -3.6239777175850367
783 783 -2.077842960315275
784 784 -2.9414298511341164
785 785 -0.11436720339045969
798 798 -1.6264435874219485
799 799 3.093128126804597
800 800 -0.15745509473336572
813 813 1.250293960649845
814 814 -1.4529960728660534
815 815 -1.9696777136226435
828 828 3.2320318367273586
829 829 2.311963653373983
830 830 -0.6740929721778679
843 843 -1.3053494358862539
844 844 2.632726740959173
845 845 0.48342364042052743
858 858 0.9473209330903654
859 859 2.223516376542354
860 860 -2.1742215156541764
873 873 -0.9353996769347628
874 874 0.018801924300986705
875 875 3.0711867387964
888 888 1.697484002132141
889 889 -0.21223593326037093
890 890 -3.687108029906285
903 903 1.528792172899891
904 904 3.1874760650487843
905 905 1.9804911378014625
918 918 -0.3996472382916956
919 919 -0.4573456896193493
920 920 -1.4003596587199834
933 933 -3.392061360879177
934 934 2.891996037735799
935 935 0.20669172579443895
948 948 3.180478244845859
949 949 3.4736844714510706
950 950 -0.11749779473019384
963 963 -3.8315414605780536
964 964 -3.530088152425365
965 965 -2.3763655556229324
978 978 -2.54521860106364
979 979 0.20366014567453394
980 980 -3.3911672784398483
993 993 3.3201299899557775
994 994 3.7287855016713403
995 995 -0.4864272112631802
1008 1008 0.23449881985589904
1009 1009 -1.9821758235364833
1010 1010 -2.8183757378871848
1023 1023 -2.8329933635104707
1024 1024 -1.540994487939436
1025 1025 -0.04545341947242676
1038 1038 1.7573391224006905
1039 1039 0.8905772402861789
1040 1040 2.8147919652979576
1053 1053 -1.1199754549946102
1054 1054 -3.788988581820873
1055 1055 -2.846453447946632
1068 1068 3.8266924737666264
1069 1069 -2.7260925007353514
1070 1070 3.863754497493515
1083 1083 0.7656908903975648
1084 1084 -1.0800980281311308
1085 1085 1.0848995933711274
1098 1098 0.4560803465822971
1099 1099 -3.9827202316632704
1100 1100 -1.282900543947533
1113 1113 3.963005108920492
1114 1114 0.5929963202417348
1115 1115 -3.1522369714424787
1128 1128 0.08078451249281748
1129 1129 3.078055288962709
1130 1130 1.3234159172488074
3364 3364 -2.4496001848878404
3365 3365 -0.2934445559114538
3366 3366 -1.4368137093428643
3379 3379 2.8679423722241113
3380 3380 0.533128368969102
3381 3381 -3.94800458766937
3394 3394 0.4032144460939291
3395 3395 -1.9040583157756377
3396 3396 -2.6515062450505615
3409 3409 3.654856928642797
3410 3410 2.3078859103200893
3411 3411 -0.6037797531191469
3424 3424 -0.6931525294851832
3425 3425 -2.8705089882256214
3426 3426 0.5408453146130672
3439 3439 -3.7622781485815633
3440 3440 -1.345016837494537
3441 3441 -0.33746046319946554
3454 3454 -3.5022729111040487
3455 3455 3.945424934193695
3456 3456 -0.8402407196770767
3469 3469 -0.7638992482723213
3470 3470 -1.062967443058369
3471 3471 0.28465295683104497
3484 3484 1.9209913578571642
3485 3485 -0.7355441271996153
3486 3486 1.98491216821815
3499 3499 1.5405010606177925
3500 3500 2.8248384779692044
3501 3501 1.0732411402973536
3514 3514 1.7520598197153046
3515 3515 3.380754341389344
3516 3516 3.9418468800935456
3529 3529 1.173705849346761
3530 3530 3.715185901009211
3531 3531 -2.4336020826274307
3544 3544 -0.7330253044668726
3545 3545 1.2068880684102723
3546 3546 -3.0931833600415928
3559 3559 1.1078024881160768
3560 3560 -2.9148614860325974
3561 3561 3.1574042676712724
3574 3574 -3.430274609825946
3575 3575 2.2803737758172966
3576 3576 1.856875388373961
3589 3589 -1.5614207748566846
3590 3590 1.9500530697632943
3591 3591 -2.9224993397040038
3604 3604 -3.9855193246814125
3605 3605 1.6623062314932717
3606 3606 1.7688319470419058
3619 3619 3.9781761210998665
3620 3620 -3.987632221174083
3621 3621 -1.1600880513222949
3634 3634 2.749055886537379
3635 3635 0.044898510092154176
3636 3636 -1.9597838853506246
3649 3649 -1.3468050200136172
3650 3650 2.9991655698292403
3651 3651 2.6378422988370724
3664 3664 3.0402978795076745
3665 3665 1.6096228951036444
3666 3666 2.5354253526241672
3679 3679 -0.7742533551742614
3680 3680 -2.451546670553296
3681 3681 0.9152061574198749
3694 3694 -1.555310547998742
3695 3695 0.16448580496431653
3696 3696 1.4505444496017477
3709 3709 1.8421198369196539
3710 3710 -1.969496378826686
3711 3711 -0.713945247584296
3724 3724 1.9375051594690094
3725 3725 3.231813691053455
3726 3726 -3.184857504438904
3739 3739 -2.7750521558848478
3740 3740 -0.7905308194896516
3741 3741 1.0399878233946334
3754 3754 -2.9105466643067404
3755 3755 3.6643270747742127
3756 3756 -0.526521120217466
3769 3769 -1.8710057160372449
3770 3770 3.996065756669699
3771 3771 -1.5059872449800125
3784 3784 -2.153468224883806
3785 3785 -3.8480479579146953
3786 3786 -0.5003998327772186
3799 3799 3.5427722197338563
3800 3800 -3.9859404509653222
3801 3801 -2.1556005207598306
3814 3814 -2.536887704345965
3815 3815 1.4067231076865188
3816 3816 -1.9960100653387949
3829 3829 -0.9244753957292158
3830 3830 -2.8125713167737363
3831 3831 0.5877294529966237
3844 3844 -3.3227479120570633
3845 3845 -2.8530770935591105
3846 3846 3.9000174071434106
3859 3859 -3.708926832962372
3860 3860 0.2671522120756
3861 3861 0.2301445472425856
3874 3874 -2.960357193178492
3875 3875 2.7932980769533184
3876 3876 3.0067736790360744
3889 3889 -3.571328461234234
3890 3890 2.505725827077524
3891 3891 3.730583491355561
603 604 0.19605297232248042
603 618 0.44102689418681273
603 3484 -0.2208403095061766
603 3499 -0.10735940416619605
603 3514 0.36653814692548115
603 3529 -0.10313971893180685
604 605 0.5553815897661856
604 619 -0.49613710986535287
604 3664 0.3519371623653098
604 3679 0.6373413891953035
604 3694 0.6585576150365959
604 3709 -0.5899252764755445
605 620 0.27689845018457704
605 3844 0.14381448683068787
605 3859 -0.9688680407587136
605 3874 0.012124286267129802
605 3889 0.510029632138183
618 619 -0.761677150352559
618 3484 -0.850990635001857
618 3499 0.6708377567854051
618 3514 -0.9168157434123168
618 3529 0.8505278069858475
619 620 0.6970919010923424
619 3664 -0.6864462149993515
619 3679 0.23380041713262267
619 3694 0.31560873580868365
619 3709 0.9839170732231628
620 3844 0.7750787135832222
620 3859 -0.7604137021135473
620 3874 -0.9550698155130461
620 3889 0.28571735583602864
633 634 0.11443805822258368
633 648 -0.284164605965179
633 3424 -0.8470393553998445
633 3439 0.8383159209178461
633 3454 -0.976568536396335
633 3469 0.23864376325724668
633 3484 0.8693209060197944
633 3499 0.953928653872155
633 3514 0.3601763860542988
633 3529 0.7192658906069271
634 635 0.07408200581402946
634 649 0.49294322637021937
634 3604 0.7867809603696019
634 3619 0.869202171226509
634 3634 -0.6195473293071148
634 3649 0.1693027273979244
634 3664 -0.5160765994750542
634 3679 -0.6049535220289755
634 3694 0.07007770772766064
634 3709 -0.4250407459995722
635 650 -0.1971411704046968
635 3784 -0.5695449861437474
635 3799 0.9086411999651638
635 3814 -0.1282972459861953
635 3829 0.5478932246648855
635 3844 -0.4207330950477306
635 3859 -0.27040807381439547
635 3874 -0.16120517316223903
635 3889 0.2038335005861982
648 649 0.022822581035038647
648 3424 -0.23073319987113972
648 3439 -0.7233530324526507
648 3454 0.344856184942713
648 3469 -0.10808674087778991
648 3484 -0.8447056766787104
648 3499 0.045631979029364445
648 3514 0.4128573744700583
648 3529 -0.32375980314990294
649 650 -0.4209635427748195
649 3604 0.45096432059406566
649 3619 -0.03742796511451596
649 3634 -0.6093189246857285
649 3649 0.4095044778137218
649 3664 -0.6637783849767769
649 3679 0.7428075562421934
649 3694 -0.0686787372083304
649 3709 0.8158568274070515
650 3784 0.42952969328364143
650 3799 -0.2885886814202683
650 3814 -0.893234268102346
650 3829 -0.610290009285352
650 3844 -0.4855794241815612
650 3859 0.7514214990363401
650 3874 -0.37197171340800383
650 3889 0.3371015683841079
663 664 0.8521721789574281
663 678 -0.6127306870256828
663 3424 -0.7542916588187243
663 3439 -0.4789848114480435
663 3454 0.34838303970595086
663 3469 -0.6714207964495806
663 3484 -0.6238408252970729
663 3499 0.9934846384253146
664 665 0.16903510065760874
664 679 -0.6650261502845405
664 3604 -0.27071995180780717
664 3619 -0.33564914981964544
664 3634 -0.5206032755561203
664 3649 -0.34168128373931395
664 3664 0.6498579520077086
664 3679 0.31607196269640836
664 3514 0.3847468049495797
664 3529 -0.06904331931733054
665 680 0.8865584407722016
665 3784 0.6971673847455713
665 3799 0.3414392641864954
665 3814 0.5326447977332889
665 3829 -0.0657387343689817
665 3844 -0.09795963243522521
665 3859 -0.037623865586997374
665 3694 -0.40516019243629886
665 3709 0.23820190395469965
678 679 0.9163115845362915
678 3424 0.5971134180319677
678 3439 -0.46074479594980033
678 3454 0.8545963639089567
678 3469 0.40498461989275314
678 3484 0.9765280135692034
678 3499 0.43105501322446016
679 680 -0.807069112838882
679 3604 -0.7377867568059655
679 3619 -0.46215747246298
679 3634 0.17293031919478352
679 3649 -0.5038290888384556
679 3664 0.45740918871577385
679 3679 0.8905113583992743
679 3514 -0.7363487593432785
679 3529 0.3371511717972415
680 3784 -0.33244514424937344
680 3799 -0.1436501457284045
680 3814 0.668516684947716
680 3829 0.5218827441431082
680 3844 0.3382714586086548
680 3859 0.07764528151629646
680 3694 -0.08421530642790942
680 3709 0.09229589731784316
693 694 0.365773233021949
693 708 -0.7470406520631909
693 3424 -0.09531486461398586
693 3439 0.10038414340021018
693 3454 0.16196173814314707
693 3469 -0.7305695700057795
693 3484 -0.007498838397564045
693 3499 -0.7652705603841599
693 3364 -0.20571664812261492
693 3379 -0.7642749042463632
693 3394 -0.9494461618678769
693 3409 -0.6350931525065373
694 695 -0.7913436760050951
694 709 -0.037884010708156834
694 3604 -0.40416490865191324
694 3619 0.8529106167016647
694 3634 -0.5520063656903531
694 3649 0.9574897373010216
694 3664 -0.1422286986658865
694 3679 0.2707090380099535
694 3514 -0.09039913333825789
694 3529 0.7539966194869103
694 3544 -0.2416815063008384
694 3559 0.03192382532532845
694 3574 0.9675477608159226
694 3589 0.30862919391508337
695 710 0.9623014001839201
695 3784 0.3501922489671343
695 3799 -0.1945898816978524
695 3814 -0.23005009663071152
695 3829 -0.874378483741918
695 3844 0.6903155268358163
695 3859 0.3276243378199384
695 3694 0.10497258544896604
695 3709 -0.9982407697031752
695 3724 -0.2255772869431023
695 3739 0.5408088766830221
695 3754 -0.10928412736589399
695 3769 0.6027535220439459
708 709 0.9920868104801723
708 3424 -0.5233047085566318
708 3439 0.2064204820404003
708 3454 0.7880351506758381
708 3469 -0.6132834695911555
708 3484 0.6311254035807308
708 3499 0.05134355606803198
708 3364 0.10678897187033387
708 3379 -0.830547233999245
708 3394 0.14236036403981633
708 3409 -0.8847006348873199
709 710 -0.7396751381261191
709 3604 0.7175578004956578
709 3619 -0.10200162306470606
709 3634 0.2758451498705441
709 3649 -0.3807768807333267
709 3664 0.17494374772103094
709 3679 0.08792289299971578
709 3514 0.5047688762169527
709 3529 -0.158095952013811
709 3544 0.4070281999306431
709 3559 -0.6204191431285613
709 3574 -0.44289529647523773
709 3589 0.03838508343287472
710 3784 0.917030336932076
710 3799 0.6223644071317078
710 3814 0.6079383018773457
710 3829 0.9979666081145755
710 3844 0.9098864858327913
710 3859 -0.02962063934381476
710 3694 -0.01876526522461086
710 3709 0.37419625829213077
710 3724 0.8717149464129534
710 3739 -0.7350558134782628
710 3754 0.11477300077422248
710 3769 0.8263766179758925
723 724 0.5352721640280897
723 738 -0.782261029794808
723 3424 0.33070827693820504
723 3439 -0.6148928029132803
723 3364 -0.49494588142727247
723 3379 -0.39155787765671235
723 3394 -0.5781847420227177
723 3409 0.6318489536573599
724 725 -0.4096484100586364
724 739 -0.513822359541434
724 3604 0.8627067583748058
724 3619 -0.9299806673774373
724 3454 0.02770522594355662
724 3469 0.24288894690785368
724 3484 0.6103662636842313
724 3499 0.76155294820429
724 3514 0.2868702763114259
724 3529 0.8051919093219839
724 3544 -0.94828805012821
724 3559 0.9767823790507817
724 3574 -0.6165472938801986
724 3589 -0.6183717487347675
725 740 0.8428721124650149
725 3784 -0.024286143087929535
725 3799 0.9901853150603079
725 3634 -0.15653331252110103
725 3649 0.7962031457161081
725 3664 -0.5381746986625382
725 3679 0.739686677086187
725 3694 -0.5499145043532914
725 3709 0.8564304440151431
725 3724 0.13217722769547913
725 3739 -0.052743533546322885
725 3754 -0.23391110043125574
725 3769 -0.9835688157847591
738 739 -0.23155749753611432
738 3424 0.27041538608165494
738 3439 -0.4630097048785917
738 3364 -0.6008835360139977
738 3379 0.6394048974068731
738 3394 0.2884537334871222
738 3409 -0.1299784888990272
739 740 -0.35289939762346445
739 3604 -0.8131361214733528
739 3619 0.033091387778044545
739 3454 0.5407803107341982
739 3469 -0.75135368305473
739 3484 0.44566317106275033
739 3499 0.8262446097166132
739 3514 0.09388363870394101
739 3529 -0.7915275155594652
739 3544 0.26563613337158287
739 3559 0.22181287439239483
739 3574 0.24192189292590416
739 3589 -0.14467865782113365
740 3784 -0.31504510794395624
740 3799 -0.30708365743738386
740 3634 0.835101793688545
740 3649 -0.21509930730668403
740 3664 0.3141141613364964
740 3679 -0.9209899204173582
740 3694 -0.7258713942421771
740 3709 0.7289139379048235
740 3724 0.12675690335817058
740 3739 0.2493944483524464
740 3754 0.18111357688570684
740 3769 -0.6772692221444467
753 754 0.17043841042594132
753 768 0.8520998986635877
753 3424 0.3457955410616187
753 3439 0.21482208892093713
753 3364 -0.956345516565658
753 3379 -0.8673494516287421
753 3394 0.028405592076257813
753 3409 0.8095513850080129
754 755 -0.12269420376775564
754 769 0.21617827484924068
754 3604 -0.5635702051893374
754 3619 -0.9018077536359894
754 3454 -0.8532233285109236
754 3469 -0.7859020720773295
754 3485 -0.008173780956610033
754 3500 0.40377348575496685
754 3515 -0.6541266633559368
754 3530 -0.17117898418042365
754 3544 0.05326918987427254
754 3559 -0.4536740033146922
754 3574 -0.21854582316510518
754 3589 0.1528524818996233
755 770 0.48155142158100395
755 3784 -0.25094800752905844
755 3799 0.057566995199126225
755 3634 0.08135699135065066
755 3649 -0.3702353788055426
755 3665 -0.8103358532860978
755 3680 -0.5688491307107468
755 3695 -0.37045465094288654
755 3710 -0.3151322901974445
755 3724 -0.9037669182940042
755 3739 -0.06216973283215843
755 3754 -0.9754051339033627
755 3769 -0.6264049470321496
768 769 -0.5239270791763833
768 3424 0.09771064704032129
768 3439 0.8665063867033929
768 3364 -0.960105250546194
768 3379 -0.7173417602056362
768 3394 -0.031029109674710176
768 3409 0.12644534222527382
769 770 0.8720240447332972
769 3604 -0.4469804483049409
769 3619 0.10547224991650839
769 3454 -0.7102581392899423
769 3469 0.6466761024542089
769 3485 -0.41873998358420583
769 3500 0.3869025573972342
769 3515 0.7635200723853957
769 3530 0.2897913044223883
769 3544 -0.5530742631333703
769 3559 -0.34180774598037056
769 3574 -0.32798828900540866
769 3589 0.7015823350538004
770 3784 -0.04318952752500871
770 3799 0.14898258331195757
770 3634 0.2565780505927484
770 3649 0.7557349891424565
770 3665 0.5138305689413367
770 3680 0.45930036019329945
770 3695 -0.2728828447743612
770 3710 0.16453342100579738
770 3724 -0.49998074195786146
770 3739 0.506706440268708
770 3754 -0.35767778103084447
770 3769 -0.15579858143255643
783 784 -0.020815340288498962
783 798 -0.7540652588174666
783 3424 0.527363874801374
783 3439 0.8901677452148407
783 3454 -0.7146359713923849
783 3469 -0.24321477397626245
783 3485 0.9375758497375375
783 3500 0.05279136310049126
783 3515 -0.36593068643726556
783 3530 0.17032692172977226
783 3544 0.18624683572480927
783 3559 -0.27670120304002155
783 3394 0.6770785139797109
783 3409 -0.36206885014703083
784 785 -0.8113969274499286
784 799 0.5040581462158868
784 3604 0.908072529241319
784 3619 0.2017139847995728
784 3634 -0.16911444009095766
784 3649 -0.8409625859378731
784 3665 -0.5901572931142804
784 3680 -0.1064383480515898
784 3695 0.23615590565116862
784 3710 -0.12754909850179952
784 3724 -0.033583592381509986
784 3739 -0.8562653523951387
784 3574 0.8886099337154834
784 3589 -0.28868208410441687
785 800 0.4342466439710022
785 3784 0.23453131361805957
785 3799 0.15741359280051648
785 3814 0.2161793195433097
785 3829 0.7936727076180838
785 3845 0.5828517609518666
785 3860 0.3185837190367966
785 3875 -0.1829117437884682
785 3890 0.1882832827167904
785 3754 0.6926084548172569
785 3769 -0.5656974288916543
798 799 0.4699162172410156
798 3424 -0.5686516499227947
798 3439 -0.6745139495749077
798 3454 0.42224307071672795
798 3469 -0.037315975984921534
798 3485 -0.6665292116755877
798 3500 0.892966972376052
798 3515 0.9401586488137639
798 3530 -0.3733244850718813
798 3544 -0.03493210657547485
798 3559 -0.6099578469397098
798 3394 -0.9811540631817135
798 3409 0.6329115035692616
799 800 -0.6912298558634691
799 3604 0.27755031414513787
799 3619 -0.9089621379131689
799 3634 0.5944425275667218
799 3649 -0.34344672421862277
799 3665 -0.6103099387803457
799 3680 0.4537716310751967
799 3695 -0.06604007248773347
799 3710 0.024866503387123595
799 3724 0.4595370329202171
799 3739 -0.7029912501944671
799 3574 -0.5773305632167831
799 3589 0.2330043571470677
800 3784 0.5507249513149128
800 3799 -0.40091480005611846
800 3814 -0.37160698803655934
800 3829 0.5489670465541698
800 3845 -0.9479749328319804
800 3860 -0.504290068505731
800 3875 0.6795182721163253
800 3890 -0.7459462115995013
800 3754 0.867953350567698
800 3769 -0.2541592418667544
813 814 -0.6315648907560192
813 828 -0.0009399983383462374
813 3425 0.8910269261368087
813 3440 0.5912075812987116
813 3455 0.7590149309747958
813 3470 0.8756935969421147
813 3485 -0.011359298884147995
813 3500 -0.04998196295317503
813 3515 -0.8792365291394431
813 3530 -0.1998876395869802
813 3544 -0.8727998042298539
813 3559 0.7881624926499271
813 3394 0.23608129506198927
813 3409 -0.19576264836108592
814 815 0.37656720026150237
814 829 0.3384480968136745
814 3605 0.23848435359389542
814 3620 -0.17827410757337714
814 3635 -0.4705345104985119
814 3650 0.6727384557753235
814 3665 0.5513583115928335
814 3680 0.14113544992843208
814 3695 0.9478386048246448
814 3710 -0.7669443877435553
814 3724 0.5856861916306964
814 3739 0.2600027923730923
814 3574 -0.16052423054531229
814 3589 0.6128552509111043
815 830 0.6671818402385827
815 3785 -0.3912763662411807
815 3800 -0.1648764651211443
815 3815 -0.42804003144058966
815 3830 -0.24899616109578382
815 3845 0.4722278502356063
815 3860 -0.5771988496364668
815 3875 0.3146472034289294
815 3890 -0.9310639522601933
815 3754 -0.6047574457061706
815 3769 -0.6912908358494192
828 829 0.9489826510759163
828 3425 0.1837508620487629
828 3440 -0.20366081982009732
828 3455 -0.565236923383561
828 3470 0.7740495141402335
828 3485 0.14644822554751258
828 3500 0.8518042507767802
828 3515 -0.5253476705033999
828 3530 0.7365186066927223
828 3544 -0.5292548424912931
828 3559 -0.9233749782776726
828 3394 0.27667731825133113
828 3409 -0.18489644511546843
829 830 0.46142390975432535
829 3605 -0.1912089386078748
829 3620 0.1346798505996898
829 3635 -0.7205344761314285
829 3650 -0.8226370825600811
829 3665 0.1974129913800422
829 3680 0.78151980830709
829 3695 -0.5917308805566894
829 3710 0.5132194300027157
829 3724 0.32015467244504703
829 3739 -0.622561253217724
829 3574 0.08420636485696198
829 3589 0.8771490339664325
830 3785 0.5412016553514982
830 3800 0.9830586894624267
830 3815 0.8668079576255312
830 3830 -0.39542877848302016
830 3845 0.8276898386844005
830 3860 0.10198508493963421
830 3875 -0.7791417894667536
830 3890 0.1095877373403844
830 3754 0.2502713091900439
830 3769 -0.5338255365585447
843 844 -0.02507604534309049
843 858 0.23920120126475197
843 3425 -0.748022763781881
843 3440 -0.27692943331378883
843 3455 0.9217224119557912
843 3470 0.5447174079599479
843 3485 -0.201413750692226
843 3500 0.11165304857613534
843 3364 -0.8135422379159498
843 3379 0.25298345658665977
843 3394 -0.7560522973352297
843 3409 0.5718856082577621
844 845 -0.03203796671195991
844 859 -0.12436072926139796
844 3605 -0.8593839038922715
844 3620 0.9924282450257225
844 3635 -0.6909082683821435
844 3650 -0.885481155855256
844 3665 0.9551544187705066
844 3680 0.4675361155583584
844 3515 0.9836075274766498
844 3530 -0.8063294987798517
844 3544 0.001436838535624041
844 3559 -0.0530744665571905
844 3574 0.6730976808486038
844 3589 0.08113491898932157
845 860 -0.15072731960791885
845 3785 0.6769993964429626
845 3800 -0.9670716831003361
845 3815 0.4988132770912297
845 3830 0.12947077692546194
845 3845 -0.12448439808837541
845 3860 0.11491027451697033
845 3695 0.03382042114271222
845 3710 0.28493135557650073
845 3724 -0.7835025882978814
845 3739 0.029061565520428934
845 3754 -0.7215540924484738
845 3769 0.46465542756264777
858 859 0.941743233156078
858 3425 -0.2705410280727467
858 3440 -0.6631282917021546
858 3455 -0.8353827609784854
858 3470 -0.30660034705568107
858 3485 0.4004817950015791
858 3500 -0.1528794355808254
858 3364 -0.33584821752716154
858 3379 -0.08405121646148106
858 3394 0.5662101783819546
858 3409 -0.9791365933563445
859 860 0.9220522401606965
859 3605 -0.6212973060295892
859 3620 -0.3606914208406713
859 3635 -0.33003916434504443
859 3650 -0.8385781015927363
859 3665 0.6045342949452293
859 3680 0.3654752589794019
859 3515 -0.3179933437016018
859 3530 -0.051577225284560546
859 3544 0.6032925169275123
859 3559 -0.19532436223394267
859 3574 0.39591980493063295
859 3589 -0.46921990675721625
860 3785 -0.4226518662883505
860 3800 0.19470212303997414
860 3815 -0.19436024664623774
860 3830 -0.7910522823319541
860 3845 -0.32680001219312804
860 3860 0.9827153805242348
860 3695 0.7357288894240055
860 3710 0.5267591094658022
860 3724 0.6879903822455768
860 3739 -0.0014888236791579246
860 3754 0.27488514537629904
860 3769 -0.1113031503309192
873 874 0.1552375669503574
873 888 0.7622545940730385
873 3425 -0.5195240435607875
873 3440 0.648438258373921
873 3455 0.18786728073250658
873 3470 -0.3429044341319911
873 3485 0.10922646046312279
873 3500 -0.21742526686487373
873 3365 -0.9419560881482822
873 3380 -0.7947781260056228
873 3395 0.5674877883979133
873 3410 0.49074086780237414
874 875 -0.8072794232328553
874 889 0.9400208967973556
874 3605 -0.07480759872489506
874 3620 0.0805402954713954
874 3635 -0.6686435710733534
874 3650 0.692795634096713
874 3665 -0.5629615208155305
874 3680 0.2847545776390785
874 3515 0.8991880343844194
874 3530 -0.8191535207487799
874 3545 -0.9452078365239942
874 3560 -0.14136278356124388
874 3575 0.29736689308215114
874 3590 -0.9130165171311697
875 890 -0.2791080602323559
875 3785 -0.6307386947261111
875 3800 0.18519305523177865
875 3815 -0.06163819176297802
875 3830 -0.02933514786046687
875 3845 0.02683692785158831
875 3860 0.6334380486137003
875 3695 -0.16595466312368745
875 3710 -0.25414192431237903
875 3725 0.8588792328389572
875 3740 0.39524837210283703
875 3755 0.5404379427491321
875 3770 -0.4909855711409987
888 889 -0.6647991011560395
888 3425 -0.9931627838488741
888 3440 0.39320355881751845
888 3455 0.4544484994874438
888 3470 -0.4398600710403253
888 3485 0.9524471401881569
888 3500 0.3668926357334821
888 3365 -0.6349110744760991
888 3380 -0.5538859932495384
888 3395 -0.14867636439389176
888 3410 0.7329486911947793
889 890 -0.2212839994200375
889 3605 0.22545864850156816
889 3620 0.8806323619354848
889 3635 0.169481258362423
889 3650 0.8700087922956532
889 3665 0.4508745429767833
889 3680 0.6569799816275386
889 3515 0.24747947824887961
889 3530 0.35136375553510346
889 3545 -0.5089272286211233
889 3560 -0.5284553553083968
889 3575 -0.17638963429886778
889 3590 -0.9749598119492118
890 3785 -0.019901165819409927
890 3800 -0.19404675489409562
890 3815 0.44577944191213614
890 3830 0.9163910564257263
890 3845 -0.4556306528673715
890 3860 -0.012979754055340686
890 3695 0.4379402370148118
890 3710 0.5723105204331123
890 3725 -0.8995314858208594
890 3740 -0.5238679464220237
890 3755 0.33042240454427696
890 3770 0.8213650557522361
903 904 0.2156927937852089
903 918 0.008679525509425634
903 3425 -0.6178378546391388
903 3440 -0.2539811019882878
903 3365 0.7533770477688069
903 3380 -0.21018013723736217
903 3395 -0.7185381727937061
903 3410 0.4148648392044829
904 905 -0.8470386494034818
904 919 0.31200552878208954
904 3605 0.6890482116497554
904 3620 0.2277818118903694
904 3455 0.8779894560618486
904 3470 -0.7853714124900113
904 3485 0.8465507989507521
904 3500 0.8684342894626043
904 3515 0.1392658867429648
904 3530 0.32355590689172575
904 3545 -0.3520154564434059
904 3560 0.5181774519145839
904 3575 -0.6697524409357192
904 3590 0.7485995113933255
905 920 -0.8278282463561066
905 3785 0.23219616073096838
905 3800 -0.23889829427500753
905 3635 -0.229839408138091
905 3650 -0.547522020430542
905 3665 0.20877847433002383
905 3680 0.4213217778133711
905 3695 0.718778088763844
905 3710 -0.7888504636754909
905 3725 0.8306581407165468
905 3740 -0.3422016127533345
905 3755 -0.496693939650815
905 3770 0.854348898327395
918 919 0.6924807721923678
918 3425 -0.06096559541393387
918 3440 0.4041865578187489
918 3365 0.9995390153007453
918 3380 -0.3457209759197366
918 3395 0.5664624464716765
918 3410 -0.9415867055922114
919 920 0.8059756893867083
919 3605 0.5760908949275982
919 3620 0.594685324462306
919 3455 0.608983471308918
919 3470 -0.2492422827258305
919 3485 0.6073144730217532
919 3500 -0.22734456544293802
919 3515 0.10351575158809423
919 3530 0.6942294125895234
919 3545 -0.5317954265392231
919 3560 -0.8420191211046519
919 3575 -0.8000855533944868
919 3590 0.49006727723228405
920 3785 -0.4731734877296605
920 3800 0.4403232936742285
920 3635 0.70809819272532
920 3650 -0.27671510231120666
920 3665 -0.37629130318621473
920 3680 0.46709432206782586
920 3695 0.375732384356372
920 3710 -0.1668543964318987
920 3725 0.757303537901791
920 3740 0.5599558176739754
920 3755 -0.15643897551686248
920 3770 0.831428782600516
933 934 0.8947608614217637
933 948 -0.7301715964937805
933 3425 -0.6732381093435615
933 3440 -0.8939937936196265
933 3365 0.9141428048937186
933 3380 0.61180971592606
933 3395 0.07118539159572035
933 3410 -0.6889233171992231
934 935 -0.08028754698407559
934 949 0.6313535298212254
934 3605 -0.20551058935131628
934 3620 0.3415451858730225
934 3455 0.11743456145973252
934 3470 0.9603130791031464
934 3486 0.2125454939148459
934 3501 0.8994079153303611
934 3516 0.3062643596171126
934 3531 -0.7850806741772509
934 3545 -0.025732921262154207
934 3560 0.9907192943660286
934 3575 -0.0937601984269898
934 3590 0.8245116037402205
935 950 0.5076797794065755
935 3785 0.8553534927439248
935 3800 -0.5694421724923042
935 3635 0.35109219576131023
935 3650 0.6900946728348627
935 3666 -0.6975876716810951
935 3681 0.7792232908997763
935 3696 0.04410944226432045
935 3711 0.9102523077454003
935 3725 0.005066935698823993
935 3740 -0.8618114806660557
935 3755 0.2593472611634351
935 3770 0.6922782243014416
948 949 -0.00042347349652116506
948 3425 0.05451865205039086
948 3440 0.335862325224324
948 3365 0.014596833992214453
948 3380 -0.7572327632686422
948 3395 -0.9593088180188076
948 3410 0.8843339801747157
949 950 -0.6783177711056503
949 3605 -0.9935854847134271
949 3620 -0.7078021552359657
949 3455 -0.13081790346499345
949 3470 -0.7637916258942761
949 3486 0.007277794242728897
949 3501 -0.6849503724100738
949 3516 0.3323891115425559
949 3531 0.1366725473876993
949 3545 -0.37276557235469054
949 3560 0.6517806404593669
949 3575 -0.18227749688839334
949 3590 -0.9372254919381764
950 3785 -0.27278612939483504
950 3800 0.3324829995086036
950 3635 -0.8707483966165868
950 3650 0.12401066970646446
950 3666 -0.8579939569364241
950 3681 -0.1636247641858386
950 3696 0.4514307874971737
950 3711 0.7755826450286676
950 3725 0.6394885339941483
950 3740 -0.7390855936768077
950 3755 0.32093869764035565
950 3770 0.7008307440171098
963 964 0.2081798178781613
963 978 0.01607607895888319
963 3425 0.8240517058852137
963 3440 -0.7606873383242385
963 3455 -0.6509010013612695
963 3470 -0.3073607526838815
963 3486 0.2088631104138463
963 3501 -0.1934275107906076
963 3516 -0.9582493038047928
963 3531 0.7945891975284425
963 3545 0.19520640725883776
963 3560 0.7247134945593983
963 3395 0.07386221346497468
963 3410 0.4653454879251291
964 965 0.10748872093850914
964 979 -0.6940291556915017
964 3605 -0.40912277886037307
964 3620 -0.5043033385068112
964 3635 0.5645323606020023
964 3650 0.5338157614840446
964 3666 -0.7936726508568033
964 3681 -0.8627388992552816
964 3696 0.020281470653695788
964 3711 -0.6041182453280625
964 3725 0.5950395344125607
964 3740 0.5927188480173542
964 3575 -0.5610132382957778
964 3590 0.37483569880871914
965 980 -0.07931182597874131
965 3785 0.0764724952986191
965 3800 -0.4020738623711908
965 3815 0.3471683275399322
965 3830 -0.5209433774853551
965 3846 0.45438673450757605
965 3861 -0.18954561616228682
965 3876 0.48330319041823033
965 3891 -0.5166248738663539
965 3755 -0.635602250418992
965 3770 -0.22262852769021002
978 979 0.345580027458968
978 3425 0.4334768933719033
978 3440 0.7052838602298075
978 3455 -0.6435289241365774
978 3470 -0.7584810064840515
978 3486 -0.11424480258164915
978 3501 0.767124576737886
978 3516 0.7821901519220367
978 3531 0.8941972394544859
978 3545 0.5141426497265398
978 3560 0.970617615356709
978 3395 0.7760449048723015
978 3410 -0.7607637416004012
979 980 0.6668416517745619
979 3605 0.39609916740807094
979 3620 -0.635441494255385
979 3635 -0.5273935155090277
979 3650 -0.5084988677490987
979 3666 -0.6022988117659291
979 3681 -0.6156456232052245
979 3696 0.8151534874165154
979 3711 -0.21114889123654645
979 3725 0.3789033578162855
979 3740 -0.9804800255708859
979 3575 -0.4619169010616022
979 3590 -0.5076379739087735
980 3785 -0.29607497076429623
980 3800 0.1258440367445357
980 3815 0.19005044282053274
980 3830 0.7725906996771852
980 3846 0.5495132655066901
980 3861 0.9922285559070738
980 3876 0.01930928480653149
980 3891 0.5088161620678759
980 3755 0.28320023449560905
980 3770 0.2723153494036703
993 994 0.769558977740177
993 1008 0.7153252606098399
993 3426 -0.8969329781317279
993 3441 -0.10119535755910092
993 3456 0.26315859820436205
993 3471 -0.7722737110616189
993 3486 -0.9828044056297638
993 3501 0.7041058373141613
993 3516 -0.9523553886268945
993 3531 0.10779982540300637
993 3545 -0.10078601416314048
993 3560 0.06919226891305996
993 3395 -0.38355941412158523
993 3410 0.3483612039773689
994 995 -0.7174584185234334
994 1009 0.861798501205002
994 3606 0.033545343601650845
994 3621 -0.6882167677448612
994 3636 -0.6696820588081687
994 3651 -0.9682702778881225
994 3666 0.06854870012977288
994 3681 0.4302819605440147
994 3696 0.9966065674989886
994 3711 0.5728304680227501
994 3725 -0.7832816714514714
994 3740 -0.6266027226141748
994 3575 -0.17588401090952033
994 3590 -0.9986649446801839
995 1010 -0.7684415246605232
995 3786 0.7983220614369269
995 3801 0.8099995890830409
995 3816 0.7539138403695516
995 3831 -0.06530983992248585
995 3846 -0.982712602532156
995 3861 0.8029967367121751
995 3876 0.018314657610738694
995 3891 0.9071338109410425
995 3755 0.41428928252964203
995 3770 -0.0948689897485564
1008 1009 -0.4544198688494203
1008 3426 -0.9732499966112167
1008 3441 0.9160453603498271
1008 3456 0.6420328256621128
1008 3471 0.4721135562602474
1008 3486 -0.395406054772254
1008 3501 -0.7906927600584697
1008 3516 -0.6407351407883535
1008 3531 -0.717887573641151
1008 3545 0.9874604282887867
1008 3560 0.5580407329315415
1008 3395 -0.061095039999896406
1008 3410 0.32708675108217977
1009 1010 0.48122532238968585
1009 3606 -0.37416754674706176
1009 3621 0.9731557930813235
1009 3636 -0.8795134747588118
1009 3651 0.8993372698803983
1009 3666 0.19997504126762644
1009 3681 0.2137539966816253
1009 3696 0.5921620871233788
1009 3711 0.9741091757656164
1009 3725 -0.09921796930336435
1009 3740 0.5686002804322212
1009 3575 0.8554341288094092
1009 3590 -0.15202597195766043
1010 3786 0.45072929168619025
1010 3801 -0.3090556486212779
1010 3816 -0.6750590366570592
1010 3831 -0.5219561578903886
1010 3846 0.8050859306810905
1010 3861 0.07742502815061036
1010 3876 -0.6329315606824506
1010 3891 0.3574440775352714
1010 3755 0.30547589506660344
1010 3770 0.1576952432208496
1023 1024 0.8867243374876326
1023 1038 0.841591341653593
1023 3426 -0.3698195744098478
1023 3441 0.5541112494701055
1023 3456 0.7784125347969544
1023 3471 -0.7017827283149818
1023 3486 0.24373364152880983
1023 3501 0.15133812992972873
1023 3365 0.9742799374567161
1023 3380 0.5962352938521347
1023 3395 0.9795254680864014
1023 3410 0.16646096428906976
1024 1025 -0.12095696936285139
1024 1039 -0.8536157402084981
1024 3606 -0.1784574065317428
1024 3621 0.010966717463597897
1024 3636 0.6763679284870865
1024 3651 0.1855079547087779
1024 3666 -0.39509158296590585
1024 3681 0.15414600027780145
1024 3516 0.3154205675282584
1024 3531 0.3795106881975192
1024 3545 -0.6458028935127944
1024 3560 0.855032214956706
1024 3575 0.8677293687395293
1024 3590 -0.8499288479991711
1025 1040 0.6488318226460281
1025 3786 0.9109808760473603
1025 3801 0.6132405332126227
1025 3816 -0.30491457084792417
1025 3831 0.24567412837282254
1025 3846 -0.4052132533754891
1025 3861 0.8557297143203155
1025 3696 -0.4971824311996187
1025 3711 -0.7019520320938881
1025 3725 -0.04924331628927936
1025 3740 -0.5196255899466364
1025 3755 -0.8100832603776955
1025 3770 -0.42289123936526996
1038 1039 0.10558256127117116
1038 3426 -0.10099611012265153
1038 3441 0.36022806854535316
1038 3456 -0.8972043754312855
1038 3471 -0.07707051436061096
1038 3486 -0.508704891548222
1038 3501 0.932493428662589
1038 3365 -0.7414218801301562
1038 3380 -0.8171909872444569
1038 3395 -0.7119511171272801
1038 3410 -0.2847422763878451
1039 1040 0.6225292429572207
1039 3606 0.5255150657331344
1039 3621 0.578442842553393
1039 3636 0.7562610608298601
1039 3651 0.4323451574274093
1039 3666 0.717714283308633
1039 3681 -0.7417918618898935
1039 3516 0.06951703914085416
1039 3531 -0.14821789066444868
1039 3545 0.41456528100600365
1039 3560 0.0355909829616603
1039 3575 -0.11931145751779249
1039 3590 0.41118402569046
1040 3786 0.6434316836027025
1040 3801 0.13602111882285461
1040 3816 -0.9377506134626554
1040 3831 -0.42779606009860704
1040 3846 -0.6792025801490158
1040 3861 0.7438712391552662
1040 3696 0.4830590436274331
1040 3711 -0.8737708932580115
1040 3725 -0.2388450296667064
1040 3740 0.8818800253339847
1040 3755 -0.056330048756016105
1040 3770 -0.33140495623094557
1053 1054 -0.28038210759718596
1053 1068 0.825425949782649
1053 3426 -0.8638928318038452
1053 3441 -0.8957971246918479
1053 3456 -0.5580129468097781
1053 3471 0.6887396028395125
1053 3486 0.79559731981847
1053 3501 0.9089602210715251
1053 3366 0.9472260778722801
1053 3381 -0.7627231408223252
1053 3396 -0.0196102784286325
1053 3411 -0.8647337225412812
1054 1055 -0.5951795770063872
1054 1069 0.797231762595966
1054 3606 -0.5747812611507814
1054 3621 0.6272081157518803
1054 3636 -0.48796985737797693
1054 3651 -0.25251043417213825
1054 3666 -0.47664422596684175
1054 3681 0.9436450341206473
1054 3516 -0.7312539376958478
1054 3531 -0.6670032099105321
1054 3546 -0.696164663634971
1054 3561 -0.9502629483431753
1054 3576 0.13861889957426232
1054 3591 0.33179843912955587
1055 1070 -0.4651151770384292
1055 3786 0.5559946575775965
1055 3801 -0.9043359472507739
1055 3816 0.46437267589477016
1055 3831 -0.46470885557787645
1055 3846 0.9963203537753182
1055 3861 0.6618384066092549
1055 3696 0.9768831933494162
1055 3711 -0.7041216922127382
1055 3726 -0.6327306090412006
1055 3741 -0.7465741144986457
1055 3756 -0.16805460431425456
1055 3771 0.19427189486401275
1068 1069 0.6522149247363811
1068 3426 0.3727123934688914
1068 3441 -0.4502290302892813
1068 3456 -0.738561176294185
1068 3471 0.3271973155769785
1068 3486 0.5968980903172296
1068 3501 0.9774188405852102
1068 3366 -0.1031514441079644
1068 3381 0.3816005963967033
1068 3396 0.8553092544001191
1068 3411 -0.3890085357384341
1069 1070 -0.34659792267170264
1069 3606 -0.6050323085201819
1069 3621 -0.26514150471920805
1069 3636 0.22325765770535444
1069 3651 0.8482995930581614
1069 3666 0.8109896284367157
1069 3681 0.6456581584489534
1069 3516 -0.7852894221618019
1069 3531 0.3251506423058492
1069 3546 -0.5707340627445079
1069 3561 -0.90710626761467
1069 3576 0.44922822145298946
1069 3591 0.32172875666634293
1070 3786 0.6911855026408349
1070 3801 -0.18181569172450218
1070 3816 -0.033485583855669576
1070 3831 -0.11433820924085869
1070 3846 -0.8088497774576462
1070 3861 0.5796588420222737
1070 3696 -0.23900817520687023
1070 3711 -0.08237648096127326
1070 3726 -0.6057345080994732
1070 3741 -0.9258084151429555
1070 3756 -0.21488668496437446
1070 3771 0.3021725460385998
1083 1084 0.16591567180039113
1083 1098 -0.20776130878751453
1083 3426 0.5307130185208846
1083 3441 -0.7310102572764805
1083 3366 -0.15784068295651354
1083 3381 0.6565376875856808
1083 3396 0.543075090041433
1083 3411 -0.8584743090717544
1084 1085 0.47611661553248985
1084 1099 0.5242550625567746
1084 3606 0.6191567432031913
1084 3621 0.7187238796359532
1084 3456 -0.5240641957435617
1084 3471 -0.6868712356553706
1084 3486 0.511823560060634
1084 3501 0.15283935293261708
1084 3516 0.7886568107331251
1084 3531 -0.8925432046753974
1084 3546 0.526337175375126
1084 3561 -0.6451059535700503
1084 3576 -0.5281105425752632
1084 3591 -0.47076069305364876
1085 1100 0.896962840966077
1085 3786 -0.5475707617988042
1085 3801 -0.19338601114293907
1085 3636 0.9172357238083448
1085 3651 0.7391816705135488
1085 3666 0.5275561523716568
1085 3681 0.23498581183861655
1085 3696 -0.9443828015972036
1085 3711 -0.8657521282714185
1085 3726 -0.6375017762974804
1085 3741 -0.20401881604233463
1085 3756 0.4392805136547895
1085 3771 -0.3444224903191473
1098 1099 -0.43881336837336704
1098 3426 0.9081390587993106
1098 3441 -0.480268572804601
1098 3366 -0.733417441069055
1098 3381 0.39169149144461635
1098 3396 -0.03468466285222149
1098 3411 -0.049192772107725435
1099 1100 0.829531571177401
1099 3606 0.04275566445280354
1099 3621 -0.12473277620950207
1099 3456 -0.1018035806178672
1099 3471 0.604442402707855
1099 3486 -0.41931310577964287
1099 3501 0.8045984531572064
1099 3516 -0.7039468517406415
1099 3531 -0.8578662024978223
1099 3546 -0.7019544826475126
1099 3561 -0.5234601762600262
1099 3576 -0.5524467518685172
1099 3591 -0.9600528899777687
1100 3786 -0.5098177152001844
1100 3801 -0.2679263822282332
1100 3636 -0.8832057042404668
1100 3651 -0.8374472280105623
1100 3666 0.2139508748027441
1100 3681 0.8071212746141425
1100 3696 0.9262971544604472
1100 3711 -0.758782192158401
1100 3726 -0.34545300157020753
1100 3741 -0.16158677932966192
1100 3756 0.7620425420172909
1100 3771 -0.0428033161325414
1113 1114 -0.2386285964112107
1113 1128 0.026271782174822844
1113 3426 0.47219777959887255
1113 3441 0.7971821949637192
1113 3366 0.08698840965762167
1113 3381 0.8638350999707343
1113 3396 -0.33514739312640773
1113 3411 -0.6806138461969604
1114 1115 -0.8505208190311102
1114 1129 0.8099654104113689
1114 3606 0.9286804826373081
1114 3621 -0.904560050172655
1114 3456 -0.35775366999362657
1114 3471 0.2579762044210163
1114 3546 0.9621206376242919
1114 3561 0.25551710380373494
1114 3576 -0.6543296721935021
1114 3591 0.5450702047792328
1115 1130 0.6016295348815917
1115 3786 0.567695322994259
1115 3801 0.24625463025405026
1115 3636 -0.7030054479104071
1115 3651 0.14094484415988462
1115 3726 -0.20577587686125232
1115 3741 0.08520678887836874
1115 3756 -0.295492780891045
1115 3771 -0.22091045327777725
1128 1129 -0.9373393925067548
1128 3426 0.7970372972669542
1128 3441 -0.985652710394028
1128 3366 -0.7045586399969099
1128 3381 0.606202835917327
1128 3396 0.174833555164841
1128 3411 -0.39860386702361206
1129 1130 -0.35348393451778404
1129 3606 0.4876728002865618
1129 3621 0.9064908659710222
1129 3456 -0.9289806014181479
1129 3471 0.42305066717192585
1129 3546 0.15808778734678453
1129 3561 -0.7865449276494594
1129 3576 0.7686085509424634
1129 3591 -0.1680400012124279
1130 3786 0.14651552168078874
1130 3801 0.5940719370824148
1130 3636 0.44649576143477043
1130 3651 -0.3600654918466577
1130 3726 -0.8231591037037769
1130 3741 0.11858039685599486
1130 3756 -0.47484885016427913
1130 3771 0.8013040757735266
3364 3365 -0.3374315812286133
3364 3379 -0.16065723319648728
3365 3366 0.893399738514228
3365 3380 -0.6747304679051127
3366 3381 0.22973588332933303
3379 3380 -0.3573393261322262
3380 3381 -0.7636544738192881
3394 3395 0.6991531407479679
3394 3409 -0.7343079809565063
3395 3396 -0.6395030619119006
3395 3410 -0.7549708613614199
3396 3411 0.7054435928412552
3409 3410 -0.16193545991053981
3410 3411 0.7477770796672643
3424 3425 0.9644595644066394
3424 3439 0.7603951669682227
3425 3426 -0.7404911796526465
3425 3440 0.5587758956384048
3426 3441 -0.549491942866642
3439 3440 0.712545796014765
3440 3441 -0.09800461105876601
3454 3455 0.2507253200287751
3454 3469 0.5296971118900333
3455 3456 0.36934098128907666
3455 3470 -0.7232934793743746
3456 3471 -0.7983003914003628
3469 3470 -0.8531957366045706
3470 3471 -0.5861278895615254
3484 3485 0.13714985015986492
3484 3499 0.03698903474656823
3485 3486 0.10754644915725531
3485 3500 -0.8300747244240738
3486 3501 0.07797435680868636
3499 3500 -0.14924150117029922
3500 3501 0.563281068444067
3514 3515 -0.01027175875780939
3514 3529 -0.8733166715915888
3515 3516 -0.42542304136213027
3515 3530 0.7712333512130567
3516 3531 -0.14333231313544137
3529 3530 -0.29012310742802483
3530 3531 -0.5783592631446945
3544 3545 -0.1981656675163017
3544 3559 -0.30644403492959293
3545 3546 0.825377654402385
3545 3560 -0.03384546092604657
3546 3561 -0.08589595214657986
3559 3560 0.9376274529550115
3560 3561 0.740389817534602
3574 3575 0.7858705039538334
3574 3589 0.4172722837597094
3575 3576 -0.9451135458922071
3575 3590 0.49398415805170504
3576 3591 -0.12070206054696309
3589 3590 -0.4438993508905207
3590 3591 -0.6595157249837356
3604 3605 -0.17885543701877404
3604 3619 0.21863406809261554
3605 3606 0.3501293759192292
3605 3620 0.48012733154986775
3606 3621 -0.4638564837929753
3619 3620 0.648479880011495
3620 3621 0.14394333918349234
3634 3635 -0.8216935573443549
3634 3649 -0.2045437345977661
3635 3636 -0.3101853787339972
3635 3650 0.8744968049478017
3636 3651 0.02065006611530551
3649 3650 -0.8238141058822646
3650 3651 -0.9319979656166382
3664 3665 0.7530738507229626
3664 3679 -0.0902604169368193
3665 3666 -0.5835928850248906
3665 3680 -0.13081499649381123
3666 3681 -0.7310702804684679
3679 3680 -0.7280353204264711
3680 3681 -0.08511583812218237
3694 3695 -0.30957490342416705
3694 3709 0.9666721777142497
3695 3696 -0.9367354051779047
3695 3710 -0.024240440605676872
3696 3711 -0.4271653851433592
3709 3710 -0.12348108994806584
3710 3711 0.26161488330112737
3724 3725 0.3523031692903611
3724 3739 -0.7732302756396743
3725 3726 0.7776809473209718
3725 3740 0.563325322246601
3726 3741 0.9485702394037105
3739 3740 -0.9595836881978537
3740 3741 0.9744675591430172
3754 3755 0.16489450416608342
3754 3769 -0.12720620583625197
3755 3756 0.1651703760273009
3755 3770 0.7537427325192001
3756 3771 -0.17049760327403085
3769 3770 0.6083519939118476
3770 3771 0.8490240271580674
3784 3785 0.7180038450133546
3784 3799 -0.11015335097623247
3785 3786 0.2523292854964718
3785 3800 -0.5424977382993812
3786 3801 -0.5837227968077052
3799 3800 0.3026162523960412
3800 3801 0.7839038656392685
3814 3815 0.7012499895464002
3814 3829 0.42085027573813627
3815 3816 -0.4430292167685437
3815 3830 0.8283894466617165
3816 3831 0.37963632685626103
3829 3830 0.2970557527744364
3830 3831 -0.46909654261572764
3844 3845 -0.10297650355004029
3844 3859 -0.5983988705799672
3845 3846 0.004260686844492989
3845 3860 -0.6341494219682329
3846 3861 0.924302921337327
3859 3860 -0.08936351636806039
3860 3861 -0.3171152766203176
3874 3875 0.2608090893311077
3874 3889 -0.06710558606010797
3875 3876 -0.2519305004071497
3875 3890 -0.6209747191825397
3876 3891 -0.5164901520825662
3889 3890 -0.856296788493172
3890 3891 0.36102934799154673
