# 
603 603 -2.5310571679671012
604 604 -3.8852128796296705
605 605 0.28239939246770884
618 618 3.633506759466404
619 619 -2.649643531571388
620 620 1.1484110896748332
633 633 -0.8127189827564179
634 634 -1.5639954394925626
635 635 3.7708243972470585
648 648 0.036665938938046594
649 649 1.3796668654598712
650 650 1.960498464530418
663 663 -0.026357820020106892
664 664 0.439131673503816
665 665 -2.869535563032609
678 678 0.7582671454555046
679 679 1.3227000704834282
680 680 -2.1065904217786713
693 693 -1.7268919885152672
694 694 -0.7589601043736725
695 695 3.6933625650431345
708 708 0.375148617030054
709 709 -3.5021387263388926
710 710 -3.4830663255438807
723 723 -3.6513518774056966
724 724 -2.265643946400549
725 725 -0.039219708729362424
738 738 1.2204298874102344
739 739 0.5996773682484884
740 740 1.8809800781164014
753 753 -3.1417600786225712
754 754 3.90283553358715
755 755 -0.8563689398631329
768 768 -0.10318993489627815
769 769 -2.328779510385621
770 770 0.5282885597126681
783 783 -1.9862518753825258
784 784 0.9147931227763886
785 785 0.37481661355750173
798 798 -2.82563446230668
799 799 0.12263051014046056
800 800 1.6264655150451652
813 813 3.687848896776085
814 814 -0.9374683939009918
815 815 -3.9469806774145217
828 828 3.0450489878231446
829 829 0.5025874552174843
830 830 2.7998331076580456
843 843 -3.39611641561439
844 844 -0.9015260002220664
845 845 -3.209042165877598
858 858 -0.6966890008909106
859 859 -3.030928523554656
860 860 -3.048624343151749
873 873 -3.7138924290220947
874 874 -0.2909015800321013
875 875 3.331524238946338
888 888 2.3286462744226064
889 889 -0.3603889531833673
890 890 0.05278535958306474
903 903 3.5269363803579274
904 904 0.32579416877105594
905 905 -2.097392424344436
918 918 0.42066548169607376
919 919 -2.790211279092196
920 920 0.3558006721114628
933 933 3.630054425061763
934 934 1.5722072125848516
935 935 -3.2686162779289587
948 948 1.9764915424621687
949 949 -1.8687097755189148
950 950 -3.062952766732577
963 963 0.82024555124275
964 964 -1.7418548734168722
965 965 -2.1922410659665923
978 978 3.3910360634674195
979 979 -3.9475041614594906
980 980 -2.2633803323412973
993 993 -0.2887848901433063
994 994 2.3696490542369544
995 995 -2.525938359232134
1008 1008 -2.8461052001198954
1009 1009 0.8524140777539557
1010 1010 1.431924093707102
1023 1023 -1.1570621769380818
1024 1024 0.6532887448130777
1025 1025 -2.910535286103536
1038 1038 -2.191304865204722
1039 1039 -2.5538625168665883
1040 1040 2.5114260533339348
1053 1053 -0.15953219588234013
1054 1054 -2.0132209304814443
1055 1055 3.6884262622690587
1068 1068 3.144225524806286
1069 1069 0.16535992400693278
1070 1070 3.2043561645429284
1083 1083 -0.7121682963293443
1084 1084 -1.8501032529162815
1085 1085 0.4109197804386886
1098 1098 -2.642078603881176
1099 1099 3.1129266878305124
1100 1100 1.3282793178398107
1113 1113 3.3579868910766173
1114 1114 -2.58144778739197
1115 1115 -2.4141139532944056
1128 1128 0.48093347127174635
1129 1129 -2.7530596973301185
1130 1130 -2.771901962006752
3364 3364 2.1424521143449855
3365 3365 2.1317993101559978
3366 3366 1.962821660437342
3379 3379 -3.1123876331051488
3380 3380 1.9370887077744934
3381 3381 -3.701898362471881
3394 3394 3.153763925020228
3395 3395 -0.26385141247328914
3396 3396 3.6666233061238316
3409 3409 1.91955988784244
3410 3410 1.123031994336272
3411 3411 0.8931171348141786
3424 3424 2.9981749270163327
3425 3425 -0.9334702920267466
3426 3426 -1.814743503328521
3439 3439 2.5132997429496156
3440 3440 -1.635799645457639
3441 3441 -1.7309101272793441
3454 3454 -1.3693759737879292
3455 3455 -2.761843229315204
3456 3456 2.358770669803392
3469 3469 2.0960682319918336
3470 3470 3.361062848439455
3471 3471 -2.9018555220600835
3484 3484 -0.9583700407997311
3485 3485 -0.821976869097325
3486 3486 -2.9608051913071574
3499 3499 -0.38174726599126263
3500 3500 3.3179175045257434
3501 3501 0.7704632914849485
3514 3514 -1.2316318215619768
3515 3515 -1.0194441537111718
3516 3516 -1.2318565561658295
3529 3529 -1.8225291468209335
3530 3530 -2.1142211986627215
3531 3531 2.093445189551642
3544 3544 -3.0091949085885714
3545 3545 -1.5268804590588285
3546 3546 -3.325049714817231
3559 3559 0.7939983113717286
3560 3560 2.9862322887094974
3561 3561 0.191610200244825
3574 3574 0.33240807713130494
3575 3575 3.4716201639868904
3576 3576 -1.9898461049897387
3589 3589 -3.520733950276173
3590 3590 2.8937532551400436
3591 3591 0.22663426750622317
3604 3604 -1.9151935286420114
3605 3605 3.195827585733472
3606 3606 1.0419753936066067
3619 3619 -1.5390728254037072
3620 3620 -1.3020230071768077
3621 3621 1.1005273137261025
3634 3634 3.313873626857178
3635 3635 3.9944932732442187
3636 3636 -0.05363239930620711
3649 3649 0.8077032843311356
3650 3650 2.8931664981600855
3651 3651 -0.1146590761535613
3664 3664 -0.22595599648970488
3665 3665 0.5511216732529585
3666 3666 -1.3106041754416458
3679 3679 -3.8794828207143075
3680 3680 -1.4107260576022993
3681 3681 3.0854003258167397
3694 3694 -2.960580663887611
3695 3695 -2.8515878801434695
3696 3696 1.6192070652325636
3709 3709 -2.3247111495688495
3710 3710 -0.19362928262648804
3711 3711 1.0900831748563027
3724 3724 3.9136250160992594
3725 3725 0.2100629280366455
3726 3726 2.1833662988248586
3739 3739 -1.1170151149110268
3740 3740 0.3315333422360487
3741 3741 -1.5779176060516393
3754 3754 -2.180571499461073
3755 3755 -3.176044386587673
3756 3756 1.1821492828498101
3769 3769 -1.767485456553298
3770 3770 3.5846123081355437
3771 3771 -3.908902905282396
3784 3784 -1.7040924548698095
3785 3785 1.658514966910655
3786 3786 0.8747038933386095
3799 3799 -2.8986048461430123
3800 3800 -2.422373058548783
3801 3801 1.812766292892638
3814 3814 -1.9385657426918383
3815 3815 0.9525087443562166
3816 3816 -3.8781920370742835
3829 3829 3.18267737045484
3830 3830 2.564921068991948
3831 3831 -2.3178928052386514
3844 3844 2.1391951306462014
3845 3845 -1.9243343872265308
3846 3846 -0.2988099632286607
3859 3859 3.2429617677489198
3860 3860 3.3486169205187943
3861 3861 -1.4085168053102546
3874 3874 0.046327964214268214
3875 3875 -3.382828764994729
3876 3876 2.5519769754480404
3889 3889 2.104656430186486
3890 3890 -1.5555302386194052
3891 3891 3.189045252311515
603 604 0.45216238248325125
603 618 -0.022087962804757666
603 3484 0.030617359106366537
603 3499 0.32976749474368194
603 3514 0.03678472233093766
603 3529 -0.9097656232474283
604 605 0.32163694604627
604 619 -0.24022266236698142
604 3664 -0.6254261973463442
604 3679 0.4032688242335414
604 3694 -0.8067467529867378
604 3709 0.9717158626293796
605 620 -0.9642414301778637
605 3844 -0.12747248152866142
605 3859 0.10353019633203342
605 3874 0.16921958482601873
605 3889 0.6297210164870963
618 619 0.6579297455726012
618 3484 -0.6920607921159396
618 3499 -0.5391071859732306
618 3514 -0.00011627313617523782
618 3529 -0.1495293503665196
619 620 -0.9203492587613662
619 3664 -0.9221979450450573
619 3679 0.5255809883104037
619 3694 -0.3187141942359819
619 3709 -0.2871221737126226
620 3844 -0.6182659911389008
620 3859 -0.19639796815886124
620 3874 0.7976090531560653
620 3889 0.9394735009658151
633 634 0.22740505716011583
633 648 -0.7416153321528101
633 3424 0.6320277300730004
633 3439 0.41180000382959836
633 3454 0.5872437064077567
633 3469 0.8602922431618147
633 3484 0.44340318442190063
633 3499 -0.1326944876389491
633 3514 -0.9971170736350323
633 3529 -0.4852388165849393
634 635 0.4429035704055049
634 649 0.29263121848287965
634 3604 0.47999211577732703
634 3619 -0.06205592288085704
634 3634 -0.2424694656697517
634 3649 0.35818225546698246
634 3664 -0.7684001172705066
634 3679 0.6400889231630922
634 3694 -0.1699344431756875
634 3709 -0.32843078465262776
635 650 -0.13282103761437258
635 3784 0.6416260633544353
635 3799 0.3474119910070692
635 3814 -0.5634367916305874
635 3829 -0.8900731400429223
635 3844 0.7614207483590576
635 3859 -0.19942897242067348
635 3874 0.9564382189100793
635 3889 -0.6435136181420666
648 649 0.4339019712890009
648 3424 -0.5948123216624259
648 3439 -0.26150364894103406
648 3454 -0.6705287387843812
648 3469 -0.5524043650254578
648 3484 -0.9654611754251818
648 3499 -0.9215035723986187
648 3514 -0.055481791408426684
648 3529 0.029561250881177115
649 650 0.9571503756675153
649 3604 0.9334256788940642
649 3619 0.26599147699126324
649 3634 -0.7360071224224474
649 3649 -0.34687881533252796
649 3664 0.22292254246044396
649 3679 -0.030709686232883726
649 3694 0.8919044965479748
649 3709 -0.9584269212438532
650 3784 0.7001869377598684
650 3799 -0.8781439123203374
650 3814 0.1560330087297146
650 3829 0.14825199213246987
650 3844 -0.9604507147542454
650 3859 0.6753071333735081
650 3874 0.40428738146840915
650 3889 0.40681678151579104
663 664 -0.5623424749724837
663 678 -0.18029581690921304
663 3424 0.5318813342851472
663 3439 -0.24305683827226865
663 3454 0.46237079686037186
663 3469 -0.5502979488196729
663 3484 -0.9318004035629468
663 3499 -0.8425631522562307
664 665 -0.45582210190949457
664 679 0.7208609539375976
664 3604 0.08559827260353425
664 3619 -0.3439454429864972
664 3634 -0.21004683666780766
664 3649 -0.6069232419270263
664 3664 0.4900527629566229
664 3679 -0.6297790612663849
664 3514 0.3195549465315728
664 3529 -0.12107776202777853
665 680 0.9527016193245246
665 3784 -0.7760443508521302
665 3799 0.5167969438045932
665 3814 0.41987023165385606
665 3829 -0.8394769234664392
665 3844 0.46871642994435647
665 3859 0.7245736609228071
665 3694 -0.4778322534685946
665 3709 0.70879478615432
678 679 0.8107600085953424
678 3424 0.0085396215682767
678 3439 -0.6636971820807291
678 3454 0.04176238512010588
678 3469 0.8499308388347075
678 3484 -0.19957619938345594
678 3499 0.8230364566151405
679 680 -0.4764456225169664
679 3604 -0.39333220124475443
679 3619 -0.7038171448068409
679 3634 -0.3133044642052816
679 3649 0.46461178916143986
679 3664 -0.8996819139393459
679 3679 0.14190800405575166
679 3514 0.4890804690174573
679 3529 0.1925169856146709
680 3784 0.0338963302068187
680 3799 -0.33135121631600706
680 3814 0.6294470943484642
680 3829 0.9567114113800641
680 3844 0.07481474050149473
680 3859 -0.29162060863773664
680 3694 -0.700528093237224
680 3709 0.45945894739327486
693 694 -0.09167098009630781
693 708 -0.36136612666291157
693 3424 0.007418555944814553
693 3439 0.7152292393094037
693 3454 -0.07690816930518096
693 3469 0.7637590201874762
693 3484 -0.9835728888802104
693 3499 -0.06311814857629727
693 3364 0.7960743384514515
693 3379 -0.06100637021041577
693 3394 0.007674466359304244
693 3409 0.2154423505457812
694 695 0.03897971991951943
694 709 0.4979982918947654
694 3604 -0.08857628533677397
694 3619 0.6670952612303602
694 3634 0.19973005733920446
694 3649 0.450601441059026
694 3664 0.39535803287075044
694 3679 -0.5201899414636473
694 3514 -0.7168551153226488
694 3529 -0.5941459601454042
694 3544 0.5218408291669161
694 3559 -0.15177404199511302
694 3574 -0.6504874639170148
694 3589 0.7789836141101467
695 710 -0.1939427507785838
695 3784 -0.1611176756317121
695 3799 -0.9899045798455786
695 3814 -0.4539857158125169
695 3829 0.6408032108760107
695 3844 -0.0686823231522653
695 3859 0.7750147948983495
695 3694 -0.0025566700505712525
695 3709 -0.7374955907939726
695 3724 -0.5798740258343968
695 3739 -0.06197955739904426
695 3754 0.7168596843791304
695 3769 -0.9480057273339713
708 709 -0.7670331883045525
708 3424 -0.485385709219911
708 3439 -0.5016386177433505
708 3454 -0.06587002003671216
708 3469 0.6661687341713693
708 3484 -0.5375973183517448
708 3499 0.8943970317626191
708 3364 0.5479560616645947
708 3379 -0.10746426241626339
708 3394 -0.4397987468564204
708 3409 0.09902565672394426
709 710 -0.1471458749208545
709 3604 -0.4315583697396015
709 3619 0.6598050049027833
709 3634 -0.3831369281047914
709 3649 0.046046341443905625
709 3664 0.9447476175851746
709 3679 -0.30593998498641994
709 3514 -0.6229349951006027
709 3529 0.948290025612897
709 3544 -0.26209060293442676
709 3559 0.8694347023567464
709 3574 -0.9353919818943075
709 3589 0.37152516358070353
710 3784 0.2820528835211449
710 3799 -0.8600577200821717
710 3814 -0.5780601704535997
710 3829 0.8867265571658691
710 3844 0.13190783098445702
710 3859 -0.43575312706030833
710 3694 -0.37702550622896003
710 3709 0.6244391190643903
710 3724 -0.7376676408088751
710 3739 0.01987545909112498
710 3754 0.3478267577192018
710 3769 -0.5260991831180701
723 724 -0.5163266364794261
723 738 0.31815470700351
723 3424 0.8485467875855157
723 3439 -0.44361032507769105
723 3364 -0.24040971364254093
723 3379 0.8583687046941562
723 3394 -0.8168217411093004
723 3409 -0.2957053395072078
724 725 0.9525741288111786
724 739 0.7643226732360693
724 3604 -0.06546164253412146
724 3619 -0.7102241516865129
724 3454 0.3192712349828086
724 3469 -0.9794623868716805
724 3484 -0.143212498080306
724 3499 -0.1996582172264938
724 3514 -0.8667089883253027
724 3529 -0.5695664176385826
724 3544 0.4876289757599799
724 3559 -0.555570363089845
724 3574 0.3923425743055966
724 3589 0.9917257941598274
725 740 0.418606604510108
725 3784 -0.1924511704274754
725 3799 0.7332757741157165
725 3634 -0.9464260998448566
725 3649 -0.024365848184467298
725 3664 -0.37249897605238
725 3679 -0.030729665880813162
725 3694 -0.5103963793925148
725 3709 -0.35120785573736324
725 3724 0.13976967444414723
725 3739 -0.4896450370943246
725 3754 -0.494623136110546
725 3769 -0.56864664064678
738 739 -0.5608397785019252
738 3424 -0.79995454213568
738 3439 -0.3402372079368339
738 3364 0.18553488486661407
738 3379 -0.39963343843710986
738 3394 -0.939333119714447
738 3409 0.765102979515816
739 740 -0.9132892206222976
739 3604 0.5537101103633857
739 3619 -0.9965244727537483
739 3454 -0.6400867448473688
739 3469 0.2781329023184178
739 3484 0.8327453528947482
739 3499 -0.3139121637744786
739 3514 -0.1390032504828338
739 3529 0.7535449984379097
739 3544 0.15285832592298898
739 3559 -0.4304228075184089
739 3574 0.5634492538447333
739 3589 -0.9673516342036879
740 3784 -0.7620471848476955
740 3799 -0.6825756246471657
740 3634 -0.9906641213641345
740 3649 -0.4190453839383348
740 3664 -0.388728080880274
740 3679 0.09920709208091805
740 3694 0.16613520995573983
740 3709 0.8174772689877619
740 3724 0.7393851197554671
740 3739 0.30371720892507725
740 3754 -0.35248578336148917
740 3769 -0.5371393077043569
753 754 -0.7820091681028578
753 768 -0.4974401165263842
753 3424 -0.6250451485274335
753 3439 -0.7631329998065925
753 3364 -0.7439306814834785
753 3379 -0.6711872282140989
753 3394 -0.5636387036320119
753 3409 0.3083940922002002
754 755 -0.4686949198051098
754 769 0.3540172109016746
754 3604 -0.030771238414281088
754 3619 -0.7297605206387727
754 3454 -0.029605743731761613
754 3469 -0.33782832379933736
754 3485 0.5520337884578865
754 3500 -0.5122043080806757
754 3515 0.7554688679402708
754 3530 -0.4908880761767922
754 3544 0.4556314117642384
754 3559 -0.12080800954288962
754 3574 0.1037494279171054
754 3589 0.957330613848772
755 770 0.6596119367214708
755 3784 -0.76707788434182
755 3799 -0.9900673382948812
755 3634 -0.5256445053744723
755 3649 0.14028173329657667
755 3665 0.2937747493608929
755 3680 0.8385064832505378
755 3695 0.25164263351074245
755 3710 0.2804508704603461
755 3724 0.039127402249045096
755 3739 0.1464798053035885
755 3754 0.7018497139376367
755 3769 -0.3023499464929762
768 769 -0.8463465752841317
768 3424 0.7047667735581848
768 3439 0.5825704402107788
768 3364 0.8732118255128951
768 3379 -0.21241374228487975
768 3394 -0.25243712484931513
768 3409 -0.12121776926089933
769 770 -0.24449880742535068
769 3604 0.35487498807079554
769 3619 0.20407801519509317
769 3454 -0.13761256385103615
769 3469 -0.7818608684056865
769 3485 -0.5768442482930611
769 3500 0.030070137585956447
769 3515 -0.047839560215944266
769 3530 -0.15728079486571378
769 3544 0.5579551277064085
769 3559 -0.5793708349802151
769 3574 -0.5900067267396234
769 3589 0.7391377919243971
770 3784 0.6137512856243075
770 3799 -0.12262332086397487
770 3634 -0.6792200405115199
770 3649 0.8343479482547065
770 3665 -0.9089658940164727
770 3680 -0.146946183357477
770 3695 0.9053352417372356
770 3710 0.6623678110123195
770 3724 0.8922151856336784
770 3739 -0.4301816863372685
770 3754 -0.8999684174422653
770 3769 -0.16757307590261328
783 784 -0.7726590130678048
783 798 0.21432438236978135
783 3424 -0.11344207169700682
783 3439 -0.19223716416736258
783 3454 0.9010725684143088
783 3469 -0.28740377939593165
783 3485 -0.8038404756884998
783 3500 -0.6621129565797339
783 3515 -0.12806088073338318
783 3530 0.7569307284493851
783 3544 -0.4488488919442093
783 3559 0.11137706428558558
783 3394 -0.550869482600969
783 3409 0.8359299017855248
784 785 0.6138856697543071
784 799 0.5074051567512092
784 3604 -0.07474286543396302
784 3619 0.20418047176483878
784 3634 0.9255326215518647
784 3649 0.4689160030450712
784 3665 -0.1543865248086096
784 3680 -0.22155732080178003
784 3695 -0.22798909299534253
784 3710 -0.16115917007533187
784 3724 0.946152973209724
784 3739 0.4615842644525485
784 3574 -0.38206144430707734
784 3589 0.22015561361799874
785 800 -0.08365431639495058
785 3784 -0.1960554381208195
785 3799 -0.03269973038342511
785 3814 -0.1271521707643235
785 3829 0.8634313998919287
785 3845 0.16787612481030445
785 3860 0.6621559511672739
785 3875 0.536924907474382
785 3890 0.5578140525302016
785 3754 0.22995589042022657
785 3769 -0.2134801447950121
798 799 0.8286885191996549
798 3424 0.625223024170928
798 3439 -0.3251446910437972
798 3454 -0.16060818273276434
798 3469 0.26903314334697237
798 3485 -0.9450622757245803
798 3500 0.5098656432518476
798 3515 0.04658448098924217
798 3530 -0.4308646407383545
798 3544 -0.5698278058703949
798 3559 -0.45999558114501093
798 3394 0.9963643122982382
798 3409 -0.4702322861364481
799 800 0.6531180003605082
799 3604 0.7737367634121752
799 3619 0.652470303214294
799 3634 0.4815008707732953
799 3649 -0.5460074232408525
799 3665 -0.09640177471227318
799 3680 -0.8322301463704158
799 3695 -0.926102824167065
799 3710 -0.9923141847366499
799 3724 0.48207136813917306
799 3739 0.7676246205736741
799 3574 -0.9433212005978469
799 3589 -0.19419053147611032
800 3784 0.7732713053398994
800 3799 0.31131302288455864
800 3814 0.7751828519489441
800 3829 -0.7149563579151907
800 3845 -0.06720498963098853
800 3860 -0.7052119544563571
800 3875 0.0479791968426484
800 3890 0.47892529250566795
800 3754 0.38949895374897725
800 3769 0.7552773690438219
813 814 0.6144668807607316
813 828 0.701595123065528
813 3425 -0.3690771958612258
813 3440 0.11664870079635725
813 3455 0.1610231584162649
813 3470 -0.09979743558208654
813 3485 -0.1245817528870774
813 3500 0.006647692786100778
813 3515 0.3514203309768451
813 3530 -0.46259578956490044
813 3544 -0.30585606359290907
813 3559 0.9909492066432397
813 3394 -0.6749159562730715
813 3409 0.11427736625212703
814 815 -0.5936893468942739
814 829 0.731479778689524
814 3605 0.4513066502016274
814 3620 -0.09874102025869491
814 3635 -0.9936734456041267
814 3650 0.966188015234972
814 3665 -0.005279463025080311
814 3680 0.09096363902030458
814 3695 0.2963127820265432
814 3710 0.12554476768893652
814 3724 0.4892841631226901
814 3739 -0.041035282594568345
814 3574 -0.49589769224732017
814 3589 0.02883619026265749
815 830 0.4483427946067633
815 3785 -0.321730674555202
815 3800 -0.9107610907740755
815 3815 0.5709433674393418
815 3830 0.6598485529482518
815 3845 0.6715469090757151
815 3860 -0.5992770942396632
815 3875 0.8555327985914873
815 3890 0.3433748185326839
815 3754 0.9965718924673761
815 3769 -0.43554451809195416
828 829 -0.23954177766222262
828 3425 -0.32219250095953034
828 3440 0.4781190084394935
828 3455 -0.697425432916827
828 3470 0.7376096548473332
828 3485 0.29198123407772414
828 3500 -0.5949970773876025
828 3515 0.42848450748880396
828 3530 0.5423563833297214
828 3544 -0.4238428084522603
828 3559 -0.07439902976009516
828 3394 -0.6661430643575645
828 3409 -0.32596320946171287
829 830 -0.4629726304794537
829 3605 -0.6380431122878121
829 3620 -0.06629564640663599
829 3635 0.23854307761790317
829 3650 -0.8832267699089784
829 3665 -0.2608078278148782
829 3680 0.7040001128834534
829 3695 0.9286011417835578
829 3710 0.8844982193576203
829 3724 0.6343347736338718
829 3739 -0.5514206512538014
829 3574 -0.6096587634863215
829 3589 0.742093620529966
830 3785 -0.3688933475951539
830 3800 -0.24878270465622387
830 3815 0.020064536680411305
830 3830 0.18005084669551996
830 3845 0.7884327826307271
830 3860 0.722268377354202
830 3875 -0.26787527072243056
830 3890 0.2508489496853661
830 3754 -0.787949775433983
830 3769 0.2151256928472698
843 844 0.635551781597469
843 858 0.31453167003358873
843 3425 0.48133419020484314
843 3440 -0.6903397622362417
843 3455 0.3119961702399878
843 3470 -0.3930275133592289
843 3485 0.8861734429889438
843 3500 -0.6267534224305549
843 3364 -0.8487133704611511
843 3379 -0.23496838177538182
843 3394 0.9634105298437292
843 3409 -0.5235346484126973
844 845 -0.4479813817234386
844 859 -0.4525701880602555
844 3605 0.043994721255367075
844 3620 -0.355551871353895
844 3635 -0.5734268941789336
844 3650 -0.133637706601893
844 3665 -0.7123433950328328
844 3680 -0.6579340441667696
844 3515 0.8176462451404609
844 3530 -0.8485879239037011
844 3544 0.591304638871698
844 3559 -0.664249992538074
844 3574 -0.6144293594440002
844 3589 -0.6688077226994771
845 860 -0.6414778059090032
845 3785 0.16618067772531742
845 3800 0.17635721885629563
845 3815 0.30537273294911005
845 3830 -0.36733389856626175
845 3845 -0.5869427947653021
845 3860 0.05584308605661081
845 3695 0.6804981907021619
845 3710 0.25752903608049627
845 3724 -0.7371346437392534
845 3739 0.6520552598174452
845 3754 -0.7339994553859246
845 3769 0.6999102151628078
858 859 -0.005291698681158863
858 3425 0.5382794886773528
858 3440 0.8371990970763286
858 3455 -0.12253141363312547
858 3470 -0.21564060060224022
858 3485 -0.7136363147112008
858 3500 0.7602360613845027
858 3364 -0.06797530665503548
858 3379 -0.7359285022024011
858 3394 0.8808501154356809
858 3409 -0.9903940017848576
859 860 0.8589300769083681
859 3605 0.4088235552858568
859 3620 0.5327486493777549
859 3635 0.15088239706238005
859 3650 -0.7676937235687613
859 3665 -0.8508507710893352
859 3680 0.8778660084090779
859 3515 0.7096481103671788
859 3530 0.6680296374060908
859 3544 0.26705421971385523
859 3559 -0.4525253562691893
859 3574 -0.936034167920966
859 3589 -0.6251022543203257
860 3785 0.25907325405622306
860 3800 -0.7714689093776386
860 3815 0.05334740310331387
860 3830 0.8443952909291195
860 3845 -0.39384294768531247
860 3860 -0.9023260940611126
860 3695 -0.6977371066525693
860 3710 -0.1098252556230126
860 3724 0.11716703259806582
860 3739 0.603913991420407
860 3754 -0.8535183419316243
860 3769 -0.13466053728094263
873 874 0.7279430850677153
873 888 0.44676644084322614
873 3425 0.25476947367957714
873 3440 0.8266052505384376
873 3455 -0.194162413904293
873 3470 0.7978890001805936
873 3485 0.36455770767085394
873 3500 0.494632805277218
873 3365 0.6840144162040112
873 3380 -0.8579147156165889
873 3395 -0.20184640887881033
873 3410 -0.9304781141949474
874 875 -0.3251909377570159
874 889 -0.813760223997396
874 3605 0.4698986958896354
874 3620 -0.5095155527631932
874 3635 0.15547110192449387
874 3650 -0.5285529632765884
874 3665 0.6552507313653937
874 3680 -0.3522846288387278
874 3515 0.4511975921952809
874 3530 0.23791007828315536
874 3545 -0.9371961496199819
874 3560 -0.23265867524747597
874 3575 0.7749622373216354
874 3590 -0.6523022601885557
875 890 0.17212446820727445
875 3785 0.24144615323199314
875 3800 -0.2833404047825008
875 3815 0.935606495957408
875 3830 -0.860710664664672
875 3845 -0.7967272136204624
875 3860 0.5026656880820968
875 3695 -0.4129789854082684
875 3710 0.8117795134962995
875 3725 -0.18737874537621746
875 3740 -0.08615550238387004
875 3755 -0.8378369073692171
875 3770 -0.21505024965785546
888 889 -0.9415621132085481
888 3425 0.4633264829901165
888 3440 -0.2993689243128692
888 3455 -0.4962762116846806
888 3470 -0.6264653405436462
888 3485 0.9873269062986179
888 3500 -0.02088345588693663
888 3365 -0.583945008565055
888 3380 0.8718975062553578
888 3395 0.3698934638437017
888 3410 -0.8870654625176195
889 890 0.5709550327689443
889 3605 -0.9437713202243128
889 3620 -0.7308262285424654
889 3635 0.5519663929603242
889 3650 0.014898402956843526
889 3665 0.9295898856542699
889 3680 0.2248959140322735
889 3515 0.5547647505441167
889 3530 -0.40863307488006084
889 3545 -0.2709604694467702
889 3560 -0.3962880893333003
889 3575 0.1118129449647971
889 3590 0.853928637339695
890 3785 0.9119139523061939
890 3800 -0.8049915702064305
890 3815 -0.4038057658054297
890 3830 0.628394271264221
890 3845 -0.5598418560818874
890 3860 0.0010861345892638763
890 3695 0.6277173940230107
890 3710 0.824636086766364
890 3725 -0.026685927107860774
890 3740 -0.7372385648027948
890 3755 -0.9201908395347638
890 3770 -0.9875745182929998
903 904 0.37238770420536205
903 918 -0.1978078962754508
903 3425 -0.10427472348956335
903 3440 0.5978081988966186
903 3365 -0.7570501447235467
903 3380 0.6612649225618306
903 3395 -0.26814741636192085
903 3410 0.35378590969540635
904 905 0.978532309495683
904 919 -0.18174462952673465
904 3605 -0.8435318733632899
904 3620 -0.7958481293530535
904 3455 -0.8622371242438405
904 3470 0.42206219332352823
904 3485 0.548799945212084
904 3500 0.18775444033079358
904 3515 0.6450554978068284
904 3530 -0.1317653877425773
904 3545 -0.0892461773736315
904 3560 -0.05102952794887794
904 3575 -0.6438567288586861
904 3590 0.009147051792520955
905 920 0.7099376183493631
905 3785 -0.023874072401161017
905 3800 -0.45532233826887514
905 3635 0.9411341203630275
905 3650 0.4303110516600557
905 3665 -0.551124334671798
905 3680 0.8666145689554596
905 3695 0.9446386242099429
905 3710 -0.11753919054697137
905 3725 0.42691308916611015
905 3740 0.314696736910572
905 3755 0.6935670386019728
905 3770 -0.6385254973800305
918 919 -0.20452788984763703
918 3425 0.8891511231800207
918 3440 0.5960267959381
918 3365 -0.6433137300572422
918 3380 -0.054206903927257466
918 3395 0.1562474701322205
918 3410 -0.06697091293230617
919 920 0.5777993881563115
919 3605 0.08409527450790666
919 3620 0.8877830534991242
919 3455 -0.3475972922579331
919 3470 0.6163568248715108
919 3485 -0.5963856881034746
919 3500 -0.07295757246340706
919 3515 -0.5105165656918627
919 3530 -0.6775444558183967
919 3545 0.21024092535560457
919 3560 0.3285361343688593
919 3575 -0.8276706965274252
919 3590 -0.2955392181793022
920 3785 0.6396758088778103
920 3800 0.9095903669221113
920 3635 0.5639507711738949
920 3650 -0.86529917995058
920 3665 0.5063627909501729
920 3680 0.33714697880567535
920 3695 0.5988890122477735
920 3710 0.8725204975632677
920 3725 0.7165854895303834
920 3740 0.2657444145186474
920 3755 -0.9713540461072376
920 3770 0.07937211371401509
933 934 0.32970508913539476
933 948 0.036388124720261095
933 3425 -0.697983271585833
933 3440 0.5071117262107685
933 3365 -0.7181118931214796
933 3380 -0.9104141793401086
933 3395 0.9986283733146146
933 3410 0.4871668248930585
934 935 -0.8482623393087518
934 949 -0.19096734951626337
934 3605 -0.5638255388179794
934 3620 -0.14130168774302243
934 3455 0.5607486337531478
934 3470 -0.2902980180027943
934 3486 0.10763210933546041
934 3501 -0.36630849092661943
934 3516 0.43357729178480264
934 3531 -0.6292131322710353
934 3545 -0.1794064015228618
934 3560 -0.6800461835765665
934 3575 0.7996525429307855
934 3590 0.29857901452860625
935 950 -0.4847853988966535
935 3785 -0.6433406618403918
935 3800 0.9965338302280795
935 3635 0.22886970330737677
935 3650 -0.9049751938422965
935 3666 0.03817836565418853
935 3681 0.5126601214813196
935 3696 -0.9918026272400571
935 3711 -0.03436412408738021
935 3725 -0.791249318754687
935 3740 0.8259530253202259
935 3755 -0.25860761814120714
935 3770 -0.36549470095365333
948 949 0.012292369056816632
948 3425 0.9594564746732606
948 3440 0.6414488700748893
948 3365 0.9823501678424578
948 3380 -0.09897984904462387
948 3395 -0.7695152229316296
948 3410 0.7360744691495225
949 950 0.04238364052931454
949 3605 -0.6823608603497324
949 3620 0.3556971682474772
949 3455 -0.1292582778781628
949 3470 -0.7721942281627403
949 3486 -0.8273692737477147
949 3501 -0.2754385101670418
949 3516 -0.4127616597267554
949 3531 -0.845215813224272
949 3545 0.4137341586617016
949 3560 0.3260077873163987
949 3575 -0.45320007378956784
949 3590 -0.12859260596290145
950 3785 0.3635232651094067
950 3800 0.728630905542464
950 3635 0.24688852960876173
950 3650 0.4075535149000311
950 3666 -0.029708994249174392
950 3681 -0.3472706128539087
950 3696 0.2557720605470444
950 3711 0.9060157187082398
950 3725 -0.25010915479079365
950 3740 0.05665525905087887
950 3755 -0.9950312765375331
950 3770 -0.30024412081516827
963 964 -0.5937777179527581
963 978 -0.0706005409150996
963 3425 0.9552417907258235
963 3440 -0.08300512815684336
963 3455 -0.6547227948440799
963 3470 0.7936889470061912
963 3486 -0.7853695807609631
963 3501 -0.33883508362140624
963 3516 -0.41720323951775207
963 3531 -0.12713594537205375
963 3545 0.45954810641948063
963 3560 0.08536623529730658
963 3395 -0.6056316453207617
963 3410 -0.1066602437572266
964 965 -0.862540395220533
964 979 -0.3969250453044817
964 3605 -0.4214156592620686
964 3620 0.47415316849849387
964 3635 -0.7876789618699074
964 3650 0.16787900424831714
964 3666 0.5501564253891467
964 3681 -0.39427544252738134
964 3696 -0.7547131505190239
964 3711 -0.06187833692987321
964 3725 0.000570083412073652
964 3740 -0.8610447184957586
964 3575 0.4541158048150993
964 3590 -0.9697145207928679
965 980 -0.43929562827248003
965 3785 -0.3155177967944991
965 3800 0.43914767290652534
965 3815 0.6404456363489541
965 3830 0.2256391712974828
965 3846 -0.8164483025358307
965 3861 0.5589538043114837
965 3876 -0.08619361659733338
965 3891 0.4236596667648338
965 3755 0.9824467363559659
965 3770 0.9280698253282436
978 979 0.461741864953394
978 3425 -0.7529013255768324
978 3440 -0.5614873106122189
978 3455 -0.5302214462610706
978 3470 0.47063590894828766
978 3486 -0.41205220848714563
978 3501 0.6737842770924076
978 3516 0.8539143702099508
978 3531 0.2515209589040692
978 3545 -0.191744733543469
978 3560 0.26643404228884515
978 3395 -0.10958365662041158
978 3410 0.6298934679360662
979 980 0.01569890205116109
979 3605 0.08851769827498801
979 3620 0.5104790156551711
979 3635 0.911694695867671
979 3650 0.27638241582184886
979 3666 -0.7365327998551074
979 3681 -0.33390318677217823
979 3696 0.7815479437771318
979 3711 -0.6803708817425769
979 3725 -0.47212306601133913
979 3740 0.6802398724477634
979 3575 0.9659126558326412
979 3590 -0.09408741933757025
980 3785 0.4627668726188865
980 3800 0.27572131908864117
980 3815 -0.2119039970060268
980 3830 0.5016968020669774
980 3846 0.6157325088596561
980 3861 -0.8210213367385257
980 3876 0.924409977548821
980 3891 -0.2553987359457348
980 3755 0.5354102787692188
980 3770 -0.00710671655901729
993 994 0.4431843204684571
993 1008 -0.5849951492737024
993 3426 -0.7346453317306849
993 3441 -0.25596507577658323
993 3456 -0.3844590231107181
993 3471 -0.6911931653932577
993 3486 -0.08331858478853582
993 3501 -0.057805970636248594
993 3516 -0.5866401199090532
993 3531 0.8959976051389158
993 3545 0.15246648590029444
993 3560 -0.7165825075686041
993 3395 -0.972037572357342
993 3410 -0.6487612779144589
994 995 -0.026548253091885243
994 1009 -0.003696133140068447
994 3606 -0.1429088390548483
994 3621 -0.4257530740938311
994 3636 0.26468908903119304
994 3651 0.411064488099514
994 3666 -0.9887583918784804
994 3681 0.21106932223058594
994 3696 -0.8314280940803209
994 3711 -0.6589343414526969
994 3725 0.174126468181397
994 3740 0.7707804953084869
994 3575 0.9437413532907626
994 3590 -0.5435383982762942
995 1010 -0.24030739324883155
995 3786 0.03841124704870569
995 3801 -0.4657795182646578
995 3816 0.8307348722657064
995 3831 -0.2546751098606683
995 3846 0.4559640176486752
995 3861 0.8668940584878597
995 3876 0.3531286501965918
995 3891 0.5455131373909035
995 3755 -0.2541320037200412
995 3770 -0.29831575089937323
1008 1009 -0.7200056988210544
1008 3426 -0.7625931459437563
1008 3441 -0.3973604614507358
1008 3456 -0.3294370614060931
1008 3471 0.6674771321546289
1008 3486 -0.3916716017201727
1008 3501 -0.8884410288561242
1008 3516 0.25033548784206827
1008 3531 0.7529860253491247
1008 3545 0.1629991539473883
1008 3560 -0.09817695985276398
1008 3395 0.4532897113743888
1008 3410 0.8807310833696871
1009 1010 0.8416380849918019
1009 3606 -0.15607234503270573
1009 3621 -0.6180410065006188
1009 3636 -0.18194258409771025
1009 3651 -0.8955223725763921
1009 3666 0.08167438639778402
1009 3681 -0.07325840402032524
1009 3696 0.6653482973875615
1009 3711 0.28166602289565557
1009 3725 0.795595962491072
1009 3740 -0.513785587809418
1009 3575 0.9014306581191232
1009 3590 -0.4275730147012078
1010 3786 -0.17952754439213092
1010 3801 0.14288852207808955
1010 3816 -0.24447159614238623
1010 3831 -0.2741427510523249
1010 3846 0.5390019513170929
1010 3861 -0.6902699313932616
1010 3876 -0.23955765953507546
1010 3891 -0.6179828600997348
1010 3755 -0.44821849720006135
1010 3770 -0.7198986506843461
1023 1024 -0.20574879201631324
1023 1038 -0.5803825584031028
1023 3426 0.017396790716674104
1023 3441 -0.8840548117885696
1023 3456 -0.9530440140715921
1023 3471 -0.7318790898949039
1023 3486 -0.4035564310511328
1023 3501 0.1790832965117417
1023 3365 -0.20960480402399972
1023 3380 0.8522887451964603
1023 3395 -0.28383201727837926
1023 3410 -0.021402047749116804
1024 1025 0.5231820906714331
1024 1039 -0.623431811159485
1024 3606 0.36491370093996256
1024 3621 -0.5994386096857109
1024 3636 -0.43837878458626767
1024 3651 -0.6524350695719277
1024 3666 -0.6334066834741297
1024 3681 0.8452350374869562
1024 3516 -0.22996199840390674
1024 3531 0.5200652416703311
1024 3545 -0.14945921592628042
1024 3560 0.769273434058589
1024 3575 0.6474091005307439
1024 3590 -0.5103312498377457
1025 1040 -0.7954629472294885
1025 3786 0.5456052960783977
1025 3801 0.4880261566576649
1025 3816 -0.4937639216006324
1025 3831 0.6705641528790502
1025 3846 0.6795540739703925
1025 3861 0.8096865821567527
1025 3696 0.11355214034724992
1025 3711 0.9656026474581705
1025 3725 -0.2093252385267903
1025 3740 -0.13870957031520192
1025 3755 -0.7532255419406202
1025 3770 -0.3756526329759502
1038 1039 0.22503639712257661
1038 3426 0.9458841606964059
1038 3441 0.8666284709917356
1038 3456 0.10000398156261903
1038 3471 0.8755350439034977
1038 3486 0.15536692984026867
1038 3501 0.6245320102833098
1038 3365 0.41062231569970953
1038 3380 0.6371610346973928
1038 3395 -0.5205968217624029
1038 3410 -0.22241969949267615
1039 1040 -0.022205129917733046
1039 3606 -0.1568001029252588
1039 3621 0.6592069403290053
1039 3636 0.5837076228776203
1039 3651 -0.8483055949159242
1039 3666 0.8715162325838759
1039 3681 0.001261845677603679
1039 3516 0.47731171251516824
1039 3531 0.2637127058979014
1039 3545 -0.05903289372862863
1039 3560 0.46684559327349295
1039 3575 0.706908053776981
1039 3590 0.19951586315706016
1040 3786 0.46257447213293723
1040 3801 -0.25797730974097544
1040 3816 0.4533572442563172
1040 3831 0.2032911613348034
1040 3846 0.21004565113976725
1040 3861 0.9520561813620503
1040 3696 -0.14898300455984126
1040 3711 0.12949472308387588
1040 3725 -0.07016541102014684
1040 3740 0.07161723973850886
1040 3755 0.06125267353417718
1040 3770 -0.9290455961652215
1053 1054 0.9821244439680155
1053 1068 -0.7535821515153762
1053 3426 0.5313500975204548
1053 3441 -0.8390705924551907
1053 3456 -0.4551899195382685
1053 3471 -0.6975343153325473
1053 3486 -0.5283425567412168
1053 3501 -0.48449734499006003
1053 3366 0.2161238334960658
1053 3381 -0.20378847391675703
1053 3396 -0.15588372462358424
1053 3411 0.19342648769271986
1054 1055 0.2784851648197233
1054 1069 0.7070125995783798
1054 3606 -0.19283911673323972
1054 3621 0.7597805100170445
1054 3636 0.42783583518111445
1054 3651 0.9496503626661457
1054 3666 0.42165685957852306
1054 3681 0.02868351343249409
1054 3516 -0.8624053142841961
1054 3531 -0.10829484021260138
1054 3546 -0.2640111926180839
1054 3561 0.28844476373998074
1054 3576 -0.1781267611446462
1054 3591 0.5906327308404826
1055 1070 -0.12682345864412703
1055 3786 -0.49600896930088534
1055 3801 0.24542444601481228
1055 3816 -0.18157520563212248
1055 3831 0.6992998108727084
1055 3846 -0.3126581639696635
1055 3861 -0.1771050175161415
1055 3696 0.2988474612697498
1055 3711 -0.9783257566980423
1055 3726 -0.010427965649718152
1055 3741 0.009360207752664884
1055 3756 -0.4667667327159679
1055 3771 0.6818802520160523
1068 1069 -0.05708738198084129
1068 3426 -0.3911831972380466
1068 3441 0.9735590777768361
1068 3456 -0.7730528205151883
1068 3471 0.06923904572050743
1068 3486 0.3969928157033664
1068 3501 0.3889492293615804
1068 3366 0.7741240807126262
1068 3381 0.23072327641196755
1068 3396 -0.6527375602078169
1068 3411 0.6347435460187518
1069 1070 0.8879556052799598
1069 3606 -0.5854150251964141
1069 3621 0.7015513184075592
1069 3636 0.018164512598980886
1069 3651 -0.6750310829872812
1069 3666 0.5667658977084158
1069 3681 -0.7664704300943737
1069 3516 -0.6876477550335482
1069 3531 0.12724980816721088
1069 3546 0.04603555487521449
1069 3561 0.6668086035815912
1069 3576 -0.17604920544629743
1069 3591 0.21972210387776236
1070 3786 -0.4468216961049414
1070 3801 -0.6855820451403254
1070 3816 0.9778396474148232
1070 3831 0.13136222531914754
1070 3846 0.9717471664879269
1070 3861 -0.8138418601845734
1070 3696 -0.4210944611525065
1070 3711 0.28705462103881163
1070 3726 0.2756425200727701
1070 3741 -0.974466917866661
1070 3756 0.09293316775426819
1070 3771 0.3709533823299671
1083 1084 0.9457328933522375
1083 1098 0.9323707731322664
1083 3426 0.05931448154594188
1083 3441 -0.11603745270084165
1083 3366 0.4486290111397322
1083 3381 0.9908603225797368
1083 3396 -0.09094699087555824
1083 3411 -0.2803721727159172
1084 1085 0.09651004335953162
1084 1099 0.0848961169982212
1084 3606 0.90244583603952
1084 3621 0.5056745762856383
1084 3456 0.56744646573064
1084 3471 0.5164143137580237
1084 3486 -0.6582203618595477
1084 3501 -0.600198766381852
1084 3516 -0.4500548956503698
1084 3531 -0.07476281573115928
1084 3546 -0.4602699159553165
1084 3561 -0.5316924505064307
1084 3576 0.6539071333211703
1084 3591 0.13146028045756752
1085 1100 -0.9670602971088329
1085 3786 -0.6230774072446328
1085 3801 0.1296673474599781
1085 3636 0.31192525233148727
1085 3651 0.9478415079034435
1085 3666 0.08091552517987699
1085 3681 0.2154337813322742
1085 3696 0.3440935824020872
1085 3711 0.753976370265599
1085 3726 0.24463873346938514
1085 3741 -0.865321870877692
1085 3756 0.38343703544705776
1085 3771 0.19442548250470382
1098 1099 0.5386075384684916
1098 3426 -0.42292128805707985
1098 3441 -0.1320257818076065
1098 3366 0.221769481821376
1098 3381 -0.434460373040902
1098 3396 -0.3403898737553055
1098 3411 -0.6997514559450153
1099 1100 0.29228120883997
1099 3606 -0.8046867814564
1099 3621 -0.24717068128321396
1099 3456 -0.17700497176624586
1099 3471 -0.9635986440437849
1099 3486 -0.15763776858750878
1099 3501 -0.5848201557424804
1099 3516 -0.2605355149110553
1099 3531 0.9600906188501095
1099 3546 0.6307937195617981
1099 3561 0.9309553708573497
1099 3576 -0.8308564661504347
1099 3591 0.9250072369523448
1100 3786 0.37752223174410604
1100 3801 0.9625695959863667
1100 3636 -0.39333865887532404
1100 3651 0.6908681461392008
1100 3666 0.2927731337611834
1100 3681 -0.6924469538841806
1100 3696 -0.2714090519540322
1100 3711 0.5786412879113496
1100 3726 -0.8923419383832969
1100 3741 0.5665155564795412
1100 3756 -0.9501604644337798
1100 3771 0.5579828127997801
1113 1114 0.43883433384986703
1113 1128 0.4236176779608605
1113 3426 -0.2223689221486418
1113 3441 0.3913346819796779
1113 3366 -0.45559933177374967
1113 3381 -0.01253940686950994
1113 3396 0.2426969669982788
1113 3411 0.04668109213718585
1114 1115 -0.09987124788964552
1114 1129 0.44738072270820717
1114 3606 0.5923214210988526
1114 3621 0.9889005151547936
1114 3456 -0.47407478639614964
1114 3471 0.014177379180392968
1114 3546 0.4613512160864979
1114 3561 0.24865522217546165
1114 3576 -0.007042622340601712
1114 3591 -0.593743850415611
1115 1130 -0.6213686629745903
1115 3786 0.5943133988896541
1115 3801 0.5849024110901386
1115 3636 0.11462793001073757
1115 3651 -0.6990519175227046
1115 3726 -0.30387156353294675
1115 3741 0.8955351762777282
1115 3756 0.2857953817755958
1115 3771 0.26914620859447136
1128 1129 -0.22497639254637125
1128 3426 -0.7604647326460454
1128 3441 0.7724437751225794
1128 3366 0.9402048071851876
1128 3381 -0.6359097043642243
1128 3396 0.4790024256627712
1128 3411 -0.7380720978982291
1129 1130 -0.3650600391978571
1129 3606 0.3721614511581761
1129 3621 0.5082723224688561
1129 3456 -0.5947532598443883
1129 3471 0.4343644776717186
1129 3546 0.5812307561162768
1129 3561 -0.7755659661394214
1129 3576 -0.963402141462903
1129 3591 -0.3271480482333051
1130 3786 0.9803813045281682
1130 3801 -0.7844160975888412
1130 3636 -0.09411178026285283
1130 3651 0.5760749553523481
1130 3726 -0.10952645261682847
1130 3741 -0.8286973203258412
1130 3756 0.04969029827848859
1130 3771 -0.4590796798372778
3364 3365 0.49309390285986643
3364 3379 -0.8865083713789763
3365 3366 0.948322320908177
3365 3380 0.4235064932457535
3366 3381 0.2790760562101897
3379 3380 -0.8933640657589321
3380 3381 0.033202596860096856
3394 3395 -0.2908234270953738
3394 3409 0.10383908876594261
3395 3396 -0.9365479094815012
3395 3410 0.5639883148319453
3396 3411 0.34809651970920363
3409 3410 0.48063433835389735
3410 3411 -0.3008895667141811
3424 3425 0.18224484375928074
3424 3439 0.47759647081710543
3425 3426 -0.7096436586691508
3425 3440 -0.7296065811953036
3426 3441 -0.41838828433768294
3439 3440 -0.4810820299632379
3440 3441 0.4471119030727144
3454 3455 0.026033546837665344
3454 3469 0.4489713022712307
3455 3456 0.5217534106252364
3455 3470 -0.017327076811195052
3456 3471 0.7683352940023642
3469 3470 -0.35762813416388983
3470 3471 0.1299085909947082
3484 3485 0.14627497399333
3484 3499 -0.889489741046217
3485 3486 -0.011612288400424386
3485 3500 0.8788068951284362
3486 3501 -0.2854363616073632
3499 3500 -0.9907912602206985
3500 3501 0.2934204228896826
3514 3515 -0.6342770916011085
3514 3529 -0.9244255253741234
3515 3516 -0.5146754192827618
3515 3530 -0.15756220859480874
3516 3531 0.20513657795345508
3529 3530 -0.6777033462239725
3530 3531 0.14396517884474225
3544 3545 0.6986522733606506
3544 3559 -0.9020283961571294
3545 3546 -0.37128817014343984
3545 3560 0.1120756745330338
3546 3561 0.6359901178906457
3559 3560 0.5118362209279061
3560 3561 -0.41550715817104567
3574 3575 0.5634464315687349
3574 3589 -0.6888944020464169
3575 3576 -0.32385033651708683
3575 3590 0.43619187538999493
3576 3591 -0.898208978350358
3589 3590 0.3335244896507614
3590 3591 0.7139609270078249
3604 3605 0.7870543947347015
3604 3619 -0.46007137137257126
3605 3606 -0.9751581725529386
3605 3620 -0.683228750799207
3606 3621 0.20901196391512866
3619 3620 0.38242784462010926
3620 3621 -0.9511677875547504
3634 3635 -0.8645546602026875
3634 3649 -0.27264698546717536
3635 3636 0.03626892268515114
3635 3650 -0.10124634857436154
3636 3651 -0.8615950026347663
3649 3650 -0.517923458145682
3650 3651 -0.22896413743484412
3664 3665 0.21752276216890531
3664 3679 0.11871237917256261
3665 3666 0.062224392569059095
3665 3680 0.7403708424142326
3666 3681 -0.9904120314185914
3679 3680 0.166236010023322
3680 3681 -0.6818798934059562
3694 3695 -0.3416252485332403
3694 3709 0.3492705345341167
3695 3696 0.9086037066147212
3695 3710 -0.4223028197261063
3696 3711 0.2736648519806302
3709 3710 0.3275767082310004
3710 3711 -0.6090365576277539
3724 3725 0.03798797546463306
3724 3739 -0.7998995906614086
3725 3726 0.610301284313348
3725 3740 0.04279579975781589
3726 3741 -0.9335647482673703
3739 3740 -0.3388235630571683
3740 3741 -0.8867148770832876
3754 3755 -0.09227235854615357
3754 3769 -0.8811166182616839
3755 3756 -0.9758623588909332
3755 3770 0.07368141328750877
3756 3771 -0.10013003621298622
3769 3770 0.2825560281222146
3770 3771 -0.6866644434027847
3784 3785 0.05701870234948925
3784 3799 0.8076313966910591
3785 3786 -0.92750548853482
3785 3800 -0.7343147082323684
3786 3801 -0.1223943187510177
3799 3800 0.09379141562235227
3800 3801 -0.4804159867391662
3814 3815 -0.3891641504978669
3814 3829 -0.5109057229953144
3815 3816 0.09364750926729726
3815 3830 0.07162216637208663
3816 3831 -0.765842973878585
3829 3830 -0.25148239862558275
3830 3831 0.2455231377318987
3844 3845 -0.22591129429090828
3844 3859 -0.9496271515823071
3845 3846 -0.9535721627875775
3845 3860 0.6923175484930078
3846 3861 0.4218502654050913
3859 3860 0.19084521739876048
3860 3861 -0.4830754100042023
3874 3875 0.861750658984878
3874 3889 0.9129626294319386
3875 3876 -0.47131753170977064
3875 3890 -0.33253054065314136
3876 3891 -0.6440638620358046
3889 3890 0.8826295948603116
3890 3891 -0.5351465805577267
