# 
603 603 -2.706007456513909
604 604 -3.4894563472159676
605 605 -0.3515844525346763
618 618 3.720048146161176
619 619 0.4402755643508307
620 620 -2.7211607717749358
633 633 -1.4819947595596323
634 634 -0.49553414746143076
635 635 -0.34427818021660794
648 648 1.276287630772563
649 649 1.2337232675074254
650 650 1.5721467514497274
663 663 -3.905870899422739
664 664 3.1065985488015206
665 665 -1.386959282331671
678 678 1.5056044528902497
679 679 -2.917141825272526
680 680 -3.8338875531366146
693 693 0.6249442189160286
694 694 2.870642706743933
695 695 -0.7351290091042815
708 708 1.7354773157066097
709 709 -1.5848322247014082
710 710 -3.8811262041334205
723 723 -2.7250135549135903
724 724 3.8405445755581553
725 725 -2.4065793867474508
738 738 3.2510719112897144
739 739 -3.5378598844141305
740 740 2.193621048888601
753 753 2.831135966758702
754 754 -3.590549681451755
755 755 3.6870327727115573
768 768 -3.2799223694439563
769 769 -0.8109082232154794
770 770 3.688811712559346
783 783 0.7132317908677441
784 784 2.131678237245418
785 785 2.577461917584202
798 798 0.8999073871772012
799 799 3.7830767933926372
800 800 3.1122252654627065
813 813 2.95328601216921
814 814 -2.6563983387278087
815 815 2.6384770202036876
828 828 1.4491370031447994
829 829 -2.717213651480402
830 830 -0.24868539741719076
843 843 0.4919090925464227
844 844 1.5391858223338746
845 845 3.086557613781345
858 858 1.5027429413279672
859 859 0.40417181626631127
860 860 0.11552308986729543
873 873 0.5691396146303758
874 874 3.69198611298717
875 875 0.035352452061629513
888 888 0.23070332452127573
889 889 -3.55157801400654
890 890 -3.172852135191911
903 903 -3.2058586944162073
904 904 -3.8596570182455654
905 905 2.1559917802851025
918 918 -2.585792562064939
919 919 -2.838506132243043
920 920 3.935011119184238
933 933 -0.9533034215056801
934 934 0.06487770592836384
935 935 -1.817347980689581
948 948 -0.7275052938937447
949 949 0.03521347148144205
950 950 -2.423695001664889
963 963 -2.208909494653544
964 964 -1.8601633598952647
965 965 3.887759941378971
978 978 1.498239769307455
979 979 2.847034246935677
980 980 -3.3253778791395554
993 993 2.231690430727099
994 994 0.05988394546341791
995 995 1.0293245182529542
1008 1008 2.4567567490995073
1009 1009 -1.9561737562371997
1010 1010 -1.2599014531026764
1023 1023 -2.165956826818782
1024 1024 -2.5903969218273133
1025 1025 -1.6612556435920318
1038 1038 -2.1275156961199544
1039 1039 0.04894346693869611
1040 1040 -1.5437491275727133
1053 1053 1.006923119275804
1054 1054 3.152803517628728
1055 1055 -2.009171113612174
1068 1068 -2.4871911172467476
1069 1069 1.8719339977837706
1070 1070 3.118480666540229
1083 1083 -0.5383521318325073
1084 1084 3.678397747983764
1085 1085 2.516196473032627
1098 1098 1.4423120716205489
1099 1099 -3.3944874123075985
1100 1100 -2.6409666807421903
1113 1113 -3.6722550537652054
1114 1114 -3.5294381015632696
1115 1115 -2.005459388105172
1128 1128 3.539268796823009
1129 1129 -0.9993421731162586
1130 1130 -2.486810664218546
3364 3364 -3.4705990814823497
3365 3365 3.2222026349986015
3366 3366 -1.4877872994251895
3379 3379 0.09185937235615871
3380 3380 -0.8513144870357392
3381 3381 3.288888270539779
3394 3394 1.3742851568124825
3395 3395 0.9219895854083591
3396 3396 3.5511690943406347
3409 3409 0.09453554263530872
3410 3410 -2.4159823678610266
3411 3411 0.10404270075412647
3424 3424 -3.4497321289534186
3425 3425 0.34227231219299004
3426 3426 0.47242451621851256
3439 3439 -0.29673499991811614
3440 3440 0.7711342419209632
3441 3441 -2.6737696697985722
3454 3454 -1.1512481838320232
3455 3455 -0.14156280536582955
3456 3456 -0.5894247785262161
3469 3469 -0.35461702018605745
3470 3470 1.6041466223698801
3471 3471 -3.2640862948759866
3484 3484 -2.255472576737893
3485 3485 -3.3010743660813837
3486 3486 3.9682128664670104
3499 3499 2.211056368816865
3500 3500 -2.26158722720374
3501 3501 2.6171339752405487
3514 3514 0.22139892986117982
3515 3515 -1.6098606462366574
3516 3516 0.5212364028725469
3529 3529 3.3936194077998456
3530 3530 3.8784769480250194
3531 3531 -3.2879119771053045
3544 3544 -1.6384140568245114
3545 3545 0.4530244105485153
3546 3546 0.6049885489402946
3559 3559 -1.037399016029556
3560 3560 -1.918882529340224
3561 3561 3.132222444035178
3574 3574 2.980962235371318
3575 3575 3.9939936015462454
3576 3576 -2.9154258321800075
3589 3589 2.8010289232565997
3590 3590 1.6779192214006464
3591 3591 3.869459972169458
3604 3604 -0.9883874460431183
3605 3605 -2.452942122538377
3606 3606 3.546647618808188
3619 3619 2.484640620172555
3620 3620 -3.309996183503478
3621 3621 0.2185500396865221
3634 3634 -2.0193395669208405
3635 3635 -1.3205845887616716
3636 3636 -3.605026042839855
3649 3649 -3.04411654508752
3650 3650 -0.2480132966412807
3651 3651 3.36055517235748
3664 3664 -0.3224383135148292
3665 3665 3.3280531904191824
3666 3666 2.7625657739797065
3679 3679 1.8126415005590175
3680 3680 -2.996709671380975
3681 3681 -0.03929151185216995
3694 3694 -0.40339995460214606
3695 3695 -1.0830067101889407
3696 3696 1.206872477004226
3709 3709 -2.6711694135949617
3710 3710 0.33252247662475476
3711 3711 0.6674167523855523
3724 3724 1.2390435995918017
3725 3725 1.7758075415936903
3726 3726 1.8378516117125976
3739 3739 -3.3820048101543607
3740 3740 -0.18642279494852598
3741 3741 2.4768863350383494
3754 3754 -2.887068142345087
3755 3755 -1.79103011398501
3756 3756 -0.708891251085042
3769 3769 3.0538809871699497
3770 3770 -0.2615439905763681
3771 3771 2.501274312524269
3784 3784 2.7500594576070663
3785 3785 3.819795688818708
3786 3786 0.8091502866112679
3799 3799 -3.330032884704252
3800 3800 -2.0637744963167375
3801 3801 -3.32033937821931
3814 3814 -0.6273877415959275
3815 3815 -3.4545575909059973
3816 3816 -1.3165863741469295
3829 3829 3.101460377625557
3830 3830 -1.134521175935225
3831 3831 -0.2026911771563249
3844 3844 -3.5851963547407077
3845 3845 1.7144513859716044
3846 3846 -1.9633287907944243
3859 3859 2.2936136488578853
3860 3860 3.3710591381789667
3861 3861 -3.425810756454517
3874 3874 3.0026248316445097
3875 3875 -3.177747583795722
3876 3876 3.8769654386638104
3889 3889 -3.2135093178770484
3890 3890 1.8586979588689116
3891 3891 2.378661455364722
603 604 0.9895801812211837
603 618 0.03214320932084891
603 3484 0.7736686737927381
603 3499 -0.07422441383883127
603 3514 -0.06455184931985003
603 3529 0.061529681092622246
604 605 0.32161188898546933
604 619 0.4296828700601103
604 3664 -0.9057826015064971
604 3679 0.8435138616401081
604 3694 0.17249895533010706
604 3709 0.2819400491286006
605 620 0.999081112311913
605 3844 -0.4292111695793934
605 3859 -0.6684618985475659
605 3874 0.1303896687623689
605 3889 0.5585166893945728
618 619 0.2970731552019017
618 3484 -0.9850100824474415
618 3499 0.16485430132453827
618 3514 -0.7542964539937833
618 3529 0.0010810219281871536
619 620 0.36144363276973346
619 3664 0.5180324374755148
619 3679 0.3341268838139524
619 3694 0.4075950279062037
619 3709 0.10170093669543823
620 3844 0.5815760984020415
620 3859 -0.2743669687625283
620 3874 -0.8451382898188191
620 3889 -0.05132419257796905
633 634 0.052698753701899026
633 648 -0.2983067499398233
633 3424 0.16924290355118132
633 3439 0.7928741568933231
633 3454 -0.9950656625145424
633 3469 0.5712819512798928
633 3484 0.723386227072156
633 3499 -0.6209565591192743
633 3514 -0.44969248072693535
633 3529 -0.5266167116843703
634 635 0.5330148900285041
634 649 -0.06202671919790492
634 3604 0.6893456094321933
634 3619 0.03256435229685928
634 3634 0.8314311894853785
634 3649 0.4669016805650379
634 3664 -0.21616543878855343
634 3679 -0.5326218346752876
634 3694 -0.058635536047034975
634 3709 0.9578866123602874
635 650 -0.9214786125723486
635 3784 -0.5970525501086836
635 3799 -0.4955963804882868
635 3814 0.25280629060289406
635 3829 -0.0815716073570103
635 3844 0.1984382590336704
635 3859 -0.020441736304692926
635 3874 -0.0062859580569045725
635 3889 0.4324005086182443
648 649 -0.22185527995640553
648 3424 0.9256487657710772
648 3439 -0.04168589379456167
648 3454 -0.7181441525699395
648 3469 0.11066874913842861
648 3484 -0.10398806463564325
648 3499 -0.9678857136607082
648 3514 0.03186928097282049
648 3529 -0.0570661919730866
649 650 0.40961970511049617
649 3604 0.3718506964627999
649 3619 0.791898484596395
649 3634 0.32562661661785497
649 3649 -0.2641183308523827
649 3664 -0.5168953916836634
649 3679 -0.45254131059331915
649 3694 -0.48097767311797934
649 3709 0.9924492613309714
650 3784 0.14083158733521373
650 3799 -0.04336726785201872
650 3814 -0.7654588133119242
650 3829 -0.7102849963671067
650 3844 0.46726395536095255
650 3859 0.49097976282038913
650 3874 -0.2067179537502164
650 3889 -0.7729751563092675
663 664 0.7174511211711885
663 678 -0.3632533255632422
663 3424 -0.8869945336224565
663 3439 -0.25493365135760504
663 3454 0.32509778557314273
663 3469 0.6083440474811677
663 3484 -0.5854059518684844
663 3499 -0.5361660523325502
664 665 -0.012886432440585738
664 679 0.10930594591545217
664 3604 0.06874280425239654
664 3619 0.9656862633192536
664 3634 0.7614855970534276
664 3649 -0.7502601487319955
664 3664 0.6712027797543003
664 3679 -0.16847274991888894
664 3514 0.9268230364678913
664 3529 -0.6147816423018959
665 680 -0.9224349122396109
665 3784 0.43579469283233396
665 3799 0.6070340609230427
665 3814 -0.43922228111289807
665 3829 0.531584455265468
665 3844 0.9103865053328428
665 3859 0.5975428407558951
665 3694 0.10261770159532824
665 3709 -0.7211706150025796
678 679 0.22914024927377707
678 3424 -0.5006871311195644
678 3439 -0.9507012949392311
678 3454 0.5859470447964381
678 3469 0.7183531346860084
678 3484 -0.7860266500608002
678 3499 -0.8836080725314841
679 680 0.1791592669649429
679 3604 -0.021692616554054744
679 3619 0.2509900221318013
679 3634 -0.8343634257943262
679 3649 -0.4855040399196302
679 3664 -0.11279605627956912
679 3679 0.21152159596519238
679 3514 0.25191378932862407
679 3529 0.7240627467731628
680 3784 0.04226434714899274
680 3799 -0.24156223519615394
680 3814 -0.9336739381573846
680 3829 0.06900626180973735
680 3844 0.6805208722771126
680 3859 -0.2501328794134474
680 3694 -0.7622316944892276
680 3709 -0.006221100026500892
693 694 -0.8101802274098868
693 708 0.12334814683545714
693 3424 0.7760704575353385
693 3439 0.06920843610216587
693 3454 -0.25869147044645535
693 3469 0.4243491734176994
693 3484 -0.9352293506472587
693 3499 -0.3937725936266039
693 3364 -0.6299458299952934
693 3379 -0.1741498582855603
693 3394 0.8186720260642701
693 3409 -0.5299041932379767
694 695 -0.6437003037412281
694 709 0.358742663086274
694 3604 0.809447682132777
694 3619 -0.5980577638665885
694 3634 0.04318220143505025
694 3649 0.06163261047159563
694 3664 0.6851356378722107
694 3679 0.6190760934906416
694 3514 0.2642077471555977
694 3529 -0.7153591096937748
694 3544 0.675080236885774
694 3559 -0.7447433255110842
694 3574 -0.7615361181556697
694 3589 0.6713966435251937
695 710 0.6477651781159557
695 3784 0.7857735034074911
695 3799 0.11672604579241619
695 3814 -0.7346039512592768
695 3829 0.20182312756469667
695 3844 0.15612678185407525
695 3859 0.8773510467653882
695 3694 0.5610499404041769
695 3709 -0.0009668915387650578
695 3724 0.810543002768209
695 3739 0.9647684286810299
695 3754 -0.854881385761038
695 3769 -0.7787443555835163
708 709 0.7833237598739493
708 3424 0.32011374532903214
708 3439 0.7816961178837853
708 3454 -0.21722196049248055
708 3469 0.6623973095868478
708 3484 0.4027063804671094
708 3499 -0.014525238881515579
708 3364 0.5238847153857953
708 3379 -0.9561890822003949
708 3394 -0.8205303545244409
708 3409 0.5164448805640394
709 710 0.7509602370270199
709 3604 0.0876958269029422
709 3619 0.4238116165106016
709 3634 0.06292428582734844
709 3649 -0.32086678210175323
709 3664 -0.9606353516033219
709 3679 0.41039034691500254
709 3514 -0.7554429166248311
709 3529 0.16017258604149576
709 3544 -0.5375743329439977
709 3559 -0.9699482057632294
709 3574 0.41888885552619604
709 3589 -0.2450370039936629
710 3784 0.0908580278277662
710 3799 -0.686573463183068
710 3814 0.40058471117612493
710 3829 0.6494791735463581
710 3844 -0.8848725673564108
710 3859 -0.4267497630617001
710 3694 -0.44119494506992063
710 3709 0.05288204719799716
710 3724 0.15310286241736715
710 3739 0.7558091995532166
710 3754 0.5422493103340036
710 3769 0.20450696229617238
723 724 0.9932284435323808
723 738 -0.48676395198122036
723 3424 -0.3837468793058636
723 3439 -0.7361487759595833
723 3364 0.17806215942976977
723 3379 0.4916733628937906
723 3394 -0.8612908498376222
723 3409 0.5268783058422022
724 725 -0.6468764413633628
724 739 -0.15961420879287824
724 3604 0.18361413013724293
724 3619 -0.6107197782669711
724 3454 -0.8334023810992701
724 3469 0.8370699260216077
724 3484 -0.12367241480992908
724 3499 -0.9907051965057676
724 3514 0.3676558981062319
724 3529 0.861073660404776
724 3544 0.9257932552069916
724 3559 -0.9458798245735618
724 3574 -0.546392740719063
724 3589 -0.8342804876952779
725 740 0.9590259514896973
725 3784 0.27178762250913446
725 3799 0.8718587857871181
725 3634 0.6619256718787552
725 3649 -0.5569311543544211
725 3664 0.54821332429759
725 3679 0.027769309313608215
725 3694 0.08383130252295823
725 3709 0.023712978601030388
725 3724 0.15391171811393223
725 3739 -0.2783314056307784
725 3754 0.6756125515616953
725 3769 0.014924263153117678
738 739 0.8772785517807431
738 3424 -0.11371090290454089
738 3439 0.2167019867187896
738 3364 0.7484316161059965
738 3379 -0.9594688128704159
738 3394 0.6680212809117871
738 3409 0.517460770762767
739 740 -0.8661985870225213
739 3604 -0.18798880648508964
739 3619 0.51715058761749
739 3454 0.7943589308911438
739 3469 0.7426450450907844
739 3484 -0.15252628326202045
739 3499 0.037608714256423426
739 3514 0.3570782558200849
739 3529 -0.9858175133927694
739 3544 -0.8085161520294222
739 3559 -0.8160224840108834
739 3574 -0.4611872824189518
739 3589 0.5841864071255358
740 3784 -0.9750133078696777
740 3799 -0.2585870348548067
740 3634 -0.33226974086289673
740 3649 0.16303698396540645
740 3664 -0.7947989536716011
740 3679 -0.19197831025636614
740 3694 -0.43651644846848137
740 3709 0.8914509594480031
740 3724 -0.5595898243267334
740 3739 -0.807609728735039
740 3754 -0.6297295886577272
740 3769 0.7659770367671874
753 754 0.2580288574906846
753 768 -0.20509612100597185
753 3424 -0.13972397406075499
753 3439 -0.5220918928388227
753 3364 0.5857165030003622
753 3379 0.7488471152664011
753 3394 0.13688873435286197
753 3409 -0.0368717518016739
754 755 -0.8051496846092254
754 769 0.6241602359364473
754 3604 -0.2695798570590533
754 3619 0.4633408221403852
754 3454 0.7661104919727098
754 3469 0.02137784787103958
754 3485 0.8441909002179371
754 3500 -0.11503840282295452
754 3515 -0.9515897369117263
754 3530 0.5489448528792029
754 3544 0.6600062564001081
754 3559 0.13533093290704556
754 3574 0.5753561374028655
754 3589 -0.7758064103332305
755 770 -0.807391454801925
755 3784 -0.30425642548061904
755 3799 0.8983784343575176
755 3634 0.6731284571935661
755 3649 0.1773383785431466
755 3665 -0.9100003335970832
755 3680 0.4642546434332593
755 3695 0.3365909838881256
755 3710 -0.27031001010697553
755 3724 -0.75029744911236
755 3739 0.780425539305863
755 3754 0.577360962155935
755 3769 0.9652977862273522
768 769 -0.3301816701565119
768 3424 -0.1538344227917734
768 3439 -0.9022146231057282
768 3364 0.7978615704846339
768 3379 0.10673693351747371
768 3394 -0.4182749700972277
768 3409 -0.8053301439608824
769 770 0.9831402204026134
769 3604 0.17363340462080123
769 3619 -0.027124121133054402
769 3454 0.6826316209323959
769 3469 0.9031379549952172
769 3485 -0.8627838222197619
769 3500 -0.17372958628065982
769 3515 0.5025082570935067
769 3530 0.743569995007088
769 3544 0.7830694397505684
769 3559 -0.9565136919457586
769 3574 0.10396485447088977
769 3589 -0.9089656441703535
770 3784 -0.44722120433253587
770 3799 0.7966017612126017
770 3634 0.6687554079078779
770 3649 0.00596809849227431
770 3665 0.6311510814429311
770 3680 -0.19048377812006323
770 3695 0.6355333426233947
770 3710 0.6045865416153544
770 3724 0.07849872978743533
770 3739 0.8337636748953567
770 3754 0.13240192259506878
770 3769 0.08816234329472361
783 784 -0.288702555611154
783 798 -0.6385381805576793
783 3424 -0.6679875896143848
783 3439 0.9251145891049581
783 3454 0.02222523438362689
783 3469 0.27138846269351036
783 3485 -0.734648181716901
783 3500 0.9695463446427128
783 3515 -0.9619111840166015
783 3530 0.2664523696582435
783 3544 0.17581084718655582
783 3559 -0.17103461954762778
783 3394 0.41391394839155793
783 3409 0.5778203702646947
784 785 -0.18688653587163162
784 799 -0.5953055272203303
784 3604 -0.13609275424765865
784 3619 0.1001993414343465
784 3634 -0.3276081374063351
784 3649 0.38205972454248527
784 3665 0.9872096254937304
784 3680 0.004782847857295103
784 3695 -0.9597526604093671
784 3710 0.26971854618443736
784 3724 -0.4212562413223464
784 3739 0.4526077552610772
784 3574 0.2554530884848747
784 3589 -0.6760672894125186
785 800 0.20214243340735982
785 3784 -0.8827291798755217
785 3799 0.24169471035865797
785 3814 -0.7255971995939781
785 3829 0.5418111103468228
785 3845 -0.17869974727679727
785 3860 0.11228046404210001
785 3875 0.9668433496632278
785 3890 0.5010636876711618
785 3754 -0.14068747331583542
785 3769 0.010582308052177192
798 799 -0.2930126319974584
798 3424 -0.7462816637610066
798 3439 0.5902090602620396
798 3454 0.8046908699034161
798 3469 -0.10855427108219518
798 3485 -0.5150549205452462
798 3500 -0.6806781218573419
798 3515 0.273474442535766
798 3530 0.43741741783840826
798 3544 0.7298012391901254
798 3559 -0.8466787364422046
798 3394 -0.21201749988234098
798 3409 -0.9727454842899814
799 800 0.6391093023029515
799 3604 -0.6595465174508726
799 3619 0.5054684494754791
799 3634 -0.7456614034565938
799 3649 0.8287151850615877
799 3665 0.3871801741684535
799 3680 -0.704940902902407
799 3695 0.3811005250832955
799 3710 -0.885213356352669
799 3724 -0.13425596891007063
799 3739 0.9335582508020295
799 3574 -0.40075186032378785
799 3589 0.03432890109971365
800 3784 0.6706725689248303
800 3799 -0.4090946611722148
800 3814 -0.988519986442512
800 3829 -0.27525603538574606
800 3845 -0.4251147965755828
800 3860 0.054805454839730317
800 3875 -0.992605631333012
800 3890 0.447536629777753
800 3754 -0.008211271976841461
800 3769 0.35881590290478194
813 814 -0.5219704898434252
813 828 0.836501236549422
813 3425 -0.44823134868706327
813 3440 0.08234160187379946
813 3455 0.8042235386297212
813 3470 0.08954088716280584
813 3485 -0.12302492106415386
813 3500 0.14836351252690672
813 3515 -0.2211593472969431
813 3530 -0.9716375734864962
813 3544 0.1334630633557332
813 3559 -0.14976083653828587
813 3394 0.6251416434912873
813 3409 -0.7704066620270682
814 815 -0.8847117798772581
814 829 0.4321107834186009
814 3605 -0.8867008216347414
814 3620 -0.259391197164486
814 3635 -0.37655404705182405
814 3650 -0.20957955510023174
814 3665 0.2513462108376805
814 3680 0.9717760703238592
814 3695 0.5516614618820219
814 3710 -0.27324417871091744
814 3724 0.8048457038314689
814 3739 0.5684056621755678
814 3574 0.25260053562548523
814 3589 -0.5790536160182278
815 830 -0.507855872183165
815 3785 -0.6252584277913129
815 3800 -0.8474476411058895
815 3815 0.5588021967217216
815 3830 -0.03074689275306164
815 3845 0.45528477826876057
815 3860 -0.4747836907192937
815 3875 0.7428887589843736
815 3890 0.7710204467696986
815 3754 -0.9616162132142603
815 3769 -0.6652661132386768
828 829 -0.6343321273326301
828 3425 -0.8166203585472585
828 3440 -0.39062187776126445
828 3455 -0.9798445464119365
828 3470 -0.752303640400038
828 3485 0.30690872493917554
828 3500 -0.9936416704437838
828 3515 -0.3653023662602535
828 3530 0.17849477913009815
828 3544 0.9556665859254021
828 3559 -0.28292651621576925
828 3394 -0.2103877653868711
828 3409 0.2318310049099006
829 830 -0.07131129563252081
829 3605 0.6411697820141196
829 3620 -0.0006112350239939612
829 3635 -0.8929458550983622
829 3650 -0.5651448847606695
829 3665 0.11853720669956602
829 3680 -0.3205066988068417
829 3695 0.37539170099202557
829 3710 0.08096544930640803
829 3724 0.5659226635057022
829 3739 -0.5053033329733214
829 3574 0.43702686135611524
829 3589 -0.9338899540779282
830 3785 0.2542651200986039
830 3800 0.7813181653590193
830 3815 -0.4139586199739118
830 3830 0.8320619651654757
830 3845 0.5851505936716448
830 3860 0.3823819341959305
830 3875 0.32826850916051464
830 3890 -0.9785689611267849
830 3754 0.18762397972581746
830 3769 0.0021465021338431534
843 844 -0.915326360991334
843 858 -0.8297322158592473
843 3425 0.63178010004759
843 3440 0.5524653775710466
843 3455 0.28201068654799677
843 3470 0.07210298739975984
843 3485 -0.6353099079604971
843 3500 -0.42735516314147404
843 3364 -0.4652992080813312
843 3379 0.10453410624114778
843 3394 -0.35422385321716976
843 3409 -0.5409654929157142
844 845 0.18096122782980562
844 859 -0.919091339609099
844 3605 0.23544007766969766
844 3620 -0.2624438718065947
844 3635 0.7706232224246323
844 3650 -0.1758657617743531
844 3665 0.47305380825398413
844 3680 -0.6282866432041423
844 3515 -0.12229669075803651
844 3530 -0.8939932930575256
844 3544 0.8102025090620792
844 3559 -0.6228377193294408
844 3574 0.7706523693847613
844 3589 -0.9016420854108878
845 860 0.3196277473731013
845 3785 -0.5373865999321417
845 3800 0.7085026717572955
845 3815 0.48858053726782047
845 3830 0.008040714640946911
845 3845 -0.18064011026916482
845 3860 0.26766245552142953
845 3695 0.16313233822868045
845 3710 0.6475248991871103
845 3724 0.12419198429929246
845 3739 -0.44323094528718654
845 3754 0.10170571052582278
845 3769 -0.38242712465082196
858 859 0.27309072916753063
858 3425 -0.6166623485454601
858 3440 -0.3366723487902974
858 3455 0.012580072022400524
858 3470 -0.614237665456707
858 3485 -0.9873481348743522
858 3500 0.8949145547719624
858 3364 0.9472874606340616
858 3379 -0.86975041137954
858 3394 0.956761726352674
858 3409 -0.04544221641871249
859 860 -0.2610036117957777
859 3605 0.26535919448953993
859 3620 -0.6377561790092674
859 3635 0.6177240058417477
859 3650 0.8045276259192076
859 3665 0.053639466214517206
859 3680 0.7534042964486225
859 3515 0.9169532331592769
859 3530 -0.3512914434962082
859 3544 0.7098050441200476
859 3559 0.47151617166650084
859 3574 -0.4970420305402694
859 3589 -0.06814081443746223
860 3785 -0.9533739491915412
860 3800 -0.7011207541108739
860 3815 -0.09144046742313394
860 3830 -0.28150914120312764
860 3845 -0.17193434309540523
860 3860 0.236013753344974
860 3695 0.7177603009393843
860 3710 -0.8051898979261871
860 3724 0.3579829873406246
860 3739 0.990863324346211
860 3754 0.6182242332144301
860 3769 0.7706701567903271
873 874 -0.9087710433346909
873 888 -0.042762571448662356
873 3425 -0.5542399217310792
873 3440 0.3116373671657624
873 3455 -0.7558577690932387
873 3470 -0.2532824108832974
873 3485 0.7462612396537243
873 3500 -0.5480373346616849
873 3365 -0.699514427930293
873 3380 -0.4980058725323213
873 3395 -0.6444723570800843
873 3410 -0.4985929930569539
874 875 -0.47755145443141345
874 889 0.4826041744432208
874 3605 0.6637443067729627
874 3620 0.026296718703043176
874 3635 0.7019417504747851
874 3650 -0.011582854334849069
874 3665 0.9794275641301935
874 3680 -0.7561756067942558
874 3515 0.7673875670275461
874 3530 0.2175739396486407
874 3545 -0.5346971709117687
874 3560 -0.3439856028170807
874 3575 -0.08048211327268873
874 3590 0.3523905489043966
875 890 -0.8283138330013262
875 3785 0.983248178198296
875 3800 0.5616993523609575
875 3815 0.3425926509160735
875 3830 0.47961736642428376
875 3845 -0.7608443355665595
875 3860 -0.36011154150205793
875 3695 0.778916611760216
875 3710 0.8525300729797551
875 3725 -0.294787480496026
875 3740 0.21155994344670814
875 3755 -0.4629778330515235
875 3770 0.20175083846085284
888 889 -0.6304017651323877
888 3425 0.6906568098338803
888 3440 0.5769599390568394
888 3455 0.9434972471242811
888 3470 -0.7333585296096174
888 3485 -0.39995766981160275
888 3500 -0.8623486385126726
888 3365 0.11228876206049176
888 3380 0.9073417478387906
888 3395 -0.8725874556553013
888 3410 0.52231122092618
889 890 -0.16662656696354694
889 3605 0.7553550114598842
889 3620 0.4792444512908567
889 3635 0.5152232561402588
889 3650 -0.9550256096780103
889 3665 -0.9542232184777946
889 3680 0.5028513183250387
889 3515 0.432818510424704
889 3530 -0.0510276381861432
889 3545 0.29856371268969273
889 3560 -0.13989628025401446
889 3575 -0.9865270549164811
889 3590 -0.6586464644505607
890 3785 0.683312148988976
890 3800 -0.23893364675700424
890 3815 0.23700856901971457
890 3830 -0.07851838407067735
890 3845 0.5659383667195064
890 3860 -0.18526825671005387
890 3695 -0.14982972695680563
890 3710 -0.3596568532232485
890 3725 -0.4108662500368505
890 3740 -0.1268507556868983
890 3755 0.9863964351914316
890 3770 -0.7305321802740703
903 904 -0.5582747159203694
903 918 0.31207252846373756
903 3425 0.08487483802101159
903 3440 0.8619128771256004
903 3365 -0.9608508284430655
903 3380 0.6910822937567787
903 3395 0.250163501906556
903 3410 0.06842680446959926
904 905 0.20291363621432446
904 919 0.9010272939899726
904 3605 -0.7808062222092147
904 3620 0.24160980236708962
904 3455 -0.14847837253666762
904 3470 -0.3943835364417043
904 3485 0.02231077249384983
904 3500 0.5439538238084323
904 3515 -0.5553308888861719
904 3530 -0.4256096996548979
904 3545 0.12983418590966989
904 3560 0.0886948536974097
904 3575 0.9897235662344424
904 3590 0.02598129858615872
905 920 -0.14805463956630804
905 3785 -0.31262717524256023
905 3800 -0.7728802110342634
905 3635 0.73658161823218
905 3650 -0.615977498083057
905 3665 0.7173846166678568
905 3680 0.9376418997149867
905 3695 0.6566871521395465
905 3710 0.6376259160321867
905 3725 0.6932121305769587
905 3740 -0.548928184190677
905 3755 -0.7665142190181253
905 3770 -0.9434328035413622
918 919 -0.9541007534865775
918 3425 0.9385617117018052
918 3440 -0.8212876456079354
918 3365 -0.34231449908531353
918 3380 0.8640148473293656
918 3395 -0.22336988201688435
918 3410 0.24390173186404018
919 920 0.12339271576174515
919 3605 -0.8187110490243406
919 3620 0.5706013428388184
919 3455 -0.14893470480880855
919 3470 0.7519479414472285
919 3485 0.11402973969264418
919 3500 0.16792127378182897
919 3515 0.19919520398299584
919 3530 -0.6112055734635882
919 3545 -0.3147882150810797
919 3560 -0.0918079702840473
919 3575 -0.8310125396542942
919 3590 0.45327251755904774
920 3785 -0.46138726955768417
920 3800 -0.38362438901666507
920 3635 0.056265614468757
920 3650 -0.1813725753414701
920 3665 0.6741842183508937
920 3680 0.05384485775263448
920 3695 -0.03119870640067557
920 3710 -0.07222962888314854
920 3725 0.22477192921497813
920 3740 -0.8614370432717269
920 3755 -0.8643856577493705
920 3770 0.5898621470339784
933 934 -0.5965797926640359
933 948 0.3614323253422025
933 3425 -0.046069916016580725
933 3440 -0.0751374740985955
933 3365 -0.9855548457540173
933 3380 -0.7970394075264515
933 3395 0.3411777296508143
933 3410 -0.027643970070530433
934 935 0.4952649379058309
934 949 0.9721508823627572
934 3605 -0.32477190339425865
934 3620 -0.5019838355099226
934 3455 0.728820154034536
934 3470 0.7982633993592427
934 3486 -0.7859307848278827
934 3501 0.39484774066265005
934 3516 -0.7656222127650878
934 3531 -0.06419562437285786
934 3545 0.49867965058240515
934 3560 0.7626158103505065
934 3575 -0.789193181353171
934 3590 -0.8427302969818407
935 950 -0.6446331736239395
935 3785 0.9895613324640307
935 3800 -0.9276940966636826
935 3635 -0.3772620949315155
935 3650 -0.17114816184629356
935 3666 -0.5823267580671592
935 3681 0.9779768176139121
935 3696 0.4484758181507331
935 3711 -0.34019874046903564
935 3725 0.9854121814646268
935 3740 0.5625767502369303
935 3755 0.39931920454459857
935 3770 0.9886804381598655
948 949 0.48743830119124354
948 3425 -0.48811760455154407
948 3440 -0.8493532500508143
948 3365 0.4617332394442115
948 3380 -0.017167373678343756
948 3395 -0.7093767387107734
948 3410 0.9911424006035763
949 950 -0.12286529820590131
949 3605 0.9151168207164222
949 3620 0.6300238100206312
949 3455 0.553612282183386
949 3470 0.3943776642230872
949 3486 0.7600952267016272
949 3501 0.5047015456299702
949 3516 -0.6868406027544094
949 3531 -0.8155021312344115
949 3545 0.8143176329045168
949 3560 -0.37499249713111626
949 3575 -0.7044399981479346
949 3590 0.2572477503830841
950 3785 -0.5572306550264949
950 3800 0.5142059817697977
950 3635 -0.3713736034020918
950 3650 0.9374103476538751
950 3666 0.6694572771023863
950 3681 0.4891092257291272
950 3696 0.03898216336835203
950 3711 -0.6853659466464035
950 3725 0.24367086134575322
950 3740 0.4482684013729834
950 3755 0.9517959679543879
950 3770 -0.972861879634026
963 964 0.26514376427350417
963 978 -0.06068777809100179
963 3425 0.42026521868967626
963 3440 -0.791330749878093
963 3455 -0.47336367654591505
963 3470 -0.26093370498265167
963 3486 -0.5463005112137072
963 3501 -0.3265521148493722
963 3516 -0.4655664922010201
963 3531 -0.3613914929506581
963 3545 -0.9464462801708966
963 3560 0.13321650290148646
963 3395 0.7603227583242373
963 3410 -0.5119972474400603
964 965 0.9382704201346894
964 979 -0.8867659311807388
964 3605 0.8991816525660277
964 3620 -0.08144269189334552
964 3635 -0.24485765696609474
964 3650 0.23701800035682963
964 3666 0.6356763753866221
964 3681 -0.3129505318823882
964 3696 -0.895937235546638
964 3711 -0.7846645960764813
964 3725 -0.7512709736287142
964 3740 0.09143535207181874
964 3575 0.13832072176426258
964 3590 -0.17652162667894777
965 980 0.9228894849751537
965 3785 0.39005971086590785
965 3800 -0.9084028581070616
965 3815 -0.5049906598153786
965 3830 0.4563783335485787
965 3846 -0.8647609816620445
965 3861 0.3431451103091887
965 3876 -0.012011055679535865
965 3891 0.9176357644771014
965 3755 -0.12280246410812046
965 3770 -0.563891538293773
978 979 0.4570747044274308
978 3425 0.42105279780246363
978 3440 -0.5819103867233448
978 3455 -0.6475765033812126
978 3470 0.823930030070188
978 3486 -0.14765498522780485
978 3501 0.16616066365833038
978 3516 0.3450532578373049
978 3531 0.3662328510901307
978 3545 0.7443466189140728
978 3560 -0.8123160248976486
978 3395 0.462222964699583
978 3410 0.83888845422267
979 980 -0.17636456449287086
979 3605 -0.7427730544741329
979 3620 0.7415089431674127
979 3635 -0.6647747105289226
979 3650 0.922477797028423
979 3666 0.20092158979249608
979 3681 0.9612808006035773
979 3696 0.48111200357259576
979 3711 -0.20019099431659426
979 3725 -0.28932741419214203
979 3740 -0.9260468582540418
979 3575 -0.2239221936625515
979 3590 -0.6736477448067735
980 3785 -0.23462069504627348
980 3800 -0.9020590064693512
980 3815 -0.24388157095483964
980 3830 -0.2581013070422915
980 3846 0.92756446157565
980 3861 -0.14212911340734968
980 3876 -0.3002378576027065
980 3891 0.920662157822405
980 3755 0.6319727584013821
980 3770 0.19722639479041137
993 994 -0.5210862958586251
993 1008 -0.44693805588309954
993 3426 0.7576345569079075
993 3441 -0.08229773838505583
993 3456 -0.44380461964359275
993 3471 -0.6241593283991025
993 3486 -0.9731753484495445
993 3501 0.07451248122273202
993 3516 -0.5410170563556742
993 3531 -0.8925305016140139
993 3545 -0.8347245193048594
993 3560 0.3333027711984822
993 3395 0.09125139777114022
993 3410 0.274749422994059
994 995 -0.07582354696261429
994 1009 0.8926924227351485
994 3606 -0.6798541765566113
994 3621 -0.7612039734947276
994 3636 -0.5079474952070038
994 3651 0.7238225277880386
994 3666 0.0005395438892439319
994 3681 -0.7725022358277593
994 3696 -0.7025651373463626
994 3711 0.23225719509992238
994 3725 -0.6746293605293439
994 3740 0.29215605165154734
994 3575 -0.49047828398966664
994 3590 0.6669444047138791
995 1010 -0.6639823062227348
995 3786 0.2379219162227706
995 3801 0.17720208673437887
995 3816 -0.18196647028018353
995 3831 -0.10252306639906483
995 3846 -0.8058811643249832
995 3861 0.6507056928764923
995 3876 -0.4251612398845699
995 3891 -0.28668592880129107
995 3755 0.02876925692018406
995 3770 0.5533348892424879
1008 1009 -0.9590549960332955
1008 3426 0.3387634256609764
1008 3441 0.38521124782830984
1008 3456 -0.2444615753421271
1008 3471 0.2595488489134199
1008 3486 0.5083333882707461
1008 3501 -0.6012195966824883
1008 3516 -0.5686825547067973
1008 3531 -0.05952693862981029
1008 3545 0.5253067461883951
1008 3560 -0.9148606481637751
1008 3395 -0.9635470525786709
1008 3410 -0.6347065235801301
1009 1010 -0.07481402071881926
1009 3606 -0.833113184262904
1009 3621 -0.46868422134294785
1009 3636 0.4915063123616359
1009 3651 -0.2056945148145366
1009 3666 0.9260844973999827
1009 3681 0.9069732706118234
1009 3696 0.9224063064521859
1009 3711 0.07521936448509337
1009 3725 -0.04265124796028741
1009 3740 -0.31517206924101204
1009 3575 0.06557861930192233
1009 3590 0.8951243589956401
1010 3786 0.9161490213552512
1010 3801 0.6159173860695764
1010 3816 -0.300176372429539
1010 3831 0.34175783750826505
1010 3846 -0.2707945846093298
1010 3861 0.0236429704515837
1010 3876 0.3789644935518539
1010 3891 0.07430542800376916
1010 3755 -0.19614587447194376
1010 3770 -0.37174038816159727
1023 1024 -0.8216568841369598
1023 1038 0.7598066745657222
1023 3426 -0.9591206922531512
1023 3441 0.1514595386166957
1023 3456 -0.3711506345390516
1023 3471 0.19127882401994323
1023 3486 -0.3903941980796459
1023 3501 -0.06142333712346937
1023 3365 -0.9646337543980505
1023 3380 0.8606546738584715
1023 3395 -0.3588773388475188
1023 3410 0.9839866595654483
1024 1025 0.7787727455831128
1024 1039 0.04096828679766418
1024 3606 -0.7397658664522704
1024 3621 0.053999535422298184
1024 3636 -0.040336207793927326
1024 3651 0.5535954524829687
1024 3666 -0.5015726040798674
1024 3681 -0.43504561154245214
1024 3516 0.3813690017065601
1024 3531 -0.44644189078459484
1024 3545 -0.5293415450706038
1024 3560 -0.5322771721192867
1024 3575 0.08969114271651657
1024 3590 0.42551184982928714
1025 1040 -0.04824227565186012
1025 3786 0.37578221541043066
1025 3801 -0.7114070841309801
1025 3816 -0.24702965083430461
1025 3831 0.23423897436316654
1025 3846 0.6397227716626117
1025 3861 -0.2745514454756459
1025 3696 0.3735662381180631
1025 3711 -0.29149412120207097
1025 3725 -0.6965770953568229
1025 3740 -0.0830384492366465
1025 3755 0.14457426953690367
1025 3770 0.015480170588193065
1038 1039 -0.23241178380803884
1038 3426 -0.4063756245868009
1038 3441 -0.5409848715052468
1038 3456 -0.7327504916953071
1038 3471 0.12818829826226041
1038 3486 -0.7931756890164838
1038 3501 -0.46003186123867645
1038 3365 -0.5314217412217819
1038 3380 -0.9121543975119337
1038 3395 0.1773922820842302
1038 3410 -0.4250807317058285
1039 1040 0.7201953433337469
1039 3606 0.40063618299157056
1039 3621 -0.34551569606851085
1039 3636 -0.7356802939643352
1039 3651 -0.3921851351294954
1039 3666 0.7920526970251385
1039 3681 -0.8664075653449488
1039 3516 -0.41286383200771537
1039 3531 -0.9284166602735309
1039 3545 -0.878333418632345
1039 3560 -0.44116445280205263
1039 3575 -0.9258664922836648
1039 3590 0.6031570920593936
1040 3786 0.042113245916437725
1040 3801 -0.5795420596627776
1040 3816 -0.95592785485097
1040 3831 0.5148267340325996
1040 3846 -0.10340023505499696
1040 3861 -0.7151803808603849
1040 3696 0.21994547557063915
1040 3711 0.7210468602456321
1040 3725 -0.6965788315356878
1040 3740 0.4587530579255197
1040 3755 -0.652697133438829
1040 3770 0.053243634752727864
1053 1054 0.03537711821414069
1053 1068 -0.7619571288707068
1053 3426 -0.5886212574164347
1053 3441 0.0029355904989321058
1053 3456 -0.9842144935939094
1053 3471 0.2345876282129622
1053 3486 -0.49712951169702
1053 3501 0.38573439860719194
1053 3366 -0.4713290273289745
1053 3381 -0.1922649774636771
1053 3396 -0.9684674177468837
1053 3411 -0.3422614939850803
1054 1055 0.8956618242917342
1054 1069 -0.29420838178621556
1054 3606 -0.49202927276974884
1054 3621 -0.05856992691325513
1054 3636 0.3922739602794394
1054 3651 0.07107629095406853
1054 3666 0.14306473794943297
1054 3681 0.8875970747196074
1054 3516 -0.26025857249163864
1054 3531 0.6435623561434811
1054 3546 -0.7893148939733212
1054 3561 -0.3440839378938252
1054 3576 -0.8171672354607094
1054 3591 -0.758546707662263
1055 1070 -0.7098067168027276
1055 3786 -0.6580884894411867
1055 3801 0.2446048568089625
1055 3816 0.20071191011436973
1055 3831 0.16249050915022534
1055 3846 0.7308962809193247
1055 3861 0.8684506307386666
1055 3696 -0.10827327938982512
1055 3711 -0.9389749898756896
1055 3726 0.6588695275460357
1055 3741 0.3854715241822366
1055 3756 -0.9138916739182483
1055 3771 0.3432329642353784
1068 1069 -0.41601935056177886
1068 3426 -0.8964008735369655
1068 3441 0.945415539808754
1068 3456 -0.7455474000824693
1068 3471 -0.07402523820416484
1068 3486 0.2662032380896262
1068 3501 -0.9522367864117547
1068 3366 0.08212827930638622
1068 3381 0.6879021850585418
1068 3396 -0.13506175071683835
1068 3411 0.276095268709728
1069 1070 0.05114495515836737
1069 3606 -0.5399590632432645
1069 3621 0.8894701157693905
1069 3636 -0.704167228949862
1069 3651 0.709207914913476
1069 3666 -0.05148129391614975
1069 3681 0.45591297049056
1069 3516 0.6095634587680998
1069 3531 -0.5718283574355891
1069 3546 -0.45120940126702314
1069 3561 -0.357059831293838
1069 3576 0.08007409424507572
1069 3591 -0.658035395175582
1070 3786 -0.6221382976828422
1070 3801 -0.49195472356039116
1070 3816 -0.6646037406487768
1070 3831 0.27103192059714676
1070 3846 0.7928991686993299
1070 3861 0.7260824238236439
1070 3696 0.19397464472105552
1070 3711 -0.6944978016189345
1070 3726 0.20642129406557763
1070 3741 0.27564503856507394
1070 3756 -0.6240821492515642
1070 3771 0.13816145565542515
1083 1084 -0.2392548931915075
1083 1098 0.6272748655519607
1083 3426 0.4771334099173039
1083 3441 -0.4184432901435424
1083 3366 -0.15665068880588073
1083 3381 0.710139162754652
1083 3396 0.3785059674858804
1083 3411 -0.826539697471175
1084 1085 -0.0661048945338325
1084 1099 0.9237826150937936
1084 3606 -0.7563419996031839
1084 3621 0.7485460553944541
1084 3456 0.44021847222240695
1084 3471 0.7715579004573807
1084 3486 0.5740773371187491
1084 3501 0.873218244567852
1084 3516 0.1045389881980805
1084 3531 -0.9605856322693493
1084 3546 0.23453593327499522
1084 3561 -0.5116102201985171
1084 3576 0.3308030427392541
1084 3591 0.8958760545871176
1085 1100 0.31796684189191327
1085 3786 0.6285120734974354
1085 3801 -0.5792052672652397
1085 3636 0.516336266592851
1085 3651 -0.8210140042258092
1085 3666 -0.4271028504443255
1085 3681 -0.31195923354889366
1085 3696 -0.04397081595940322
1085 3711 0.18956603173527387
1085 3726 -0.7704919318333061
1085 3741 0.3371788557337858
1085 3756 0.60355549150122
1085 3771 -0.8088545648931749
1098 1099 0.560176739709872
1098 3426 0.4091631869523715
1098 3441 0.07292630503448483
1098 3366 -0.11989589508233456
1098 3381 -0.5070542810175962
1098 3396 -0.23972758798284044
1098 3411 -0.45091706677698196
1099 1100 -0.13933134566104188
1099 3606 0.4794850297770772
1099 3621 -0.8784549000754802
1099 3456 -0.15051269314274274
1099 3471 -0.21961105447072282
1099 3486 -0.7864525873692139
1099 3501 -0.398428623922908
1099 3516 0.1568565791165193
1099 3531 -0.7197213025028006
1099 3546 0.7125965833780852
1099 3561 -0.7104215796845421
1099 3576 0.8357344115626293
1099 3591 -0.712261676329959
1100 3786 -0.23391303761982352
1100 3801 -0.297609737559954
1100 3636 -0.5375567759145969
1100 3651 -0.2033903341224892
1100 3666 -0.2335890881837419
1100 3681 -0.6123916652111376
1100 3696 0.1989750301185027
1100 3711 0.15357646653821067
1100 3726 0.5636575708861704
1100 3741 0.766064401507015
1100 3756 0.6445929965163999
1100 3771 0.2477449165706893
1113 1114 0.826429695326196
1113 1128 -0.3166445988510862
1113 3426 0.13743958176115378
1113 3441 -0.6912896443413326
1113 3366 -0.21381340999715537
1113 3381 0.19124565596575516
1113 3396 0.827036853708452
1113 3411 0.31634547176952466
1114 1115 -0.7270875502472909
1114 1129 0.00029516064721812896
1114 3606 -0.20413369566398432
1114 3621 -0.1993114148567101
1114 3456 0.0010434583207579173
1114 3471 -0.5092005424778052
1114 3546 0.8433730103721675
1114 3561 0.7399070735135189
1114 3576 -0.6738247725953059
1114 3591 -0.26301658067092437
1115 1130 -0.5275460445722102
1115 3786 0.849975055067034
1115 3801 -0.3168772983699073
1115 3636 -0.7952526710866856
1115 3651 0.3012125714512739
1115 3726 0.3137602855347956
1115 3741 0.026558752587933387
1115 3756 -0.5304293548931749
1115 3771 0.5063414919117912
1128 1129 0.7469070755135274
1128 3426 0.6479500176667807
1128 3441 -0.9372065807841368
1128 3366 -0.09499791460060458
1128 3381 -0.8735835240591641
1128 3396 -0.7172488970170743
1128 3411 -0.4609029239023956
1129 1130 0.38151548383628064
1129 3606 -0.5027884598626864
1129 3621 0.30325143965138834
1129 3456 -0.7029030497304622
1129 3471 -0.19173050735262165
1129 3546 0.33020585971624383
1129 3561 -0.6285913608464841
1129 3576 0.1937723858974425
1129 3591 -0.4467395306577484
1130 3786 -0.3257539849138593
1130 3801 0.39649195738495036
1130 3636 0.3823795132824652
1130 3651 -0.4300147932586862
1130 3726 0.4028591885355637
1130 3741 0.19725679949322394
1130 3756 -0.3757180940220701
1130 3771 -0.07730518436099332
3364 3365 -0.7340505376118918
3364 3379 -0.2179155872189904
3365 3366 0.7899313999797901
3365 3380 -0.4280197946407569
3366 3381 -0.5867785103078531
3379 3380 -0.013311632955239405
3380 3381 -0.4237277622823372
3394 3395 -0.022808139016025963
3394 3409 0.16507685195480648
3395 3396 0.4461637274133152
3395 3410 0.5060482631289323
3396 3411 -0.5696762679276777
3409 3410 0.4895753504279099
3410 3411 -0.19322875061084988
3424 3425 -0.7605524925506688
3424 3439 -0.13590263311988715
3425 3426 0.8061196558758776
3425 3440 0.14061562829102447
3426 3441 -0.9996409750310051
3439 3440 -0.1887332624284941
3440 3441 -0.8610307898672356
3454 3455 -0.9172028168066044
3454 3469 0.2054363113439439
3455 3456 0.7287992987233223
3455 3470 0.9741821176211578
3456 3471 0.12416500847453893
3469 3470 -0.7022344479467895
3470 3471 -0.7334928154043625
3484 3485 -0.6508905688524145
3484 3499 -0.23976048694689012
3485 3486 -0.5365670121709167
3485 3500 -0.7072921783000206
3486 3501 0.02968172413113135
3499 3500 0.30334826464867604
3500 3501 0.10415216661548676
3514 3515 0.254901670409714
3514 3529 0.778414786990566
3515 3516 0.13922795559407852
3515 3530 0.3562509073972435
3516 3531 -0.2233068641256435
3529 3530 0.6464049597477464
3530 3531 -0.21805353338607136
3544 3545 -0.40509154561481253
3544 3559 -0.41810206736996935
3545 3546 0.37902876048251466
3545 3560 0.7849688962510866
3546 3561 0.9128936060208448
3559 3560 -0.04140101286303044
3560 3561 0.7401984345910682
3574 3575 0.32414877719329094
3574 3589 0.6694298839563186
3575 3576 0.3045084105180005
3575 3590 0.46723169367573014
3576 3591 0.7639190881892823
3589 3590 -0.8887399317805444
3590 3591 -0.4272085132955168
3604 3605 0.8405399523116603
3604 3619 -0.9109032157903378
3605 3606 -0.005006183480670723
3605 3620 0.9291719150103572
3606 3621 0.15206683534166343
3619 3620 -0.3116582707292743
3620 3621 -0.21216117391763145
3634 3635 0.08984954671574408
3634 3649 0.6997848511202538
3635 3636 -0.5229860952320433
3635 3650 0.6010208611082546
3636 3651 0.7907209453588793
3649 3650 0.4566229094822536
3650 3651 -0.6547653999408583
3664 3665 -0.7461803261148479
3664 3679 -0.4833544254500921
3665 3666 0.72217518025418
3665 3680 0.3157747480860471
3666 3681 0.36450515289959373
3679 3680 -0.0980953327915921
3680 3681 -0.5855458766171058
3694 3695 0.8684671784289011
3694 3709 0.001730778948153766
3695 3696 -0.8765434805520242
3695 3710 0.5854656943916057
3696 3711 -0.7322221246538618
3709 3710 0.8866496785164892
3710 3711 0.7734025299841436
3724 3725 -0.217049142570364
3724 3739 0.784382057356376
3725 3726 -0.5473274510619475
3725 3740 -0.6246290792423255
3726 3741 0.8177106095034199
3739 3740 -0.8254151368455611
3740 3741 -0.3899206583203876
3754 3755 -0.02893502164943751
3754 3769 0.08058599726223492
3755 3756 -0.5154367245582376
3755 3770 -0.16687399769982036
3756 3771 -0.766394316360159
3769 3770 -0.669158137831138
3770 3771 0.13895392369903914
3784 3785 0.10158130353093053
3784 3799 -0.6811068495806047
3785 3786 0.5595749809286392
3785 3800 0.0824066025909862
3786 3801 -0.2793007052499712
3799 3800 -0.8057195985289227
3800 3801 0.7766649855740522
3814 3815 0.4608344565292679
3814 3829 0.14379047564731806
3815 3816 -0.21996946417867402
3815 3830 -0.27006650197459536
3816 3831 0.7527030536392583
3829 3830 0.635999339241863
3830 3831 -0.6476232182073027
3844 3845 0.569077484849495
3844 3859 0.7661621876160307
3845 3846 0.12776996745176805
3845 3860 -0.44424225678257767
3846 3861 -0.7888908558750867
3859 3860 0.05291366535196218
3860 3861 -0.803787182550393
3874 3875 0.09074832308178515
3874 3889 -0.8177494775178842
3875 3876 -0.5344832447308061
3875 3890 -0.26750769369809335
3876 3891 0.6912790923204555
3889 3890 0.34801279852758826
3890 3891 0.7916003924090889
