# 
603 603 0.9047969564844767
604 604 -0.7111668239690019
605 605 -0.18355861879201907
618 618 1.0559529999623498
619 619 -2.460070273833849
620 620 1.9877606274381625
633 633 0.17167305492828966
634 634 2.3394838578241473
635 635 0.37558243781681977
648 648 2.402784432740872
649 649 -3.2796694799923136
650 650 3.197840994462422
663 663 2.45354700243474
664 664 -2.144384870320609
665 665 2.8602502687689304
678 678 2.974790337529945
679 679 -1.9529818172930646
680 680 -3.803782319115636
693 693 -1.3377007457853045
694 694 -3.525989913978445
695 695 2.751306821930881
708 708 -3.1571375886466884
709 709 3.87552350716644
710 710 3.8398483697356935
723 723 -0.7614253747636255
724 724 -2.1122051852391417
725 725 1.5270487733431146
738 738 -0.0693713178656461
739 739 -1.874610050339803
740 740 -3.980363762103565
753 753 -2.672052887373942
754 754 -3.436005313720499
755 755 2.9893338559821094
768 768 -3.4129640071393403
769 769 3.8795719887612794
770 770 3.7437083647264426
783 783 2.6699599385823305
784 784 1.0487786102620476
785 785 1.0687619876825423
798 798 3.3535762940637532
799 799 -1.8629953448761967
800 800 3.543623540050155
813 813 -1.5827123477537892
814 814 -0.9891420218516043
815 815 -2.7265310080137155
828 828 2.963545075400619
829 829 -1.4300944361134533
830 830 1.2859672565308475
843 843 1.7388414599881727
844 844 -3.7338531182254107
845 845 2.272658693799216
858 858 0.21685787766212616
859 859 -1.9494677960211142
860 860 -2.6356069781655966
873 873 -2.2345629104885596
874 874 -0.14585544478205303
875 875 1.9240979673125382
888 888 -3.648482427198851
889 889 2.7319067315578147
890 890 1.4509185811271603
903 903 -3.6026998857032684
904 904 -2.524164114188147
905 905 -3.8486010003753
918 918 -1.7784685121285264
919 919 1.6858365335413161
920 920 -3.6114210534486277
933 933 -1.3877702348236092
934 934 2.7166242386772756
935 935 -1.9716880511009158
948 948 0.7952451374568357
949 949 2.1237693337630086
950 950 3.882233580294651
963 963 -3.8800481046689326
964 964 2.3960908895057216
965 965 3.1204337786075387
978 978 0.22914545296382904
979 979 1.727528829989609
980 980 1.6607568691161543
993 993 -1.7132201912244183
994 994 3.1418315813907736
995 995 3.9907409408769343
1008 1008 2.2583765688902995
1009 1009 -1.6996831631686398
1010 1010 -2.3331150810758077
1023 1023 -1.089622931941185
1024 1024 1.9385245818587107
1025 1025 -2.1632804694084147
1038 1038 -3.8301785227617255
1039 1039 -1.9919379258253755
1040 1040 2.100505727429274
1053 1053 -2.283146228965001
1054 1054 2.0547832266059105
1055 1055 3.55161731547539
1068 1068 -2.7879960698161543
1069 1069 -0.7815118626807234
1070 1070 -3.986080575259341
1083 1083 -0.6664442274126907
1084 1084 2.8314622922758614
1085 1085 2.5936941871723143
1098 1098 -2.4596972828686683
1099 1099 0.3507989575288786
1100 1100 -1.1285153166331288
1113 1113 -1.959808907131043
1114 1114 1.3594820836977926
1115 1115 -1.8476820817837725
1128 1128 0.8683095772857525
1129 1129 -0.04576683143723059
1130 1130 2.9464607269146477
3364 3364 3.670138573370834
3365 3365 2.025047443032305
3366 3366 -3.851343550221305
3379 3379 2.989881797304493
3380 3380 -1.7716590972498647
3381 3381 -1.121945070800007
3394 3394 -0.3871857240757377
3395 3395 0.008988162139339728
3396 3396 0.37068971921642646
3409 3409 -2.259242472891514
3410 3410 2.763565611816448
3411 3411 3.757337537866843
3424 3424 -2.3527604599688097
3425 3425 1.1721830647948828
3426 3426 1.9225608379002033
3439 3439 -0.785824449443175
3440 3440 -1.2961616168498606
3441 3441 -0.3629250252368754
3454 3454 -2.7907491038679817
3455 3455 -1.5478583514501452
3456 3456 -1.4521486905347212
3469 3469 2.322281700061553
3470 3470 1.7824936771532949
3471 3471 3.1007700264197187
3484 3484 0.22492014552056627
3485 3485 2.785965043348515
3486 3486 0.7846103083984088
3499 3499 2.6393496295451406
3500 3500 3.4830210817441216
3501 3501 0.6542633333703831
3514 3514 -1.2311522800212034
3515 3515 -2.3445066752984385
3516 3516 -3.5415179868020275
3529 3529 -1.0630099401576931
3530 3530 0.4466257381943253
3531 3531 -2.0863504342659214
3544 3544 2.412966009809969
3545 3545 3.645423665994805
3546 3546 3.9237604470465524
3559 3559 -1.189722956868132
3560 3560 0.1618279693603668
3561 3561 0.07520274762868073
3574 3574 2.7296289511105654
3575 3575 1.8097178885163556
3576 3576 2.714132913367913
3589 3589 -2.8141685453835352
3590 3590 -2.6393578016798456
3591 3591 -0.9493347217409749
3604 3604 -0.4084819032345015
3605 3605 -0.8444524027777662
3606 3606 -1.1247153813001143
3619 3619 -3.7813152548964286
3620 3620 2.7828058565159797
3621 3621 -2.844593149946438
3634 3634 3.8575789912266396
3635 3635 2.4484133970845505
3636 3636 -1.969279029312312
3649 3649 3.4588264630729153
3650 3650 1.4659458886009613
3651 3651 -2.700839745987026
3664 3664 1.7738321769708616
3665 3665 1.500530777296209
3666 3666 -2.689673832867638
3679 3679 -1.6749159215039606
3680 3680 -0.677577579906445
3681 3681 -3.294115193592792
3694 3694 -3.9499318115188444
3695 3695 -3.337278242988149
3696 3696 -1.2783893429344513
3709 3709 -0.6540700547244
3710 3710 3.7117425303831775
3711 3711 1.2170968252336758
3724 3724 0.577247746936739
3725 3725 1.3627856590447296
3726 3726 0.6858447344826653
3739 3739 3.431676429906794
3740 3740 2.0658596879632904
3741 3741 1.4089085770522205
3754 3754 -3.44890015793853
3755 3755 3.945253768129553
3756 3756 -3.7480666140572563
3769 3769 -3.240797938043685
3770 3770 -3.1063361128055726
3771 3771 0.6300947022509682
3784 3784 -0.17976168781276147
3785 3785 1.9936659209161753
3786 3786 2.7435112311030867
3799 3799 1.8479233512608628
3800 3800 2.249907759452153
3801 3801 -0.8661837712906104
3814 3814 -3.302000140375008
3815 3815 -0.31843695067252753
3816 3816 2.288212684989454
3829 3829 3.1212723138731864
3830 3830 -3.767100294852912
3831 3831 2.6209904462550364
3844 3844 -3.64858812302184
3845 3845 -3.557914222515537
3846 3846 -2.1208171947708045
3859 3859 0.26972870182336006
3860 3860 -0.35704849575083575
3861 3861 2.640422899496013
3874 3874 -2.1260497920622976
3875 3875 -0.8716924416380794
3876 3876 -2.7930881895485253
3889 3889 3.5821548575504014
3890 3890 0.05189870427317089
3891 3891 2.9283998718378283
603 604 0.9289235637510456
603 618 0.06888311560767302
603 3484 -0.0763863703994101
603 3499 0.5862027033509938
603 3514 0.8224664701079516
603 3529 -0.3284816282155252
604 605 -0.11311073167627916
604 619 -0.6567472257296574
604 3664 0.25517169586311894
604 3679 0.6351564328286754
604 3694 0.6065318226069578
604 3709 0.9047626761180838
605 620 0.6928898743982814
605 3844 0.29058304317076455
605 3859 -0.8907807837449755
605 3874 0.14588732840715024
605 3889 -0.9198430665640136
618 619 -0.7717776070202207
618 3484 -0.26968339475834346
618 3499 -0.14714369038254604
618 3514 0.7878836779139549
618 3529 0.9441852937751267
619 620 -0.2699926258022314
619 3664 -0.5435949007945051
619 3679 0.53029877579526
619 3694 -0.015961393468472584
619 3709 0.6694882268116766
620 3844 0.27356980202801107
620 3859 -0.2686845604751109
620 3874 -0.591468803984377
620 3889 0.9822293738767041
633 634 -0.20240409823368588
633 648 0.35512356173332194
633 3424 -0.29719141898594414
633 3439 -0.3275348198046788
633 3454 -0.4782528819343599
633 3469 0.8712958524523053
633 3484 0.672256496530226
633 3499 -0.5549056438206463
633 3514 -0.20202877325049706
633 3529 0.7010733997501817
634 635 0.6717650524307386
634 649 -0.01374620547751837
634 3604 0.40128026028341646
634 3619 -0.8977770439320238
634 3634 0.41382040186405145
634 3649 -0.25998715290563634
634 3664 -0.9984789307340061
634 3679 0.16981929685049102
634 3694 0.9934563032798986
634 3709 0.6823256846022947
635 650 -0.3538015642194978
635 3784 -0.6183054194803794
635 3799 0.07917045734743677
635 3814 -0.1457161158029554
635 3829 -0.40845421796678294
635 3844 0.9240056964835537
635 3859 -0.18059369486193178
635 3874 0.44079638398737786
635 3889 -0.7755235411835499
648 649 -0.1732564982574445
648 3424 -0.522286024825962
648 3439 -0.5472121414632187
648 3454 -0.5171589245542365
648 3469 -0.572803642170888
648 3484 0.511909576098551
648 3499 0.4460875650517804
648 3514 0.6347207520554681
648 3529 0.41553842806245345
649 650 -0.35077876476815617
649 3604 -0.849187469386796
649 3619 0.3012324651133691
649 3634 -0.0306173616206451
649 3649 -0.6736215871630604
649 3664 -0.6401958896118509
649 3679 0.6640064016214795
649 3694 -0.36893694001050226
649 3709 0.5720555600357953
650 3784 0.9433747745592915
650 3799 0.7645647524755397
650 3814 -0.5851707821864935
650 3829 -0.9928104803896811
650 3844 -0.9485528060915278
650 3859 0.6413940163456304
650 3874 0.14949677957377205
650 3889 0.8449354914455387
663 664 0.6913254653575911
663 678 0.9707568690429964
663 3424 -0.534163364338563
663 3439 -0.3912616679005583
663 3454 -0.9654601867880424
663 3469 -0.01629813199620833
663 3484 -0.20425392533019915
663 3499 -0.7555973928595132
664 665 -0.9757482613033259
664 679 -0.9415972053687967
664 3604 -0.5335361091733266
664 3619 -0.7629960578058654
664 3634 0.19327499205004273
664 3649 0.5790366044446926
664 3664 0.28815330250899485
664 3679 -0.658381428289587
664 3514 0.26646274707171824
664 3529 0.6142260268555917
665 680 0.9502459064159097
665 3784 -0.6313978714671289
665 3799 -0.5514370893455507
665 3814 0.6504071621631444
665 3829 -0.7728978380423956
665 3844 0.8849949995325337
665 3859 0.8878805069317612
665 3694 -0.09035193751336856
665 3709 0.8546735848931526
678 679 0.12464711025515962
678 3424 -0.6857387561875898
678 3439 0.635780741546365
678 3454 0.43684701061362596
678 3469 -0.6559705828563045
678 3484 -0.7418561956347074
678 3499 -0.31293920315318347
679 680 -0.27047771327971204
679 3604 -0.27353019355703667
679 3619 -0.7148504248311178
679 3634 -0.4168991470961714
679 3649 -0.20765419267964424
679 3664 0.4905973998270081
679 3679 -0.2736907290910686
679 3514 -0.5755776197683959
679 3529 -0.2816458070477261
680 3784 -0.15103690018309757
680 3799 -0.18539673990991656
680 3814 0.37965742935026925
680 3829 0.962865134322169
680 3844 -0.2462960847700011
680 3859 -0.6007922416950959
680 3694 0.5971418863570626
680 3709 -0.4902852925273524
693 694 -0.9314219735818656
693 708 -0.5529255764181604
693 3424 0.6217150665377162
693 3439 0.5554869760227776
693 3454 -0.7164096214770601
693 3469 0.1522377676888711
693 3484 -0.269329890555005
693 3499 -0.5155149232172405
693 3364 0.9793417832214129
693 3379 -0.700639947845497
693 3394 0.5395557566560427
693 3409 0.732549131709473
694 695 0.1955006277126281
694 709 -0.8826600184627902
694 3604 -0.6457552189829037
694 3619 -0.6756081185666778
694 3634 0.39378761357485437
694 3649 0.5923242313965065
694 3664 0.8026699460115294
694 3679 -0.9658895027841141
694 3514 -0.5635361699361845
694 3529 -0.5095822618957779
694 3544 0.9247286751196995
694 3559 0.3651990747459124
694 3574 0.5945208597219576
694 3589 -0.9744324823628667
695 710 -0.40625025391305836
695 3784 -0.15312021938958886
695 3799 0.5012780393395868
695 3814 -0.9842164311624781
695 3829 -0.9533961714751826
695 3844 -0.5880776955269331
695 3859 -0.6974082652914759
695 3694 0.32130198638846585
695 3709 0.6273178766192082
695 3724 0.6915728643944739
695 3739 0.0882101721912314
695 3754 0.45966205044907205
695 3769 -0.9192172548065469
708 709 -0.3864805810751242
708 3424 0.9062790760320953
708 3439 0.010260466649301136
708 3454 -0.3186920715360477
708 3469 -0.7102886300087936
708 3484 -0.6257816935905887
708 3499 -0.6740790134451511
708 3364 -0.8918578802655266
708 3379 0.47638760918813094
708 3394 0.10229792051382502
708 3409 0.197286149378878
709 710 0.4278441110011111
709 3604 0.9271422930302815
709 3619 0.16572823296485661
709 3634 0.9425903011257395
709 3649 -0.7039949927882361
709 3664 0.46809993458082144
709 3679 -0.19120698302363492
709 3514 0.6083510496335096
709 3529 -0.7932222953019021
709 3544 -0.127454912034771
709 3559 -0.04388802185766871
709 3574 -0.17650669462758128
709 3589 0.9126594726373796
710 3784 -0.2942598067224451
710 3799 0.6608089192491426
710 3814 -0.7584329765390823
710 3829 0.5928805954413303
710 3844 0.8994143150134635
710 3859 0.6819209208360129
710 3694 -0.6877632940539595
710 3709 -0.3639062878042889
710 3724 0.34812299974634
710 3739 -0.2066881437869874
710 3754 0.8155114917540276
710 3769 0.8900571978163392
723 724 0.7755169120893213
723 738 -0.6556550972155428
723 3424 0.4817156819632227
723 3439 0.0057357309660339695
723 3364 -0.5871563677821663
723 3379 -0.035125315333984775
723 3394 -0.6682244521587961
723 3409 -0.2066683935109903
724 725 0.22400121859418753
724 739 0.9894635448812419
724 3604 -0.1722684411796136
724 3619 0.08518180965687328
724 3454 0.5051312874091995
724 3469 0.28576359002498686
724 3484 -0.14488028220578286
724 3499 0.5251532295205537
724 3514 0.7835628794314262
724 3529 0.03872369806766374
724 3544 0.3499492922325145
724 3559 -0.10240880608631553
724 3574 0.16571487567473842
724 3589 0.9377057157171536
725 740 -0.4579365528174344
725 3784 0.4299670434799181
725 3799 0.6189116795081095
725 3634 -0.5406225618082436
725 3649 0.21292974348979055
725 3664 -0.028707436331442793
725 3679 0.4797418299717138
725 3694 -0.37099298886033605
725 3709 0.8514673404471422
725 3724 0.5856455358932777
725 3739 0.9399991008163842
725 3754 0.061062281839114885
725 3769 -0.8699829416430511
738 739 0.8712391485991426
738 3424 -0.6576401265713998
738 3439 0.7184359263877951
738 3364 -0.13165623448963504
738 3379 -0.637730261433179
738 3394 0.8701559236499534
738 3409 -0.19003834731371172
739 740 -0.8574516111890345
739 3604 -0.8817241210547513
739 3619 0.384180930242066
739 3454 -0.785137559623655
739 3469 -0.4324538664916968
739 3484 0.49988863203499445
739 3499 0.07522351011049633
739 3514 -0.640550005164598
739 3529 -0.656508627166908
739 3544 -0.8397991764844761
739 3559 -0.23737697961895887
739 3574 0.7070110481020397
739 3589 0.9027964326185682
740 3784 0.07867091860661168
740 3799 0.950430948005359
740 3634 0.682328811884426
740 3649 -0.9534882302510037
740 3664 0.16675544831388978
740 3679 0.07299389182217197
740 3694 0.7588052452474798
740 3709 -0.8135293856303398
740 3724 0.7820769144695057
740 3739 0.09577577743591137
740 3754 -0.39894975664021715
740 3769 -0.3698370406427878
753 754 -0.4264835726335987
753 768 0.32850270577726115
753 3424 0.11393910578486999
753 3439 -0.06400189957491342
753 3364 0.2510072739831064
753 3379 -0.10583931632543964
753 3394 0.4957475136985232
753 3409 -0.3896612700935227
754 755 -0.8888790904354407
754 769 0.354424502163045
754 3604 0.903612322349419
754 3619 -0.7952790561068381
754 3454 -0.9237926339175067
754 3469 0.6863854614248672
754 3485 0.2992146030061602
754 3500 0.32047308714765177
754 3515 -0.6881451459561061
754 3530 0.08785608857638216
754 3544 0.794716148544528
754 3559 -0.3716589692161225
754 3574 -0.7426751457949026
754 3589 -0.2688383666908274
755 770 -0.9500624787881846
755 3784 -0.40517470980748405
755 3799 0.7321065999736271
755 3634 -0.23662617934143815
755 3649 0.17989412866299004
755 3665 -0.6653850467574374
755 3680 -0.5570773122548043
755 3695 0.8676882640048649
755 3710 0.06134405160842471
755 3724 -0.9293440941987079
755 3739 0.4612126981134641
755 3754 0.545645457289321
755 3769 -0.18170439549890682
768 769 -0.7593895006106133
768 3424 -0.19683667160807494
768 3439 0.6906257464182755
768 3364 0.9713341102746498
768 3379 -0.5619360465301626
768 3394 0.9200198627516387
768 3409 -0.39698688847861585
769 770 0.9949602030052311
769 3604 0.42984629895701976
769 3619 -0.8331992972535398
769 3454 0.41834488097321976
769 3469 0.7660945672328581
769 3485 0.9287705705745546
769 3500 0.22620702925623326
769 3515 -0.990226906616916
769 3530 -0.44574670030503283
769 3544 0.18950760632972252
769 3559 0.5185570275144478
769 3574 -0.9131559829625286
769 3589 0.77552442613169
770 3784 -0.4042340472505592
770 3799 -0.5741270173972866
770 3634 -0.948331469584238
770 3649 0.33829171920029744
770 3665 -0.0709210632306112
770 3680 0.19844176819995663
770 3695 -0.8625243767080555
770 3710 -0.6331423344678861
770 3724 -0.26386517036171453
770 3739 -0.029435602075533307
770 3754 0.23255174425916691
770 3769 0.35650124194061816
783 784 0.23243191459380275
783 798 -0.1314920289139414
783 3424 -0.5253041338746658
783 3439 -0.5800308614783085
783 3454 0.6575418613693516
783 3469 0.4175593844356702
783 3485 -0.46778659690590696
783 3500 0.6151688006143905
783 3515 0.9194863621863913
783 3530 0.09669402394379856
783 3544 0.7538584951540102
783 3559 0.20513855446810103
783 3394 0.08267746072971294
783 3409 -0.3145304064991188
784 785 -0.12990246067308964
784 799 0.5601859670270759
784 3604 -0.11151615676762616
784 3619 0.4932590748508481
784 3634 0.13490828158022672
784 3649 0.12855278362802314
784 3665 0.9309636754734483
784 3680 -0.38268435522106725
784 3695 0.9037824329713187
784 3710 0.9987041820672657
784 3724 -0.04788385999068767
784 3739 0.3705622627260119
784 3574 0.14407685335715614
784 3589 0.3390366660295523
785 800 0.737299835889961
785 3784 0.20238642311649468
785 3799 0.6415128015527454
785 3814 -0.1537522185086846
785 3829 0.39795530776274957
785 3845 0.26450433570070375
785 3860 -0.8858494542136883
785 3875 -0.5341031090606192
785 3890 0.41922910229833565
785 3754 0.3154933938292346
785 3769 0.8215671248629093
798 799 0.20095943072544586
798 3424 -0.6041343724352277
798 3439 -0.8999305259554207
798 3454 0.9854163548502055
798 3469 -0.45316564022892813
798 3485 -0.8184113791515717
798 3500 0.13915728809545258
798 3515 -0.02087014483122096
798 3530 -0.5720523745677524
798 3544 -0.23274147920954036
798 3559 -0.8336406248756492
798 3394 0.29025557056084583
798 3409 -0.6009114037500343
799 800 -0.5217202198521236
799 3604 -0.6750226690453154
799 3619 0.3228290856741258
799 3634 -0.39374096543667947
799 3649 -0.533907922096341
799 3665 0.6674063715284999
799 3680 0.5561338512898335
799 3695 0.049248946510209723
799 3710 -0.5474611301426282
799 3724 0.13237798102999387
799 3739 0.2033662607966138
799 3574 0.11104577374483626
799 3589 -0.6831824200974292
800 3784 0.19150260888829074
800 3799 -0.953777945868141
800 3814 0.41882576809567174
800 3829 -0.6437361193995008
800 3845 -0.7178859747489168
800 3860 -0.03270963454642306
800 3875 -0.6738844471345427
800 3890 -0.8553130429528437
800 3754 0.6026210001278867
800 3769 0.044845462025156824
813 814 -0.5882004356224688
813 828 0.014968486301505601
813 3425 -0.6785252887609463
813 3440 0.17154394395046957
813 3455 0.2659186983440256
813 3470 0.7697932487047361
813 3485 -0.9514953977866938
813 3500 -0.17711013674423826
813 3515 0.9279469095655317
813 3530 -0.9041837221258069
813 3544 -0.7998398229360073
813 3559 0.06085764234596769
813 3394 0.323231535986666
813 3409 0.5242059598368409
814 815 0.7594658962589869
814 829 -0.35049796399801303
814 3605 -0.5213322299452177
814 3620 -0.13200715439733823
814 3635 -0.3104298810184942
814 3650 -0.46546987102453796
814 3665 0.7453437423306328
814 3680 -0.6765980508317944
814 3695 0.8853867077998425
814 3710 0.5038258267535469
814 3724 0.5656143949519037
814 3739 -0.5106323379809798
814 3574 -0.7244068435883237
814 3589 -0.2636089559379218
815 830 0.6439361131780916
815 3785 0.7805255685870136
815 3800 0.674525308692294
815 3815 -0.44621727980330084
815 3830 -0.9576865690127792
815 3845 -0.30294162053142704
815 3860 0.3665401787790601
815 3875 0.5182262277138725
815 3890 -0.41072985850706667
815 3754 -0.9825075081044128
815 3769 0.3323160024555558
828 829 -0.4599319132530524
828 3425 0.06064643533269476
828 3440 0.25053149168895983
828 3455 0.6078815637580732
828 3470 -0.9042958030578252
828 3485 -0.6295334536525241
828 3500 -0.24375940796276718
828 3515 0.6654182054118629
828 3530 0.8681175970329442
828 3544 0.4422704270946778
828 3559 -0.6136103092623011
828 3394 0.580948525847067
828 3409 0.7715144367796589
829 830 0.9846979145368895
829 3605 -0.9825286683557608
829 3620 -0.6941191760803125
829 3635 0.8310058098249935
829 3650 -0.3613114001984974
829 3665 -0.5448129067163991
829 3680 0.9377961720938965
829 3695 -0.7771969687958824
829 3710 -0.6436418671201394
829 3724 0.07725082062182831
829 3739 -0.009662642073307914
829 3574 -0.07662182437489662
829 3589 0.3367725257576659
830 3785 -0.8201663018210597
830 3800 0.056362107927427685
830 3815 -0.636374107964355
830 3830 0.5906699109561042
830 3845 -0.14249577359739507
830 3860 0.45846810088996337
830 3875 -0.9618501801769108
830 3890 0.2333688647080494
830 3754 0.658122204712243
830 3769 -0.7415150611625918
843 844 0.015531385501502681
843 858 0.12309222219095095
843 3425 0.5719086415245465
843 3440 -0.02113023660271174
843 3455 -0.2670224634253482
843 3470 0.3702257342640656
843 3485 0.8034036052354856
843 3500 0.95258271621973
843 3364 0.9409697492551454
843 3379 0.4768705034702658
843 3394 0.3739800032978522
843 3409 0.6221249898502725
844 845 -0.13505279732879094
844 859 -0.10881711180020104
844 3605 -0.41779166417391567
844 3620 -0.34959947326963947
844 3635 0.07791088232097998
844 3650 -0.09204343623413425
844 3665 -0.7416927531698534
844 3680 -0.34504085852993116
844 3515 0.9610565693958815
844 3530 -0.15435290552843384
844 3544 -0.34449718911045735
844 3559 0.3782171156874812
844 3574 -0.3183490156158464
844 3589 0.9446200806150191
845 860 0.37013004208537326
845 3785 -0.7565454481784595
845 3800 -0.08495080689328005
845 3815 0.0879068476646514
845 3830 0.23120805776406006
845 3845 -0.3391401240073706
845 3860 0.4056936718228503
845 3695 -0.05595305562978781
845 3710 -0.7617335118158621
845 3724 0.23130607921002855
845 3739 -0.5152186527070302
845 3754 0.9150715307338755
845 3769 -0.4883958519322389
858 859 -0.07951264550104176
858 3425 -0.8892355440869317
858 3440 -0.15427450549223143
858 3455 0.6207226138614454
858 3470 -0.6148379785768134
858 3485 0.16127922791297844
858 3500 0.06901442435353689
858 3364 -0.06745767604376329
858 3379 -0.10952581745322565
858 3394 0.32399678671305465
858 3409 0.14295578002360898
859 860 -0.8146794000923139
859 3605 0.015326498425052737
859 3620 -0.6234035311184505
859 3635 -0.3665607635114658
859 3650 0.5520710089765108
859 3665 -0.8234583499469528
859 3680 0.41492493900435723
859 3515 0.1670228434480978
859 3530 -0.17137292520498315
859 3544 0.3125048614732979
859 3559 0.9228522097671124
859 3574 -0.17083072186846726
859 3589 -0.9461682845376649
860 3785 -0.19554316123438453
860 3800 0.150246065584571
860 3815 -0.2536032203596501
860 3830 0.7568009532049915
860 3845 -0.1951249214158579
860 3860 -0.3569819165654513
860 3695 -0.2096988902409993
860 3710 0.12228783649596897
860 3724 0.9795101509401105
860 3739 -0.49085751591214577
860 3754 -0.13244112835247912
860 3769 -0.39757567456254317
873 874 -0.6127505318879705
873 888 0.3837009551868793
873 3425 0.1583657102005427
873 3440 -0.6053780239702544
873 3455 -0.9514084969929433
873 3470 -0.991641345245009
873 3485 -0.14840404749699188
873 3500 -0.17523707272974032
873 3365 -0.8976455377244006
873 3380 0.5886549228372282
873 3395 -0.9378941784932784
873 3410 -0.5197876049809604
874 875 -0.7460317182092828
874 889 0.48322289858762435
874 3605 -0.8973997411551013
874 3620 -0.35676638611836053
874 3635 0.22473787857556204
874 3650 -0.7989464845676602
874 3665 -0.11917313112320427
874 3680 0.8232834446207
874 3515 -0.7619008650578396
874 3530 0.6389186709763999
874 3545 -0.7526721298612744
874 3560 0.24812222915029558
874 3575 -0.38811191431654013
874 3590 -0.07190523304899687
875 890 -0.47195277264842583
875 3785 0.2249301914918982
875 3800 0.2401426167100793
875 3815 -0.8779751293314308
875 3830 0.5979538802743951
875 3845 -0.964949900154227
875 3860 0.20483806655033732
875 3695 0.46744034405479207
875 3710 -0.6547550365595893
875 3725 -0.3502005101118131
875 3740 0.031304366653212234
875 3755 0.45684572515972466
875 3770 -0.44141947067001763
888 889 0.7934367037408432
888 3425 -0.03508995032371143
888 3440 -0.6923437184932117
888 3455 -0.12358570309861028
888 3470 0.054657842107074917
888 3485 -0.7877080893331583
888 3500 -0.679013010965398
888 3365 0.39280015598377127
888 3380 0.7675557698410833
888 3395 -0.04340410870857925
888 3410 0.3188360075189203
889 890 -0.023143164540536
889 3605 -0.3229608637351764
889 3620 0.6780908203353231
889 3635 0.5037986343649545
889 3650 0.5016779728063576
889 3665 0.670549082430721
889 3680 0.25936491723652977
889 3515 0.9658397198952884
889 3530 0.44600886109590543
889 3545 -0.3025266364534107
889 3560 -0.9579915241597201
889 3575 0.6766213541416233
889 3590 -0.9075345041047278
890 3785 0.38487405073130465
890 3800 0.11667339625431605
890 3815 -0.5067812101114086
890 3830 0.7798395990209379
890 3845 -0.04933280677002472
890 3860 -0.48303415595393173
890 3695 -0.4665983298110128
890 3710 0.2793466344485951
890 3725 0.7499160106797884
890 3740 -0.29081354327358167
890 3755 -0.33273427069872064
890 3770 -0.14431898370258178
903 904 0.020101444299387428
903 918 0.11335500883108507
903 3425 0.9328198255922324
903 3440 0.04739691973839255
903 3365 -0.08433555214981481
903 3380 -0.860727462830621
903 3395 0.1833890689303046
903 3410 0.6291357092414196
904 905 0.13678447635840651
904 919 0.3929398536970945
904 3605 -0.26707943611688467
904 3620 0.7764569554065788
904 3455 0.6724165874048145
904 3470 0.20729921977484267
904 3485 0.19680867334810426
904 3500 -0.6214936433330418
904 3515 -0.028085001267501353
904 3530 -0.9385128812036436
904 3545 0.16954998417758915
904 3560 -0.917959639391863
904 3575 0.12519004596035566
904 3590 -0.500528967140955
905 920 0.7237382920802453
905 3785 -0.5943334730273984
905 3800 0.501928549313504
905 3635 0.33100736660688335
905 3650 0.8072763232159113
905 3665 -0.6819968715276492
905 3680 0.08258492716419097
905 3695 0.5765148809067369
905 3710 -0.6745506208690228
905 3725 -0.7822199377910692
905 3740 -0.1124014160014839
905 3755 0.5728058029477006
905 3770 0.6820356224111779
918 919 0.8668689933525899
918 3425 0.05812483062822915
918 3440 0.4652346725353089
918 3365 -0.9965009917196062
918 3380 0.44609351663884644
918 3395 0.21490311953531038
918 3410 0.4968447972410004
919 920 -0.06223328608299594
919 3605 -0.43339355310596317
919 3620 0.7527297385377556
919 3455 -0.29697375147713756
919 3470 0.6789101189186881
919 3485 0.3395499863566678
919 3500 -0.23499570405680736
919 3515 -0.9274606816422346
919 3530 -0.5359249813514559
919 3545 -0.8008568055458771
919 3560 0.7128188318909705
919 3575 0.6027872363118914
919 3590 0.10089788343471007
920 3785 0.22989073368985813
920 3800 0.1626050956481171
920 3635 0.8168124216532842
920 3650 0.9292465841346305
920 3665 -0.5539628010078506
920 3680 0.22670610759404286
920 3695 -0.1413970075766544
920 3710 -0.31808430321657877
920 3725 -0.0198941493360707
920 3740 0.7815508304491678
920 3755 0.4855109602636565
920 3770 -0.776284837372003
933 934 -0.3879474967227605
933 948 0.5972254998152684
933 3425 0.9895631059922032
933 3440 -0.9060623709520186
933 3365 0.2970035114219143
933 3380 -0.43341697008445457
933 3395 -0.7013088925303823
933 3410 0.5821402552740347
934 935 0.03439691300309344
934 949 -0.43598613209302384
934 3605 -0.8358991145414849
934 3620 -0.6491377881059295
934 3455 0.04869781690103947
934 3470 0.21333801705644917
934 3486 -0.12047692200074911
934 3501 0.6664545011682845
934 3516 0.7275554099547021
934 3531 0.5508114773376531
934 3545 0.6973809534059421
934 3560 -0.8455309896874375
934 3575 0.42267268133017843
934 3590 0.6591320669124991
935 950 -0.10961319999308516
935 3785 0.9924522313954707
935 3800 -0.00227055389048636
935 3635 0.5972895058840428
935 3650 0.43544559042928954
935 3666 -0.028173201191648678
935 3681 -0.7103882098269985
935 3696 -0.47639641469768645
935 3711 0.279160349578369
935 3725 0.9275103906451554
935 3740 0.027294306876950225
935 3755 0.2930506993677058
935 3770 0.4887698520573529
948 949 -0.8424309771171623
948 3425 -0.17318954291209554
948 3440 -0.3753119797179145
948 3365 0.3426000949635364
948 3380 0.2606044827261811
948 3395 0.8336288654135946
948 3410 0.7227295023364124
949 950 -0.2053253399026187
949 3605 0.35687401396345364
949 3620 -0.8484060850524093
949 3455 0.2508841544895486
949 3470 -0.677216054752662
949 3486 0.5491370035178584
949 3501 -0.5440647799375942
949 3516 0.7748956127101221
949 3531 -0.545922777739924
949 3545 -0.8963916113983421
949 3560 0.3228929049657274
949 3575 -0.01709693066539475
949 3590 -0.922381416598685
950 3785 0.46412576537786143
950 3800 0.544908777133269
950 3635 0.9499218696213056
950 3650 0.582513839575048
950 3666 -0.5078699904124704
950 3681 0.03266436581433818
950 3696 -0.4555258100961981
950 3711 0.2618320671258114
950 3725 -0.3731650169421199
950 3740 -0.677903774876921
950 3755 -0.873320021492854
950 3770 0.6299804455576263
963 964 -0.41562076504337986
963 978 0.8331763076834751
963 3425 -0.6830697503488121
963 3440 0.14951656937820723
963 3455 -0.7274619955173485
963 3470 -0.45185704363757573
963 3486 -0.8137812179687498
963 3501 0.8211838502439526
963 3516 -0.4882169405731718
963 3531 0.08142346821229585
963 3545 -0.3400568365551968
963 3560 -0.8915637493257285
963 3395 -0.6182164053412225
963 3410 -0.5084360775691552
964 965 0.34752037792460255
964 979 -0.4117564776466749
964 3605 0.6526862432597489
964 3620 -0.9449354008018915
964 3635 -0.08744485560544213
964 3650 0.1458862039970692
964 3666 0.44062958844228284
964 3681 0.8391918153544093
964 3696 0.34087797784143925
964 3711 -0.7783877105319577
964 3725 -0.666858782978444
964 3740 -0.5405908110137074
964 3575 -0.33587018546877734
964 3590 0.48119256030187185
965 980 0.09018116311977531
965 3785 0.8999574772543368
965 3800 -0.023025308579144976
965 3815 0.24775866147945558
965 3830 0.6939812990664775
965 3846 0.5172517386916733
965 3861 0.09891239606182722
965 3876 -0.5337279716880137
965 3891 0.790696987349712
965 3755 0.5892998661384701
965 3770 -0.02909479454212116
978 979 -0.07823564307173414
978 3425 -0.9388825327165484
978 3440 0.42169541318771464
978 3455 -0.3973035265434304
978 3470 -0.3958631325450832
978 3486 -0.5506237288764313
978 3501 0.14307070716001813
978 3516 -0.4237915006888784
978 3531 -0.22754222116499911
978 3545 0.8658986453837698
978 3560 -0.011522727067038607
978 3395 0.008445167162227651
978 3410 -0.8710905802350108
979 980 0.26267147179133454
979 3605 -0.996918079558365
979 3620 -0.8391991382734849
979 3635 0.07239525595943364
979 3650 0.7354136272139948
979 3666 -0.7489979625959651
979 3681 -0.350814063738875
979 3696 -0.4466724739394303
979 3711 -0.3105944766897375
979 3725 -0.3803720442646066
979 3740 -0.355403448421969
979 3575 0.6961132154269651
979 3590 -0.5996097393859818
980 3785 0.9863403580252215
980 3800 -0.4620358517459311
980 3815 -0.43934979296716925
980 3830 -0.8146949618542074
980 3846 -0.9753609447134264
980 3861 0.2797982596202111
980 3876 -0.7578682947217397
980 3891 0.4243477345294986
980 3755 0.592823132044169
980 3770 0.8845601851374847
993 994 -0.5312825449476046
993 1008 0.290863831383527
993 3426 0.9788352178106576
993 3441 -0.9155849499233002
993 3456 0.7973437719924881
993 3471 -0.6856887535551413
993 3486 0.8268332817577717
993 3501 0.9959066827429861
993 3516 0.8166629815444937
993 3531 0.23362225656383773
993 3545 0.6690063075563584
993 3560 -0.24014118947776475
993 3395 -0.6344498640011702
993 3410 0.057667664898102045
994 995 0.1446003363290762
994 1009 -0.5841242244287403
994 3606 -0.8628491468359778
994 3621 0.2717120927600494
994 3636 0.4893225668702863
994 3651 0.38706350176803794
994 3666 0.4970811077349182
994 3681 -0.6844247055188981
994 3696 -0.6254223266604981
994 3711 -0.4869225634457599
994 3725 0.8544335347924188
994 3740 -0.3670579416762012
994 3575 -0.4399046069544088
994 3590 0.07690553512036491
995 1010 0.027546575320085864
995 3786 0.016499536306625373
995 3801 -0.5221923687403369
995 3816 0.09609322320875213
995 3831 0.11845659818415832
995 3846 0.12995145250647444
995 3861 0.11031324741619586
995 3876 0.4671996504348921
995 3891 -0.0346546103028047
995 3755 0.7163047098884012
995 3770 -0.49656943272457355
1008 1009 0.6905217706099618
1008 3426 0.9719119502553166
1008 3441 -0.6857107452710043
1008 3456 0.17463656357941493
1008 3471 0.03306503585660714
1008 3486 -0.10893812296097027
1008 3501 -0.4780615907187462
1008 3516 -0.3058071147055137
1008 3531 -0.45022959361351256
1008 3545 -0.2863114553970416
1008 3560 0.524166126292906
1008 3395 0.17152655626216484
1008 3410 0.9918485597625015
1009 1010 -0.8468380650436167
1009 3606 -0.15153916915671894
1009 3621 0.19261785987359858
1009 3636 -0.5587059963614667
1009 3651 -0.6894314250683329
1009 3666 -0.3927450086598816
1009 3681 -0.1619999811977677
1009 3696 -0.06473404443065012
1009 3711 -0.09941283521556654
1009 3725 -0.2447676863984185
1009 3740 0.773159859557538
1009 3575 0.11041412094754066
1009 3590 0.7071586048858378
1010 3786 0.42617874580819604
1010 3801 0.3655578970835347
1010 3816 0.07963843336537013
1010 3831 -0.29152351745753435
1010 3846 -0.3087928763064618
1010 3861 -0.3287648202423086
1010 3876 -0.037532592339485804
1010 3891 -0.48337174381755843
1010 3755 0.9286663749579236
1010 3770 0.6303308069038251
1023 1024 -0.7314382191232471
1023 1038 -0.25304971053841085
1023 3426 0.9132908217539557
1023 3441 -0.8738774380200416
1023 3456 0.5402868934298941
1023 3471 -0.8189640851815063
1023 3486 -0.6500135587873872
1023 3501 -0.7757843247207776
1023 3365 -0.15607234806347825
1023 3380 0.010827508665057772
1023 3395 0.7096248919239392
1023 3410 0.8172283026041913
1024 1025 0.1422751841484604
1024 1039 -0.12802498422276098
1024 3606 0.05677153142745217
1024 3621 -0.796793223848874
1024 3636 -0.05862878898210733
1024 3651 0.5140967768394615
1024 3666 0.6361632894838709
1024 3681 0.38646078643802495
1024 3516 0.9489506604880844
1024 3531 0.36231671749117655
1024 3545 -0.6999157295195308
1024 3560 -0.2006918106944433
1024 3575 -0.33615828483885424
1024 3590 -0.4372188762609104
1025 1040 0.006349061351033969
1025 3786 -0.9932328720184262
1025 3801 -0.6861546734590362
1025 3816 0.28237628693323225
1025 3831 -0.23473422767110197
1025 3846 -0.0009655591558299648
1025 3861 -0.8189894336783279
1025 3696 0.5231359645991043
1025 3711 0.3115502089596911
1025 3725 -0.813589822113338
1025 3740 0.002503580624867663
1025 3755 -0.4580741895114675
1025 3770 0.3146024296543595
1038 1039 -0.8546115847535187
1038 3426 0.21461529895299836
1038 3441 -0.21892901155615396
1038 3456 0.43181849365732816
1038 3471 0.8838317015903794
1038 3486 0.31334819519050683
1038 3501 -0.22543019459479607
1038 3365 0.2447923635814735
1038 3380 0.9387065342067384
1038 3395 -0.3296021310157984
1038 3410 0.16614418648627183
1039 1040 0.21833661163949603
1039 3606 0.6978951019259991
1039 3621 -0.9445361883593368
1039 3636 -0.1995834238210461
1039 3651 0.06387049110764198
1039 3666 -0.5101282405712362
1039 3681 -0.10366582114179956
1039 3516 -0.6394639258122745
1039 3531 0.6860017083546659
1039 3545 -0.1428008045568221
1039 3560 0.09902075673306787
1039 3575 0.19111156718370692
1039 3590 0.4957143334989531
1040 3786 0.09827196084804157
1040 3801 -0.7908898069927415
1040 3816 -0.46566968799587705
1040 3831 0.14675190208823552
1040 3846 -0.6364417827231268
1040 3861 0.3625449841461299
1040 3696 0.678013890472202
1040 3711 -0.7356133402199994
1040 3725 0.6034234007700225
1040 3740 0.9058607365762517
1040 3755 -0.5336178915560414
1040 3770 0.43593910587644613
1053 1054 -0.49749914676265283
1053 1068 0.6699281991906574
1053 3426 -0.41787607867925636
1053 3441 0.38129234513427446
1053 3456 0.6754851015934749
1053 3471 0.8832223560511627
1053 3486 -0.12707721469021194
1053 3501 0.9673474480698181
1053 3366 0.67756410328431
1053 3381 -0.45204978020395625
1053 3396 0.6988001551957141
1053 3411 0.5317047521797171
1054 1055 -0.2642758892003194
1054 1069 0.15185703333289435
1054 3606 0.9459518807634466
1054 3621 0.26108924979173764
1054 3636 -0.3468219050258141
1054 3651 -0.20167521908203123
1054 3666 0.9869220827155523
1054 3681 -0.7811764792997675
1054 3516 -0.5998383414384572
1054 3531 -0.026890167543354604
1054 3546 0.459846579488959
1054 3561 0.46214953583923934
1054 3576 0.05486432060640789
1054 3591 0.8960191762956164
1055 1070 -0.7479906675659267
1055 3786 0.6595443366790448
1055 3801 0.5876570276906812
1055 3816 0.32078943788554204
1055 3831 -0.6265636870754339
1055 3846 0.5296812567785858
1055 3861 0.42435029030620486
1055 3696 -0.7987437417739847
1055 3711 0.8240761309036009
1055 3726 0.8850916854413915
1055 3741 -0.3704200964200166
1055 3756 0.9993424635640067
1055 3771 -0.962462758466601
1068 1069 0.7686827226187458
1068 3426 0.5909250787934075
1068 3441 0.5276233205598264
1068 3456 -0.7127067737617332
1068 3471 0.8076655848539285
1068 3486 -0.8580772497498739
1068 3501 -0.9146206042288767
1068 3366 0.390527046454588
1068 3381 -0.9637366041578581
1068 3396 0.1978762452328564
1068 3411 -0.6556810805768578
1069 1070 0.5699787652303281
1069 3606 0.28179595113434863
1069 3621 -0.9031125499364476
1069 3636 -0.868945920129157
1069 3651 0.28755244198746155
1069 3666 -0.5374013020019892
1069 3681 -0.9545937911256883
1069 3516 -0.2772440212275311
1069 3531 -0.26483649992758385
1069 3546 0.7646899292746507
1069 3561 0.1701924157971133
1069 3576 0.16760966659870324
1069 3591 -0.8816113248034383
1070 3786 0.9601477747809717
1070 3801 -0.11823039678357272
1070 3816 -0.3901700445652778
1070 3831 -0.3761698175667594
1070 3846 0.31944441348806274
1070 3861 -0.7619668097007639
1070 3696 0.36741244796121353
1070 3711 0.8656197087436319
1070 3726 0.32412838370332886
1070 3741 -0.9417591666908798
1070 3756 0.7117783261663155
1070 3771 0.2327334249467201
1083 1084 0.9296101386178208
1083 1098 0.21714715014973018
1083 3426 0.8583489478954816
1083 3441 0.7075104821717666
1083 3366 0.7803062481286693
1083 3381 -0.3920398150112103
1083 3396 -0.23695267353852723
1083 3411 0.2639978095040434
1084 1085 0.5320097651663782
1084 1099 0.5367519313337097
1084 3606 -0.7635692211939176
1084 3621 0.2145998852361113
1084 3456 0.8288209676654894
1084 3471 -0.22743133164953044
1084 3486 0.6966477513766187
1084 3501 0.5835580056190683
1084 3516 -0.9926441591644681
1084 3531 0.04792126541291908
1084 3546 0.6481331260169143
1084 3561 0.6634315697244293
1084 3576 -0.8074517371234691
1084 3591 0.6853754784884547
1085 1100 -0.14799043772664322
1085 3786 -0.23371215782128174
1085 3801 -0.03998906777948763
1085 3636 -0.540824915108858
1085 3651 -0.06598484996192577
1085 3666 0.2926305891314429
1085 3681 0.7775057210625111
1085 3696 -0.8116513288573122
1085 3711 -0.862602183198165
1085 3726 -0.4213543810403746
1085 3741 -0.6241117382976848
1085 3756 -0.4529356703011709
1085 3771 0.2348259602874574
1098 1099 0.6184953841191634
1098 3426 -0.18042358011958815
1098 3441 -0.4978671955529843
1098 3366 0.37681952016198994
1098 3381 -0.5900930818752006
1098 3396 -0.5221082457122663
1098 3411 -0.9054897976984793
1099 1100 0.6459263864675322
1099 3606 0.37894147637227094
1099 3621 0.7250704297599855
1099 3456 -0.22413528439284014
1099 3471 -0.2429583360277099
1099 3486 -0.29776273124141106
1099 3501 0.4629677541006607
1099 3516 0.8298336117394376
1099 3531 -0.573952452013045
1099 3546 0.4986448277380513
1099 3561 -0.4163293485188808
1099 3576 0.32666625318135756
1099 3591 -0.2941815749712082
1100 3786 0.26542889411445425
1100 3801 -0.7138954883626039
1100 3636 -0.10998295856727403
1100 3651 0.8082569923329095
1100 3666 0.11129407735983632
1100 3681 0.3698704918871121
1100 3696 0.30911749811175904
1100 3711 0.43995325768784044
1100 3726 0.2201949457782746
1100 3741 -0.7957764116424164
1100 3756 0.6796931548886935
1100 3771 -0.16865502949656275
1113 1114 0.05513426291931278
1113 1128 -0.528086920943214
1113 3426 0.5666630094084357
1113 3441 0.15921615240208564
1113 3366 -0.38236395969708825
1113 3381 0.39057883279304884
1113 3396 -0.801503586254025
1113 3411 -0.3188422725655784
1114 1115 0.1503444386433992
1114 1129 -0.4253935493843348
1114 3606 0.6852470195643536
1114 3621 0.0905106679887937
1114 3456 0.06460840520852829
1114 3471 0.18570012546900405
1114 3546 -0.26900044646128274
1114 3561 0.07603427332145496
1114 3576 -0.27208039335704837
1114 3591 0.246966689430828
1115 1130 -0.5152503139623617
1115 3786 0.9327588519409526
1115 3801 0.012376318166364753
1115 3636 -0.17550593568520045
1115 3651 -0.8812377366168576
1115 3726 -0.46125360996903453
1115 3741 -0.46224844296200884
1115 3756 0.8267955595634837
1115 3771 0.15476520940094218
1128 1129 0.034078327678416676
1128 3426 0.3933911905073062
1128 3441 0.18639712893511318
1128 3366 0.6400022310367501
1128 3381 -0.32324316055495106
1128 3396 0.7396379887497591
1128 3411 -0.5356066435189581
1129 1130 -0.8040885527965831
1129 3606 0.05448947350669453
1129 3621 0.4832156277267934
1129 3456 0.7428493060357555
1129 3471 -0.4836323220355432
1129 3546 0.9210312999187493
1129 3561 -0.9467209599508377
1129 3576 -0.36480067635490476
1129 3591 -0.7263656197308512
1130 3786 0.9817045539870775
1130 3801 -0.18179723046436713
1130 3636 -0.5492998377446054
1130 3651 0.8799960180792759
1130 3726 -0.8253729727990908
1130 3741 0.8421595970177953
1130 3756 0.26236477358008137
1130 3771 -0.861474866671756
3364 3365 0.23340533883849157
3364 3379 -0.5071465850177539
3365 3366 -0.6428579498239977
3365 3380 0.9471825406239598
3366 3381 0.5935016938212005
3379 3380 0.3991777152072402
3380 3381 0.4533289972284449
3394 3395 0.48401565726583917
3394 3409 0.5994581871006557
3395 3396 0.5379532531981226
3395 3410 -0.7033372682796866
3396 3411 0.9760617480027158
3409 3410 -0.4379420021991629
3410 3411 -0.5771251914201576
3424 3425 -0.61257563031143
3424 3439 -0.6606525900210263
3425 3426 -0.3924347949043687
3425 3440 -0.10615124647953889
3426 3441 0.27356433251338386
3439 3440 -0.6872901333244834
3440 3441 0.43718198773360784
3454 3455 0.8617291373724527
3454 3469 0.3355298892158003
3455 3456 0.8930313807508563
3455 3470 -0.40317468339475004
3456 3471 0.9003357205488229
3469 3470 -0.9911248710540277
3470 3471 0.7151024389881846
3484 3485 0.2615706369849633
3484 3499 -0.34998387466769176
3485 3486 -0.6968843846303043
3485 3500 -0.9020453231105119
3486 3501 -0.33538084285897685
3499 3500 0.029199439837812147
3500 3501 0.9685575949516323
3514 3515 0.12998621880604322
3514 3529 -0.5087801248615109
3515 3516 -0.4090608377387339
3515 3530 0.08023908352234077
3516 3531 0.9098355543763805
3529 3530 -0.7303635687222048
3530 3531 -0.6009593197237288
3544 3545 -0.08332863265720358
3544 3559 0.5447718670044845
3545 3546 -0.7726584387916731
3545 3560 0.15361924808960126
3546 3561 0.9635698992591197
3559 3560 -0.3648491894859991
3560 3561 -0.35731822938495417
3574 3575 -0.6110242683233189
3574 3589 0.9944215671798435
3575 3576 0.791537493816824
3575 3590 0.1791864899324025
3576 3591 0.8441813986727333
3589 3590 0.1130993712223265
3590 3591 -0.47355742550048263
3604 3605 -0.9830333266735201
3604 3619 -0.1477559362737091
3605 3606 -0.06310649776050559
3605 3620 0.2693017276317875
3606 3621 0.3880522187136366
3619 3620 0.9839295332062445
3620 3621 0.8407607812978273
3634 3635 0.9493267236333158
3634 3649 0.762645529667414
3635 3636 -0.7959019659246283
3635 3650 0.7860073629601851
3636 3651 0.8462775476619244
3649 3650 -0.10923783423840483
3650 3651 0.01129688769862236
3664 3665 -0.0479311952137802
3664 3679 -0.2450366641971642
3665 3666 0.22075164374998346
3665 3680 0.24677356451704924
3666 3681 0.28609873809680764
3679 3680 0.5923907358100011
3680 3681 -0.3685386692201922
3694 3695 -0.6393616300198091
3694 3709 0.28916023528240986
3695 3696 0.47946610590642047
3695 3710 -0.9423190912522643
3696 3711 0.4583303053061254
3709 3710 0.08955977449651353
3710 3711 -0.022387644975794263
3724 3725 0.8294553908456026
3724 3739 0.20864004017493065
3725 3726 0.7212688312809787
3725 3740 0.58930505809517
3726 3741 -0.418626603854225
3739 3740 0.20807409006243627
3740 3741 -0.438619833938086
3754 3755 -0.9649150826358754
3754 3769 0.055398255287153475
3755 3756 -0.570812158288643
3755 3770 0.5341301572988104
3756 3771 0.30804279541979573
3769 3770 0.6849075338143049
3770 3771 0.8593550022198062
3784 3785 0.33507067820176295
3784 3799 0.5228708184225836
3785 3786 0.6157106027060246
3785 3800 0.7680184299400632
3786 3801 0.3228734324413023
3799 3800 0.45878892102065394
3800 3801 0.41125403779263325
3814 3815 -0.44745397005173415
3814 3829 -0.978079602574965
3815 3816 -0.5068861159434672
3815 3830 0.5833851127709828
3816 3831 0.6919897114956071
3829 3830 -0.866251357651606
3830 3831 0.3830018366556851
3844 3845 0.9489044386135508
3844 3859 0.15901097141171805
3845 3846 0.12350635954783784
3845 3860 0.910939626154798
3846 3861 -0.8724242929912496
3859 3860 -0.5490530789184238
3860 3861 -0.9409998038976803
3874 3875 0.9281032286912574
3874 3889 -0.5858331392177609
3875 3876 0.4249816566334128
3875 3890 -0.18742627564612313
3876 3891 -0.9119432118119859
3889 3890 0.9930357124110234
3890 3891 0.0725142866070172
