# 
603 603 2.4654007322545715
604 604 1.7721516712917005
605 605 -0.2689498656825453
618 618 0.8345197296851836
619 619 1.3633060417609233
620 620 -1.730249573896577
633 633 3.414643470661175
634 634 2.439391579578226
635 635 -3.6473598875535185
648 648 0.7186538888122307
649 649 -2.852265732824095
650 650 2.012638183213002
663 663 1.705250983397515
664 664 -0.42230809628110055
665 665 3.9891107655859797
678 678 2.8610579799868674
679 679 2.357520408514306
680 680 3.6858163633297707
693 693 -3.8558800359930308
694 694 -0.031719637171230275
695 695 -2.0007223237482705
708 708 2.3984845911842934
709 709 -0.17882163108480764
710 710 -3.9327644428087636
723 723 3.3047115452080797
724 724 -2.300919317626674
725 725 -3.9156841766844774
738 738 -0.13878970513544342
739 739 -1.7932094745641498
740 740 -2.2463586853045756
753 753 -1.7653794861188015
754 754 -3.979734447909421
755 755 1.6872713337508198
768 768 0.5882950525846278
769 769 2.4133888069870677
770 770 2.479747132464305
783 783 -1.2899496785809896
784 784 2.0511569488527623
785 785 -3.476227107842284
798 798 2.2529709613958193
799 799 3.4919328039272823
800 800 1.0849878178816867
813 813 3.0079913521493067
814 814 3.7471382150115558
815 815 -0.9781192514125978
828 828 2.2914247242378103
829 829 3.494528643909349
830 830 -3.130800107123185
843 843 3.6168756214159865
844 844 1.4713438548114013
845 845 -1.6051564922533865
858 858 3.652131740452634
859 859 -1.3950140483821292
860 860 1.6496034560469406
873 873 2.1067966668615874
874 874 -0.7617068292253535
875 875 -0.5330033564645351
888 888 2.939060331865355
889 889 3.0064011214086115
890 890 -2.674157044073505
903 903 1.3621119915375637
904 904 -3.0005124568657635
905 905 -0.4940184244677024
918 918 0.4913757212403773
919 919 -2.3314393151652357
920 920 -1.2497595371645822
933 933 -2.206848871775919
934 934 -3.6524128952418824
935 935 -3.221024505909278
948 948 1.7413502131283733
949 949 1.9525304015711056
950 950 -3.7671378088661784
963 963 3.012337928124749
964 964 -1.036057408233022
965 965 0.09929440083666297
978 978 0.45596399414193023
979 979 3.0454230346341022
980 980 -1.2766208729690023
993 993 2.439528824443432
994 994 1.8577278619051798
995 995 -2.9154783839719967
1008 1008 0.3298406077092846
1009 1009 3.6916336367107103
1010 1010 -3.120834079360484
1023 1023 -3.8728711341472106
1024 1024 0.045253718955577504
1025 1025 -3.3028140300656075
1038 1038 1.1158438423437893
1039 1039 1.0293219180617958
1040 1040 -3.491979405746398
1053 1053 -1.9392671305104887
1054 1054 -1.582687849027561
1055 1055 3.219808501452306
1068 1068 0.7247438849776948
1069 1069 -3.618148118269983
1070 1070 -3.669556650655105
1083 1083 -2.5811749810512996
1084 1084 1.7369795142555216
1085 1085 0.8420593200170243
1098 1098 1.9767792900906915
1099 1099 1.2977402734228853
1100 1100 0.21654412785474442
1113 1113 1.9248004822010598
1114 1114 -2.0107577124272566
1115 1115 -0.8185108460664017
1128 1128 3.2852261411386765
1129 1129 0.6392111371931675
1130 1130 -1.1593743868534334
3364 3364 3.2264475933851005
3365 3365 -3.389842734194965
3366 3366 0.9557966370628144
3379 3379 3.0916883765850214
3380 3380 -0.7033657333907586
3381 3381 -1.9279432343792076
3394 3394 3.19039713229685
3395 3395 -2.0364123253717823
3396 3396 -1.421540973072581
3409 3409 1.8975414676528457
3410 3410 1.845573323196093
3411 3411 3.755949137939165
3424 3424 1.9990141244928976
3425 3425 -1.274859126665632
3426 3426 0.4949245814824641
3439 3439 3.250760286883102
3440 3440 0.430619005724048
3441 3441 2.917084988404178
3454 3454 2.2344230388501316
3455 3455 -0.9323880084112517
3456 3456 1.589134243644331
3469 3469 -1.6744441367702896
3470 3470 1.3164645402058177
3471 3471 -0.6812702533295161
3484 3484 3.7878536398916953
3485 3485 -0.9324644990901554
3486 3486 -3.669481793934507
3499 3499 2.136398316778501
3500 3500 -2.567183947344568
3501 3501 3.042380936452669
3514 3514 2.624981290269278
3515 3515 -2.0103219586696026
3516 3516 -1.03842034924382
3529 3529 -3.768062244415087
3530 3530 -0.46442873726283107
3531 3531 1.9100586354148472
3544 3544 -0.7879462656886398
3545 3545 3.1754843011177885
3546 3546 -0.5123065247986442
3559 3559 -3.682501098683031
3560 3560 -2.856651376161312
3561 3561 -0.9915964182588208
3574 3574 3.0678545655133966
3575 3575 -3.0752425641848635
3576 3576 0.7399411130167719
3589 3589 -3.2404476210863358
3590 3590 -0.004172374175857918
3591 3591 1.8087911683216875
3604 3604 3.227355063817348
3605 3605 -0.8845789774984807
3606 3606 -2.081234908667713
3619 3619 1.5232410448773246
3620 3620 2.8643279708501286
3621 3621 -2.5161426240450755
3634 3634 2.6751089229335054
3635 3635 1.877215162594509
3636 3636 -0.7844906358234196
3649 3649 2.7810206204355
3650 3650 -2.4225326836390364
3651 3651 -1.3002569431514264
3664 3664 -2.8911365757199894
3665 3665 1.3215125981315756
3666 3666 -1.1943001073322321
3679 3679 0.09244377846677487
3680 3680 -1.0490046584574104
3681 3681 3.0603547861550586
3694 3694 3.467520612632014
3695 3695 -3.5477131965920243
3696 3696 2.722736048903374
3709 3709 -2.5999494413899322
3710 3710 2.032363422290243
3711 3711 -1.9874521967035532
3724 3724 -2.500124754161857
3725 3725 1.738701253876581
3726 3726 -3.7937243181407148
3739 3739 -3.743653403945155
3740 3740 0.36946746714216516
3741 3741 3.6229854284398515
3754 3754 -2.2546483054432755
3755 3755 2.897414742270027
3756 3756 1.3432541682825727
3769 3769 -0.19843034816134786
3770 3770 -1.474836270999388
3771 3771 0.6208310780735395
3784 3784 -1.6518166526357234
3785 3785 0.2788806140171882
3786 3786 -0.9365947572412621
3799 3799 3.1433648013653475
3800 3800 1.8001433778249458
3801 3801 1.6288413910059587
3814 3814 0.0198944816398976
3815 3815 1.9930110013597542
3816 3816 -3.517167989360388
3829 3829 -1.257054422285277
3830 3830 1.7130935604538902
3831 3831 -3.504326267012426
3844 3844 0.1635838380731256
3845 3845 -1.4230421045201052
3846 3846 -3.2907210566773895
3859 3859 -2.295696740196062
3860 3860 1.5322377635699729
3861 3861 -0.9889161250125875
3874 3874 -2.7979483922664414
3875 3875 -2.606255298664858
3876 3876 -2.4616598904459455
3889 3889 2.1460438224014773
3890 3890 0.5107175268394037
3891 3891 2.0637224189308725
603 604 0.07623296426287052
603 618 -0.8096080230288485
603 3484 0.7537960616807984
603 3499 0.36633905236904996
603 3514 -0.15387523961964544
603 3529 -0.2517214029004968
604 605 -0.6108375524412355
604 619 0.7773124863917227
604 3664 0.09356771207287884
604 3679 0.7712870716485727
604 3694 -0.9720576417611271
604 3709 0.6425258277476882
605 620 0.27571174949914035
605 3844 -0.40914417845664586
605 3859 -0.6771353499463653
605 3874 -0.26306465325793416
605 3889 -0.002085488178099615
618 619 0.8941151226402269
618 3484 0.8552512756659145
618 3499 0.917234522887368
618 3514 0.08188944886453631
618 3529 -0.7033552211265679
619 620 -0.8465685863552546
619 3664 0.6552220889807556
619 3679 0.49021059737856176
619 3694 -0.7429311639607534
619 3709 -0.35976794290220115
620 3844 -0.8037965348554221
620 3859 0.7958281753225891
620 3874 -0.4710422498838047
620 3889 0.7810424543983161
633 634 -0.1543919031902976
633 648 0.635251076557348
633 3424 -0.45087817400270325
633 3439 -0.9311818893666808
633 3454 0.2164828167243964
633 3469 -0.006366493545938434
633 3484 -0.1982827729664023
633 3499 -0.5461492531107419
633 3514 0.7370776603624403
633 3529 -0.2532400451420991
634 635 0.6601659518604481
634 649 -0.33295324190305475
634 3604 -0.9646623223858559
634 3619 0.7264792942241907
634 3634 0.41081816235541546
634 3649 0.9059383084659394
634 3664 -0.103831854643883
634 3679 -0.5099306575117273
634 3694 0.09921039940585663
634 3709 0.803952317363581
635 650 -0.9945165490259413
635 3784 0.8930473723276622
635 3799 -0.018650628720069173
635 3814 -0.6610525239144243
635 3829 -0.3624543132915874
635 3844 -0.1540059834666352
635 3859 -0.08479042123677982
635 3874 -0.08237780714285758
635 3889 0.800185941907755
648 649 0.8924944652419255
648 3424 0.304795613263092
648 3439 -0.8492624741858368
648 3454 0.9028774725392918
648 3469 -0.9535875319150153
648 3484 0.07592779555089724
648 3499 -0.9989255273487099
648 3514 -0.8487402417849723
648 3529 -0.76205556405881
649 650 -0.3543904866283176
649 3604 0.28538597495338913
649 3619 -0.054494218292709506
649 3634 0.7435875154497045
649 3649 -0.9012155348022388
649 3664 0.9625501119701985
649 3679 -0.5519964993157773
649 3694 0.7950259422909467
649 3709 -0.4895140953069952
650 3784 -0.39680956010325774
650 3799 0.17725775044722436
650 3814 0.7007882935979746
650 3829 -0.19939613565844616
650 3844 -0.6538582053029829
650 3859 -0.5154141323248835
650 3874 0.45473186049839986
650 3889 0.41029955024852605
663 664 0.4920139310625191
663 678 0.38990664943257936
663 3424 -0.331691036125896
663 3439 0.6677041089403115
663 3454 0.11303624533818524
663 3469 -0.5677402416132937
663 3484 -0.7402402534798873
663 3499 0.4585541077487105
664 665 0.35530493245994177
664 679 0.27447419772254356
664 3604 0.1517992780701578
664 3619 0.8291921998873963
664 3634 -0.742696033894126
664 3649 0.6470306542739559
664 3664 -0.9845991364043121
664 3679 0.2287738968777806
664 3514 -0.00577928187420107
664 3529 0.5157195235365439
665 680 0.60422814485475
665 3784 -0.36179555319298173
665 3799 0.7467970551571632
665 3814 0.3963813486245611
665 3829 -0.561865106532321
665 3844 0.672011540000214
665 3859 -0.11778979331857875
665 3694 -0.16773863953913026
665 3709 0.5624067742154719
678 679 -0.27094017416242044
678 3424 -0.6695675855350371
678 3439 -0.05061323195645473
678 3454 -0.89479907439842
678 3469 0.967658477507209
678 3484 -0.5081723223589141
678 3499 0.11929914066371916
679 680 0.7132630217944373
679 3604 0.11441748303816057
679 3619 0.13970142485087256
679 3634 0.07566363373508223
679 3649 0.6113053456719573
679 3664 0.2401547552847556
679 3679 -0.6816046450020052
679 3514 -0.8694093569947379
679 3529 -0.7673388666216858
680 3784 0.3498414051515708
680 3799 0.6907025221581695
680 3814 -0.7778374512107369
680 3829 -0.3967172231184608
680 3844 -0.8991318664924095
680 3859 0.4322539579826943
680 3694 -0.9451121174450192
680 3709 0.9640237354041472
693 694 0.14080682467810512
693 708 -0.9800102449201835
693 3424 0.9206532948702135
693 3439 -0.9760023546597612
693 3454 0.008489094643588713
693 3469 -0.7398544658285802
693 3484 -0.559121406885104
693 3499 0.6544303964654314
693 3364 0.6498462429610845
693 3379 -0.6661780751179491
693 3394 0.8195882808053638
693 3409 -0.054848677224744735
694 695 0.3239363904470176
694 709 -0.8518632812530824
694 3604 -0.7901488227294708
694 3619 0.6796540555280095
694 3634 0.30123657793395053
694 3649 -0.5808985282774046
694 3664 0.5732975335465389
694 3679 -0.8957420705232675
694 3514 -0.9714779040949433
694 3529 -0.2906750539524132
694 3544 0.5154022189699086
694 3559 0.8190831666719556
694 3574 -0.45886711468728314
694 3589 -0.288357299604973
695 710 0.023482319307778443
695 3784 -0.011761689817861853
695 3799 -0.47607600877517986
695 3814 0.5783984072793691
695 3829 0.9528701646045954
695 3844 -0.49135603350461854
695 3859 0.09574385874548907
695 3694 0.6533475079150362
695 3709 0.27936472477516827
695 3724 0.005061672128331418
695 3739 0.46255140825756236
695 3754 -0.878466858781989
695 3769 0.5108520900055307
708 709 -0.2510218635901118
708 3424 0.33138815728248194
708 3439 -0.17597347581218514
708 3454 -0.8898292598208417
708 3469 0.49473064348294216
708 3484 -0.49245294932844974
708 3499 0.3712247477648669
708 3364 -0.7159390956356242
708 3379 -0.906515714242319
708 3394 -0.09628922722173328
708 3409 -0.46118433003523607
709 710 -0.27195431547622984
709 3604 -0.9004227696472455
709 3619 0.106284192608324
709 3634 0.9379996580650309
709 3649 0.09109053417550839
709 3664 -0.44851863762326083
709 3679 -0.5775307117979103
709 3514 0.2694888801773472
709 3529 0.8685889014800983
709 3544 -0.5187083499848595
709 3559 -0.1096591659536037
709 3574 0.8569133468871444
709 3589 -0.5336955756696218
710 3784 -0.26559960265279425
710 3799 0.022361449160360092
710 3814 0.45202917665852493
710 3829 -0.04699892683665641
710 3844 0.15857124778865206
710 3859 0.21308871173758304
710 3694 -0.6685303955775961
710 3709 -0.6637797995147345
710 3724 0.7196120630367946
710 3739 -0.9721020706293064
710 3754 0.14895471941792238
710 3769 -0.8960109676720598
723 724 0.519350627703296
723 738 -0.8133954707340978
723 3424 -0.6783515221664425
723 3439 0.0817936128451715
723 3364 0.14477851708517697
723 3379 0.5597588752315048
723 3394 0.6006590990051737
723 3409 -0.4802172316607918
724 725 -0.034464505238782195
724 739 0.2610110403694432
724 3604 -0.5371260210627009
724 3619 0.007538889237448609
724 3454 -0.8816128751744823
724 3469 0.41596592438975466
724 3484 -0.8381194742398248
724 3499 0.26263978973717794
724 3514 -0.6246183077011391
724 3529 0.277608697909002
724 3544 -0.38574161237663307
724 3559 0.9909880417425192
724 3574 0.03405084831701122
724 3589 0.4832363703554847
725 740 -0.9595861456268162
725 3784 0.24090156159629217
725 3799 0.16398107934557982
725 3634 0.06138819811504059
725 3649 -0.9112127180506548
725 3664 -0.3090378164571381
725 3679 0.11723184542172205
725 3694 0.74350289829528
725 3709 0.6219765332885465
725 3724 -0.5006296210291212
725 3739 0.6551852040457058
725 3754 -0.3990161410395805
725 3769 0.46319039965102005
738 739 0.0003015814560540786
738 3424 0.9230254257937569
738 3439 -0.6815780706733574
738 3364 0.7740786058006037
738 3379 0.0027399048389080694
738 3394 0.8654354870237848
738 3409 -0.7316653898821601
739 740 0.45173487155509995
739 3604 0.04693118726803003
739 3619 0.862798241512881
739 3454 -0.26153995779609795
739 3469 -0.34730163908342004
739 3484 -0.030001936462406453
739 3499 -0.22910747466828285
739 3514 0.5517596654838912
739 3529 -0.591616878019519
739 3544 0.30677291346370184
739 3559 -0.3298095489274664
739 3574 0.6956492168436477
739 3589 0.44252021479756154
740 3784 0.1514391221390483
740 3799 -0.6117714359508766
740 3634 0.4065387369393605
740 3649 -0.7179605840751269
740 3664 0.815255170531584
740 3679 -0.5914839437900086
740 3694 -0.44516021573119
740 3709 -0.9886172368728494
740 3724 -0.5921508963692532
740 3739 -0.05784572827631229
740 3754 0.10083551081602504
740 3769 0.9491777033901034
753 754 0.36058963477786876
753 768 -0.4995319593384153
753 3424 -0.5441698936326294
753 3439 0.404740511447359
753 3364 0.5540086692907495
753 3379 -0.7194724630480978
753 3394 0.01832096702888153
753 3409 -0.3581449079600376
754 755 0.6918417089997178
754 769 0.5257579475717502
754 3604 -0.5575992391267952
754 3619 -0.7852772029058024
754 3454 0.017006262086579405
754 3469 0.4453008907547369
754 3485 -0.39367091175532676
754 3500 0.1324721593083491
754 3515 0.5231919603224495
754 3530 0.6839208578597329
754 3544 0.5774226125487196
754 3559 0.007913649022381453
754 3574 0.4694227911506754
754 3589 -0.32844663709001365
755 770 -0.05088440855939225
755 3784 0.9712835570637204
755 3799 0.02063277656532092
755 3634 0.5026750880838355
755 3649 0.2853959114781548
755 3665 -0.3133186918722599
755 3680 -0.14612729388384338
755 3695 0.031316926262955125
755 3710 0.4800606954521094
755 3724 0.49759116889053057
755 3739 0.06564782918257195
755 3754 -0.07919557937701382
755 3769 0.5559890258978168
768 769 0.2603402847333749
768 3424 0.5049963359993535
768 3439 -0.9081710982025588
768 3364 -0.028481549674480355
768 3379 -0.33096450931970733
768 3394 -0.4708344324534852
768 3409 0.6575447785670647
769 770 -0.14701578625400114
769 3604 0.8754947045314727
769 3619 0.12971594247708595
769 3454 0.884982736752582
769 3469 -0.090306549692174
769 3485 -0.744010987726847
769 3500 -0.9586166092486879
769 3515 -0.7114273319066244
769 3530 0.8661080370331198
769 3544 -0.17836055166421527
769 3559 0.20804316256155553
769 3574 0.6909554981718353
769 3589 -0.8816809133402228
770 3784 -0.68851468042581
770 3799 0.17737623189132323
770 3634 0.7555815938307968
770 3649 0.14574496351025323
770 3665 0.7060268405189658
770 3680 0.2574789350007083
770 3695 -0.39842768512545756
770 3710 -0.5288163027862487
770 3724 0.05493023708492051
770 3739 -0.21700117714704859
770 3754 0.9455757444760287
770 3769 -0.25710123760850734
783 784 -0.4461892203044837
783 798 -0.9060296246440407
783 3424 0.7491673129700964
783 3439 0.9476594653393651
783 3454 -0.22996623926987025
783 3469 -0.9019297830767932
783 3485 0.14155894491913945
783 3500 0.3525051196056319
783 3515 -0.9815655083834793
783 3530 0.19795075331002576
783 3544 0.22663567931862438
783 3559 -0.21975088730754377
783 3394 0.439244184666707
783 3409 -0.2705673165603766
784 785 -0.027527409404632275
784 799 0.6967611074447071
784 3604 0.952436823396732
784 3619 0.6990236061306083
784 3634 -0.009863217456393958
784 3649 0.7867942801270627
784 3665 0.6620549961666302
784 3680 -0.4859961968658528
784 3695 0.30361401061015814
784 3710 -0.8844467573367985
784 3724 0.6212427195491437
784 3739 -0.2821917008820467
784 3574 -0.4222562664142737
784 3589 -0.6062044262622144
785 800 -0.2725973077592543
785 3784 0.1344451419593482
785 3799 0.2383777122722628
785 3814 0.7656795934141138
785 3829 -0.3993159079369937
785 3845 -0.8651447806410117
785 3860 -0.2939070965025836
785 3875 0.6288270592449419
785 3890 -0.13555405562794398
785 3754 -0.013709113822149677
785 3769 0.9554838154030274
798 799 -0.44331791781245045
798 3424 -0.19745780769368748
798 3439 0.22616795036840798
798 3454 -0.4152024048983145
798 3469 -0.9843238073485427
798 3485 -0.9362398706027915
798 3500 0.407288390809625
798 3515 -0.35599502952937834
798 3530 0.24160570143784432
798 3544 -0.6688939116416783
798 3559 0.5852492272478615
798 3394 0.5161224122100798
798 3409 0.9789645282984871
799 800 -0.5269826618943427
799 3604 0.6385859164240237
799 3619 -0.5154443224207865
799 3634 0.7983603872663148
799 3649 0.09428720123335643
799 3665 -0.8351339327145471
799 3680 0.36536973680395124
799 3695 -0.2720910146741815
799 3710 0.48636557310617157
799 3724 0.022324668097983835
799 3739 0.7237412201028057
799 3574 -0.7949110740901699
799 3589 0.9864346261553938
800 3784 -0.6509305642332028
800 3799 0.09986427089714822
800 3814 0.9466698732558145
800 3829 0.5790799602702563
800 3845 -0.6991102215761988
800 3860 -0.9695243602996717
800 3875 0.9866753134837063
800 3890 0.7773248058348539
800 3754 0.9972170831588283
800 3769 -0.5270987077966356
813 814 0.7117735747490717
813 828 -0.9687994790678227
813 3425 0.3887948454493797
813 3440 0.26149734708425254
813 3455 0.9080662298873001
813 3470 0.8921157143583252
813 3485 -0.8687911216670308
813 3500 0.40615254522470456
813 3515 0.20023842356640742
813 3530 0.5620233310656639
813 3544 -0.6411673950767167
813 3559 0.394271768750851
813 3394 -0.15553294563755515
813 3409 0.12242211604023234
814 815 -0.6646587311577663
814 829 -0.30239079338992614
814 3605 -0.5534544698597805
814 3620 0.6235341229487901
814 3635 -0.6058144805561314
814 3650 -0.848586933384792
814 3665 -0.5721752144464711
814 3680 -0.9667248305499951
814 3695 0.7799929505550218
814 3710 -0.8756611754385
814 3724 -0.1365270883756271
814 3739 -0.12343297100814876
814 3574 -0.33073054720785233
814 3589 0.26402279273710816
815 830 -0.0774849057117879
815 3785 -0.8890066298289017
815 3800 -0.8515449760334708
815 3815 0.9607020115219804
815 3830 -0.8605633138564748
815 3845 -0.8248040420253764
815 3860 0.15531029617453385
815 3875 0.4653800131597903
815 3890 0.8373753801182009
815 3754 0.1750237080181467
815 3769 0.7247713536774694
828 829 -0.5743499863432802
828 3425 -0.5307647578799686
828 3440 -0.6879835321064187
828 3455 -0.7403099460501623
828 3470 0.6000980331535644
828 3485 -0.27313507238454404
828 3500 -0.4787493829506859
828 3515 0.47334490076211533
828 3530 0.9611903671633324
828 3544 0.6404771385659416
828 3559 -0.8755909854442507
828 3394 -0.6512677383127645
828 3409 0.9613823953204894
829 830 -0.291910644728671
829 3605 -0.7135496433121582
829 3620 0.6183709135410229
829 3635 -0.07406596463272574
829 3650 -0.035882946705311
829 3665 0.9263686412159473
829 3680 0.547415755710851
829 3695 0.48853545842822443
829 3710 -0.9034062347861145
829 3724 0.5228645478687921
829 3739 0.5440008638262857
829 3574 0.5393789268306617
829 3589 0.7870734569134687
830 3785 -0.7881135314178291
830 3800 0.9676557642088714
830 3815 -0.7332656476424253
830 3830 -0.3182646370373581
830 3845 0.006920232124757009
830 3860 0.29596960311098663
830 3875 0.19532468859507213
830 3890 -0.5859346235067369
830 3754 -0.8353019093009117
830 3769 -0.5682381262276879
843 844 -0.02405669054525572
843 858 0.4793345340958677
843 3425 0.9257074112223067
843 3440 0.5081882836453289
843 3455 0.44226080102307996
843 3470 0.9275113414619371
843 3485 -0.45189216919734876
843 3500 0.6714771791115877
843 3364 0.2419315423852415
843 3379 0.47923995126983
843 3394 0.9538723975422911
843 3409 -0.25134708445043974
844 845 -0.4311871141206389
844 859 0.3119409991301101
844 3605 0.8634830913508369
844 3620 -0.5441357554899804
844 3635 0.6017219791101607
844 3650 0.7590178850780867
844 3665 -0.6694002898841247
844 3680 0.08014569636345792
844 3515 0.1313481802185168
844 3530 -0.6804089662357649
844 3544 0.5178540755332146
844 3559 0.7653526726881417
844 3574 -0.11729119657238063
844 3589 -0.125664815870286
845 860 0.0034233746671215037
845 3785 -0.6668645281192038
845 3800 0.5743811871236941
845 3815 0.31654332525294016
845 3830 -0.40156445692742815
845 3845 0.1684921937562065
845 3860 0.13384424960325236
845 3695 -0.10152570657854332
845 3710 0.9208271487794353
845 3724 -0.3526863400199469
845 3739 -0.9049478364255146
845 3754 0.7566391697475017
845 3769 -0.19431167310778164
858 859 -0.5112228364213949
858 3425 0.11927247501278182
858 3440 -0.7100733635967211
858 3455 0.37159368200659704
858 3470 0.5106820984770797
858 3485 0.7549772563276
858 3500 0.6023776288795033
858 3364 -0.35922770047117725
858 3379 -0.14363844383172264
858 3394 0.735131958672737
858 3409 0.5860176423089853
859 860 0.9486141002026458
859 3605 -0.4950013416423813
859 3620 0.7198696256259538
859 3635 0.08726931598901633
859 3650 -0.6978017175224347
859 3665 -0.7754199303745155
859 3680 0.5404256401695675
859 3515 -0.8524353250129688
859 3530 0.17446037825869776
859 3544 0.5997139081637879
859 3559 0.7031208878106454
859 3574 -0.046323443021309973
859 3589 0.05968649967132689
860 3785 0.2836485077089623
860 3800 -0.34167510333337336
860 3815 -0.6058315215883694
860 3830 -0.3814389882070768
860 3845 -0.41781596723476877
860 3860 -0.7179903992499082
860 3695 0.30832503755028173
860 3710 0.49534171917555647
860 3724 -0.777116572194622
860 3739 0.16511906641649077
860 3754 -0.5934061240213884
860 3769 -0.04225582147137552
873 874 0.7240021738615094
873 888 -0.2036792627668258
873 3425 0.4557955938774323
873 3440 0.5021049686429127
873 3455 -0.9891070745391022
873 3470 0.7465807486301239
873 3485 0.93567705870115
873 3500 -0.08525707403686478
873 3365 0.7012804410206281
873 3380 0.6930602736744986
873 3395 0.989700644328031
873 3410 -0.5058726021058677
874 875 0.6693442124749369
874 889 -0.7126742922076501
874 3605 0.2049993517398372
874 3620 -0.8367359269475707
874 3635 0.9969435582399602
874 3650 0.745517836676503
874 3665 0.6923600515470518
874 3680 0.6547141525309383
874 3515 0.8072293208777945
874 3530 -0.6645186342403255
874 3545 0.18543049053042227
874 3560 -0.2043056201922886
874 3575 -0.5250167973911004
874 3590 -0.027045714416569222
875 890 -0.6185087445868045
875 3785 0.5881923191380967
875 3800 -0.22612797746004776
875 3815 0.3298243994875376
875 3830 -0.14522310749317824
875 3845 -0.7227981415698219
875 3860 0.6271487151367254
875 3695 0.9211112617588513
875 3710 -0.8071003132150072
875 3725 0.3273101516809649
875 3740 0.6729638520721808
875 3755 -0.07299233107062864
875 3770 -0.7719092449063925
888 889 0.9520752831225545
888 3425 -0.7621359079361061
888 3440 -0.7969300033153597
888 3455 0.38400191871767086
888 3470 0.38033270379354156
888 3485 -0.7059907814750805
888 3500 0.8961947896996016
888 3365 -0.47826820434931916
888 3380 0.20665570234625585
888 3395 0.647934395345465
888 3410 -0.05005096904824757
889 890 0.6044796643226715
889 3605 -0.4920795259791444
889 3620 0.3884012133801691
889 3635 0.45104681902828725
889 3650 -0.0024573506742033846
889 3665 -0.40890398265814354
889 3680 0.8530780346587004
889 3515 -0.790132417090945
889 3530 0.8687158580605132
889 3545 -0.7797453811771979
889 3560 0.5695599160819105
889 3575 0.808875010613068
889 3590 0.7386840934784942
890 3785 -0.6690402244757396
890 3800 -0.590563395306446
890 3815 -0.8331939350221291
890 3830 0.4569909170085549
890 3845 -0.05700512046376249
890 3860 0.828715583009306
890 3695 0.8981712133393209
890 3710 -0.9197706807665382
890 3725 -0.1323006455871727
890 3740 -0.11902491294879858
890 3755 0.8779015466115814
890 3770 0.5188583032508893
903 904 -0.7213891416528471
903 918 0.9514940388701385
903 3425 -0.02183433682069147
903 3440 0.35234691630485493
903 3365 -0.8225046472617057
903 3380 -0.9965162082362746
903 3395 -0.9665142705108272
903 3410 -0.6591187347195422
904 905 0.4537104435199968
904 919 -0.4262819891186467
904 3605 0.425407881732383
904 3620 0.7854199139818876
904 3455 -0.42970928541511255
904 3470 0.6776538438549911
904 3485 0.3850622165056672
904 3500 -0.16555242052869446
904 3515 -0.604593467520548
904 3530 -0.49631941372759125
904 3545 -0.4639275088360906
904 3560 -0.9658310899550464
904 3575 0.2762540816797803
904 3590 0.37097107747403957
905 920 -0.40481518905451863
905 3785 -0.5050155935655098
905 3800 -0.15041861917416566
905 3635 -0.27522955928322834
905 3650 -0.9707533524199197
905 3665 0.7227984210180476
905 3680 -0.8120449727632801
905 3695 -0.5805671865819615
905 3710 -0.36189186969601006
905 3725 0.9799349721324875
905 3740 -0.6465554636455086
905 3755 0.9297082742932683
905 3770 0.4464292995570378
918 919 0.995014236253579
918 3425 0.12692940488210436
918 3440 0.7870845577020873
918 3365 -0.2411729599411898
918 3380 0.6193557507405429
918 3395 -0.8653736844164301
918 3410 0.8211283066239485
919 920 0.4672347296114523
919 3605 0.08832754136839704
919 3620 0.09137099452671515
919 3455 -0.8995443249058666
919 3470 0.8087881949907494
919 3485 -0.8703079326657335
919 3500 0.5136488275481095
919 3515 -0.44261426968920303
919 3530 0.07653920873463815
919 3545 0.623874472902465
919 3560 0.38912505733726
919 3575 -0.3760251605910836
919 3590 0.8521197084184244
920 3785 -0.9474939457581126
920 3800 -0.32024303088494976
920 3635 0.8673741658996301
920 3650 -0.46351584156658787
920 3665 0.46808257818340704
920 3680 -0.24079277056493686
920 3695 -0.9106041955446327
920 3710 -0.22181281767770078
920 3725 0.9859743440890232
920 3740 -0.26089680550272765
920 3755 -0.05511136937005068
920 3770 0.747796818104413
933 934 0.40312792468913905
933 948 -0.11159464327444901
933 3425 -0.00019651757276606396
933 3440 -0.9879287048574521
933 3365 -0.6380674895428369
933 3380 0.3677470709948685
933 3395 -0.3165487164249323
933 3410 0.5789476876290978
934 935 -0.3679280756140617
934 949 0.4446584362577497
934 3605 -0.8222576645993902
934 3620 0.601093886413409
934 3455 -0.18510417878225294
934 3470 -0.2087728587732549
934 3486 -0.7963819605325824
934 3501 0.9206411473624085
934 3516 0.8706673160130753
934 3531 -0.9005758936840653
934 3545 -0.08213319036343592
934 3560 -0.03006239612536854
934 3575 0.9654539380955962
934 3590 0.7089667537434341
935 950 0.3052762673692808
935 3785 -0.07375671520385296
935 3800 0.0117956804864916
935 3635 0.5839004067556226
935 3650 0.6135054123153909
935 3666 0.7091541722785091
935 3681 -0.5112013672006406
935 3696 0.5111652847024317
935 3711 0.6298471709457716
935 3725 0.6619206264777739
935 3740 -0.02211913691588041
935 3755 0.6251566219421698
935 3770 0.9994322884929856
948 949 -0.6242591204643526
948 3425 -0.3459262295525807
948 3440 0.09249696466130275
948 3365 -0.9777965477269346
948 3380 0.5332856071665186
948 3395 -0.48762615373635576
948 3410 -0.5580336418112997
949 950 -0.8265356130642161
949 3605 -0.3477225672813131
949 3620 -0.4840671756862913
949 3455 -0.974654308844551
949 3470 0.3538898652936535
949 3486 -0.7806965960471806
949 3501 0.19893504189340017
949 3516 -0.6072479404010624
949 3531 -0.8604064939212988
949 3545 0.3089540616865891
949 3560 -0.1181530811454432
949 3575 0.7740940868011696
949 3590 -0.6838481372156504
950 3785 0.501539041896246
950 3800 -0.44280129142112545
950 3635 -0.05165344031271202
950 3650 0.21683825668369927
950 3666 0.5345403021967148
950 3681 0.4321071103015688
950 3696 -0.4394767324903188
950 3711 0.20219014527166035
950 3725 0.22703395189478592
950 3740 0.8028614753490377
950 3755 0.1949477768186607
950 3770 0.467859117791559
963 964 0.224380384198394
963 978 -0.12685310802166772
963 3425 -0.9609072915205124
963 3440 0.6890229796493801
963 3455 0.4922764804504094
963 3470 0.7765509443325516
963 3486 -0.2128292682174664
963 3501 -0.8105463411975431
963 3516 0.2552162095697783
963 3531 0.15216684266530356
963 3545 0.034767821696660484
963 3560 0.33688852309517414
963 3395 -0.7116706112921605
963 3410 0.8743245687234111
964 965 0.3476258074835987
964 979 -0.7005398753566792
964 3605 0.5155478773801601
964 3620 -0.9134033676706124
964 3635 -0.9631803601049167
964 3650 0.6488119285008231
964 3666 -0.5961104931345973
964 3681 0.33498971663187915
964 3696 -0.2859414169431067
964 3711 0.9161623259145479
964 3725 -0.38966016178628116
964 3740 0.8447917116841313
964 3575 -0.34496839080495945
964 3590 0.04551848368963163
965 980 0.04999971747211296
965 3785 0.8273010670908543
965 3800 0.8983201565267509
965 3815 -0.5798173733796721
965 3830 0.8415615857455718
965 3846 -0.946500769996041
965 3861 0.9721795879373976
965 3876 -0.7207147818053157
965 3891 -0.11448541693311554
965 3755 -0.20132453015394192
965 3770 -0.14453002917337776
978 979 0.0395199568005542
978 3425 0.7649509154186027
978 3440 0.3916806039954204
978 3455 0.5087957360448334
978 3470 0.5290689248615357
978 3486 -0.3983667470604073
978 3501 -0.2888836557819108
978 3516 0.24292442137546955
978 3531 -0.9315816710907914
978 3545 -0.2849873680326762
978 3560 -0.05630286858233369
978 3395 0.1636996417148513
978 3410 -0.8760571791313783
979 980 0.047572226706851906
979 3605 -0.28714002583181264
979 3620 -0.06869288198548795
979 3635 0.2724484497692041
979 3650 0.36127685930855735
979 3666 -0.7080414672180313
979 3681 0.7492280180079784
979 3696 0.34422191324995266
979 3711 0.4194205107274245
979 3725 -0.29857251674157403
979 3740 -0.9079986314393642
979 3575 -0.3594372313195042
979 3590 -0.20660049049868223
980 3785 -0.09994393057725204
980 3800 0.6463740427374318
980 3815 -0.6933410251057208
980 3830 0.14077119397067128
980 3846 0.8930853084986321
980 3861 -0.9549301167104844
980 3876 -0.8918772705023692
980 3891 0.9422550084021089
980 3755 -0.19627853653877314
980 3770 -0.03496984222985566
993 994 -0.8659310774296392
993 1008 -0.3170068381288633
993 3426 0.022470147707883914
993 3441 -0.02164886166950919
993 3456 -0.5599668093045858
993 3471 -0.9846256574845782
993 3486 0.21620562722728742
993 3501 -0.6625423825891128
993 3516 -0.7838874038158519
993 3531 -0.9052470039905625
993 3545 -0.31903195170728726
993 3560 0.5140308357003149
993 3395 0.9409075179049806
993 3410 0.17982334402677203
994 995 0.007936242142492889
994 1009 -0.2521407460193117
994 3606 -0.21735788579400062
994 3621 0.3979038732994904
994 3636 0.40087298738975674
994 3651 -0.8305219753690005
994 3666 0.9556273977515903
994 3681 -0.18319291177419195
994 3696 0.43976972544437465
994 3711 0.7188653904026969
994 3725 -0.19010289879495668
994 3740 0.047028142185120636
994 3575 -0.41142174208936044
994 3590 0.7601866087549429
995 1010 -0.6471960102747141
995 3786 0.028474838516323375
995 3801 -0.4998244931081033
995 3816 0.7181807174489758
995 3831 -0.5890216340448713
995 3846 -0.6929857092366007
995 3861 -0.6894132891664522
995 3876 0.11549435930596474
995 3891 -0.1316036325543528
995 3755 -0.673148976098872
995 3770 -0.20226928420707035
1008 1009 0.2683222133978129
1008 3426 -0.813171627967185
1008 3441 -0.003931410218728226
1008 3456 -0.8086867592636187
1008 3471 0.7831142931208024
1008 3486 0.7542182817912606
1008 3501 -0.27176979433846227
1008 3516 0.6191206922129662
1008 3531 -0.37785632949364456
1008 3545 0.5109074777742613
1008 3560 -0.07635169267499098
1008 3395 -0.5059262745040818
1008 3410 0.5024662794290196
1009 1010 -0.2735681644772081
1009 3606 -0.9847216685107494
1009 3621 0.2792960556324342
1009 3636 0.2695357977571917
1009 3651 0.8737493714749962
1009 3666 -0.5224525377238707
1009 3681 0.628793167056432
1009 3696 -0.8489078521450295
1009 3711 -0.35081634558133024
1009 3725 -0.6451330446308732
1009 3740 0.739569645506577
1009 3575 0.5328870343223873
1009 3590 -0.31897416508404897
1010 3786 0.7083408484223492
1010 3801 -0.5230709349950167
1010 3816 -0.9123018427929728
1010 3831 0.5942795434704875
1010 3846 -0.8354108373144753
1010 3861 0.42883653360213136
1010 3876 0.2531663169547067
1010 3891 -0.021944580814558412
1010 3755 -0.118179867388164
1010 3770 0.41269383768257684
1023 1024 -0.04243321200457295
1023 1038 -0.7807014985203304
1023 3426 -0.31807613462845175
1023 3441 0.999126311296348
1023 3456 -0.8671372802738551
1023 3471 -0.5647620328139857
1023 3486 -0.3366653551096441
1023 3501 -0.5796757108602335
1023 3365 -0.29264468651774567
1023 3380 0.6246491042908355
1023 3395 -0.21549187594082753
1023 3410 0.8660224948956523
1024 1025 -0.8522208070259225
1024 1039 -0.5768582608817721
1024 3606 -0.911791518644723
1024 3621 -0.5491839954518938
1024 3636 -0.16594584698973547
1024 3651 0.2954269049179217
1024 3666 -0.0831564837104688
1024 3681 0.6710805286310029
1024 3516 -0.30744424070707743
1024 3531 -0.24887342249910405
1024 3545 -0.2342668426629757
1024 3560 0.7673755636738593
1024 3575 -0.5467975968712202
1024 3590 0.5402459547085021
1025 1040 0.7605768221380118
1025 3786 0.5460335311563371
1025 3801 -0.7896650013750592
1025 3816 0.013365974497189681
1025 3831 -0.20928457633364217
1025 3846 -0.48450830013686286
1025 3861 0.5725553730934929
1025 3696 -0.41532686790860707
1025 3711 -0.3723290163094439
1025 3725 0.36623620047834815
1025 3740 0.5211768921010831
1025 3755 -0.059427418568157364
1025 3770 0.7906391206427175
1038 1039 -0.9438091826482871
1038 3426 -0.5397532482755785
1038 3441 0.9997394090251561
1038 3456 0.24240004391201864
1038 3471 -0.6991349575379282
1038 3486 0.047643653191544955
1038 3501 -0.6393836331586074
1038 3365 0.6009516914552424
1038 3380 0.2679967478974976
1038 3395 0.10335408179004424
1038 3410 -0.7620982467605124
1039 1040 0.16362930533332887
1039 3606 -0.08517912115792159
1039 3621 -0.9227021927702388
1039 3636 0.5867507901090583
1039 3651 -0.23142190911251936
1039 3666 0.7853083580214884
1039 3681 0.2859450517327078
1039 3516 0.07798861847707039
1039 3531 -0.7920239946183492
1039 3545 0.07334645666191641
1039 3560 0.7017055337101592
1039 3575 0.39614003829989675
1039 3590 -0.36077878037246913
1040 3786 -0.7687372272497988
1040 3801 -0.5227326459577029
1040 3816 0.4745528415830831
1040 3831 -0.7591059668570179
1040 3846 -0.1873774028296027
1040 3861 -0.9780771816097333
1040 3696 0.4028234285652832
1040 3711 -0.4950930866083174
1040 3725 -0.4633562071039732
1040 3740 -0.536647643748595
1040 3755 0.6364423591735577
1040 3770 0.48078209705467656
1053 1054 0.30323868909649443
1053 1068 -0.06078663728081013
1053 3426 0.5426582235171975
1053 3441 0.809638942140291
1053 3456 0.8215893599555031
1053 3471 -0.47598700167808494
1053 3486 0.6202967444589444
1053 3501 0.9776591297177128
1053 3366 -0.5986956732064013
1053 3381 -0.9871692240976715
1053 3396 0.20563216921210747
1053 3411 -0.4097413723900942
1054 1055 -0.7009302166484812
1054 1069 -0.08330895068632294
1054 3606 0.550086006985609
1054 3621 -0.6264713544083282
1054 3636 0.282165537796079
1054 3651 -0.44034552170212216
1054 3666 -0.7614162378254752
1054 3681 0.16082790587060924
1054 3516 0.5692619933735612
1054 3531 -0.5086307631039448
1054 3546 -0.3914804556162754
1054 3561 -0.9014841217015339
1054 3576 0.0031569449426276375
1054 3591 0.1627236418228848
1055 1070 -0.6952125506035538
1055 3786 0.29214893383923424
1055 3801 -0.14175010419675127
1055 3816 -0.7993596324032106
1055 3831 -0.5116060102712559
1055 3846 -0.24013278979482444
1055 3861 -0.9819055733985038
1055 3696 0.854983430997593
1055 3711 -0.29185041338636664
1055 3726 -0.8758796555814425
1055 3741 0.10005700129529838
1055 3756 -0.37184137245338134
1055 3771 -0.5136555808217105
1068 1069 -0.5667839786168853
1068 3426 0.5795200293182532
1068 3441 -0.020981549566366997
1068 3456 -0.8017396574084426
1068 3471 0.6424147167748893
1068 3486 -0.13623103398717262
1068 3501 0.8204469881885859
1068 3366 -0.07581647294135241
1068 3381 -0.4847573516741206
1068 3396 0.29656473926595295
1068 3411 0.6935011356507528
1069 1070 0.17317352149278875
1069 3606 -0.13511530573627484
1069 3621 0.07170985325568702
1069 3636 0.5275113132228149
1069 3651 -0.3282001647401911
1069 3666 0.7525744642517311
1069 3681 -0.9702006923778019
1069 3516 -0.3775521342210908
1069 3531 -0.8290960053108807
1069 3546 0.47629027758877407
1069 3561 0.6064965586362823
1069 3576 -0.17734315603469675
1069 3591 -0.6364584941597935
1070 3786 -0.8844043152893202
1070 3801 -0.6137374770127169
1070 3816 0.9395382243437893
1070 3831 0.5510381826794597
1070 3846 -0.19487745718377503
1070 3861 0.1525068454989189
1070 3696 0.9972344824292767
1070 3711 0.4576537497953237
1070 3726 -0.1685254865802155
1070 3741 -0.4301390673176584
1070 3756 0.6853746905818565
1070 3771 0.6017966431417714
1083 1084 0.8119866471992037
1083 1098 -0.977971360312414
1083 3426 0.7357581271896496
1083 3441 0.7620072463935932
1083 3366 -0.5803744375644573
1083 3381 -0.7640367611370713
1083 3396 -0.47591284959197133
1083 3411 -0.5352605963722898
1084 1085 -0.4212833529772986
1084 1099 0.8141019417598832
1084 3606 0.5217239317673315
1084 3621 -0.1295037096087961
1084 3456 -0.5416982160094983
1084 3471 0.6742678522110257
1084 3486 -0.40335539468652515
1084 3501 -0.2531895510698843
1084 3516 0.184844485253284
1084 3531 0.19743292327766593
1084 3546 0.8330725691143914
1084 3561 0.5473296323365866
1084 3576 0.5347884383933754
1084 3591 0.16107362665751657
1085 1100 0.8017639617658259
1085 3786 0.8127900970159543
1085 3801 -0.6888155605237378
1085 3636 -0.7432579036106839
1085 3651 -0.32700546679895015
1085 3666 0.38981833772786634
1085 3681 0.38724647851911254
1085 3696 0.10305989465759402
1085 3711 0.6703054074490553
1085 3726 -0.734794249298675
1085 3741 0.1421316370623369
1085 3756 -0.11916528417832994
1085 3771 -0.6201111274292843
1098 1099 -0.15995072631454876
1098 3426 0.3594103771574322
1098 3441 -0.416154319323496
1098 3366 -0.5053212337562432
1098 3381 -0.4814445853161444
1098 3396 0.878716738859977
1098 3411 -0.7590325838027243
1099 1100 -0.5833861808704706
1099 3606 0.5117857940643602
1099 3621 0.6637228532119517
1099 3456 0.7869128288585132
1099 3471 -0.3167826337668933
1099 3486 -0.3192573558804739
1099 3501 -0.5116314128445136
1099 3516 -0.35146948103269526
1099 3531 0.15940390051814624
1099 3546 -0.20841668621602394
1099 3561 0.869325825308972
1099 3576 -0.41812270113632577
1099 3591 0.191168442546243
1100 3786 0.8186298297073626
1100 3801 -0.9188293324938492
1100 3636 -0.4299740917964152
1100 3651 -0.42472744619002456
1100 3666 0.3621998327639746
1100 3681 -0.4618682583005076
1100 3696 -0.0671030392739469
1100 3711 0.9310580597808411
1100 3726 -0.8596985828640273
1100 3741 0.7395759423566584
1100 3756 0.43071057543285596
1100 3771 0.3261213617909444
1113 1114 0.23631749733597962
1113 1128 -0.9067937523572118
1113 3426 -0.3505528438695933
1113 3441 -0.08137474732347028
1113 3366 0.9805672903770304
1113 3381 0.8655835343822176
1113 3396 -0.45967959169959394
1113 3411 -0.024550669221566013
1114 1115 -0.783304757257653
1114 1129 0.570812353175743
1114 3606 0.9334032011040982
1114 3621 0.8554294018176767
1114 3456 0.6401064797981499
1114 3471 0.8653640490420027
1114 3546 0.07031652538192534
1114 3561 -0.9496067034811484
1114 3576 0.8994437472067611
1114 3591 -0.3154130470417442
1115 1130 -0.5310273125491636
1115 3786 0.8887849860193413
1115 3801 0.7629817545151696
1115 3636 0.932035707883619
1115 3651 -0.9771244712679918
1115 3726 0.522607327175415
1115 3741 0.8480738273560191
1115 3756 0.6207906002805286
1115 3771 -0.39258444277355165
1128 1129 -0.18005994753055776
1128 3426 -0.9163250072841391
1128 3441 -0.7828112952704696
1128 3366 -0.7020009996042462
1128 3381 0.6921573255490745
1128 3396 0.014385828827268687
1128 3411 -0.5964867025527798
1129 1130 0.6292331070672479
1129 3606 0.8043999635419881
1129 3621 -0.4209889165656435
1129 3456 -0.2868179743157868
1129 3471 0.5348651233957151
1129 3546 0.33162797776642927
1129 3561 -0.2692036243200562
1129 3576 -0.9683964946190045
1129 3591 0.9131332287720324
1130 3786 0.7031711225510635
1130 3801 0.8966652081964288
1130 3636 0.112980268507894
1130 3651 0.3548827258015268
1130 3726 -0.45159288951221543
1130 3741 -0.9668874491673471
1130 3756 0.8321806888973924
1130 3771 0.1158351259795043
3364 3365 0.7754057932135063
3364 3379 -0.6551008874455113
3365 3366 0.9875615875453363
3365 3380 0.36529288921812997
3366 3381 0.6526010067267827
3379 3380 -0.820699534509731
3380 3381 -0.15147354490774045
3394 3395 -0.650040053407994
3394 3409 -0.29565664655637747
3395 3396 0.374799244541117
3395 3410 -0.9867302802619196
3396 3411 -0.6844110335196283
3409 3410 -0.02153179035000674
3410 3411 0.0070397525084295864
3424 3425 0.9404327206309284
3424 3439 0.054241048046973495
3425 3426 -0.12443623736090625
3425 3440 -0.9677356256938807
3426 3441 -0.532145546437244
3439 3440 -0.1806429132877656
3440 3441 0.6984015962187256
3454 3455 0.4509827259345598
3454 3469 0.6647187493220235
3455 3456 0.9970988685514439
3455 3470 0.12763295182001677
3456 3471 0.9622477243088357
3469 3470 0.9738114447480721
3470 3471 0.21006032894834403
3484 3485 -0.7241608616362991
3484 3499 0.15523613226321653
3485 3486 0.01553702015405789
3485 3500 0.5184370260249676
3486 3501 -0.7844433684878904
3499 3500 -0.4257812403565375
3500 3501 0.0010965628524204352
3514 3515 -0.28863374038349376
3514 3529 0.7304857950825101
3515 3516 0.3158067450622626
3515 3530 -0.5338941507006429
3516 3531 -0.46389263117390866
3529 3530 0.65782855313653
3530 3531 -0.6274806995538655
3544 3545 -0.8389969181252337
3544 3559 -0.8917061218875193
3545 3546 0.5812186427578734
3545 3560 -0.4255483962897464
3546 3561 0.855343359164402
3559 3560 0.0633272089243273
3560 3561 0.9587841226107985
3574 3575 0.2497883182185059
3574 3589 -0.5181899923440538
3575 3576 0.8124304295154121
3575 3590 0.7379758458886796
3576 3591 0.07292823597099396
3589 3590 0.9933465030367556
3590 3591 -0.6463062095894094
3604 3605 -0.08213922208571911
3604 3619 0.39140557310662016
3605 3606 -0.5726167903738126
3605 3620 0.3370495697059894
3606 3621 0.7418515384871347
3619 3620 -0.44836795717092826
3620 3621 0.724925339659056
3634 3635 0.3515025821621376
3634 3649 0.20949858194227944
3635 3636 -0.4643872915331182
3635 3650 -0.7033844939425367
3636 3651 0.5250424119208539
3649 3650 0.45822809872707215
3650 3651 0.015248978144269731
3664 3665 0.9625597660083698
3664 3679 -0.11602343234974799
3665 3666 0.6230906751010348
3665 3680 -0.0610229040895407
3666 3681 -0.3909150470508782
3679 3680 0.9712004744815137
3680 3681 0.04428841710103115
3694 3695 0.9306157050060988
3694 3709 0.7825921436143384
3695 3696 -0.5313603257484376
3695 3710 -0.7427871990017314
3696 3711 -0.8206447466469042
3709 3710 0.964591189678508
3710 3711 -0.49499337148422673
3724 3725 0.853244683475928
3724 3739 -0.7171869338189942
3725 3726 0.7986200780268142
3725 3740 -0.27508866727433845
3726 3741 0.5070816556973694
3739 3740 0.6844855801916392
3740 3741 -0.684011835469734
3754 3755 -0.42538438889986785
3754 3769 -0.12718272651630969
3755 3756 -0.900670847803678
3755 3770 0.5379596608251385
3756 3771 0.6009216085818538
3769 3770 -0.458230235970966
3770 3771 -0.43481094414890786
3784 3785 -0.7213820059099483
3784 3799 0.015822268115861293
3785 3786 0.7485450972742935
3785 3800 -0.8287556612917295
3786 3801 -0.9127300922843737
3799 3800 -0.526850621617331
3800 3801 0.017532843781563612
3814 3815 0.8347449909893911
3814 3829 -0.8607317790476403
3815 3816 0.5555494610522647
3815 3830 0.6203302993852886
3816 3831 0.9187949484113054
3829 3830 -0.631343831593882
3830 3831 0.16529424243569468
3844 3845 -0.14086931727139773
3844 3859 0.40155520109215925
3845 3846 0.007464192953804627
3845 3860 0.22114765320547325
3846 3861 0.5404947146236081
3859 3860 -0.390336312601955
3860 3861 -0.5552135946561885
3874 3875 -0.42528765312752403
3874 3889 0.28002569279060685
3875 3876 0.6556296250105966
3875 3890 0.329600753840666
3876 3891 0.8055388871607541
3889 3890 0.38365337295449
3890 3891 0.4481045116418394
