# 
603 603 2.991870817026232
604 604 3.5466192158065137
605 605 1.7760323320861477
618 618 -0.34742016054170755
619 619 2.664342075508557
620 620 1.1566937072096133
633 633 -3.246727494558689
634 634 0.45645807843592934
635 635 2.0933516386112707
648 648 -1.1369357454747684
649 649 -2.3649343888878462
650 650 0.2705097835992065
663 663 -2.5291987790844734
664 664 -3.3393681524317067
665 665 3.700221623178847
678 678 0.5469526289835551
679 679 -1.6636369984723194
680 680 1.782182131462406
693 693 -2.9444645172954305
694 694 0.8147353992784359
695 695 0.7834241899482333
708 708 0.5259428501629282
709 709 -2.9561664628829076
710 710 -2.4980579512939904
723 723 -3.039283465354692
724 724 -2.7379704423054863
725 725 3.2878316908464518
738 738 2.765489859882625
739 739 -2.535682878677302
740 740 2.614884251219416
753 753 -3.3044015073655046
754 754 -3.428011753830365
755 755 0.621162990035403
768 768 2.0714173336418966
769 769 2.4022595526716968
770 770 2.915228046608801
783 783 -0.9602443423223352
784 784 -3.333836287350419
785 785 -1.397755330135948
798 798 1.9595712721683762
799 799 -3.359109034537579
800 800 -0.39235789510578734
813 813 -2.239203786423947
814 814 0.24606016382104734
815 815 -3.4268157132823553
828 828 -0.5285349133311401
829 829 1.4577157340227558
830 830 2.443084240856032
843 843 2.269425260365442
844 844 0.07574573546420371
845 845 -2.1748590074920884
858 858 -2.207457863476378
859 859 -3.2302469478872373
860 860 2.8842535454864793
873 873 -0.6127523929898588
874 874 -0.41081093025692894
875 875 1.6888558024403224
888 888 -0.8480382997436884
889 889 3.7907083830335253
890 890 -3.7377554791485332
903 903 0.07118389373297518
904 904 -1.8781621458930138
905 905 2.337597267104857
918 918 2.9510560853854866
919 919 0.5693736954144217
920 920 2.520527836705557
933 933 -1.966230176043343
934 934 -0.6363496963029931
935 935 -0.3177629471699204
948 948 -1.6689390568045726
949 949 -0.19289224410043104
950 950 1.2310376640423977
963 963 -3.9385522716086463
964 964 -1.6151847139393425
965 965 -3.9194807787660366
978 978 -0.33876173261034825
979 979 -0.6659270800619765
980 980 2.340976342135539
993 993 -3.3954534892768864
994 994 -2.344495328453002
995 995 3.237156401390414
1008 1008 3.9184217571443583
1009 1009 3.8161306934377137
1010 1010 0.9390875138379338
1023 1023 -3.1459918994290748
1024 1024 -0.9125644981269563
1025 1025 -0.6915369305737409
1038 1038 -2.5844448372124713
1039 1039 -2.3625922768000676
1040 1040 1.8996844843716376
1053 1053 -0.734462047183106
1054 1054 -1.6077902516373186
1055 1055 -3.006519234568965
1068 1068 2.362825586581292
1069 1069 0.2531404173316787
1070 1070 -2.8775959051331004
1083 1083 3.608686408338233
1084 1084 -1.7973637802334972
1085 1085 2.460035329035467
1098 1098 -0.8446847757134979
1099 1099 3.668500373106281
1100 1100 2.5957121954971827
1113 1113 -0.5543463298521392
1114 1114 1.9898862638690922
1115 1115 2.203306332304755
1128 1128 3.6033976929434166
1129 1129 2.38028746338951
1130 1130 -1.0632216783797128
3364 3364 3.8125398055184325
3365 3365 -1.2338520533927744
3366 3366 -1.87499277098025
3379 3379 -1.1336145240470286
3380 3380 2.056102304731626
3381 3381 -1.7927297186192943
3394 3394 1.7051197024994496
3395 3395 -0.8059830257513854
3396 3396 -1.973313261504491
3409 3409 -0.1171029277519402
3410 3410 -1.6717299131102727
3411 3411 -1.520723296250047
3424 3424 3.2013690326949487
3425 3425 3.426438500918348
3426 3426 0.8023419460653036
3439 3439 1.372165003000986
3440 3440 0.7978964070955179
3441 3441 0.6498277992597483
3454 3454 1.2784484338526845
3455 3455 -0.2915241518086482
3456 3456 0.16750652368882246
3469 3469 -3.6558249643751557
3470 3470 1.4034593271509133
3471 3471 1.4199458017531894
3484 3484 0.9776604582392308
3485 3485 -1.1906571004843256
3486 3486 -3.701529930946724
3499 3499 -2.750165902573297
3500 3500 2.2861607463017446
3501 3501 -3.873738211443251
3514 3514 -3.0615599123171995
3515 3515 -0.5110236355478488
3516 3516 1.012266476327654
3529 3529 2.5318249216113013
3530 3530 -0.9563522219358207
3531 3531 -3.301370690132603
3544 3544 -0.3938651092367733
3545 3545 0.16133819439153196
3546 3546 0.7107795975806024
3559 3559 0.09746621224599306
3560 3560 -2.0234221412667956
3561 3561 -2.8304149726200194
3574 3574 1.0821834464244589
3575 3575 -0.9105100370697796
3576 3576 -3.550112287564513
3589 3589 0.9443240581962522
3590 3590 -3.5450553418980535
3591 3591 -3.5007095351759725
3604 3604 3.8806590039235846
3605 3605 -2.52708061871777
3606 3606 2.2533894188033683
3619 3619 -2.29607345086726
3620 3620 -0.4049056141254388
3621 3621 -2.8233970643939097
3634 3634 0.517310825089174
3635 3635 -1.873367643861136
3636 3636 1.2375611810851943
3649 3649 3.577421452980489
3650 3650 0.5113698448203232
3651 3651 0.1703120712597821
3664 3664 0.6630371292618698
3665 3665 2.9172117344109676
3666 3666 1.909880316091666
3679 3679 2.1309782368617585
3680 3680 1.457239229109267
3681 3681 -2.590412750044452
3694 3694 0.7073747545247562
3695 3695 3.128572181929261
3696 3696 3.020066376142493
3709 3709 -2.6096578533792254
3710 3710 1.4083399302206328
3711 3711 3.4211665935244904
3724 3724 -1.4438918992121375
3725 3725 -2.4858034443046044
3726 3726 3.043886757834457
3739 3739 2.685276472591654
3740 3740 -1.6989091095635365
3741 3741 1.4818794721985284
3754 3754 0.4097983588166825
3755 3755 0.13332514795607597
3756 3756 -2.7491479783974944
3769 3769 -2.5267690272385694
3770 3770 1.470245151431687
3771 3771 0.5043583093070474
3784 3784 3.947036025737396
3785 3785 1.6328166834768636
3786 3786 3.52918474534708
3799 3799 -1.3375580206767763
3800 3800 -2.4958984539305256
3801 3801 3.2925422078417546
3814 3814 3.247405495469116
3815 3815 -1.4709134730511266
3816 3816 3.7785303791440006
3829 3829 -3.9777025227895795
3830 3830 -0.4113835558821419
3831 3831 -2.6777646609114125
3844 3844 0.6631795022169644
3845 3845 1.5013777817396416
3846 3846 1.5518395587578615
3859 3859 -1.4305134355971294
3860 3860 -0.3062445086579588
3861 3861 -2.820539382967036
3874 3874 -2.121152486387672
3875 3875 -2.407372190393102
3876 3876 -1.6444787836747068
3889 3889 3.6443015201444915
3890 3890 3.4886032680102046
3891 3891 0.1230708265949163
603 604 -0.0009481116951217672
603 618 -0.4384266712410487
603 3484 -0.17282571736155772
603 3499 -0.04157337517252491
603 3514 -0.2932651277801015
603 3529 0.1440266395813956
604 605 -0.6270981404592018
604 619 0.709993312290323
604 3664 0.8309815838267234
604 3679 -0.9954612497594928
604 3694 0.13428838882812544
604 3709 0.9791011665347813
605 620 0.25288758788938037
605 3844 0.981553040242555
605 3859 -0.4294985946974492
605 3874 -0.1439334697668957
605 3889 -0.30068720450059305
618 619 -0.19629069140503042
618 3484 -0.8868164373542204
618 3499 -0.17333572282760756
618 3514 0.8622726229001589
618 3529 -0.6238367865297376
619 620 0.2068847284355586
619 3664 -0.24504545511835163
619 3679 -0.9360304677194908
619 3694 -0.6091523345998697
619 3709 -0.5942552370488945
620 3844 -0.09971475597022494
620 3859 -0.6975809422826964
620 3874 0.2926217677241809
620 3889 -0.23360061953765188
633 634 0.6632329269194748
633 648 0.6023883328500286
633 3424 -0.6575849024149838
633 3439 -0.9299862141027702
633 3454 -0.3149520422767056
633 3469 0.010876357253795543
633 3484 -0.6490152616309726
633 3499 -0.05958820849722879
633 3514 0.9226707958436988
633 3529 -0.35655446287816606
634 635 -0.28914264635403564
634 649 -0.09886642862462303
634 3604 -0.6870200066755003
634 3619 0.8002130180847831
634 3634 0.9391547526400426
634 3649 0.4556014525001473
634 3664 0.4049679556855512
634 3679 0.2570657897302393
634 3694 -0.6568256798210397
634 3709 0.910665543430422
635 650 0.2916818748436043
635 3784 0.7088174315276992
635 3799 0.34820459305909357
635 3814 -0.5290943088613134
635 3829 0.48548592964771853
635 3844 0.1233705933703233
635 3859 -0.236506819309668
635 3874 0.20861172782723147
635 3889 -0.1945159821626874
648 649 0.9688694281880037
648 3424 0.43259819392177956
648 3439 -0.5051884192885685
648 3454 0.8272689017645984
648 3469 0.7603585552218417
648 3484 -0.7897837368685907
648 3499 0.8669367332684779
648 3514 0.30342312349963674
648 3529 0.39667029462546344
649 650 0.15106959314949986
649 3604 -0.8425883109266827
649 3619 0.2654297990622809
649 3634 -0.6188208000161473
649 3649 0.49441011119988243
649 3664 0.21067932285993773
649 3679 0.3671123716269533
649 3694 0.1863337472541129
649 3709 0.3767040669936945
650 3784 -0.7503636147002168
650 3799 0.8481881971332688
650 3814 0.8574062647647354
650 3829 -0.5460501721510012
650 3844 -0.08061773590675059
650 3859 -0.18113155703074324
650 3874 0.09060065250555982
650 3889 0.39435597629761454
663 664 0.4957901856239755
663 678 -0.29741953772029794
663 3424 -0.7583205569815175
663 3439 -0.2674757742011604
663 3454 0.07309592139101717
663 3469 0.5668842903128233
663 3484 0.14070903651967104
663 3499 -0.3574545661040198
664 665 0.7000357459785811
664 679 -0.794279052620585
664 3604 -0.03753110504752488
664 3619 -0.8174272746498661
664 3634 0.5957655628176237
664 3649 -0.033275138965764395
664 3664 0.7547916010484346
664 3679 0.18203705957024918
664 3514 0.6214079295731263
664 3529 0.06546644930281165
665 680 -0.5977887820591816
665 3784 -0.696373705483031
665 3799 0.9272100824973402
665 3814 -0.8370443776290768
665 3829 -0.5987787123804595
665 3844 -0.7967531611606349
665 3859 0.6002316062232136
665 3694 0.1269976923950058
665 3709 -0.1905877534616014
678 679 -0.7158010478317238
678 3424 -0.60959697804489
678 3439 -0.6862763062510495
678 3454 0.28040697754047916
678 3469 0.7599954366183763
678 3484 -0.5311414200377791
678 3499 -0.702412583420474
679 680 -0.198911183481415
679 3604 -0.41358863751343256
679 3619 -0.11799461362214325
679 3634 -0.9602440217682495
679 3649 0.7085473347584337
679 3664 0.37456887377854153
679 3679 -0.7098002558261756
679 3514 0.4670563486357997
679 3529 -0.743936088069137
680 3784 0.2458625493053539
680 3799 -0.211087232130577
680 3814 0.2500842238127876
680 3829 0.17846375926184033
680 3844 0.5953594274606726
680 3859 0.019583750847603998
680 3694 0.4679203371177951
680 3709 0.34634947172839126
693 694 0.8364662557359213
693 708 -0.032502631965943385
693 3424 -0.7292167616466549
693 3439 0.7285151246827082
693 3454 0.8697296186242658
693 3469 -0.1487479664068938
693 3484 0.590298639876663
693 3499 0.40983562714592536
693 3364 0.7606143636295841
693 3379 0.4464679773256597
693 3394 0.08415755958072935
693 3409 0.6171675083218884
694 695 -0.281643978295413
694 709 0.9000752369886247
694 3604 0.7103768951756995
694 3619 -0.33668286368222233
694 3634 0.7445762638075439
694 3649 -0.7780743766717977
694 3664 -0.11373098819022354
694 3679 -0.3761996197826476
694 3514 0.8044080628657446
694 3529 0.850259691714432
694 3544 0.4184440573826156
694 3559 -0.38359706821328343
694 3574 -0.5154730744966098
694 3589 0.6684458171013512
695 710 0.2048267148644347
695 3784 -0.9423369058307394
695 3799 -0.5020907577140681
695 3814 -0.05121947666816973
695 3829 0.9903902026196447
695 3844 -0.08246614502378247
695 3859 -0.14170135821252572
695 3694 -0.6500561587489517
695 3709 0.1290550567162736
695 3724 0.8678207301703704
695 3739 -0.7632177244228935
695 3754 0.31393415132729796
695 3769 -0.6867804193564135
708 709 0.5946906276781705
708 3424 0.5219385704007562
708 3439 0.7723570199837837
708 3454 -0.8162243982064905
708 3469 -0.09511979342081212
708 3484 0.49369414286071245
708 3499 0.7092651275297155
708 3364 -0.7756966147567417
708 3379 0.4216525461314433
708 3394 -0.5769163382581541
708 3409 0.8128538953516011
709 710 0.3811452329708733
709 3604 0.1587919202291419
709 3619 0.3769039800476479
709 3634 -0.08669879804192737
709 3649 -0.9282479212868879
709 3664 -0.8003111081976049
709 3679 0.8388764967317814
709 3514 -0.18568686820107527
709 3529 0.7154705541716313
709 3544 0.5771534765787631
709 3559 0.5866630744874262
709 3574 0.8816770825509477
709 3589 -0.2752127918523084
710 3784 -0.8028903030666232
710 3799 0.8042765812836365
710 3814 -0.5700537712411966
710 3829 -0.1374391953398928
710 3844 0.17996174242592033
710 3859 0.21837157369917715
710 3694 -0.3588478609093748
710 3709 -0.49140961274255757
710 3724 -0.5773774890869245
710 3739 -0.9984002481824967
710 3754 -0.2490400376450479
710 3769 0.9974169626232823
723 724 -0.24501839093955868
723 738 0.9087857901677001
723 3424 0.30856559661223915
723 3439 0.05404727034685286
723 3364 -0.0530111007363836
723 3379 -0.7033689199746742
723 3394 0.001730366569316466
723 3409 -0.291190253262791
724 725 0.4629337924944785
724 739 0.23608126759814607
724 3604 0.14371653162474152
724 3619 0.48349361131476987
724 3454 0.0500784985860967
724 3469 0.0949501304117144
724 3484 0.27712146718383535
724 3499 -0.7894019379099437
724 3514 0.07372661938656089
724 3529 -0.7046253995301801
724 3544 0.8931910476688669
724 3559 -0.6244054698966368
724 3574 0.7693545748882527
724 3589 -0.18157270410946214
725 740 0.037019958102661565
725 3784 -0.2507598250772525
725 3799 -0.5544333655379035
725 3634 -0.4297606664297986
725 3649 0.5657665241051679
725 3664 0.4518831388237836
725 3679 -0.43406325230315757
725 3694 0.5044559926485486
725 3709 0.9844103212566553
725 3724 -0.9958487598382122
725 3739 -0.2131154370272681
725 3754 -0.861763500458735
725 3769 0.9241104082242304
738 739 0.26338654640185744
738 3424 -0.021633358631452992
738 3439 -0.5902783642295333
738 3364 0.9557730397769433
738 3379 0.9443910983920749
738 3394 0.16129796318531686
738 3409 -0.6200520020863514
739 740 0.273274392370525
739 3604 0.443304505882119
739 3619 0.692898641476386
739 3454 0.5648866295686348
739 3469 -0.7797066899677918
739 3484 -0.1989033459028502
739 3499 -0.0903407851769491
739 3514 0.3500296458531402
739 3529 -0.1577426060677125
739 3544 -0.8323802522408235
739 3559 0.27982227385914227
739 3574 -0.5869922428362848
739 3589 0.4803863925684706
740 3784 0.6136766593320051
740 3799 0.402574609074285
740 3634 -0.9992110423780043
740 3649 0.6419702657026429
740 3664 -0.7018683058465247
740 3679 0.2974147577454589
740 3694 -0.7923224207712944
740 3709 -0.7678798236274891
740 3724 0.5744739221976616
740 3739 0.31611685398607725
740 3754 0.9438898948032282
740 3769 0.5170205403712145
753 754 0.6747892805353211
753 768 0.7308771562527838
753 3424 0.47032301487385353
753 3439 -0.5640914267162704
753 3364 -0.10722410370574531
753 3379 -0.9329186632982855
753 3394 0.2682166758896536
753 3409 0.5006046094359575
754 755 -0.67589193365049
754 769 0.3219917256574276
754 3604 0.8776747542830052
754 3619 0.6971465270536512
754 3454 0.35052086078523503
754 3469 0.015934550356722532
754 3485 -0.6162911641845821
754 3500 -0.3793508373368206
754 3515 -0.5098672779595776
754 3530 0.4362497594750878
754 3544 -0.7458185988425221
754 3559 0.12038376994330102
754 3574 0.6388941444178751
754 3589 -0.5064944391189232
755 770 -0.46133590653533174
755 3784 -0.5963987846082066
755 3799 0.847836037793738
755 3634 -0.013418069623399864
755 3649 -0.5628986799226303
755 3665 0.7905414059086044
755 3680 -0.8639533684822025
755 3695 -0.5336608137729999
755 3710 -0.8769366620588956
755 3724 -0.6433908078210844
755 3739 -0.5881171612314937
755 3754 0.6486100882030412
755 3769 0.7336681635602653
768 769 0.627899671616003
768 3424 -0.55376062970076
768 3439 -0.5710099633328491
768 3364 -0.16900281798667938
768 3379 -0.7272592769679487
768 3394 -0.7140427946713501
768 3409 -0.5380180593975252
769 770 -0.7494106491619461
769 3604 0.8187890904570809
769 3619 -0.9528563156623668
769 3454 -0.5282421640569126
769 3469 -0.6561674915934725
769 3485 -0.7751288445830118
769 3500 0.05599229374463732
769 3515 -0.7179716654433013
769 3530 0.2243030042017211
769 3544 -0.5584379799300903
769 3559 0.12235638767934476
769 3574 0.9537438079147791
769 3589 0.2855241124248684
770 3784 0.24990341650505843
770 3799 0.4071518353431711
770 3634 0.22948980698374144
770 3649 -0.30123393438026036
770 3665 -0.6301684664466687
770 3680 -0.588676773286708
770 3695 0.5515253424234454
770 3710 -0.3830724355546069
770 3724 0.949920465842931
770 3739 0.4867598919194449
770 3754 -0.15844005641872827
770 3769 0.549509682908242
783 784 -0.33721112405313813
783 798 -0.5811489296533032
783 3424 -0.9661371270596479
783 3439 -0.6558384368803647
783 3454 -0.16371401999385782
783 3469 -0.07455838045905372
783 3485 0.11919304471047987
783 3500 0.8856303785289308
783 3515 -0.27659354484235465
783 3530 -0.6802824661795432
783 3544 0.30351040607272073
783 3559 -0.3058751699228781
783 3394 0.7065400144924656
783 3409 0.03982369578027889
784 785 0.8248045033401827
784 799 -0.26279367859667624
784 3604 -0.9415644557151535
784 3619 0.08496723239551951
784 3634 0.8358016082081516
784 3649 -0.4741032047650138
784 3665 -0.6177020876450801
784 3680 -0.8593915245526844
784 3695 -0.4699449648380434
784 3710 -0.32319936651055414
784 3724 0.5210108184030786
784 3739 0.31275361808562674
784 3574 0.6900336998395287
784 3589 0.1290818087366854
785 800 0.41620821394901064
785 3784 -0.9563087016046319
785 3799 0.4052717983222933
785 3814 -0.9398391600266802
785 3829 -0.5733214525900197
785 3845 -0.45364983514113577
785 3860 0.3976366375948659
785 3875 0.6377545410923049
785 3890 -0.2762736980958693
785 3754 0.6685352391239332
785 3769 0.7215592342371098
798 799 0.5014543738805244
798 3424 -0.033238274699625814
798 3439 0.8349323459697993
798 3454 0.7453624903180587
798 3469 -0.035891768676711955
798 3485 -0.8639316372180992
798 3500 -0.4754414636349893
798 3515 -0.15568983149749305
798 3530 -0.05144298873169051
798 3544 0.04967522178764705
798 3559 -0.8398288885026977
798 3394 0.5880404634203236
798 3409 0.1145177216818587
799 800 -0.46701938484218997
799 3604 -0.586278423847781
799 3619 0.47379322223036446
799 3634 -0.7687537275452205
799 3649 -0.7660715336233497
799 3665 -0.2388764940827135
799 3680 -0.34411606472023637
799 3695 0.08032755137028147
799 3710 -0.5768685594532741
799 3724 0.007002733802683236
799 3739 -0.3536199473383672
799 3574 -0.48482478927285966
799 3589 -0.20708023655256658
800 3784 -0.34339017558259455
800 3799 0.8281789105550861
800 3814 -0.7174845730199766
800 3829 -0.9801647681772372
800 3845 0.06206414877528954
800 3860 -0.5451610797640349
800 3875 -0.002186245922939589
800 3890 0.6892273619709011
800 3754 -0.9058963226279948
800 3769 -0.5561523648688342
813 814 -0.8782002871679246
813 828 -0.4304584322587417
813 3425 0.08311800437097427
813 3440 0.8412430738975025
813 3455 -0.9516308583870603
813 3470 -0.9942254757313296
813 3485 0.5986188155930177
813 3500 -0.7451280278876167
813 3515 0.9994307403107949
813 3530 -0.4386570776974399
813 3544 -0.46576882908096606
813 3559 -0.7302832400747525
813 3394 -0.6242849291087453
813 3409 -0.21925659635658867
814 815 -0.38428775287918904
814 829 0.2210385685978684
814 3605 -0.2989743545835921
814 3620 -0.5318151690137449
814 3635 0.045696608460661814
814 3650 0.6276289332822853
814 3665 0.31750199177714933
814 3680 0.28304496658789535
814 3695 -0.020923182957055975
814 3710 -0.014810160220618984
814 3724 -0.19827144631290095
814 3739 0.9730054052820987
814 3574 -0.396658161501072
814 3589 -0.5896511764861672
815 830 -0.11492421338481762
815 3785 -0.14868133172648101
815 3800 -0.6877147512516715
815 3815 0.567004008917861
815 3830 -0.12178545940065488
815 3845 0.9580872674316514
815 3860 -0.8198728402992412
815 3875 -0.3055722562086538
815 3890 0.2525256713902473
815 3754 -0.7300756070204082
815 3769 0.8837032318985121
828 829 0.7126711051321328
828 3425 -0.5684786210325772
828 3440 0.450622739957361
828 3455 -0.12908374246900745
828 3470 0.6094908326482364
828 3485 0.08208325416795237
828 3500 -0.06042013580111183
828 3515 0.5948498116349674
828 3530 -0.14201796200307948
828 3544 0.9481314206235214
828 3559 -0.5039217159039147
828 3394 0.9558888258420071
828 3409 -0.9742476631205235
829 830 -0.013823968903452943
829 3605 0.08737780142161333
829 3620 -0.06536333752822521
829 3635 -0.5267034623268854
829 3650 -0.2326166569474617
829 3665 -0.647405958956218
829 3680 -0.1123490995149683
829 3695 0.8310519195092279
829 3710 0.37707667014023594
829 3724 -0.5483247000756415
829 3739 -0.3977024887456666
829 3574 0.40773630323951626
829 3589 -0.9855797950021294
830 3785 -0.4886022998531574
830 3800 0.8630776274706096
830 3815 0.7160581025054928
830 3830 -0.2055229906164493
830 3845 0.36070348626740967
830 3860 0.5804432254756944
830 3875 0.8193571829459856
830 3890 -0.5214264560549704
830 3754 0.6425586156528318
830 3769 0.9486188144478271
843 844 -0.5278476218032839
843 858 0.8897981459684268
843 3425 -0.5582772072281088
843 3440 0.9736135961264114
843 3455 0.3434356386230881
843 3470 0.9170604858903904
843 3485 -0.1409279121796425
843 3500 0.2152054875477858
843 3364 -0.3999300169263238
843 3379 0.8254914129864508
843 3394 0.14655935013241272
843 3409 -0.3812679916043302
844 845 -0.796471278754805
844 859 0.5799339675943682
844 3605 0.13745078288712165
844 3620 -0.7639304208334745
844 3635 -0.6850686021184955
844 3650 -0.8372862420792793
844 3665 -0.27808427706809224
844 3680 -0.6097218298644635
844 3515 0.11665640781690434
844 3530 0.7250435269657718
844 3544 0.040324544573119514
844 3559 -0.5665705367933109
844 3574 -0.32120834836907997
844 3589 -0.7230484907077375
845 860 -0.8284016909918941
845 3785 0.14873039967230617
845 3800 -0.34767061967011914
845 3815 -0.6542720047370025
845 3830 0.16662992948330047
845 3845 -0.23375819356937866
845 3860 0.29125735691821597
845 3695 -0.3820036653454679
845 3710 0.31038285667189514
845 3724 -0.8866051850878072
845 3739 0.5218980251926559
845 3754 0.11591807117484554
845 3769 -0.2132878606146933
858 859 0.9220999171423796
858 3425 0.4178873038561013
858 3440 0.6637579614087328
858 3455 -0.4942867069658965
858 3470 -0.1312838273796324
858 3485 0.6971693132248009
858 3500 -0.13497461334316108
858 3364 0.7465685075485207
858 3379 0.11838612642660884
858 3394 -0.06452572123132327
858 3409 -0.08393567580854921
859 860 -0.20982420908390753
859 3605 -0.9557326392085206
859 3620 0.6067991468165725
859 3635 0.2323673519338485
859 3650 0.8956837481263824
859 3665 0.7073008501636562
859 3680 0.37596947326134633
859 3515 -0.627426891429099
859 3530 0.6659393718584501
859 3544 -0.44827582144685607
859 3559 0.6377607680914226
859 3574 -0.27262156958502204
859 3589 0.4068403536252241
860 3785 -0.06521652861671323
860 3800 0.5217874123762583
860 3815 0.31306599773138877
860 3830 -0.011762138902048358
860 3845 0.1279040979055337
860 3860 -0.25854746113986415
860 3695 0.39847855945651656
860 3710 -0.14125962239886913
860 3724 -0.8983753015062572
860 3739 0.14532731783408348
860 3754 0.3818129312256884
860 3769 0.13823198569240702
873 874 -0.3444172260332412
873 888 0.9854425204350685
873 3425 -0.026114732344364233
873 3440 -0.2695927346707867
873 3455 -0.6775531416348157
873 3470 0.6625486955633755
873 3485 0.7437370663530984
873 3500 -0.6498382032342616
873 3365 -0.76950632688717
873 3380 0.40513698656571595
873 3395 0.3332189956124487
873 3410 0.04888251354332729
874 875 -0.27682250825293164
874 889 -0.873706180714265
874 3605 0.8665512096862527
874 3620 -0.6051302263216729
874 3635 -0.8868756363591561
874 3650 -0.8063658188652145
874 3665 -0.8655525590407451
874 3680 -0.17184444669659937
874 3515 -0.16264207684532228
874 3530 -0.3842445408032129
874 3545 0.7517141451828355
874 3560 0.6953959696334282
874 3575 -0.4628442912646622
874 3590 0.5353870387237274
875 890 -0.6198485265694229
875 3785 -0.8765357238661253
875 3800 0.4081413932726168
875 3815 -0.6660845950841519
875 3830 -0.4783306276487935
875 3845 -0.6101455917851921
875 3860 -0.8800331860331247
875 3695 0.8026377186123492
875 3710 0.09055453152029114
875 3725 0.09621005397929516
875 3740 0.09416840905573642
875 3755 -0.42263119336773025
875 3770 -0.7424723026139477
888 889 0.531725617650012
888 3425 0.9013559970056639
888 3440 0.5885904803553159
888 3455 -0.44172245904679786
888 3470 0.07972876678858243
888 3485 0.7150519805912283
888 3500 -0.9220831208346898
888 3365 0.3855060611059249
888 3380 0.47543469387446224
888 3395 0.024437372861468853
888 3410 -0.8604565343241701
889 890 0.47169737369984777
889 3605 -0.06635065846707655
889 3620 -0.7394698812157279
889 3635 -0.1553935388369887
889 3650 0.5697473886148312
889 3665 -0.8566602381912574
889 3680 0.9681452106332911
889 3515 0.7140869688827141
889 3530 0.4902713962712859
889 3545 0.7507982710195846
889 3560 -0.7656713028811297
889 3575 -0.13461938594789435
889 3590 -0.35966949238934354
890 3785 0.27224038857328026
890 3800 0.8636240341198258
890 3815 -0.5808502652504381
890 3830 0.6761858125027571
890 3845 -0.06623606336075838
890 3860 0.20284349428823822
890 3695 -0.5510847081479358
890 3710 -0.2354566208969613
890 3725 -0.018595118256039322
890 3740 0.4967209204585057
890 3755 0.25703015916748906
890 3770 -0.1974928599001684
903 904 0.024427100001158886
903 918 -0.08406964366424408
903 3425 -0.8244041861407541
903 3440 -0.796942995533648
903 3365 0.3794790495667133
903 3380 0.751761783866203
903 3395 0.8341779129623412
903 3410 0.6853089838619277
904 905 -0.6209359195936024
904 919 0.5915760884829253
904 3605 -0.8239387815013657
904 3620 0.2017239989408226
904 3455 -0.37002516782316786
904 3470 -0.3406845022547733
904 3485 0.1887240562573107
904 3500 -0.930360134008235
904 3515 -0.8988850155955657
904 3530 -0.9835621742462377
904 3545 0.7739210163448587
904 3560 0.5497984517521457
904 3575 -0.12895639657218494
904 3590 0.04692994524674199
905 920 -0.30815923896526787
905 3785 0.7111351814190205
905 3800 -0.12740485066244212
905 3635 0.7602881409691462
905 3650 -0.8389771306409484
905 3665 -0.836021228347489
905 3680 -0.41231792529825273
905 3695 0.07133198572114785
905 3710 0.5533161939427194
905 3725 0.9762911445121332
905 3740 0.4788951290551968
905 3755 0.15153005377333661
905 3770 0.5955460733437263
918 919 -0.8152853285428896
918 3425 -0.028475053559738672
918 3440 -0.7598281478570803
918 3365 -0.8066370289239273
918 3380 -0.25131154240399467
918 3395 -0.1490548719689544
918 3410 -0.8386535936387234
919 920 0.36166175314803795
919 3605 0.8998989797058221
919 3620 -0.7921262045327269
919 3455 -0.8881110885510464
919 3470 -0.5567847102496486
919 3485 -0.8624538481611628
919 3500 0.17558055477878676
919 3515 -0.7811724679348437
919 3530 -0.05450104443567527
919 3545 0.9580430375945317
919 3560 0.5494270697780805
919 3575 0.5241438813347215
919 3590 0.8251929078406646
920 3785 -0.5585346054061058
920 3800 -0.8650996773503303
920 3635 -0.2675524186706315
920 3650 -0.9399239131883959
920 3665 0.7537726134751277
920 3680 -0.8187607226007068
920 3695 0.2653116411923062
920 3710 -0.8844354416410753
920 3725 -0.20637739338960048
920 3740 0.7384366076775075
920 3755 -0.532424686772327
920 3770 -0.10645230949059381
933 934 0.7225451190328773
933 948 -0.12075908089979226
933 3425 -0.5082843373636563
933 3440 0.7321081117028763
933 3365 -0.9207917724854435
933 3380 -0.3251718384783957
933 3395 -0.9956582135781895
933 3410 -0.4180629829314917
934 935 0.7405778916074268
934 949 -0.6788216002176655
934 3605 -0.8274636538016529
934 3620 -0.059987124362184785
934 3455 0.8671254576072835
934 3470 -0.8014417234808753
934 3486 -0.38232753696648314
934 3501 -0.7519732973979947
934 3516 -0.049671430553876794
934 3531 -0.5704167344827926
934 3545 0.2322907641634493
934 3560 -0.9836187714996525
934 3575 0.8000075630706462
934 3590 -0.6760358763723595
935 950 0.42553641449966917
935 3785 0.6812646185060833
935 3800 0.3417567422351544
935 3635 0.8377536514159496
935 3650 0.9877337085559779
935 3666 -0.266774701629253
935 3681 0.20150423996161293
935 3696 0.5075014451523325
935 3711 -0.9367834216133479
935 3725 -0.5313873142321683
935 3740 0.37261558651055005
935 3755 0.04832654883860754
935 3770 -0.91310806538686
948 949 -0.22892841595119462
948 3425 0.46656826220061887
948 3440 0.9918020966796062
948 3365 -0.8761162688773843
948 3380 -0.43949820136997997
948 3395 0.5675523915377632
948 3410 0.08912465965951677
949 950 -0.28310103163866596
949 3605 -0.46226677777496006
949 3620 0.716048952866774
949 3455 -0.5465582946035719
949 3470 -0.3071187139527618
949 3486 0.07230264191053615
949 3501 -0.752112639315494
949 3516 0.056217313148495984
949 3531 -0.549094948403765
949 3545 -0.9871714605282864
949 3560 0.2176867766917614
949 3575 0.05353547540863457
949 3590 -0.6867922516723051
950 3785 -0.47206312634633707
950 3800 0.5138049347757065
950 3635 0.6113807367029469
950 3650 -0.6620189799241125
950 3666 -0.09543313256878005
950 3681 -0.1800041842568989
950 3696 0.4752212536522764
950 3711 0.35222698263363306
950 3725 -0.8582534407895819
950 3740 0.767307829716293
950 3755 -0.8378480170826423
950 3770 0.0020335770921211527
963 964 0.025438120968282796
963 978 0.46005117799299144
963 3425 0.6159480143876914
963 3440 0.08985618653577543
963 3455 0.6408724570290876
963 3470 0.2805331407552716
963 3486 0.4545361671403585
963 3501 0.4498520108275421
963 3516 -0.8914410880208459
963 3531 -0.7534444915771461
963 3545 -0.7089035478263153
963 3560 -0.9332381725220402
963 3395 -0.977364508502478
963 3410 -0.5201104903091649
964 965 0.037842132048272914
964 979 -0.65756275725529
964 3605 0.05029656317855746
964 3620 0.5031301774187822
964 3635 -0.6459556502167985
964 3650 0.19143883648505744
964 3666 0.664473533786017
964 3681 -0.8125660626373488
964 3696 -0.2837799353698085
964 3711 0.171001396806308
964 3725 0.4436669047360877
964 3740 0.12821809924183825
964 3575 0.8214793481988052
964 3590 0.4132477731092503
965 980 -0.8323370973866324
965 3785 0.6102174159071887
965 3800 -0.32676876705019997
965 3815 -0.13787501220517417
965 3830 0.02416367226372773
965 3846 0.8693014245671975
965 3861 -0.227961568261158
965 3876 0.02309919584325515
965 3891 0.45132552206694276
965 3755 0.39911584609881534
965 3770 -0.1150456337719461
978 979 0.6738116781901244
978 3425 -0.14877147566495075
978 3440 -0.3942842462114693
978 3455 0.7109226323114952
978 3470 0.22120259275092358
978 3486 -0.06923406815497479
978 3501 -0.7491413702014948
978 3516 -0.4775822000062351
978 3531 0.04739095539401239
978 3545 -0.6635187893296086
978 3560 -0.16738064670674024
978 3395 0.40678759967695277
978 3410 -0.852127831543841
979 980 -0.38901601130972585
979 3605 -0.10759025913857667
979 3620 0.13186291581238474
979 3635 -0.3096127736045078
979 3650 -0.6469201761337393
979 3666 0.7881852029704841
979 3681 0.5441866417539829
979 3696 -0.9594799385495478
979 3711 -0.603739181557891
979 3725 0.9653768986364226
979 3740 -0.5466419463653409
979 3575 0.981971914033509
979 3590 -0.6461235378877292
980 3785 -0.9940219558515209
980 3800 0.18117110256053048
980 3815 -0.8656906397344091
980 3830 0.33469554123805056
980 3846 0.9075915403071875
980 3861 -0.5960870681118586
980 3876 -0.15028806245336113
980 3891 -0.3467477011893523
980 3755 0.0596125830366796
980 3770 -0.9708479184063663
993 994 -0.016675674665777906
993 1008 -0.14585216503976017
993 3426 -0.5565922058105772
993 3441 -0.9465306636174184
993 3456 -0.24619963733221506
993 3471 0.025957511001893918
993 3486 0.7616010441486878
993 3501 0.8245583988796827
993 3516 0.8893823223091657
993 3531 0.13103158500675338
993 3545 0.24262970934523032
993 3560 0.13949040787675027
993 3395 0.8556467998848047
993 3410 -0.21299671282868626
994 995 0.40676364070908466
994 1009 0.4419873422944891
994 3606 0.923539223230498
994 3621 -0.15128851263260334
994 3636 -0.2957941326241902
994 3651 -0.37979670215805394
994 3666 -0.5210628071885968
994 3681 -0.9830296028067851
994 3696 -0.8795050085343594
994 3711 -0.28207848205540764
994 3725 0.08151441604957377
994 3740 -0.29724904294222343
994 3575 -0.25525140550914105
994 3590 0.06024233307598581
995 1010 -0.7095133753834066
995 3786 0.29395330047410195
995 3801 0.40155170866167067
995 3816 0.40140167393871296
995 3831 -0.6779430246560778
995 3846 0.12800561262408516
995 3861 0.026766662710189015
995 3876 -0.4987977498878253
995 3891 0.9359034870969023
995 3755 -0.694019264655249
995 3770 0.33147412156562917
1008 1009 0.21687924998073282
1008 3426 0.1434537909719107
1008 3441 0.08379727710371587
1008 3456 -0.6679317203684692
1008 3471 0.06563004062056144
1008 3486 -0.8448505269490967
1008 3501 0.8551975155581657
1008 3516 -0.6243566067123534
1008 3531 0.048232984101965304
1008 3545 -0.12267208655643747
1008 3560 0.8789339873634057
1008 3395 -0.7674529825858212
1008 3410 0.8263347402805183
1009 1010 0.3578068757000672
1009 3606 -0.066820835848733
1009 3621 -0.14585253226229167
1009 3636 -0.6292643905867903
1009 3651 0.4335068347743445
1009 3666 -0.6904710876884352
1009 3681 0.4749147753812024
1009 3696 0.5547851885537698
1009 3711 0.8576574777194621
1009 3725 -0.3344480659451383
1009 3740 -0.9754645834163527
1009 3575 0.10257983426488759
1009 3590 -0.4872060433901382
1010 3786 0.6736332565859036
1010 3801 -0.20553652347092433
1010 3816 -0.6389625640377941
1010 3831 0.7584019929980204
1010 3846 -0.22311475100128098
1010 3861 0.25045869557153333
1010 3876 0.19033205209027804
1010 3891 -0.3747669730329559
1010 3755 0.5990072877086863
1010 3770 0.920092528576508
1023 1024 0.3277905488866937
1023 1038 0.3068106658856746
1023 3426 0.8802035580814627
1023 3441 0.8918672925292674
1023 3456 0.33730601767277846
1023 3471 0.8067466232861429
1023 3486 0.8845025399345181
1023 3501 -0.8314041478060834
1023 3365 -0.9114177913570902
1023 3380 -0.13355863810313262
1023 3395 0.3049425707531972
1023 3410 -0.2630348732840755
1024 1025 0.2671274877957406
1024 1039 -0.13432259417458425
1024 3606 -0.5299492047226946
1024 3621 -0.19939812705411142
1024 3636 0.423863608176696
1024 3651 0.9445406829751051
1024 3666 -0.8379149948422724
1024 3681 0.13717841322396795
1024 3516 0.47930153846700363
1024 3531 -0.49696135591974255
1024 3545 0.3722629909416557
1024 3560 -0.7072026639417637
1024 3575 -0.6832844456724572
1024 3590 -0.46543145755379234
1025 1040 -0.17460873289482226
1025 3786 0.2527953570598991
1025 3801 -0.11697156960276356
1025 3816 -0.22865473898379585
1025 3831 0.6156774796526006
1025 3846 -0.7532878405465322
1025 3861 -0.31963679566369074
1025 3696 -0.896225857629434
1025 3711 -0.3030985865086344
1025 3725 -0.4811051081972908
1025 3740 -0.5512619166751007
1025 3755 0.29593329340400865
1025 3770 0.5191770936799227
1038 1039 0.07223131615608569
1038 3426 0.6005856058960668
1038 3441 0.9713728748240342
1038 3456 0.5055755625101435
1038 3471 -0.5135354899029851
1038 3486 0.4573410057776637
1038 3501 -0.10376392895100883
1038 3365 0.7172906636116174
1038 3380 0.99800014660625
1038 3395 -0.040857403164099804
1038 3410 0.32036643015840527
1039 1040 -0.9696773982904505
1039 3606 0.8091508322531251
1039 3621 0.14904727223226089
1039 3636 -0.1680056711505813
1039 3651 0.9134426242314122
1039 3666 0.16460893103435748
1039 3681 0.1628105991038551
1039 3516 0.11976231374452961
1039 3531 0.007382995570065498
1039 3545 0.1840893924501723
1039 3560 0.9846922605690636
1039 3575 0.4871726340877882
1039 3590 0.05359993905412397
1040 3786 0.5798028689014312
1040 3801 -0.7218647869758326
1040 3816 0.7591235739863684
1040 3831 0.0635788250788627
1040 3846 0.5620024299523882
1040 3861 0.28308174311851575
1040 3696 -0.8137879967871566
1040 3711 -0.059994768890397454
1040 3725 0.8502898897963147
1040 3740 -0.561927397480156
1040 3755 0.5087133674802078
1040 3770 0.12905566323934714
1053 1054 -0.599784319077669
1053 1068 0.6549574930293582
1053 3426 -0.7525975182751994
1053 3441 -0.7445173792984687
1053 3456 -0.5540676056820417
1053 3471 -0.7514354348953163
1053 3486 0.5679536108709649
1053 3501 -0.7940439869444755
1053 3366 -0.9135569922258806
1053 3381 -0.3555057415416969
1053 3396 0.4643220266305452
1053 3411 0.6887543872113113
1054 1055 0.5970068001156152
1054 1069 -0.9972331786377509
1054 3606 -0.5171139154140618
1054 3621 0.8040138892595206
1054 3636 0.031126396895986064
1054 3651 -0.5124747009213166
1054 3666 0.0042790346933800905
1054 3681 -0.3255210485764206
1054 3516 -0.5880199285151708
1054 3531 0.24119902001986926
1054 3546 0.636499126633969
1054 3561 0.8311437382161517
1054 3576 0.1902760130015071
1054 3591 -0.8657156276652205
1055 1070 0.945690198898355
1055 3786 0.780214089344877
1055 3801 -0.09997667991343051
1055 3816 -0.9443974458899271
1055 3831 -0.42213888677452305
1055 3846 -0.5133443787921284
1055 3861 -0.24101883498877363
1055 3696 0.3155589029865329
1055 3711 -0.9687226188581644
1055 3726 0.5856724463745651
1055 3741 0.9730680869663966
1055 3756 -0.1283023795186622
1055 3771 -0.6443911299357079
1068 1069 0.7106160726937276
1068 3426 -0.6144595619518838
1068 3441 0.5030741553952822
1068 3456 0.39513418360557995
1068 3471 0.7016130062373391
1068 3486 -0.025723422581355848
1068 3501 0.4744912488086186
1068 3366 0.769020877137562
1068 3381 -0.24323522280281873
1068 3396 0.8385421951311092
1068 3411 -0.09893738933410079
1069 1070 0.31981103633921615
1069 3606 -0.847474103588177
1069 3621 0.12577152152226478
1069 3636 0.1421752330024153
1069 3651 -0.8064450767928928
1069 3666 -0.39753042027574637
1069 3681 0.456738509710511
1069 3516 -0.4991155078885319
1069 3531 0.7953608020226066
1069 3546 0.8894175066352963
1069 3561 -0.9673452555097599
1069 3576 0.48573616537723363
1069 3591 0.4862523038177713
1070 3786 0.7647747476892564
1070 3801 0.8503822361434314
1070 3816 -0.8230754400876736
1070 3831 0.14141960581298663
1070 3846 -0.6074724893735377
1070 3861 0.35180308334390453
1070 3696 0.1418571701572866
1070 3711 0.7189208659826809
1070 3726 0.6569170192309917
1070 3741 0.0103290177795472
1070 3756 0.529423123858924
1070 3771 -0.51643556435054
1083 1084 -0.7721627308452832
1083 1098 0.6535494217527134
1083 3426 -0.547293677048551
1083 3441 0.4596224971196041
1083 3366 -0.8412198846513108
1083 3381 0.5788087060008915
1083 3396 -0.49546607442582635
1083 3411 -0.40013910824156884
1084 1085 0.5699017253715226
1084 1099 0.4701430660731558
1084 3606 0.6584990532270796
1084 3621 0.5093908870216466
1084 3456 -0.6485166051811291
1084 3471 0.008046374744984375
1084 3486 0.06481982086286364
1084 3501 0.19782382451613034
1084 3516 -0.4940570100866881
1084 3531 0.5912641185602439
1084 3546 -0.8725635532160629
1084 3561 -0.9797603102310728
1084 3576 -0.9717800222212136
1084 3591 -0.11027599767572904
1085 1100 0.18935502605130838
1085 3786 -0.22259271704416062
1085 3801 -0.8238997558084689
1085 3636 -0.13470743282242226
1085 3651 0.8909513847288042
1085 3666 0.4535115164950565
1085 3681 -0.8071837211802497
1085 3696 0.5696146684704255
1085 3711 0.8928531558811383
1085 3726 0.196484964680411
1085 3741 -0.5584439440150086
1085 3756 0.8668301143415567
1085 3771 -0.319428702417224
1098 1099 0.6494873072836307
1098 3426 0.007224387206057115
1098 3441 0.1896573019641552
1098 3366 0.5471925950323582
1098 3381 0.5677728494976049
1098 3396 0.4973556947054698
1098 3411 -0.8905885220306904
1099 1100 -0.14456123757331119
1099 3606 -0.7724855019152064
1099 3621 -0.31383639300240906
1099 3456 0.6130079264524535
1099 3471 -0.6299466544415881
1099 3486 -0.46407992022254985
1099 3501 -0.7398641197684226
1099 3516 0.3750924010407237
1099 3531 -0.5101907148855724
1099 3546 -0.9049900665521551
1099 3561 0.8617183590684045
1099 3576 0.43288365815305707
1099 3591 0.5632710996569374
1100 3786 -0.5051670719440247
1100 3801 0.29372446227356774
1100 3636 0.6424075674285445
1100 3651 0.6897334897183638
1100 3666 -0.7513611126183701
1100 3681 -0.9100870007358524
1100 3696 0.15725826798149511
1100 3711 0.03253232783681215
1100 3726 -0.08593936116067513
1100 3741 0.6855742417146964
1100 3756 -0.29005263905230017
1100 3771 0.2645965854023107
1113 1114 0.827059105461805
1113 1128 0.0899111847370686
1113 3426 0.27263446925115753
1113 3441 -0.3471930617152674
1113 3366 -0.8666851174444763
1113 3381 -0.9635270296336751
1113 3396 0.5690878825078685
1113 3411 0.4930449351319932
1114 1115 0.6921023713974819
1114 1129 -0.026551706344147608
1114 3606 0.3444050610110576
1114 3621 0.968088898204027
1114 3456 -0.516376128849289
1114 3471 -0.5191105563438685
1114 3546 0.6735057374092546
1114 3561 -0.44395913344875026
1114 3576 0.5468122817903822
1114 3591 -0.08853923653665219
1115 1130 0.5020858640240673
1115 3786 0.1874793741103351
1115 3801 -0.2994970427897141
1115 3636 0.38499678642285806
1115 3651 0.457694637238385
1115 3726 0.33918895762889756
1115 3741 0.8065120099737737
1115 3756 -0.9760951828139255
1115 3771 0.5602325303225182
1128 1129 0.6110090585797996
1128 3426 -0.6521781830084779
1128 3441 -0.8577105652607675
1128 3366 -0.8984309745988195
1128 3381 0.5860191824550189
1128 3396 -0.3093767302897483
1128 3411 -0.40010782780668785
1129 1130 -0.8227686587550034
1129 3606 0.09923568457679433
1129 3621 0.8337276101170565
1129 3456 -0.03769928475864259
1129 3471 -0.7148118200893185
1129 3546 -0.7821942120462917
1129 3561 -0.41504969579350637
1129 3576 -0.26950606537926713
1129 3591 0.4238398006336279
1130 3786 0.2163617246194658
1130 3801 0.238181520560508
1130 3636 0.1774866340381842
1130 3651 -0.6606558097868667
1130 3726 0.29287589997645
1130 3741 -0.019634951981504445
1130 3756 0.8040569072744306
1130 3771 -0.34527880431603686
3364 3365 0.856787791903274
3364 3379 0.7679837421876523
3365 3366 -0.22164352657425468
3365 3380 0.5445985453576689
3366 3381 0.9706908786442312
3379 3380 0.47610442650098705
3380 3381 0.38707525100401097
3394 3395 0.769768323234516
3394 3409 -0.5195215022005724
3395 3396 -0.7438974977631319
3395 3410 -0.3467591192434363
3396 3411 -0.13341237862850286
3409 3410 0.9415273232710399
3410 3411 0.8335130123909271
3424 3425 -0.7084706785520662
3424 3439 -0.4830683743059436
3425 3426 0.03394150376565319
3425 3440 0.421822498872658
3426 3441 -0.593219805388099
3439 3440 0.2008456403821508
3440 3441 0.553752218621087
3454 3455 -0.31224070751851163
3454 3469 0.7251680391144284
3455 3456 -0.26015199971395964
3455 3470 -0.4454758012841551
3456 3471 0.8610349969874354
3469 3470 -0.07390419255741576
3470 3471 -0.5469462571120445
3484 3485 0.2511105156363149
3484 3499 0.37748024759689613
3485 3486 0.9980542369067713
3485 3500 -0.6379586659034284
3486 3501 0.6197231854158762
3499 3500 0.16596179089433738
3500 3501 -0.3992327129777349
3514 3515 -0.4550574381871426
3514 3529 0.700422101241952
3515 3516 0.8744482911155564
3515 3530 -0.6487065464351878
3516 3531 -0.3146511893609183
3529 3530 -0.42314061005147874
3530 3531 -0.13263857056612904
3544 3545 0.39771729458108673
3544 3559 0.823242519221576
3545 3546 -0.10096572530452175
3545 3560 -0.9325255035793689
3546 3561 0.22126953454833154
3559 3560 0.5396774740774612
3560 3561 0.5227020066995212
3574 3575 0.3124856529339619
3574 3589 -0.4511004247051149
3575 3576 0.5041967498401563
3575 3590 -0.2806127490813908
3576 3591 0.8708696929992785
3589 3590 0.8777110916696076
3590 3591 -0.9828257386464656
3604 3605 -0.1357087434105022
3604 3619 -0.5431685787377305
3605 3606 -0.0957320170119369
3605 3620 -0.07655779821521347
3606 3621 0.13784087219355978
3619 3620 0.8680042710370119
3620 3621 0.07088123974472249
3634 3635 0.28137564147471106
3634 3649 -0.01309001366279805
3635 3636 -0.7053310091349678
3635 3650 -0.5828963348657301
3636 3651 -0.05205402318328178
3649 3650 -0.8372460584015387
3650 3651 -0.8895054826869737
3664 3665 -0.2644609530398576
3664 3679 0.32986883907203546
3665 3666 -0.3115780664231367
3665 3680 0.3836966904862711
3666 3681 -0.5420522881038152
3679 3680 0.9119801700011914
3680 3681 0.46955647186841687
3694 3695 0.11783580192726473
3694 3709 0.7533006768459258
3695 3696 0.05319420081031745
3695 3710 0.872750767392467
3696 3711 0.5973718981571599
3709 3710 -0.5710697013943693
3710 3711 -0.8171092870259016
3724 3725 -0.917255473215429
3724 3739 -0.10164913466866166
3725 3726 0.3315161565383906
3725 3740 0.18335101027321787
3726 3741 -0.795022141494202
3739 3740 0.5743810539212071
3740 3741 0.16443189057644636
3754 3755 -0.9988990287682071
3754 3769 -0.8787137954920095
3755 3756 0.31221125911748193
3755 3770 0.13570071281582363
3756 3771 -0.9382840764895937
3769 3770 -0.2966182221499296
3770 3771 0.8915066992764011
3784 3785 0.8713579383473036
3784 3799 -0.05606859686253585
3785 3786 0.24393019743669053
3785 3800 0.5967207713942595
3786 3801 0.3964287870287655
3799 3800 0.7020356763757976
3800 3801 -0.4504909066704792
3814 3815 -0.11911451660288264
3814 3829 -0.0103286716557629
3815 3816 -0.5859844760409463
3815 3830 -0.8949631190152418
3816 3831 0.21609304340047308
3829 3830 -0.635897084992785
3830 3831 0.8038476905231124
3844 3845 -0.7514487431200911
3844 3859 -0.5665509858210664
3845 3846 -0.24437821488822542
3845 3860 0.48783357166371943
3846 3861 0.5532350255503398
3859 3860 -0.2101094086379387
3860 3861 -0.6428872797446534
3874 3875 0.3058630976336787
3874 3889 -0.014718098312894279
3875 3876 0.06641693424987438
3875 3890 0.5148140838116009
3876 3891 -0.17282930988234724
3889 3890 0.7856904720331113
3890 3891 -0.8555479630565483
