# 
603 603 -1.9785547848830713
604 604 -3.443923386657376
605 605 3.6553150049874006
618 618 -3.6938775547911646
619 619 2.9153424880937804
620 620 2.1115844462495614
633 633 3.7897826645981736
634 634 3.7551154502495994
635 635 2.22729886445466
648 648 -1.0958744302712269
649 649 -3.854132676464851
650 650 -1.6844768103381718
663 663 2.739295213041233
664 664 1.8825387570674623
665 665 -3.9302600984414005
678 678 -1.190648005212573
679 679 3.4389283443911207
680 680 2.6990554600990206
693 693 0.48690648851837537
694 694 2.508325027826471
695 695 3.2234586330129824
708 708 3.585813156886161
709 709 -3.603095542339495
710 710 0.894158314412385
723 723 1.518937153093816
724 724 3.9603690317819513
725 725 2.241437774216755
738 738 1.082665043794199
739 739 2.260087786507846
740 740 3.866768316772129
753 753 0.2251896378474374
754 754 -2.552992660494988
755 755 2.75077404222732
768 768 2.9091068687077746
769 769 -2.974059528885168
770 770 -2.1277412617048688
783 783 -2.3077908537203715
784 784 -0.4407305243120483
785 785 -2.298793355031699
798 798 3.9862269911624013
799 799 -0.2882311901225174
800 800 2.658536731733074
813 813 -3.4538127732019426
814 814 -3.3251375447445213
815 815 0.8218773019801677
828 828 -2.5181187113952284
829 829 3.780325878957914
830 830 -3.7071001850704812
843 843 3.38212997222246
844 844 3.218613153277918
845 845 0.4701712999040071
858 858 -3.768205675999604
859 859 -1.5219771312620427
860 860 -3.144354789340551
873 873 -0.8984346056989745
874 874 -1.9036512918375577
875 875 2.5862417683796837
888 888 -2.063319302816055
889 889 3.6360509737113604
890 890 -3.878424456643752
903 903 2.7026023661772083
904 904 0.8206367778216599
905 905 0.6971579072057201
918 918 -2.792570395672379
919 919 -2.069399318043809
920 920 3.49603223981157
933 933 -2.5205886867878133
934 934 -0.03456371686242665
935 935 1.232062804441604
948 948 2.811989944822103
949 949 -0.21127925664208913
950 950 0.004775119357778301
963 963 0.45035201054463325
964 964 -1.3743194896546012
965 965 3.60204076153295
978 978 0.054549689713620175
979 979 -1.8304471959190662
980 980 0.5340583578499896
993 993 -3.293155470697383
994 994 2.2750218215891946
995 995 -0.05773234517450376
1008 1008 -3.7704363580764646
1009 1009 0.668127421133895
1010 1010 1.943483085843834
1023 1023 0.6495983235841329
1024 1024 3.8313316274220215
1025 1025 -1.9253414448942143
1038 1038 0.21489036970786657
1039 1039 0.4130355798532088
1040 1040 -3.0055598126923977
1053 1053 1.6331398804345927
1054 1054 -1.5768559987347377
1055 1055 -0.4589667640111674
1068 1068 -1.2192410539836693
1069 1069 1.0445996913595286
1070 1070 -2.949869196078856
1083 1083 0.7632794799632254
1084 1084 0.568191377240189
1085 1085 3.14929489493609
1098 1098 -0.708025331424901
1099 1099 3.108317766268833
1100 1100 3.7502674992598486
1113 1113 -1.6396109686910423
1114 1114 -2.7740900954007763
1115 1115 3.2872809476846347
1128 1128 -0.03634084743332622
1129 1129 3.0399375044385533
1130 1130 -1.2648326723866505
3364 3364 -3.978628693091091
3365 3365 1.862427546380757
3366 3366 -3.8740484209072825
3379 3379 1.5870478036655777
3380 3380 -2.316038874510517
3381 3381 0.8690759639395376
3394 3394 1.6407630489152067
3395 3395 0.4507455203847064
3396 3396 -1.4418193581249588
3409 3409 -3.842934073176435
3410 3410 1.6755709309492
3411 3411 -3.215820207679487
3424 3424 1.7589355422491497
3425 3425 -1.6513799934979705
3426 3426 1.9854454290281547
3439 3439 0.828574080885371
3440 3440 -0.052770346407765345
3441 3441 1.6430873454524129
3454 3454 -1.0094289234866913
3455 3455 0.5667606434397419
3456 3456 0.7756018635571724
3469 3469 -1.1121507965431086
3470 3470 -2.7346364887988255
3471 3471 0.1231617521209154
3484 3484 3.150781071712866
3485 3485 0.3552607138268291
3486 3486 1.6023710528812893
3499 3499 2.1053571040171457
3500 3500 1.5691420078924843
3501 3501 0.13065397738354534
3514 3514 -2.1895302379021366
3515 3515 -0.8001995608726107
3516 3516 0.2798726884484717
3529 3529 3.570920158771335
3530 3530 3.79889662379348
3531 3531 3.1558332479257416
3544 3544 -1.037775742839763
3545 3545 1.4117305453817854
3546 3546 -3.3734581981426137
3559 3559 1.8011244850210435
3560 3560 2.0640380311178808
3561 3561 -1.3558064387039517
3574 3574 -3.089160652379575
3575 3575 -2.606114593566512
3576 3576 -3.836132661667043
3589 3589 2.3593321444694544
3590 3590 -3.5348340885190863
3591 3591 1.8381680534507936
3604 3604 1.7748524432750674
3605 3605 0.035995759255398774
3606 3606 2.133845270317737
3619 3619 2.325168030655222
3620 3620 -2.3241178809815812
3621 3621 3.6767047908821233
3634 3634 2.0036933932155323
3635 3635 -3.1347274788595474
3636 3636 -2.26994809311181
3649 3649 -1.9084849344737842
3650 3650 -2.1601409177104403
3651 3651 3.2205881072936657
3664 3664 -0.5304726193598954
3665 3665 2.082723928526689
3666 3666 -0.7321223646445842
3679 3679 -1.382865058153456
3680 3680 3.8354835435047647
3681 3681 -2.136448409516108
3694 3694 0.4775893708499108
3695 3695 -2.1253002426711864
3696 3696 1.1911519704657465
3709 3709 1.1707576619861362
3710 3710 2.8476081399258426
3711 3711 -1.7977369765672169
3724 3724 -3.543154731913087
3725 3725 1.2442757968580338
3726 3726 0.8634486240773445
3739 3739 3.341108904644723
3740 3740 1.2526742872992935
3741 3741 1.2102110756646747
3754 3754 0.6772208984719565
3755 3755 -3.4888784798376724
3756 3756 -1.6032674907404383
3769 3769 -2.3681314384587493
3770 3770 1.3955843892342035
3771 3771 3.206170876919426
3784 3784 -0.1559997566675948
3785 3785 2.9423952454097995
3786 3786 1.359804923477526
3799 3799 2.983911800234881
3800 3800 -1.2227235790849624
3801 3801 3.250166899304598
3814 3814 1.2724574287802666
3815 3815 -1.962343753905028
3816 3816 3.174502920233076
3829 3829 3.5351579538852436
3830 3830 3.8825065910236285
3831 3831 0.8815851582202416
3844 3844 1.874008226097251
3845 3845 0.6651531109324536
3846 3846 -0.000811852147236003
3859 3859 -0.20117070244937185
3860 3860 -0.8514867892058815
3861 3861 -2.2888732378768193
3874 3874 1.368842319563826
3875 3875 3.9425909327692095
3876 3876 -3.8275730668931462
3889 3889 -0.3195937904533137
3890 3890 1.5932124688379332
3891 3891 -0.8217216963391225
603 604 0.7735954749755822
603 618 0.09012858441678562
603 3484 -0.8509645420308776
603 3499 -0.23206965413596392
603 3514 0.9300346602361449
603 3529 0.8813630960274559
604 605 -0.3352149898580974
604 619 0.3176864733253413
604 3664 0.4740755488480468
604 3679 0.32951624580774186
604 3694 0.3433524937877035
604 3709 -0.059384973394294605
605 620 0.3036876818817802
605 3844 -0.7553686314994159
605 3859 -0.4492398152263579
605 3874 -0.6507862115740433
605 3889 0.28400365349998924
618 619 0.6849884208241939
618 3484 0.946394066082549
618 3499 0.17085866950554895
618 3514 0.4245460295254342
618 3529 -0.9631538102071262
619 620 0.43792625079190484
619 3664 -0.34655301006608097
619 3679 0.2676099705714041
619 3694 -0.07318982339445657
619 3709 0.7037114150074539
620 3844 -0.4538133542037681
620 3859 0.21499541393016086
620 3874 -0.7432980090665904
620 3889 -0.9841770117791431
633 634 0.297006768504704
633 648 -0.5748875471983788
633 3424 -0.7835548222509325
633 3439 -0.1734834572642101
633 3454 -0.46069418958423136
633 3469 0.9310999471224228
633 3484 -0.2853342271057582
633 3499 -0.2660717614268584
633 3514 -0.3299856264534957
633 3529 -0.08049124037488009
634 635 -0.3104316636971931
634 649 -0.553760667764517
634 3604 -0.07438653467847667
634 3619 0.43238579284150536
634 3634 0.41207316898061275
634 3649 0.9120466474363109
634 3664 0.4836541273450994
634 3679 -0.6213209686638423
634 3694 0.4359578158041866
634 3709 0.9898387483219935
635 650 0.9976648969528441
635 3784 -0.6304125941615331
635 3799 -0.7024665810180439
635 3814 -0.848782847478663
635 3829 -0.11685931930729354
635 3844 0.11362772571024582
635 3859 -0.0749488738747881
635 3874 0.048365321016062834
635 3889 -0.4513914753189794
648 649 -0.7272668365302914
648 3424 0.17380900846627645
648 3439 -0.11476407676335576
648 3454 0.5093866534863196
648 3469 0.7953924624658077
648 3484 -0.6036964315685895
648 3499 -0.313843642629829
648 3514 -0.9337450628203516
648 3529 -0.7503206124268846
649 650 -0.02910334872982734
649 3604 0.8088023966855202
649 3619 0.2524086327419155
649 3634 -0.12328122421767818
649 3649 -0.6776890535697344
649 3664 0.6480276472867486
649 3679 0.5847707077876654
649 3694 0.23638741511425487
649 3709 0.43275780607406866
650 3784 0.2964418377601936
650 3799 -0.11373048247921491
650 3814 0.25094434723403425
650 3829 0.7307840367730154
650 3844 -0.03669878179275754
650 3859 0.7404918922479968
650 3874 -0.15925599612681474
650 3889 0.6719616642452202
663 664 -0.5150752486228645
663 678 0.7936628970260449
663 3424 0.6683376798196334
663 3439 -0.1779515796360076
663 3454 0.7269219672320331
663 3469 0.4278027261120265
663 3484 -0.21446059338160173
663 3499 0.30204736683767397
664 665 -0.6047177574412277
664 679 -0.12494333827259174
664 3604 0.7293061497338122
664 3619 -0.0886503214309935
664 3634 0.309550769426983
664 3649 -0.2708006633681639
664 3664 -0.15720395258471132
664 3679 -0.8019035324495483
664 3514 -0.4705865783591521
664 3529 -0.5748829603691412
665 680 0.057301338202793595
665 3784 0.4113509539290756
665 3799 -0.3028141653250287
665 3814 0.3022327863945027
665 3829 0.28478595229364934
665 3844 -0.8623675145950169
665 3859 0.02562407984876236
665 3694 -0.9716779886780764
665 3709 0.5331541489902163
678 679 -0.4125484303536475
678 3424 -0.36537926202631454
678 3439 -0.8683398815838512
678 3454 -0.6256431719606774
678 3469 -0.608444362543135
678 3484 0.20619240167186326
678 3499 0.972438062045252
679 680 -0.011777647353888865
679 3604 -0.6868951257027234
679 3619 0.8342739636696348
679 3634 -0.03394958942473969
679 3649 -0.8907895216760677
679 3664 0.7130310021834774
679 3679 0.3404665131506295
679 3514 0.6459903451570961
679 3529 0.23900773886029403
680 3784 0.9332606237733594
680 3799 -0.7833162618911131
680 3814 -0.5427344992095198
680 3829 0.7906447142595328
680 3844 0.14302336241364055
680 3859 -0.5499564996176494
680 3694 -0.007908313639713782
680 3709 -0.9438419911553544
693 694 0.0947020907848084
693 708 -0.26962335258293524
693 3424 0.22518866483362032
693 3439 -0.9624282008646561
693 3454 0.38561396317174945
693 3469 0.5839554835638012
693 3484 0.8937655772856044
693 3499 -0.46248512516508145
693 3364 0.23293940730926077
693 3379 0.6576191350491172
693 3394 0.35826790664558805
693 3409 0.28208318483782824
694 695 -0.238927305786518
694 709 -0.6233768510607722
694 3604 0.6766147619701255
694 3619 -0.03570405073885752
694 3634 -0.9317363520906012
694 3649 -0.37692711886349084
694 3664 0.7091519919977247
694 3679 -0.17506128410193944
694 3514 -0.8904920114833133
694 3529 -0.5000755074240557
694 3544 -0.743728617312764
694 3559 -0.7287865034047452
694 3574 0.6749419958582799
694 3589 0.6459788530274242
695 710 0.5364958435941887
695 3784 -0.04707996324452868
695 3799 -0.5119156371882307
695 3814 -0.007822452335001007
695 3829 -0.2838845826946139
695 3844 0.5356645546198786
695 3859 0.2371747027068447
695 3694 -0.8451351630689135
695 3709 -0.2949650884677053
695 3724 0.3314572070903907
695 3739 -0.9297245603291531
695 3754 -0.6201906418401357
695 3769 -0.5704765932333262
708 709 0.3543058144641271
708 3424 0.29873318050754505
708 3439 -0.30389396596392615
708 3454 0.6934868126917952
708 3469 0.6270403401273017
708 3484 -0.7981179029156893
708 3499 0.5155123802682255
708 3364 0.5334327219419275
708 3379 0.6805025601327315
708 3394 -0.5849865343291469
708 3409 -0.6803683810417875
709 710 0.8807276682561569
709 3604 0.32443675997904986
709 3619 -0.1061744084471048
709 3634 -0.020932391081065482
709 3649 0.26530016425055236
709 3664 0.31552582890421177
709 3679 0.5916154381961967
709 3514 0.5689775099960384
709 3529 -0.5441867790842692
709 3544 0.7820258075769937
709 3559 0.6651045425641269
709 3574 0.8869595209842147
709 3589 0.14568344092503516
710 3784 -0.83058052493056
710 3799 0.14390141110508226
710 3814 0.5235408215012964
710 3829 -0.08788413609603163
710 3844 0.9468543701400645
710 3859 -0.18592379132956594
710 3694 -0.19578290232856577
710 3709 0.6117586192501829
710 3724 -0.7105687183627527
710 3739 -0.9119272223010579
710 3754 0.48387226414349294
710 3769 0.103319002139181
723 724 0.5507777527677056
723 738 -0.03769588749669994
723 3424 -0.9768194441796594
723 3439 -0.10806356768429248
723 3364 -0.29018351393514963
723 3379 0.1314708866738965
723 3394 0.03771440918748725
723 3409 -0.7343722525760268
724 725 0.273609658798047
724 739 -0.5461288457328772
724 3604 0.8800973938881342
724 3619 -0.6969384983106732
724 3454 0.9295938795917349
724 3469 0.5300649868809981
724 3484 0.17188269812332124
724 3499 0.2927822621880858
724 3514 -0.5338611282875945
724 3529 0.3653886551138863
724 3544 -0.9463091486330524
724 3559 0.5805275008145085
724 3574 -0.27955763807153655
724 3589 0.49087663745910737
725 740 0.9142455323890113
725 3784 -0.8170573445005638
725 3799 -0.44808788954835843
725 3634 -0.28594295259191105
725 3649 0.7729199653391352
725 3664 0.25090552340708094
725 3679 0.2724437948646534
725 3694 0.2729808700359364
725 3709 -0.6949586735481832
725 3724 -0.8786343392036724
725 3739 0.16521551323038475
725 3754 0.29178675028099277
725 3769 0.9261315315932417
738 739 0.6018451464519428
738 3424 -0.7117265659891141
738 3439 0.46390677260084323
738 3364 0.6521387559922296
738 3379 -0.24767698961894702
738 3394 0.8800710609008835
738 3409 0.7810921239463797
739 740 0.8970365273220555
739 3604 -0.6887119861829687
739 3619 0.8299723738438178
739 3454 -0.2701686805662993
739 3469 -0.19517979350886883
739 3484 -0.6917876374714913
739 3499 0.5439524978883481
739 3514 -0.21544459717603748
739 3529 -0.05751821205613483
739 3544 0.21299001604497336
739 3559 -0.30414462218489513
739 3574 -0.6234754647961054
739 3589 -0.7709414489010336
740 3784 -0.5252029611069027
740 3799 -0.7831557976326369
740 3634 -0.6992923294422204
740 3649 0.025717213689359975
740 3664 0.6064835531642654
740 3679 0.8085026573719456
740 3694 -0.47294030491298855
740 3709 0.1898141232045878
740 3724 -0.23695192750152683
740 3739 -0.9855567446817393
740 3754 -0.8212196826988398
740 3769 -0.9117555916680866
753 754 0.3512360512555779
753 768 0.6460269508686416
753 3424 0.26317757126634045
753 3439 0.4211728830894963
753 3364 -0.40179299202055807
753 3379 0.23565126651101975
753 3394 -0.6290617068254352
753 3409 -0.6124324410486615
754 755 0.34290585773750193
754 769 0.5138012606850548
754 3604 0.5313913143238091
754 3619 -0.4313547957014363
754 3454 -0.37877336237174686
754 3469 -0.16704059014064643
754 3485 -0.2831549646412006
754 3500 -0.6282483932599068
754 3515 0.04264839975844992
754 3530 0.9157139971828321
754 3544 -0.44548112088215897
754 3559 -0.5727391037761225
754 3574 -0.1640356941676222
754 3589 0.0036582952946582203
755 770 0.7509041347125762
755 3784 -0.40566889477872414
755 3799 -0.4125011435762229
755 3634 0.5143838603986779
755 3649 -0.7695160569010635
755 3665 0.8112322532881959
755 3680 0.5671377382718985
755 3695 -0.8972463964429276
755 3710 -0.12663838988650689
755 3724 -0.5241559383453989
755 3739 0.9757952033615409
755 3754 -0.2756148565516894
755 3769 0.27254058637634704
768 769 0.2571434747858292
768 3424 -0.8906124520013112
768 3439 -0.06877554123283902
768 3364 -0.16904193875738027
768 3379 0.9169615763920007
768 3394 -0.3075234932527189
768 3409 0.40282092365471955
769 770 0.4784773108935172
769 3604 0.9114758499480828
769 3619 0.9258285769610228
769 3454 0.013978423516421534
769 3469 -0.863834104041417
769 3485 0.3187618467342326
769 3500 -0.007386057534683577
769 3515 -0.14879270194193284
769 3530 0.2789665430401238
769 3544 -0.7522141310625905
769 3559 -0.8780518896500455
769 3574 0.16510167301599177
769 3589 -0.3444997621114776
770 3784 -0.7938812946295775
770 3799 0.18332692658861482
770 3634 0.6194339113574419
770 3649 0.7031971393562848
770 3665 0.5297608607931574
770 3680 -0.02831632875046597
770 3695 0.2695930912504876
770 3710 0.24189147038797976
770 3724 0.09815732077980188
770 3739 0.9040837281054728
770 3754 -0.38410732469352893
770 3769 -0.3131484018832895
783 784 -0.3151099550914027
783 798 0.14891698740668624
783 3424 -0.769178705342811
783 3439 0.5844828861687521
783 3454 -0.2699556911908574
783 3469 0.9999501571999432
783 3485 -0.49534552637836904
783 3500 0.8159071008371719
783 3515 0.41802362176547714
783 3530 -0.42482373727724543
783 3544 -0.8728622615384978
783 3559 -0.3712302128207081
783 3394 -0.965196089868861
783 3409 -0.1730180123610332
784 785 0.4990275962450954
784 799 0.9787465548348044
784 3604 -0.42791411753162145
784 3619 -0.036071425662804746
784 3634 0.8421995422320838
784 3649 -0.700656830359671
784 3665 0.3505037373342912
784 3680 -0.44043394427875304
784 3695 0.9834268039211957
784 3710 -0.02591861350524516
784 3724 0.1414565265624923
784 3739 0.1350431522440365
784 3574 -0.918571414400557
784 3589 0.1702310206298212
785 800 -0.9141670665498445
785 3784 0.4252144425937372
785 3799 0.15230746390188465
785 3814 0.28247055621754713
785 3829 -0.42051032535471866
785 3845 -0.5082441807946931
785 3860 0.76710120338142
785 3875 0.4621640645340701
785 3890 -0.32982348803317807
785 3754 -0.5348084739719667
785 3769 -0.6351061236732003
798 799 -0.6337923090362101
798 3424 -0.8956076835157769
798 3439 -0.6775661355843783
798 3454 0.6840904958835092
798 3469 0.31219301732634563
798 3485 0.6344781241199549
798 3500 0.9617262193396696
798 3515 0.5189771547385702
798 3530 -0.22935991797582211
798 3544 0.5186708505142856
798 3559 -0.8089201549353902
798 3394 0.5855309124573207
798 3409 -0.5804733017402315
799 800 0.041726733923808546
799 3604 -0.0769623391693568
799 3619 0.057358072814329475
799 3634 -0.02631989515107458
799 3649 -0.6488518465262947
799 3665 -0.05154091058450505
799 3680 0.8644873514567619
799 3695 -0.33168135445954494
799 3710 -0.8471495803399185
799 3724 0.9930546030667984
799 3739 -0.46732053030393694
799 3574 0.5919274717893155
799 3589 -0.33537150495028234
800 3784 0.12966255874627586
800 3799 0.5550463814733577
800 3814 0.9637367946762694
800 3829 -0.9035730343223252
800 3845 -0.6328752076472381
800 3860 0.03557824131957621
800 3875 0.41162583346603543
800 3890 0.20485865157997551
800 3754 -0.3103740972987534
800 3769 -0.31357947280135345
813 814 -0.6276750578783328
813 828 -0.9403928217326893
813 3425 -0.13152038265329447
813 3440 0.07075552142297958
813 3455 -0.7629555893953206
813 3470 0.09906724680714318
813 3485 0.8991139515223865
813 3500 0.3094891015544574
813 3515 0.12113557715687584
813 3530 -0.2502085938050844
813 3544 -0.13450223553226381
813 3559 0.3384891035435289
813 3394 -0.19362317215084746
813 3409 0.33683843593551077
814 815 0.48385187893549686
814 829 -0.4371227503748498
814 3605 0.10036661446052886
814 3620 -0.5951874639927623
814 3635 0.18207464150894226
814 3650 -0.9618228419245096
814 3665 -0.2101506717125614
814 3680 -0.6832805708217933
814 3695 0.6600233149390591
814 3710 -0.7847765397688247
814 3724 0.5221869743505589
814 3739 0.3519272815272776
814 3574 0.11176978265759097
814 3589 0.7238777112769552
815 830 -0.19478025931393472
815 3785 0.2923382059112529
815 3800 0.5123116672566592
815 3815 0.8148431017918218
815 3830 0.1902872044551127
815 3845 0.3540485504698945
815 3860 0.49344259912722066
815 3875 -0.8929924609269122
815 3890 -0.3400805628372541
815 3754 -0.6725098416818398
815 3769 -0.8906854568467439
828 829 -0.37965454534965803
828 3425 0.4477111314052502
828 3440 -0.14094942258956422
828 3455 -0.5889126254553652
828 3470 -0.5505113409263189
828 3485 -0.20718804033831595
828 3500 0.2272275126268377
828 3515 -0.4679840451857791
828 3530 -0.19449094118090993
828 3544 0.5793639956999781
828 3559 0.09745684878971783
828 3394 0.9484447060527994
828 3409 -0.006184795376638297
829 830 0.15667615480208097
829 3605 0.46386655918932274
829 3620 -0.7375570544828365
829 3635 -0.5875485424956892
829 3650 0.29830522357405065
829 3665 0.30774909660924576
829 3680 0.2655219148597183
829 3695 0.18839875441578968
829 3710 0.559811156688921
829 3724 -0.5628529013478001
829 3739 0.20236334047349103
829 3574 0.07404166986218774
829 3589 -0.811777168367011
830 3785 0.2527332596166638
830 3800 -0.668636366923242
830 3815 0.25882902264992325
830 3830 0.19454683227499436
830 3845 0.46374012306112666
830 3860 0.003491966412528358
830 3875 -0.8357359292788868
830 3890 0.26456913488915745
830 3754 -0.42726457418906816
830 3769 -0.415087185406084
843 844 -0.9310742610016192
843 858 0.616121431366262
843 3425 -0.09250459482391693
843 3440 -0.7709568713218509
843 3455 0.9466517314404483
843 3470 -0.02810373334663785
843 3485 -0.3822174023559346
843 3500 0.8400978979300768
843 3364 -0.7625117168378086
843 3379 0.49251068764915296
843 3394 -0.14863658014437497
843 3409 0.07969622681958621
844 845 -0.564160703439764
844 859 -0.4067438436636863
844 3605 0.7620013436985054
844 3620 -0.6816969844931653
844 3635 -0.38724569373994866
844 3650 -0.044751546477540094
844 3665 -0.08389014985200838
844 3680 -0.6814954252367824
844 3515 0.5913975068712347
844 3530 0.5165584436070003
844 3544 0.16148240730444874
844 3559 0.4917059260077552
844 3574 -0.6532738036442141
844 3589 -0.6868445363519404
845 860 -0.4399284335164535
845 3785 -0.8040421019804822
845 3800 0.5126738235395507
845 3815 0.6287837178710318
845 3830 -0.44788352747391724
845 3845 -0.7147789441176196
845 3860 -0.7951654015294407
845 3695 0.5400259733964057
845 3710 0.10176174499775992
845 3724 -0.5387600511208332
845 3739 0.8824297340274205
845 3754 -0.46334480327839245
845 3769 0.5862228464511827
858 859 -0.35752706390638833
858 3425 0.45778316197678404
858 3440 0.2048122228174849
858 3455 0.7022997163223379
858 3470 -0.09190158588259112
858 3485 -0.9230982309382101
858 3500 -0.700574157443562
858 3364 0.26656693760436356
858 3379 -0.7522601685210661
858 3394 -0.7339970875116999
858 3409 -0.4104542139140388
859 860 -0.8495524328871216
859 3605 0.8901163954120899
859 3620 0.9195305524075339
859 3635 -0.752116636381559
859 3650 0.55757603297402
859 3665 -0.1887790128961857
859 3680 0.13463958798263187
859 3515 -0.5698344891063092
859 3530 0.6258959560577115
859 3544 -0.3702566697473797
859 3559 0.3090144397537109
859 3574 -0.32892978660134076
859 3589 -0.42012805643221585
860 3785 0.32293416430035093
860 3800 0.6136316342540196
860 3815 -0.5595697426005295
860 3830 -0.5627559586622273
860 3845 0.7969857656899564
860 3860 0.6706249905186565
860 3695 0.2805756819450398
860 3710 -0.3201725032158238
860 3724 0.3758628601452856
860 3739 0.8064131670340329
860 3754 -0.12039111408076053
860 3769 0.9587301514672455
873 874 0.6849574913470957
873 888 0.9564206736360419
873 3425 0.4509701005216109
873 3440 -0.8903276418617261
873 3455 0.5696692503735137
873 3470 0.398239838697251
873 3485 0.14665324645717015
873 3500 0.8875571278428933
873 3365 0.3151725920848456
873 3380 0.2149574673700514
873 3395 -0.3946576971741649
873 3410 -0.07903902354209857
874 875 0.7441813810037043
874 889 0.06412321944932686
874 3605 0.5601321123979082
874 3620 -0.27648933772584794
874 3635 -0.30434104527712824
874 3650 0.9371327640647149
874 3665 0.18223973978772134
874 3680 -0.35178196503003933
874 3515 0.7280734003110876
874 3530 0.6532254644261541
874 3545 0.008288672821014975
874 3560 0.4184776391337357
874 3575 0.9530463381715011
874 3590 -0.993790302319139
875 890 0.7681859067695267
875 3785 -0.3440894775339065
875 3800 0.42533189852338626
875 3815 0.581059310255178
875 3830 0.09207746424413776
875 3845 0.9282450241916951
875 3860 -0.5108931515522008
875 3695 0.3734272663549658
875 3710 -0.43691596232303365
875 3725 0.22364295830690328
875 3740 -0.7289269060351935
875 3755 -0.838574178109238
875 3770 -0.22916854038114232
888 889 0.23470827664644833
888 3425 0.8964781772625978
888 3440 -0.9367606888530362
888 3455 -0.4957956368250016
888 3470 -0.8740808401330116
888 3485 -0.3947295978704952
888 3500 0.5908339780205618
888 3365 0.9156946606438505
888 3380 0.20447423051336133
888 3395 -0.0029233941309481093
888 3410 -0.7571615831083078
889 890 -0.16951621193501576
889 3605 0.695485586487584
889 3620 0.7345470534043812
889 3635 -0.6722431502783044
889 3650 0.43763275279929204
889 3665 -0.06485339566325488
889 3680 -0.033160582327097066
889 3515 -0.948351346575605
889 3530 -0.5655979126728674
889 3545 0.8795191237041866
889 3560 -0.34194653882776493
889 3575 -0.9783027728590457
889 3590 -0.2522397382973134
890 3785 0.4046359457566928
890 3800 0.7535099297261081
890 3815 0.8634644550872896
890 3830 0.07679943493640828
890 3845 0.1414147983610381
890 3860 0.7429220667576484
890 3695 0.002794231142220216
890 3710 -0.5586522145131558
890 3725 -0.062422333444025924
890 3740 -0.6616221530137445
890 3755 -0.5642005064606959
890 3770 -0.15307866081666144
903 904 0.8179916517045487
903 918 0.016799268961037228
903 3425 -0.8476767986023004
903 3440 -0.9218066365271262
903 3365 -0.5750657795658378
903 3380 0.4521280816700297
903 3395 0.7289986372230137
903 3410 -0.892045450597932
904 905 -0.11163985289031708
904 919 0.031311884139553214
904 3605 0.6023680974834613
904 3620 -0.462214840394362
904 3455 -0.16589260301186992
904 3470 -0.6816232564619069
904 3485 -0.7154350457538605
904 3500 0.8300499715826444
904 3515 0.27924363048948675
904 3530 -0.7500483040234862
904 3545 -0.050983354352643895
904 3560 -0.5892224482962836
904 3575 0.11222501245102956
904 3590 0.6326176121885903
905 920 -0.053932523343239724
905 3785 0.8723666520628888
905 3800 -0.8620043840655427
905 3635 0.6589792116201598
905 3650 0.8330663216683634
905 3665 0.6768671337573222
905 3680 -0.3005481006305408
905 3695 -0.8760861870471477
905 3710 0.5043911616909782
905 3725 -0.9870447958768191
905 3740 0.9860394082965094
905 3755 -0.3853303357913769
905 3770 -0.6616806828087427
918 919 0.32821663023270986
918 3425 -0.5121491263300575
918 3440 0.9407305349910005
918 3365 0.28567712849356175
918 3380 -0.49429253796593864
918 3395 -0.2039973756674931
918 3410 -0.5138184907450416
919 920 0.9694903349127615
919 3605 0.9024296766019924
919 3620 0.4084449295876402
919 3455 0.14912636756087405
919 3470 0.8163746997606933
919 3485 -0.5605219421182575
919 3500 0.37329656339946427
919 3515 0.5530704872979226
919 3530 -0.1221931156856837
919 3545 0.026387237690641996
919 3560 -0.0010526017112473252
919 3575 -0.23957550110551917
919 3590 -0.43534524158540333
920 3785 0.05572591244704217
920 3800 -0.9934524712091621
920 3635 -0.07760215467199072
920 3650 -0.47619007463488616
920 3665 0.8142977270194969
920 3680 -0.5228151913864489
920 3695 -0.48981143787372017
920 3710 0.5715122370056731
920 3725 -0.3275801981918658
920 3740 -0.3785368351563425
920 3755 -0.5071309290041699
920 3770 0.8451213895761238
933 934 0.8374276827301677
933 948 -0.39617927054589375
933 3425 0.6278322150318516
933 3440 0.43222128521734726
933 3365 0.23169684597143392
933 3380 -0.6337385361217005
933 3395 -0.5424328753618777
933 3410 -0.01872976528204684
934 935 -0.5895033591356975
934 949 -0.6395585374160317
934 3605 0.2911101866240362
934 3620 -0.6901921248347656
934 3455 0.4936335310365869
934 3470 -0.6212214721891633
934 3486 -0.563490355393361
934 3501 0.9698478861335331
934 3516 0.10521082383531866
934 3531 -0.03194001838857652
934 3545 -0.9867505853200784
934 3560 -0.32891459699790015
934 3575 -0.2259584659705407
934 3590 -0.5557378777155795
935 950 0.28391294221508834
935 3785 -0.8646028574493085
935 3800 0.09174714864769418
935 3635 -0.6512836220397966
935 3650 -0.36756523214142245
935 3666 0.6883777780374207
935 3681 0.8672263477403293
935 3696 0.7574018498951212
935 3711 -0.40181241711461535
935 3725 0.8848311550927257
935 3740 -0.06807060241533702
935 3755 -0.9242059077749103
935 3770 -0.9689397463694296
948 949 -0.14720978357469217
948 3425 -0.1768005589412862
948 3440 -0.08539716296288358
948 3365 0.5636960900285652
948 3380 -0.38453746020389223
948 3395 0.2990136447697018
948 3410 0.9374598703674295
949 950 -0.19472223419213286
949 3605 -0.6415956035816015
949 3620 0.4017875148795247
949 3455 0.9688863013915594
949 3470 -0.38493784805771947
949 3486 -0.6512133747693871
949 3501 -0.3180901018427851
949 3516 0.13179594982903975
949 3531 -0.0595167553107272
949 3545 0.09149868678482465
949 3560 0.14097785768834936
949 3575 -0.30735052739618807
949 3590 -0.8491248334576238
950 3785 -0.9333319912707745
950 3800 0.2520480430876002
950 3635 0.36524153867537
950 3650 -0.5936261159854321
950 3666 -0.06847269394288169
950 3681 0.40956732731903545
950 3696 0.4373635217162952
950 3711 -0.5576614710863379
950 3725 -0.23841934238966167
950 3740 -0.7511404836447284
950 3755 -0.14414882027577036
950 3770 -0.7804319271480997
963 964 0.20509105860906662
963 978 0.5336685872592464
963 3425 -0.0856420788913752
963 3440 -0.3414447687521607
963 3455 -0.21014508594073988
963 3470 -0.7761900761853457
963 3486 -0.26472531394687415
963 3501 0.03732859076379769
963 3516 -0.6385546364766941
963 3531 0.5582062941099839
963 3545 0.34505294326918
963 3560 -0.818307177119532
963 3395 -0.7622326482956661
963 3410 0.5735369243471007
964 965 0.17329399495373532
964 979 0.1276772909271615
964 3605 -0.29869909043589304
964 3620 -0.6012295364961577
964 3635 -0.4843513198472533
964 3650 -0.8461854634188379
964 3666 -0.9414634356691951
964 3681 0.2712032267724047
964 3696 0.3035208646469709
964 3711 0.7447956207158573
964 3725 0.10255250317801146
964 3740 -0.3384110794766242
964 3575 0.2930193768436684
964 3590 0.23355593408694464
965 980 0.8754796561481268
965 3785 0.27168086460972485
965 3800 0.475629285205571
965 3815 -0.0029470543186660425
965 3830 0.2898598286411649
965 3846 -0.6941975659587571
965 3861 0.6484932093176075
965 3876 -0.9979166226507588
965 3891 -0.8442796995472124
965 3755 0.9856372934522817
965 3770 -0.8373842399985758
978 979 -0.14326029465289025
978 3425 -0.35290542362591526
978 3440 -0.20422092168190287
978 3455 0.829807296338753
978 3470 -0.6304621053323034
978 3486 -0.5754457578709196
978 3501 -0.5695326580228708
978 3516 0.7515586259493658
978 3531 0.13707036488590552
978 3545 -0.4338460261900796
978 3560 -0.08974053618646227
978 3395 -0.3118249829758468
978 3410 0.50828709851539
979 980 -0.5889060624697411
979 3605 -0.20376727680607143
979 3620 0.8527474706222007
979 3635 -0.5579976152944863
979 3650 -0.6476527781175148
979 3666 -0.3592075787902005
979 3681 -0.6207772351769905
979 3696 0.973194663347362
979 3711 0.03587441362905497
979 3725 0.12964463862701003
979 3740 0.5237477950462794
979 3575 -0.516809175200192
979 3590 -0.5195910941678783
980 3785 -0.7873530761302792
980 3800 -0.3616414486799213
980 3815 -0.03015185200059367
980 3830 0.3594677237640511
980 3846 0.4363357945601025
980 3861 -0.13816160827589852
980 3876 0.9685065452493637
980 3891 0.2872054328234006
980 3755 0.5039767234463379
980 3770 0.36424318498855346
993 994 -0.3012130728122471
993 1008 -0.4990685761073621
993 3426 -0.16935016063936303
993 3441 0.522828378878383
993 3456 -0.20118547892403593
993 3471 0.36368325404140966
993 3486 0.26645790438482386
993 3501 0.1720192287673714
993 3516 0.3052385557835453
993 3531 0.5503283315713188
993 3545 0.4670267751239858
993 3560 0.28235517003077115
993 3395 -0.6039083582285154
993 3410 -0.6742909788984512
994 995 -0.9509031944398156
994 1009 -0.8617891227233339
994 3606 -0.52534050458965
994 3621 -0.32336969355395895
994 3636 -0.7439568238196246
994 3651 0.6621825400599102
994 3666 0.05900642115881238
994 3681 -0.20744560773644394
994 3696 -0.8582289812843229
994 3711 -0.6430246205467403
994 3725 -0.15367701118979027
994 3740 0.04123844465701665
994 3575 -0.16294634173316647
994 3590 -0.23860039901543284
995 1010 0.2545295653208297
995 3786 -0.13048945579121307
995 3801 0.34805057533422823
995 3816 -0.5107593243767663
995 3831 -0.4995916626425232
995 3846 -0.44036867502205146
995 3861 -0.3780983603087431
995 3876 -0.5429142114514918
995 3891 0.1941447744392697
995 3755 0.7775368283591417
995 3770 -0.3486216098711099
1008 1009 0.2325169299971399
1008 3426 0.564522694733502
1008 3441 -0.8317988199310347
1008 3456 -0.7399459961887089
1008 3471 -0.26517567707129586
1008 3486 -0.06405815417000094
1008 3501 -0.3915130558174633
1008 3516 -0.35013893676405616
1008 3531 0.6477087382265765
1008 3545 0.20166989044559047
1008 3560 -0.19336863799482318
1008 3395 0.15778632824596084
1008 3410 0.406218813177456
1009 1010 0.6285953406098972
1009 3606 -0.6454818425845383
1009 3621 0.9911735495808192
1009 3636 -0.9889000921036755
1009 3651 0.32346607060840427
1009 3666 0.513184311632767
1009 3681 -0.41051242596513204
1009 3696 -0.323012703408619
1009 3711 0.47738945031762503
1009 3725 0.1594197884433104
1009 3740 -0.25466785511552703
1009 3575 0.09006180083683835
1009 3590 -0.28886096793601923
1010 3786 0.7226585634688647
1010 3801 -0.6602420740683139
1010 3816 -0.828921291152986
1010 3831 0.9635085410298796
1010 3846 -0.1695072513038023
1010 3861 -0.5642941193963982
1010 3876 -0.6010444072035261
1010 3891 -0.7636488127577885
1010 3755 0.922967879596428
1010 3770 -0.31163806497049684
1023 1024 0.7733356228173518
1023 1038 0.6687999417715653
1023 3426 0.16216232980281564
1023 3441 0.7658253943370485
1023 3456 -0.05546303756850457
1023 3471 -0.4704123989656239
1023 3486 0.4412440597953766
1023 3501 -0.13497657272288022
1023 3365 -0.6934932709762704
1023 3380 0.9924662255986674
1023 3395 -0.13648111594234735
1023 3410 -0.732128619886159
1024 1025 -0.5306042859129265
1024 1039 0.3715551315355998
1024 3606 -0.6649001368529619
1024 3621 -0.19561440741754632
1024 3636 -0.14149823160345143
1024 3651 -0.6965312326048652
1024 3666 -0.8037317154530061
1024 3681 -0.14160398057767365
1024 3516 -0.5904927733885288
1024 3531 0.062135500948111266
1024 3545 -0.9992269432888952
1024 3560 -0.86818512204046
1024 3575 0.04711604845051465
1024 3590 0.4657776315880271
1025 1040 -0.5347143930468639
1025 3786 0.40089472856381136
1025 3801 0.2774008474605103
1025 3816 0.27674461502831793
1025 3831 0.8881601932659771
1025 3846 -0.4656532087011931
1025 3861 -0.22191889763876604
1025 3696 -0.6544920958655618
1025 3711 -0.05348520015003788
1025 3725 0.45389129330624267
1025 3740 0.7691129771403693
1025 3755 0.5136803846296185
1025 3770 -0.8671480323415024
1038 1039 0.13750138356481956
1038 3426 0.6609314353810192
1038 3441 -0.29918268469142184
1038 3456 -0.886116575774796
1038 3471 -0.5182641963765684
1038 3486 -0.9087465033265063
1038 3501 0.36670558041895496
1038 3365 0.6846728824801396
1038 3380 -0.6245852439978028
1038 3395 -0.034620544600905356
1038 3410 0.87801646986718
1039 1040 -0.597289780796604
1039 3606 0.023840651779208466
1039 3621 -0.23982921745466101
1039 3636 -0.3852936817713193
1039 3651 -0.30107520522274744
1039 3666 -0.3405073175420277
1039 3681 -0.6496285021680148
1039 3516 -0.3883497910185685
1039 3531 0.6604108190475606
1039 3545 -0.18387544970497305
1039 3560 0.6230699076778898
1039 3575 0.08355237435154561
1039 3590 0.12072303316206145
1040 3786 0.8221401685112035
1040 3801 -0.03292086019423657
1040 3816 -0.8860357038789988
1040 3831 0.8827421398609361
1040 3846 -0.9439660677850201
1040 3861 0.11287153018762397
1040 3696 0.9964975827325275
1040 3711 -0.3665066735174163
1040 3725 0.41131412498510067
1040 3740 0.5778651326762538
1040 3755 0.3475476005569025
1040 3770 0.44467592108933207
1053 1054 0.491775923141913
1053 1068 0.2619168567910226
1053 3426 0.0038524016358219004
1053 3441 0.044866713917985024
1053 3456 -0.5860161232292103
1053 3471 -0.9086674702338993
1053 3486 -0.9552915898619516
1053 3501 -0.6558556565116487
1053 3366 0.8312074573141819
1053 3381 -0.3028230765926263
1053 3396 -0.7614207087755127
1053 3411 -0.899779516941918
1054 1055 -0.32137233986800107
1054 1069 0.8241854078936481
1054 3606 0.8637331698930566
1054 3621 -0.7777913767406837
1054 3636 -0.8163888235537535
1054 3651 0.08416676023165248
1054 3666 0.5641096268574561
1054 3681 -0.9288837871170346
1054 3516 -0.6637318985673246
1054 3531 -0.21631499596708337
1054 3546 -0.3993849638173752
1054 3561 -0.9119798340191265
1054 3576 0.5394909481516128
1054 3591 0.5586873256952616
1055 1070 -0.3077247402414103
1055 3786 -0.550093973146113
1055 3801 -0.43566046120180735
1055 3816 -0.2314337017984771
1055 3831 0.9017482404329618
1055 3846 0.4010709949980733
1055 3861 0.6256743133134199
1055 3696 -0.3783005742736225
1055 3711 -0.3572588354778041
1055 3726 -0.48212428948107333
1055 3741 0.6569477151433842
1055 3756 -0.01349582760842405
1055 3771 0.1533122116750496
1068 1069 -0.2598282134689247
1068 3426 0.6232607262395142
1068 3441 0.5562899697313968
1068 3456 -0.6437440609839462
1068 3471 0.4099663250035408
1068 3486 -0.9179518604167642
1068 3501 -0.011868428583871937
1068 3366 -0.5196777030291528
1068 3381 0.4798065463529124
1068 3396 -0.6429813268773554
1068 3411 0.4094212653418978
1069 1070 -0.9816678890212456
1069 3606 0.9142286943716136
1069 3621 0.5633814067358032
1069 3636 -0.28075179522091376
1069 3651 0.10709274488335918
1069 3666 0.5891880930548621
1069 3681 -0.3133297654184741
1069 3516 0.39561285207717156
1069 3531 0.05726976850704513
1069 3546 0.9170241997588675
1069 3561 0.8695968736831858
1069 3576 0.4698228170997987
1069 3591 -0.4927592798661693
1070 3786 0.12077307178611063
1070 3801 0.12606873043055788
1070 3816 0.6302989070855913
1070 3831 0.9004248941568536
1070 3846 -0.9372095058712944
1070 3861 -0.4870854573605614
1070 3696 -0.261967655707239
1070 3711 -0.08658768465186895
1070 3726 0.9457161700202823
1070 3741 0.3983135938792721
1070 3756 0.6250692530406641
1070 3771 0.6811456617552598
1083 1084 -0.6334538475183344
1083 1098 -0.6192085465042831
1083 3426 -0.3172960264396274
1083 3441 0.3498664241378855
1083 3366 -0.6517431834251011
1083 3381 0.2288594523066494
1083 3396 -0.5943296296002742
1083 3411 -0.5695834043201045
1084 1085 -0.2107813735902344
1084 1099 -0.6399502684929994
1084 3606 0.7200925134622063
1084 3621 0.38412764362211993
1084 3456 0.8454137951516916
1084 3471 -0.16216568136010046
1084 3486 0.6697475243766455
1084 3501 -0.7313307170626262
1084 3516 0.4452870732329208
1084 3531 0.6101868242940034
1084 3546 -0.8141972030195856
1084 3561 0.44806622034357146
1084 3576 -0.0323323083867495
1084 3591 -0.7317166174886127
1085 1100 0.4551975854314987
1085 3786 0.7334345905939506
1085 3801 0.7806234045843765
1085 3636 0.3037333137965612
1085 3651 0.995087997561485
1085 3666 -0.6948520315602931
1085 3681 0.7667055000826881
1085 3696 0.9324066061868368
1085 3711 0.1021257875545587
1085 3726 -0.8934846604525604
1085 3741 0.36369697397847944
1085 3756 0.42501881606602687
1085 3771 -0.3677043597270546
1098 1099 0.5852504744127629
1098 3426 0.3535899816178034
1098 3441 0.6045082916221096
1098 3366 -0.7295361049715341
1098 3381 0.300966834528515
1098 3396 -0.7175741145122521
1098 3411 0.5601162464258913
1099 1100 0.40358502387689965
1099 3606 0.9143110949734179
1099 3621 0.08165824505444252
1099 3456 -0.652369906673312
1099 3471 -0.00038789925227611377
1099 3486 -0.38522323431177274
1099 3501 -0.3679341055958829
1099 3516 0.2793035315721877
1099 3531 -0.5991159490561588
1099 3546 -0.301628589552958
1099 3561 -0.7775904898462425
1099 3576 0.2400112653302564
1099 3591 0.06457521249679887
1100 3786 0.17071558071682147
1100 3801 -0.13358480452915522
1100 3636 0.24851945562023015
1100 3651 -0.6387861248790376
1100 3666 0.422746425509817
1100 3681 0.8926271336207947
1100 3696 0.986215143755697
1100 3711 0.23616550976634376
1100 3726 0.7908761538926814
1100 3741 0.8410916569962807
1100 3756 0.7435506607705331
1100 3771 0.9394958246781056
1113 1114 0.47155454854527323
1113 1128 0.22851737492137203
1113 3426 0.5220604304094776
1113 3441 -0.70244265187525
1113 3366 -0.9060244987547095
1113 3381 0.9728947452509471
1113 3396 0.892575733896539
1113 3411 -0.5722527420312193
1114 1115 0.11608535086626426
1114 1129 0.23111646622533377
1114 3606 -0.06412050555824966
1114 3621 0.5056701792691156
1114 3456 0.5181635730991028
1114 3471 0.17179112192067825
1114 3546 -0.6894124210159274
1114 3561 -0.15183946073414845
1114 3576 0.0855052256368174
1114 3591 -0.5574146382144844
1115 1130 -0.3799788767289416
1115 3786 0.9950158162304537
1115 3801 0.736223497281264
1115 3636 0.6911260692797752
1115 3651 0.37011452213094476
1115 3726 -0.849675005988082
1115 3741 -0.4750361387170021
1115 3756 -0.8569569517592477
1115 3771 -0.1507009845618843
1128 1129 -0.5330218400707614
1128 3426 -0.38413568955761024
1128 3441 -0.572337687088678
1128 3366 -0.47672127211161675
1128 3381 0.9300026036538382
1128 3396 -0.5120586718933307
1128 3411 -0.4018347488402416
1129 1130 0.8984730660445568
1129 3606 -0.49805489623351473
1129 3621 0.23088581093382632
1129 3456 0.849016506135768
1129 3471 -0.5201500135479817
1129 3546 0.6320066161037596
1129 3561 0.292691490029636
1129 3576 0.5772845673938141
1129 3591 0.3710791769689985
1130 3786 -0.7528896077261977
1130 3801 0.5152108128887083
1130 3636 -0.16766834883693882
1130 3651 0.6527572465772424
1130 3726 0.15218335850939813
1130 3741 0.5529939790017906
1130 3756 0.775396141633252
1130 3771 -0.08615308330928095
3364 3365 0.4708427437864209
3364 3379 -0.41673180088488215
3365 3366 0.4297911598751534
3365 3380 -0.6572017912870449
3366 3381 -0.1953579359255253
3379 3380 -0.6348101882103889
3380 3381 -0.38822620405547514
3394 3395 0.9918012134363396
3394 3409 -0.4009512618723705
3395 3396 -0.051928162818130286
3395 3410 0.6343302252157443
3396 3411 0.9491235507333342
3409 3410 -0.6134959796119839
3410 3411 -0.31763363925621824
3424 3425 0.2471426452972907
3424 3439 -0.7832017884830569
3425 3426 -0.629517864885552
3425 3440 0.8896745430411725
3426 3441 0.35971679411464574
3439 3440 0.42208775044770697
3440 3441 0.7270233949580647
3454 3455 -0.6821241326355059
3454 3469 0.6912330793389991
3455 3456 -0.732693399843054
3455 3470 0.46828385059906763
3456 3471 -0.12416868375548806
3469 3470 0.2534128154568025
3470 3471 0.7902034292729394
3484 3485 0.67531527491338
3484 3499 0.8262457337169156
3485 3486 -0.38368721156319663
3485 3500 0.6869133961148757
3486 3501 0.19254986519067807
3499 3500 0.6479471101688212
3500 3501 -0.004008795320776581
3514 3515 0.27132124723631956
3514 3529 -0.9912173955118728
3515 3516 0.7655062100777046
3515 3530 0.31413195795094984
3516 3531 -0.7461176684036968
3529 3530 -0.9273799098851021
3530 3531 0.4992522093035714
3544 3545 0.7314833613713758
3544 3559 0.03259331429219703
3545 3546 0.6928826490623852
3545 3560 0.550280384775673
3546 3561 -0.5627383229325684
3559 3560 -0.8442599917301272
3560 3561 0.33539625056530986
3574 3575 -0.8408502023448634
3574 3589 0.19289816535092874
3575 3576 0.3252224619575703
3575 3590 0.9478227925732281
3576 3591 -0.3416698882529743
3589 3590 0.3359677602042761
3590 3591 -0.48410947666450643
3604 3605 0.07384860987878117
3604 3619 0.2076145554241311
3605 3606 -0.2971396646683031
3605 3620 0.26693576076029024
3606 3621 -0.3718141597883988
3619 3620 0.4920474288734431
3620 3621 0.9754534759935702
3634 3635 -0.7016615791888643
3634 3649 0.7517763831306024
3635 3636 0.8759328464631615
3635 3650 0.8496732529511393
3636 3651 0.5248304123705865
3649 3650 -0.9848270779765098
3650 3651 -0.6940537520573804
3664 3665 0.613211923053151
3664 3679 -0.6526541420546157
3665 3666 0.4785946694358265
3665 3680 -0.48671102404329925
3666 3681 0.5890619176538912
3679 3680 0.04511251213467249
3680 3681 -0.37999400799013916
3694 3695 -0.7768236804949755
3694 3709 -0.39503369601690896
3695 3696 -0.7083137180502475
3695 3710 0.8511245381231336
3696 3711 -0.4701956158385805
3709 3710 -0.6806491102979444
3710 3711 0.6950763671660642
3724 3725 -0.262998193903061
3724 3739 0.5761613388964162
3725 3726 0.5406740389494493
3725 3740 0.27628355487379097
3726 3741 -0.3694854213814833
3739 3740 -0.1773102262049835
3740 3741 -0.676907241584839
3754 3755 -0.4886097110252141
3754 3769 0.4270834506886918
3755 3756 -0.11897837096352637
3755 3770 -0.36773833801254474
3756 3771 0.4140097664253781
3769 3770 -0.611722146192109
3770 3771 -0.49359054280780357
3784 3785 0.7053253175343781
3784 3799 0.8506650817937711
3785 3786 -0.11191763625129236
3785 3800 0.6934817545619365
3786 3801 -0.17254832324309666
3799 3800 -0.020971306650044985
3800 3801 -0.6763860065047336
3814 3815 -0.38513283891540717
3814 3829 0.27344021577737476
3815 3816 -0.6033643125686294
3815 3830 -0.5086158583301919
3816 3831 -0.21575550098790797
3829 3830 -0.427939238688231
3830 3831 -0.7168195250110365
3844 3845 -0.17263765511047602
3844 3859 -0.15794225308155396
3845 3846 -0.9147633528257604
3845 3860 -0.18334344770574962
3846 3861 -0.15777101084003364
3859 3860 0.3602115487075097
3860 3861 0.608947339675868
3874 3875 0.47519929284565543
3874 3889 0.5289422589847181
3875 3876 0.9192010928402794
3875 3890 0.9995974739031324
3876 3891 0.2647911858072467
3889 3890 0.19913644834553934
3890 3891 0.938531253093476
