# 
603 603 -1.6455403203576022
604 604 -3.745417448595421
605 605 -1.7124855572634141
618 618 -0.789560036019826
619 619 1.3638208606496551
620 620 2.6004443801559267
633 633 2.629291956006557
634 634 -1.074353901012838
635 635 -1.2625317278539816
648 648 2.4337653878643595
649 649 0.04923538755509327
650 650 0.534165760577503
663 663 2.2190487307285682
664 664 0.12312004724999426
665 665 3.608014651715685
678 678 -1.9194647676815944
679 679 -0.4474862571098006
680 680 1.9010103988109934
693 693 -1.6053025491790276
694 694 2.397439775787097
695 695 2.7787922133040626
708 708 -1.994790681485374
709 709 -1.7270680031916417
710 710 -3.5840361305230264
723 723 2.902460433740706
724 724 -1.1645462125794817
725 725 -3.5486629582986833
738 738 -2.6119803712968332
739 739 2.9210406842537644
740 740 -3.847969483397021
753 753 -3.415309628836539
754 754 -2.9129746677979265
755 755 0.587878284383299
768 768 1.4978200942420452
769 769 0.07085033608831637
770 770 -0.7589004537346682
783 783 -3.711203514738452
784 784 3.202400502466153
785 785 3.2383526347465805
798 798 2.5354005396828967
799 799 3.1625643260760192
800 800 -1.3209374223003127
813 813 0.1763067811383836
814 814 3.7537519672876893
815 815 -3.7988273072903764
828 828 -1.368132469779483
829 829 3.0768300055244255
830 830 -1.0686739467536528
843 843 3.86036002465701
844 844 -0.8659598083083493
845 845 -2.7088405257980472
858 858 -0.3489129300466356
859 859 2.0391401219809264
860 860 -2.7903635966760474
873 873 -3.4752848029906236
874 874 -3.5026823738744444
875 875 3.027980652833894
888 888 1.494902183013438
889 889 -1.7611974488347153
890 890 -1.9304688839691089
903 903 2.099280087496342
904 904 -2.8807354500045284
905 905 -3.3503434631420648
918 918 -0.7077227841351403
919 919 -0.2687235520619602
920 920 1.0537842345460824
933 933 -3.430712352138178
934 934 -3.0819446820763945
935 935 -1.2940742352550219
948 948 -2.795746460761607
949 949 2.2372920719264124
950 950 -0.9898589733447309
963 963 2.4691387384784464
964 964 -3.3337899908805078
965 965 0.5284388841633456
978 978 -1.0654197318947372
979 979 3.7982446164202477
980 980 1.8452112926648327
993 993 -2.585042667956393
994 994 -2.1830400043416525
995 995 1.0225329129379803
1008 1008 -1.9686132638767901
1009 1009 -2.2369894504260985
1010 1010 -2.9201451907374674
1023 1023 -3.934484806035729
1024 1024 -3.8560463744911235
1025 1025 1.9896841070764406
1038 1038 1.952856904354399
1039 1039 1.8232722537586774
1040 1040 -0.167652221728825
1053 1053 2.682786344629017
1054 1054 -2.520939952726538
1055 1055 -3.5665591964692727
1068 1068 -3.339342206700814
1069 1069 3.853674598486415
1070 1070 3.6323493938124862
1083 1083 0.2216067730343081
1084 1084 -1.725758328608217
1085 1085 -3.4700189929632224
1098 1098 3.8826961252344425
1099 1099 -1.9171870227343533
1100 1100 -2.26096309024822
1113 1113 1.7701564801318401
1114 1114 2.0415574267621537
1115 1115 1.240032768849738
1128 1128 2.045191130692367
1129 1129 -1.3755258983310705
1130 1130 2.597644645370531
3364 3364 -2.591197922240947
3365 3365 -2.4195830013513504
3366 3366 1.8806644274990028
3379 3379 -3.722063782344633
3380 3380 2.4356262231666292
3381 3381 -0.3857352098498801
3394 3394 -3.8665314151610435
3395 3395 0.345199393555192
3396 3396 -2.008239850098552
3409 3409 -2.7307602072022927
3410 3410 -1.4561639828291826
3411 3411 2.5318211700695574
3424 3424 -3.907385718993474
3425 3425 2.8803072932139013
3426 3426 -0.23660019670875432
3439 3439 0.07140339898650438
3440 3440 -2.35807478573442
3441 3441 -3.7701377127377533
3454 3454 0.9072047800682643
3455 3455 1.8749809283812695
3456 3456 -0.6649742205181033
3469 3469 1.0407853319265987
3470 3470 -2.037321427253291
3471 3471 -1.558413290914328
3484 3484 0.10453685237701293
3485 3485 -1.3832691588943353
3486 3486 -0.8682925455223884
3499 3499 0.9126331325472234
3500 3500 -2.756317022448397
3501 3501 -3.1311826083366894
3514 3514 -2.688648776755687
3515 3515 3.9547681560790364
3516 3516 -3.2873981325485166
3529 3529 -3.708823266464889
3530 3530 -2.8409395575347043
3531 3531 -2.4986012599582548
3544 3544 1.1901018523778069
3545 3545 -2.120202329260075
3546 3546 -1.1001972750557103
3559 3559 0.33691704141267476
3560 3560 -0.8491636937434501
3561 3561 3.920502244982792
3574 3574 -0.722405291920369
3575 3575 2.4920297998678693
3576 3576 3.570612762116009
3589 3589 -1.9141394432843164
3590 3590 -0.4759651083261307
3591 3591 -0.5889184227266071
3604 3604 -1.0262579645235839
3605 3605 2.7492574787867268
3606 3606 3.2159610729904067
3619 3619 0.1291362959436384
3620 3620 0.7387512476533002
3621 3621 3.984568935294317
3634 3634 -2.6661600872446174
3635 3635 -0.7374495388789022
3636 3636 -3.0837092164262447
3649 3649 3.5989553048123444
3650 3650 0.44883306772211995
3651 3651 -2.017899824189638
3664 3664 -3.32807302067083
3665 3665 -3.785092792821623
3666 3666 -1.6464305638894547
3679 3679 0.4384183120754379
3680 3680 -2.330239219682733
3681 3681 2.5250844808751234
3694 3694 -0.1632599415569036
3695 3695 2.196166221817168
3696 3696 3.5930245551453446
3709 3709 -0.7542023261207529
3710 3710 0.1779837518694416
3711 3711 1.884909632904777
3724 3724 -1.3319660070759012
3725 3725 2.517535673263228
3726 3726 -1.033669754557816
3739 3739 -3.5250192704105636
3740 3740 0.3769797794727898
3741 3741 3.062133430866866
3754 3754 -2.6085253048450037
3755 3755 1.383305115146709
3756 3756 2.1189804518301036
3769 3769 1.6415791660548171
3770 3770 -2.218004254605847
3771 3771 3.6228305554817446
3784 3784 -1.2231744653063954
3785 3785 3.1265478415307433
3786 3786 -3.763922864495659
3799 3799 -0.9763071613558676
3800 3800 1.778325652084031
3801 3801 2.655427280922294
3814 3814 -3.1874645405193744
3815 3815 2.0074252990316888
3816 3816 -1.590072506620011
3829 3829 -0.9668438815855884
3830 3830 0.06117828624126975
3831 3831 0.23942938161837368
3844 3844 -1.6800384184369843
3845 3845 -2.894498428289787
3846 3846 2.528529331923502
3859 3859 -3.0039841090767068
3860 3860 -0.4334522369352447
3861 3861 -3.1991018937679137
3874 3874 0.11699313089969987
3875 3875 3.7458506723759504
3876 3876 1.941917879044384
3889 3889 1.6331335552278468
3890 3890 -3.2218618519401243
3891 3891 -2.117005970723616
603 604 0.41418328234220025
603 618 0.17290311326416785
603 3484 0.14721291197200492
603 3499 -0.14026944432288913
603 3514 -0.35098979011231113
603 3529 0.1521305349133646
604 605 0.0425910807462162
604 619 -0.21842497420746
604 3664 0.9979270275134915
604 3679 0.4842644234690596
604 3694 0.503685453865166
604 3709 -0.9055265990524424
605 620 -0.6912516713232078
605 3844 0.7014642031198104
605 3859 0.566504274220861
605 3874 -0.7442874105457604
605 3889 0.5509553589230674
618 619 0.15087622040896775
618 3484 -0.4950659872412837
618 3499 0.9840279995993879
618 3514 -0.5277926769121022
618 3529 -0.1714645794084837
619 620 -0.7055030794026114
619 3664 0.012786943972813658
619 3679 0.6844023696874444
619 3694 -0.27625960674503314
619 3709 0.5322005750164684
620 3844 0.019997535219838714
620 3859 0.9190046746984137
620 3874 0.6553839785842885
620 3889 0.2767775447066838
633 634 0.7998615524953694
633 648 0.10247401339126783
633 3424 -0.07851938202032871
633 3439 0.1018093597302665
633 3454 -0.44654540164139145
633 3469 0.3405975714926568
633 3484 -0.6232601082686462
633 3499 0.235619192937931
633 3514 -0.09775701157589434
633 3529 -0.018243622918123537
634 635 0.46310137158943476
634 649 0.014781918951785267
634 3604 0.37697803603663527
634 3619 0.16223769156270595
634 3634 0.8018829181345148
634 3649 -0.2691379384674848
634 3664 0.418408811050073
634 3679 0.2882158407232467
634 3694 0.44825359844094526
634 3709 -0.6182808952188275
635 650 -0.9221050144394742
635 3784 -0.21952900613379378
635 3799 0.45660316503440956
635 3814 0.7343739009734984
635 3829 0.9492940564402506
635 3844 -0.14391081947236484
635 3859 0.8688078174216669
635 3874 -0.6108347663445994
635 3889 -0.7559828535766155
648 649 0.6133863336927645
648 3424 0.05236863315817475
648 3439 0.5171910799067356
648 3454 -0.3477934963894713
648 3469 0.6340031915755444
648 3484 -0.33372050973863976
648 3499 -0.11320431466973147
648 3514 -0.02173423480769987
648 3529 -0.011123612526838356
649 650 -0.889469117167953
649 3604 -0.19029598568554484
649 3619 -0.017185356984579236
649 3634 0.2684037343557302
649 3649 -0.03531797774508094
649 3664 -0.8088884160888732
649 3679 0.39575371300439954
649 3694 -0.15921014996481198
649 3709 -0.833289443943791
650 3784 -0.19045638178747204
650 3799 -0.9436787494214938
650 3814 0.9502852765159155
650 3829 0.15228896365153077
650 3844 -0.46473640948906825
650 3859 -0.03573141800659663
650 3874 0.8238346198001651
650 3889 -0.9497573434775786
663 664 0.8619053840549546
663 678 0.07196471512110003
663 3424 -0.9375403366005133
663 3439 -0.6871928435859509
663 3454 0.9470992162500373
663 3469 -0.4292337301889073
663 3484 -0.6908432667617208
663 3499 0.860827203569609
664 665 0.49200829871416274
664 679 -0.930813236361552
664 3604 0.07282415305115841
664 3619 0.30447788117087904
664 3634 0.6526970073002718
664 3649 0.39757832040135166
664 3664 0.7739418440562433
664 3679 -0.4914023000114882
664 3514 0.8443803855718395
664 3529 0.2916348034564731
665 680 -0.5202699023867039
665 3784 -0.2663126314005291
665 3799 0.4668346728175956
665 3814 0.579562155568851
665 3829 -0.46992704150845177
665 3844 -0.49552452190749907
665 3859 0.044890202089006515
665 3694 0.3581294172504077
665 3709 0.6328850965503638
678 679 -0.47595487753420307
678 3424 -0.5371545272934226
678 3439 -0.5178771724293443
678 3454 -0.7310777512900541
678 3469 0.34275486571401714
678 3484 0.44107791357372217
678 3499 -0.8404881053692344
679 680 0.6399766300194816
679 3604 -0.28191595461530405
679 3619 0.8167674447649305
679 3634 0.7472740549760886
679 3649 0.9982311379368147
679 3664 -0.27226321195295067
679 3679 -0.3331322588372214
679 3514 -0.13341365709075648
679 3529 -0.22454164516340303
680 3784 -0.9152015515090177
680 3799 0.32005294420186825
680 3814 -0.44871986044531353
680 3829 -0.7288672828461042
680 3844 0.465823116435343
680 3859 -0.0949458429565011
680 3694 0.1668264662656942
680 3709 0.5661946071926804
693 694 0.41445379787498515
693 708 -0.6087482718184007
693 3424 -0.3239367274124614
693 3439 0.00453148178516094
693 3454 -0.7895524775391687
693 3469 0.9972739396263455
693 3484 0.6883675756640439
693 3499 -0.9389767368131763
693 3364 -0.20714284290723617
693 3379 0.22763391116116805
693 3394 0.183902018280931
693 3409 -0.3994579661141542
694 695 0.772877953599886
694 709 0.4385605176764573
694 3604 0.4219658744529833
694 3619 -0.6112756833893609
694 3634 -0.5185714640483692
694 3649 0.22557131617018755
694 3664 0.4140486858498722
694 3679 -0.9975140333612205
694 3514 -0.7922242743221812
694 3529 0.02454146312214811
694 3544 -0.007676645122401293
694 3559 -0.12655833692781293
694 3574 -0.4520661942440314
694 3589 -0.5470166527695397
695 710 -0.2543741716968779
695 3784 0.2553414662823814
695 3799 0.40099752911773745
695 3814 -0.9941855699102251
695 3829 0.3204373140284249
695 3844 0.2629572694982414
695 3859 0.2655103881240308
695 3694 0.8255546114748282
695 3709 0.9896953599934397
695 3724 0.2661244371841569
695 3739 0.6396154942118968
695 3754 -0.15284942517870448
695 3769 0.961513961196069
708 709 0.5129888006837675
708 3424 0.16766900772000648
708 3439 -0.4505543136872239
708 3454 -0.029699290599546124
708 3469 -0.27837632773670706
708 3484 0.734454235952331
708 3499 0.7772553905284378
708 3364 -0.5557322253246206
708 3379 0.3614554621124144
708 3394 0.8488140657238332
708 3409 0.25844719822135875
709 710 -0.16331724343901133
709 3604 -0.19805904167997146
709 3619 -0.043125171329499334
709 3634 -0.679208928045189
709 3649 -0.5060353835032705
709 3664 -0.539136646292464
709 3679 -0.852134386543671
709 3514 0.14984108064606017
709 3529 -0.4127001723394048
709 3544 -0.7503910101423474
709 3559 -0.1969511315408803
709 3574 0.6876444136556561
709 3589 0.49776274974098045
710 3784 0.8564386214460975
710 3799 0.8880922979219843
710 3814 -0.469800212992588
710 3829 -0.32197560591475805
710 3844 0.11982991325960057
710 3859 -0.619353600073747
710 3694 0.29067196167577647
710 3709 -0.5518148033078984
710 3724 -0.36796164349282545
710 3739 -0.7707400651528342
710 3754 -0.20236815342079595
710 3769 -0.9563331858401238
723 724 0.08443218852799528
723 738 -0.09298994249632786
723 3424 -0.5258005340856675
723 3439 -0.36155899674013336
723 3364 0.37058304087989224
723 3379 -0.48789829900392645
723 3394 -0.2793353809670236
723 3409 0.24408541656431737
724 725 -0.4361673900227456
724 739 0.3658195921011187
724 3604 0.5163499289538673
724 3619 0.8892752096615275
724 3454 -0.7599854791935492
724 3469 0.037173651113041384
724 3484 0.7532471462850554
724 3499 0.38425091238895304
724 3514 -0.3276962940286894
724 3529 -0.9969687464577595
724 3544 0.9317321781157477
724 3559 -0.3543849512947683
724 3574 -0.4897555626613854
724 3589 0.9994180735452516
725 740 -0.3852676872783929
725 3784 -0.5412539141769239
725 3799 -0.9638536548802052
725 3634 0.4832242486505052
725 3649 0.49930106503709526
725 3664 -0.37478576583437406
725 3679 -0.07086804293404825
725 3694 0.2857315967087093
725 3709 -0.6162292877002711
725 3724 -0.2765348097623823
725 3739 -0.6196485992679568
725 3754 0.24933408271777524
725 3769 0.1486577296522218
738 739 -0.7999401840770679
738 3424 0.7910237678538672
738 3439 -0.12807527708533795
738 3364 0.2874458202354493
738 3379 0.15747756331053742
738 3394 0.930684410705457
738 3409 0.19670075835950152
739 740 -0.5982405771737467
739 3604 0.5408906430874532
739 3619 0.3417186469938025
739 3454 -0.09324752191176522
739 3469 0.5868354125318092
739 3484 0.32046790879378917
739 3499 0.9387925319872497
739 3514 0.6096326158070728
739 3529 -0.6078439231201107
739 3544 -0.14274356074724426
739 3559 0.5530512916157582
739 3574 0.24251487014346584
739 3589 -0.6634477544931114
740 3784 0.7158656949748385
740 3799 -0.84540012919215
740 3634 -0.7789792010252685
740 3649 0.36666474012457595
740 3664 0.9234366288958156
740 3679 0.8850581476797414
740 3694 -0.8812995911615102
740 3709 -0.6138675155898001
740 3724 -0.6099411335858731
740 3739 0.09729050157602148
740 3754 -0.8924380424038445
740 3769 0.36492207870335003
753 754 0.9494323360399717
753 768 0.5596603146625907
753 3424 -0.14596014930986767
753 3439 -0.20411473113726952
753 3364 -0.8248077119064929
753 3379 -0.754127539456044
753 3394 0.8971987037510061
753 3409 0.1898300735131382
754 755 0.6207401757633102
754 769 0.7704625114297685
754 3604 -0.9665968554646802
754 3619 0.47217926325421256
754 3454 0.6590478717922581
754 3469 -0.9191995551475021
754 3485 -0.8489793328294304
754 3500 0.5731239890441553
754 3515 -0.24140224694477408
754 3530 0.5884272855724024
754 3544 0.12080553833593322
754 3559 -0.6534133274145739
754 3574 0.6939383107253541
754 3589 0.9952683630186483
755 770 0.6613999550967473
755 3784 0.9931205560761847
755 3799 -0.1987932464379003
755 3634 0.3551845581524493
755 3649 0.7181979177814142
755 3665 0.9900326396229202
755 3680 -0.7026118609659451
755 3695 0.604400364443537
755 3710 -0.45945783913695837
755 3724 -0.32737050845918847
755 3739 -0.7226962991092569
755 3754 -0.048756467611471344
755 3769 -0.4477437894668823
768 769 0.14642143706541066
768 3424 -0.5236978552605553
768 3439 0.3568003948459759
768 3364 0.35553174617802874
768 3379 -0.23448010796073593
768 3394 0.3327193305507796
768 3409 -0.6518002670801735
769 770 -0.5879341326133187
769 3604 0.5113695570270198
769 3619 0.68565155281913
769 3454 -0.4733508428152746
769 3469 -0.006617591007726631
769 3485 0.5621524977689385
769 3500 -0.7771697930420565
769 3515 -0.737523255849527
769 3530 0.9277729969927238
769 3544 0.732198488592547
769 3559 -0.886742987601375
769 3574 0.7476670459002028
769 3589 0.7671412828470481
770 3784 0.2382057817487928
770 3799 0.3291050069914707
770 3634 0.6693861200021585
770 3649 0.26749443114998517
770 3665 0.03819970261104655
770 3680 -0.8095234947313632
770 3695 -0.22481030841381222
770 3710 -0.7522918361552842
770 3724 -0.28290772868259517
770 3739 0.7163859553804697
770 3754 -0.2036944514148591
770 3769 0.24949666103915402
783 784 0.4166585154096021
783 798 -0.6112542287428946
783 3424 0.9398091831024331
783 3439 0.6835913082378622
783 3454 0.28576895822271675
783 3469 -0.9838112202501814
783 3485 0.6432807248207186
783 3500 0.20470924837428606
783 3515 0.015347369610125616
783 3530 0.2700358862260175
783 3544 0.5464158437841142
783 3559 0.0708760941901112
783 3394 0.1327333703894673
783 3409 0.09137256117099901
784 785 -0.627576236614807
784 799 0.12341905342059989
784 3604 -0.361796171521364
784 3619 -0.6762343530531179
784 3634 0.39228641678833776
784 3649 -0.939837940976207
784 3665 -0.9045057038787112
784 3680 0.7763060167157059
784 3695 0.43310782195887265
784 3710 0.2609904538381953
784 3724 -0.40230659470535657
784 3739 -0.7704036811518031
784 3574 -0.9665928727510111
784 3589 -0.6265848485042671
785 800 0.12269123568052698
785 3784 -0.18723714207093578
785 3799 0.5257249985024508
785 3814 0.42416175615658913
785 3829 -0.7188533709624636
785 3845 0.9833815391002507
785 3860 0.037078438430786065
785 3875 -0.7395079697483662
785 3890 -0.8308807009969976
785 3754 -0.7159578401191142
785 3769 -0.09094622930239016
798 799 0.2828866165731183
798 3424 -0.8753189314703507
798 3439 -0.48163859112982355
798 3454 0.7557315705507694
798 3469 0.2495581426409914
798 3485 -0.5244431733131627
798 3500 -0.6873439667284731
798 3515 -0.9578227849580527
798 3530 0.8373025899597246
798 3544 -0.9599734441520746
798 3559 0.0017584164226291943
798 3394 -0.9639941410751682
798 3409 -0.2818771700077485
799 800 -0.2907582563112774
799 3604 0.3963042321852126
799 3619 0.5541130867004964
799 3634 -0.04850587748293189
799 3649 0.73758196413592
799 3665 0.4953255369933125
799 3680 0.38173791241790034
799 3695 -0.6694239354035652
799 3710 0.26154851333570694
799 3724 0.2871405285177602
799 3739 0.36395556250598493
799 3574 0.36148482550904726
799 3589 -0.46204616394103537
800 3784 0.680220257663853
800 3799 -0.0965223896220051
800 3814 -0.6432081953612576
800 3829 0.34318215286466636
800 3845 -0.2342657225353162
800 3860 0.5910260521484323
800 3875 -0.2620744564850377
800 3890 0.39366864363606746
800 3754 -0.5928962953690251
800 3769 -0.7174235805042803
813 814 -0.3527746605579376
813 828 0.08135409007083272
813 3425 -0.4395207469294806
813 3440 -0.7282814715195662
813 3455 0.9587495138008302
813 3470 0.4436733951321927
813 3485 0.31561181322446963
813 3500 -0.6781003566462027
813 3515 -0.9148643651816133
813 3530 -0.251570007250818
813 3544 0.021430375835136406
813 3559 -0.6463564097919268
813 3394 0.43100674284349716
813 3409 -0.6656816002070345
814 815 -0.7804447597609376
814 829 0.7680194643171374
814 3605 0.900605124672125
814 3620 -0.039583366399581044
814 3635 0.9034182240590614
814 3650 -0.004654434493925663
814 3665 -0.7236389694980627
814 3680 -0.10191259208872161
814 3695 -0.7704221185314841
814 3710 -0.03994981676513376
814 3724 0.9367334500059674
814 3739 -0.7247338514282295
814 3574 0.30526894173601216
814 3589 -0.36756345059315554
815 830 0.3652769803260285
815 3785 -0.1859082112154571
815 3800 0.4213573586837427
815 3815 -0.9391335097675306
815 3830 -0.5211031503412746
815 3845 0.6595776607441992
815 3860 0.7574443316951462
815 3875 -0.6777557304031023
815 3890 0.08987732014092398
815 3754 -0.12144137653307818
815 3769 -0.3984906308834273
828 829 0.5426338207251753
828 3425 0.7389156586894596
828 3440 0.5830328688380721
828 3455 -0.9685324741963741
828 3470 0.6478892664713123
828 3485 0.09233195588876852
828 3500 0.7054378759501136
828 3515 -0.050241153596520594
828 3530 0.4838093262447982
828 3544 -0.2267140609025715
828 3559 -0.4432142451383816
828 3394 -0.7367722665611107
828 3409 -0.8552667829421183
829 830 -0.16781995143737727
829 3605 -0.7668728281529829
829 3620 0.05946103350325371
829 3635 0.6588213587790086
829 3650 -0.7944181403074748
829 3665 -0.40886934216301496
829 3680 0.9972008159890167
829 3695 0.5835282402973219
829 3710 0.5859447112589498
829 3724 0.5261593582115323
829 3739 0.6580950436036801
829 3574 -0.5452792529072232
829 3589 0.5122219750943604
830 3785 -0.12195248750390797
830 3800 0.7788103852407369
830 3815 -0.1366805353454439
830 3830 -0.6745862432167273
830 3845 0.34393737564734295
830 3860 -0.9911917808399311
830 3875 0.8907496320194357
830 3890 0.20419944899351417
830 3754 -0.35388291384738335
830 3769 -0.8600742676830226
843 844 0.7375997763705833
843 858 0.14678099486525387
843 3425 -0.1263052389916317
843 3440 0.22243181316456773
843 3455 -0.6135770962810867
843 3470 -0.8303603612779524
843 3485 0.9767171524658904
843 3500 0.3606195055512309
843 3364 -0.32589381124279937
843 3379 -0.9867174980469184
843 3394 -0.672572183044696
843 3409 -0.36387897300610206
844 845 0.16615696571889393
844 859 0.036233731681948766
844 3605 -0.3486083232900108
844 3620 0.2650885805747707
844 3635 0.35222803315267015
844 3650 -0.15588634159112336
844 3665 -0.22361507126078828
844 3680 0.10876102718629777
844 3515 0.28771018056063324
844 3530 -0.7089541381845077
844 3544 0.668685656969686
844 3559 0.12775193675283214
844 3574 0.5670610717995741
844 3589 0.5337931787063632
845 860 0.14009718524379267
845 3785 0.06390936586955065
845 3800 -0.25135139007861373
845 3815 0.06252837469919581
845 3830 -0.9068306336254153
845 3845 0.180235140037301
845 3860 -0.595001244747789
845 3695 -0.0669092511932321
845 3710 0.28620504239535394
845 3724 0.5635765015214804
845 3739 0.10067858665881868
845 3754 -0.4109838101597443
845 3769 -0.8600703803026402
858 859 -0.0531568001248377
858 3425 0.5081279786196384
858 3440 -0.5829105924625184
858 3455 0.7155188212663541
858 3470 -0.19891202869188862
858 3485 -0.9432680911551135
858 3500 -0.5154061255618436
858 3364 -0.2864622916623112
858 3379 0.2906685041412207
858 3394 0.22697102674442116
858 3409 -0.05237463891104288
859 860 0.4416487117088519
859 3605 -0.002208076520106461
859 3620 0.8915638095745329
859 3635 0.12116363702213828
859 3650 0.40400572814667846
859 3665 -0.17493609640458385
859 3680 -0.6322998185444622
859 3515 0.9761342811333986
859 3530 -0.8198459627068979
859 3544 0.8869192100072836
859 3559 -0.8570155466979932
859 3574 -0.4175103996199909
859 3589 0.9161929343867745
860 3785 -0.3148734940185689
860 3800 0.040649148637132315
860 3815 -0.7561225367706588
860 3830 -0.13225787458686344
860 3845 0.8207836816966665
860 3860 -0.6677565488382005
860 3695 -0.4952064993801193
860 3710 0.009707698717142055
860 3724 0.15169627609832204
860 3739 -0.8675398449518157
860 3754 0.40997075780632297
860 3769 0.008355732448422692
873 874 0.22984066987707163
873 888 0.7180650140544069
873 3425 -0.08713426042496364
873 3440 0.3688912848113559
873 3455 -0.6402387538434067
873 3470 -0.6491883339432816
873 3485 0.3500262460837378
873 3500 -0.29629553333636127
873 3365 -0.20328658725719828
873 3380 -0.011739648003093572
873 3395 -0.5843210479790499
873 3410 -0.42326305452998025
874 875 -0.6545921997750976
874 889 0.13240535637849904
874 3605 0.39616933860918646
874 3620 -0.6316068895424993
874 3635 -0.5899808950346193
874 3650 -0.6406377887138741
874 3665 0.00019060400192350002
874 3680 -0.9397145610929774
874 3515 -0.05943466080647841
874 3530 0.8858386966498284
874 3545 0.5196265416168531
874 3560 -0.7091643778327801
874 3575 -0.34601801472225113
874 3590 -0.1801264081096785
875 890 0.38003218259375915
875 3785 0.35368413428410994
875 3800 -0.8246397650881372
875 3815 0.5081039733169941
875 3830 0.04435872457991996
875 3845 -0.18113650492955102
875 3860 -0.29542359085533065
875 3695 0.741102352982763
875 3710 -0.8901691575411221
875 3725 -0.06827744891617016
875 3740 0.06749385203981495
875 3755 0.002084118503586918
875 3770 -0.05739751187087294
888 889 -0.7054342488846748
888 3425 0.0764236017666633
888 3440 0.42047347575066385
888 3455 0.26869667017026
888 3470 0.05397688236785658
888 3485 0.9798891225111968
888 3500 0.3661106909983691
888 3365 -0.6103812455404669
888 3380 -0.2702423107025336
888 3395 0.3624315654205923
888 3410 0.6368950917248646
889 890 0.7694652969379374
889 3605 0.1926048047730533
889 3620 0.37303141491304537
889 3635 -0.3782437267199079
889 3650 -0.6751683235626813
889 3665 -0.45897536298864794
889 3680 -0.2279292748118722
889 3515 0.8065363323441752
889 3530 -0.7723874643710193
889 3545 0.44534101808775395
889 3560 0.0698571811944746
889 3575 0.47321571753756886
889 3590 0.584833193633183
890 3785 -0.2532656021019757
890 3800 0.12328422175019704
890 3815 0.33154240061329765
890 3830 0.2979560585405858
890 3845 -0.2360651737490107
890 3860 0.43847018625004064
890 3695 0.47633826613556596
890 3710 -0.9514178252452452
890 3725 -0.7731814012130456
890 3740 0.27704845246739374
890 3755 -0.3748729776938786
890 3770 -0.2102877151181637
903 904 -0.8257900682361896
903 918 -0.04449120638673287
903 3425 -0.19141737618626053
903 3440 0.03916481153209328
903 3365 -0.9588332109750015
903 3380 0.16245684241106506
903 3395 0.05732587681379231
903 3410 0.19864704844224668
904 905 -0.3296875160972095
904 919 -0.044834590740898905
904 3605 0.19879780824841076
904 3620 -0.59643741355484
904 3455 -0.20310838656528363
904 3470 -0.17657013505193064
904 3485 0.16008665801789812
904 3500 -0.5194561183880919
904 3515 0.7996810210011285
904 3530 0.3012062149781567
904 3545 0.20594367278472125
904 3560 -0.9024757947606696
904 3575 0.04285459496698474
904 3590 0.6309294561762442
905 920 0.2194224611325719
905 3785 -0.49773100196185904
905 3800 0.44912458260386834
905 3635 -0.7582813109094073
905 3650 -0.4278643669841966
905 3665 0.8153257667930487
905 3680 0.35529078351298415
905 3695 0.5335418670762313
905 3710 -0.45820235763766215
905 3725 0.22734259258492306
905 3740 0.3941324132052042
905 3755 -0.1290172983167046
905 3770 0.14824729273805826
918 919 0.6793927166093612
918 3425 0.7810916963888688
918 3440 0.19678758691107912
918 3365 -0.4894535455083391
918 3380 0.18878476547800238
918 3395 0.015617836027620013
918 3410 0.8280193474509916
919 920 -0.3940448425822398
919 3605 0.1284873731759435
919 3620 0.48232327707768063
919 3455 -0.9306024370219148
919 3470 0.864983693763075
919 3485 -0.6354023459795313
919 3500 -0.21347162285068122
919 3515 0.0977628332442888
919 3530 0.5714374555599948
919 3545 -0.4150469388130198
919 3560 -0.30631047667453015
919 3575 0.272084532106617
919 3590 -0.9069692110421617
920 3785 -0.37720883066809585
920 3800 0.9877826446743372
920 3635 0.5967689033655619
920 3650 -0.19115675862279957
920 3665 0.2252490381941583
920 3680 -0.4342918286894777
920 3695 0.8565376020122757
920 3710 -0.8530679466888536
920 3725 0.7975207200397529
920 3740 0.12588114141403883
920 3755 -0.9201950804767176
920 3770 -0.9200790769187517
933 934 0.37403711491212
933 948 -0.12829350621105862
933 3425 -0.6877003469839991
933 3440 -0.24193986494330044
933 3365 0.9919189868446923
933 3380 -0.9864641696641641
933 3395 0.2932248254512875
933 3410 0.38499385721321366
934 935 -0.46454480322226854
934 949 0.7592467623076771
934 3605 -0.946290315975616
934 3620 -0.0784917399899665
934 3455 -0.74384337692931
934 3470 0.32505531967678136
934 3486 0.4551799229970934
934 3501 -0.7935399843147992
934 3516 -0.7790093089354178
934 3531 -0.8768600978675372
934 3545 -0.2554562053299527
934 3560 0.11467529493561712
934 3575 -0.06932222813292221
934 3590 -0.27411061081934207
935 950 -0.4116376936783732
935 3785 -0.2996477968276836
935 3800 0.8259238151759547
935 3635 -0.2713335713581393
935 3650 -0.4425117509188963
935 3666 -0.450579478683248
935 3681 0.9179037062957038
935 3696 0.8970189332134457
935 3711 0.1036194678848732
935 3725 0.4923577579310343
935 3740 -0.63969514266745
935 3755 0.30928130884505145
935 3770 0.8282156571778585
948 949 0.431470177659508
948 3425 0.23805499412021702
948 3440 0.7014548196669741
948 3365 -0.3479373157747754
948 3380 -0.0831237464010981
948 3395 0.8177563535151495
948 3410 -0.769235151939724
949 950 0.6533734047320829
949 3605 0.7350868712451681
949 3620 0.8309939005180953
949 3455 -0.5106499050919864
949 3470 0.8976068672873123
949 3486 -0.38910510886192085
949 3501 0.9469895663892385
949 3516 -0.6790387030259866
949 3531 -0.18883251623341946
949 3545 0.37120722040073706
949 3560 -0.40489029335989457
949 3575 0.7661088747763138
949 3590 -0.6354773788901551
950 3785 0.840795519051935
950 3800 0.6652760237994548
950 3635 0.586838104098921
950 3650 -0.1769438229307032
950 3666 0.0195118645001342
950 3681 0.6041984279798513
950 3696 -0.477183580976279
950 3711 -0.9803024478347397
950 3725 -0.15844331070955908
950 3740 0.8656052889397841
950 3755 -0.12504042984207353
950 3770 0.2857577246792593
963 964 -0.7669399263905097
963 978 0.430496734050563
963 3425 0.29289857520437845
963 3440 0.5891458773134459
963 3455 0.3374091539298183
963 3470 -0.583734109851276
963 3486 -0.8071370026015743
963 3501 -0.9632794790699424
963 3516 0.7683762515394481
963 3531 -0.7338405619702117
963 3545 -0.19469118879753777
963 3560 0.8981507384206915
963 3395 0.6228977421169695
963 3410 -0.33395680166602837
964 965 -0.04528894655942017
964 979 -0.04864602523913586
964 3605 0.9621039674109129
964 3620 0.09575948782119337
964 3635 -0.25798957828941727
964 3650 -0.3628025237624355
964 3666 0.7990743591428944
964 3681 0.88357743926577
964 3696 -0.35514077181818293
964 3711 0.2780163141748351
964 3725 0.212225948205228
964 3740 -0.48698111542025546
964 3575 0.32604092342701496
964 3590 0.4111053194476719
965 980 0.6471806673648735
965 3785 0.4085558888611647
965 3800 -0.25349232916407094
965 3815 0.5610722362819969
965 3830 -0.7922178224207739
965 3846 -0.4360267495920038
965 3861 0.8405630664243862
965 3876 -0.05069963676629263
965 3891 -0.870697206842471
965 3755 0.3802321316671664
965 3770 -0.2661438238972904
978 979 -0.9792269391138957
978 3425 0.6212549528831108
978 3440 -0.7805476488414045
978 3455 -0.9933390550874597
978 3470 0.415595129411247
978 3486 -0.8761546746729685
978 3501 -0.2854993380963444
978 3516 0.6630152813854497
978 3531 -0.6043029495133636
978 3545 0.9393421667719799
978 3560 0.19061320682153715
978 3395 0.9597304137804099
978 3410 0.8630431839731538
979 980 0.3878059548838453
979 3605 -0.6677611024276411
979 3620 -0.026623139498269444
979 3635 0.8278393846317103
979 3650 0.8724581953903514
979 3666 -0.4826671372456599
979 3681 -0.3858655982405579
979 3696 0.48188390219043664
979 3711 -0.5725178326274762
979 3725 0.9000067281793624
979 3740 -0.38358348991494684
979 3575 0.45655871242503565
979 3590 -0.046877203713094895
980 3785 0.8830444859186397
980 3800 0.08968516260470993
980 3815 -0.645497034243699
980 3830 0.8612370731017334
980 3846 -0.5958845629685985
980 3861 -0.10660617867174249
980 3876 -0.37782664411180056
980 3891 0.17771670264201966
980 3755 -0.6425600555969535
980 3770 0.9303213490461759
993 994 0.6919870228774294
993 1008 -0.07792560860231568
993 3426 -0.9170988157522837
993 3441 0.6206563513072416
993 3456 -0.12108122845055047
993 3471 0.4057886626534546
993 3486 0.9342581506942358
993 3501 0.34075526426266056
993 3516 -0.010071451125326147
993 3531 -0.5998498623972324
993 3545 0.9464360416471094
993 3560 -0.6355316742608981
993 3395 0.20908354522002792
993 3410 -0.18672586885632336
994 995 0.015559947036174693
994 1009 0.35238842673229187
994 3606 0.22008879145051274
994 3621 -0.8828498893730972
994 3636 0.5223710462129727
994 3651 0.33699267574262026
994 3666 -0.7328221578145353
994 3681 0.7853171635880325
994 3696 0.3872936964969842
994 3711 0.4661087080730675
994 3725 0.35384689751448417
994 3740 0.6937844791022383
994 3575 0.11782684762771778
994 3590 -0.21801714558882246
995 1010 -0.8523047199195362
995 3786 -0.8864489595104474
995 3801 0.8944916864427128
995 3816 -0.2066331747716581
995 3831 -0.519402406837334
995 3846 0.8401371986822785
995 3861 -0.310428326995148
995 3876 -0.2609465876847108
995 3891 0.9749329048291342
995 3755 0.4241190256935907
995 3770 0.1767877872291197
1008 1009 0.47793730558210057
1008 3426 0.8311958560903583
1008 3441 -0.7986195907943587
1008 3456 -0.15770483284045067
1008 3471 0.26394585245114577
1008 3486 0.9840009030943826
1008 3501 -0.7894646826590705
1008 3516 -0.7292808051499335
1008 3531 0.49105898479892174
1008 3545 -0.9267473862731344
1008 3560 0.8310678506032463
1008 3395 -0.5616743905768498
1008 3410 0.3259097715359611
1009 1010 0.8885408705249118
1009 3606 0.9333416090033493
1009 3621 0.4324125884058312
1009 3636 0.3127808969831558
1009 3651 0.02887570545953655
1009 3666 -0.5749511940387444
1009 3681 -0.1848205026669849
1009 3696 0.7854010042762782
1009 3711 0.4738309419791289
1009 3725 -0.3889902449344995
1009 3740 -0.833539378924516
1009 3575 -0.40493600388271567
1009 3590 -0.3418644342359931
1010 3786 -0.30693407105639015
1010 3801 -0.7731665712803808
1010 3816 -0.451294812195026
1010 3831 -0.8992089811162001
1010 3846 -0.46112905114414526
1010 3861 -0.30805113034590437
1010 3876 -0.02466137915262223
1010 3891 0.7888293725310733
1010 3755 0.8488497064530085
1010 3770 -0.6072844679615563
1023 1024 -0.20943769624314612
1023 1038 0.5782769794158931
1023 3426 0.9543490828018137
1023 3441 0.6931111187061874
1023 3456 -0.4079489598385653
1023 3471 0.9865361439671856
1023 3486 -0.9920039182690112
1023 3501 -0.0072130934277185865
1023 3365 0.34054126396811957
1023 3380 -0.40290495798583303
1023 3395 -0.5258566355169163
1023 3410 -0.06994486169487701
1024 1025 0.5550019520704537
1024 1039 -0.6127713800748673
1024 3606 0.6708323326807586
1024 3621 0.8162015758800951
1024 3636 -0.5164034496438399
1024 3651 -0.6204840777198806
1024 3666 -0.5506965926159044
1024 3681 -0.10424604054828857
1024 3516 -0.0645395294226534
1024 3531 -0.01192955630352266
1024 3545 -0.4024367893165941
1024 3560 0.21893290707854196
1024 3575 0.4556936659809181
1024 3590 -0.24206722207185782
1025 1040 0.6125974811428603
1025 3786 -0.8987432123683861
1025 3801 0.038098117833315515
1025 3816 -0.057555479121826014
1025 3831 0.7447201060373925
1025 3846 -0.2982599225027278
1025 3861 -0.3554538592188483
1025 3696 -0.7862396350708847
1025 3711 0.19890347096965333
1025 3725 0.2805794267160664
1025 3740 -0.22421215558353924
1025 3755 0.3799539310918869
1025 3770 -0.4357126385027097
1038 1039 -0.31952404705413895
1038 3426 0.9986172440473349
1038 3441 -0.752321007442583
1038 3456 0.8097697447344248
1038 3471 -0.8950650372073192
1038 3486 0.10117212146260424
1038 3501 0.4018275832491509
1038 3365 -0.8429870493074387
1038 3380 -0.48459129292531844
1038 3395 -0.2593277214154217
1038 3410 0.1955604779779212
1039 1040 -0.5030740540940541
1039 3606 -0.34149852077584697
1039 3621 0.04270470147014005
1039 3636 -0.661850415914004
1039 3651 -0.7816219293654185
1039 3666 0.4729862594491394
1039 3681 0.41273464137827154
1039 3516 0.041421063684972115
1039 3531 -0.5189842422226532
1039 3545 0.426290041062102
1039 3560 -0.17106379194643173
1039 3575 -0.34635854423267576
1039 3590 0.513097533232213
1040 3786 -0.983289623350329
1040 3801 0.428102467488525
1040 3816 0.5081374829242726
1040 3831 -0.9387450768436758
1040 3846 0.7413095021623284
1040 3861 -0.34731405907332835
1040 3696 0.40506994631532867
1040 3711 -0.2778952142381341
1040 3725 0.31978294700328
1040 3740 -0.7541371066357381
1040 3755 -0.2813127689459918
1040 3770 0.6698449702699703
1053 1054 -0.5263658348639775
1053 1068 0.5729783819884
1053 3426 0.23282069771754643
1053 3441 0.16458237572691226
1053 3456 -0.7010979049597941
1053 3471 -0.09348843931169326
1053 3486 0.7820257156133132
1053 3501 -0.9657686338941833
1053 3366 -0.6150641923848541
1053 3381 -0.007509235041636586
1053 3396 -0.31704506445112135
1053 3411 -0.5483238572889357
1054 1055 -0.5528034920188496
1054 1069 0.569968046256291
1054 3606 0.4465186825976113
1054 3621 0.08706582320945588
1054 3636 0.19971353959534976
1054 3651 -0.5089171025766777
1054 3666 -0.2162200439081552
1054 3681 -0.9840305358481389
1054 3516 0.19371095177000064
1054 3531 0.20756169859532947
1054 3546 0.8014307046894136
1054 3561 -0.11785622616152391
1054 3576 0.8849026613925002
1054 3591 0.8731215388598934
1055 1070 0.6379088337935392
1055 3786 -0.6675760196755591
1055 3801 -0.3055169016990986
1055 3816 -0.06799517496286134
1055 3831 0.594171150327296
1055 3846 -0.47634991069976684
1055 3861 0.5076602518790438
1055 3696 0.09635717761509688
1055 3711 0.1244793489529421
1055 3726 0.5425507998724042
1055 3741 -0.18654991278700783
1055 3756 0.8846949416125045
1055 3771 0.2188978338455294
1068 1069 -0.4112707008137979
1068 3426 0.25271494148228046
1068 3441 0.1277261072198086
1068 3456 0.47043515352321474
1068 3471 0.128731478526932
1068 3486 0.4515153695174918
1068 3501 0.2596424637192667
1068 3366 -0.880958221295576
1068 3381 0.21183862924756824
1068 3396 0.669574991554158
1068 3411 -0.47213062732033806
1069 1070 0.540863268214872
1069 3606 0.8305514767169284
1069 3621 -0.6619463155842045
1069 3636 0.818434274409289
1069 3651 0.0456687989102571
1069 3666 0.36221292143663364
1069 3681 -0.059632233893166964
1069 3516 -0.11671776326832206
1069 3531 0.8307413884108723
1069 3546 0.0843470774001358
1069 3561 0.06405181403031257
1069 3576 0.383003688798794
1069 3591 -0.2405533304332037
1070 3786 -0.7603534379737402
1070 3801 0.1577921438651808
1070 3816 0.00626912101732624
1070 3831 0.9999414681362899
1070 3846 0.6553593741982529
1070 3861 0.16619676780178128
1070 3696 -0.9856372867486412
1070 3711 -0.6538090146421278
1070 3726 0.02412075614871778
1070 3741 -0.5860895589912973
1070 3756 -0.4890446952842682
1070 3771 0.30600100667149954
1083 1084 -0.8416924063202307
1083 1098 0.15980736284830765
1083 3426 -0.08458693653859384
1083 3441 0.39329068368329234
1083 3366 -0.8969482033593874
1083 3381 -0.07525521756872067
1083 3396 0.598729340359903
1083 3411 0.07723403626632286
1084 1085 -0.9078170140124557
1084 1099 0.9869523410170638
1084 3606 0.5612463206438241
1084 3621 0.39831702889406184
1084 3456 0.28158940700275714
1084 3471 -0.32303920404692144
1084 3486 0.8094619018858755
1084 3501 0.5776320923716967
1084 3516 0.43961036688033084
1084 3531 -0.1554699598058702
1084 3546 -0.08337426753405008
1084 3561 -0.3799610568626368
1084 3576 -0.02284150580044697
1084 3591 0.16344353440807957
1085 1100 -0.24489048312165762
1085 3786 0.33095430448407637
1085 3801 -0.8000580527793539
1085 3636 -0.06874610904488732
1085 3651 -0.155703629314073
1085 3666 -0.5095649872965584
1085 3681 0.8386893773638557
1085 3696 -0.9542254226154814
1085 3711 -0.5093071771780424
1085 3726 -0.946538796498265
1085 3741 -0.9146306259307522
1085 3756 0.7927928538223179
1085 3771 -0.5208642608032006
1098 1099 -0.8224702272695457
1098 3426 0.4300313479778082
1098 3441 0.11294236861387952
1098 3366 0.879287798432683
1098 3381 -0.14941178368132468
1098 3396 0.3418602855817441
1098 3411 -0.22747042684270435
1099 1100 0.777036564816997
1099 3606 0.2501113434735853
1099 3621 -0.4421315617903223
1099 3456 0.6244803055588983
1099 3471 0.057279035334041994
1099 3486 -0.4119342407019786
1099 3501 -0.3602604072693185
1099 3516 -0.29272751760563165
1099 3531 -0.3097285046439717
1099 3546 0.6714832703639293
1099 3561 0.5234690564042439
1099 3576 0.9108549056527018
1099 3591 0.7615184596218294
1100 3786 -0.8133672611299176
1100 3801 -0.15689793208475034
1100 3636 -0.39179233476616804
1100 3651 0.8481704931831804
1100 3666 -0.5696902054603425
1100 3681 -0.4358387837562787
1100 3696 0.5284389687956244
1100 3711 -0.15148536467392582
1100 3726 -0.7406079062679183
1100 3741 -0.3213551132108914
1100 3756 0.9411041492971985
1100 3771 -0.5003864878343933
1113 1114 0.30398323072652955
1113 1128 -0.017426960922202417
1113 3426 -0.8287717857875743
1113 3441 -0.6902968182477138
1113 3366 0.1193967479451925
1113 3381 -0.19613818605485456
1113 3396 0.8819640983548653
1113 3411 -0.4141403729361548
1114 1115 0.1110477411393409
1114 1129 -0.6117137060866544
1114 3606 0.3279327121837221
1114 3621 -0.852793257293156
1114 3456 -0.6485961576149173
1114 3471 -0.8259856731708808
1114 3546 -0.9002719892917457
1114 3561 -0.9912149918227928
1114 3576 0.6553414349205753
1114 3591 -0.5595154452479303
1115 1130 -0.9392065865667805
1115 3786 0.9066475064783706
1115 3801 -0.2933485773413327
1115 3636 -0.8018872791725602
1115 3651 -0.7197419959570757
1115 3726 -0.9620360103645111
1115 3741 0.2068292081935048
1115 3756 0.311525046647392
1115 3771 0.03502233028632684
1128 1129 -0.7064461857913886
1128 3426 0.5664783714338639
1128 3441 -0.24403310646197296
1128 3366 0.5778176601157865
1128 3381 0.7792733798046594
1128 3396 -0.2606819925805337
1128 3411 -0.866456595084999
1129 1130 0.32022450902498134
1129 3606 0.45464310491743687
1129 3621 -0.23560444985410478
1129 3456 0.916210624168893
1129 3471 0.2338305097927995
1129 3546 -0.45598509900746875
1129 3561 0.49121196335812223
1129 3576 0.7435696569095893
1129 3591 -0.3632524121419567
1130 3786 -0.14402915423438523
1130 3801 0.3785825019151652
1130 3636 0.45155298936388477
1130 3651 -0.6239835274844798
1130 3726 0.14495417134881272
1130 3741 -0.4186638144096335
1130 3756 -0.8368976746287029
1130 3771 -0.9185990284938954
3364 3365 -0.8503319743281716
3364 3379 -0.9820407840131009
3365 3366 0.3571123897313009
3365 3380 0.0014982633000153456
3366 3381 0.865671498145967
3379 3380 -0.9543118290453669
3380 3381 0.9320197430278099
3394 3395 -0.7234704366769802
3394 3409 0.12779574742159094
3395 3396 -0.3754542350091805
3395 3410 0.4084178990457037
3396 3411 -0.2098672388123628
3409 3410 -0.1441124723869449
3410 3411 0.5590908362417792
3424 3425 0.5622153283698232
3424 3439 -0.8505669854099718
3425 3426 0.7751245459454041
3425 3440 -0.7137231543842046
3426 3441 -0.2371522787246736
3439 3440 0.397284910253326
3440 3441 0.7789541210674167
3454 3455 0.6744719836466515
3454 3469 0.9832754500366956
3455 3456 0.012154024315082612
3455 3470 0.595808705882074
3456 3471 -0.3906144457799001
3469 3470 -0.01606611727187901
3470 3471 -0.3069379343177083
3484 3485 0.16428713504042758
3484 3499 0.49167480500138616
3485 3486 0.152307709656468
3485 3500 -0.5918221370099621
3486 3501 -0.11424701940412052
3499 3500 -0.7335144239420301
3500 3501 0.8346575817906974
3514 3515 -0.0005575526163432709
3514 3529 -0.08793500227263551
3515 3516 -0.935771591882129
3515 3530 0.7325682806407188
3516 3531 -0.8468580989040353
3529 3530 0.7923705145726545
3530 3531 0.6677270690518688
3544 3545 0.443842134869725
3544 3559 0.8477028573681078
3545 3546 -0.6735433479347144
3545 3560 0.18746482021732724
3546 3561 0.8251984345311827
3559 3560 -0.9823076699030102
3560 3561 -0.10738873571069107
3574 3575 -0.5843518461490274
3574 3589 -0.5471481450716245
3575 3576 0.3532858913321524
3575 3590 0.8467421315777639
3576 3591 -0.13832759732501398
3589 3590 0.6908092104894694
3590 3591 -0.9848087241865395
3604 3605 0.35423574379452716
3604 3619 -0.05564565216921791
3605 3606 0.2813449068847065
3605 3620 -0.5364269834017072
3606 3621 0.09082511362598078
3619 3620 -0.8493903846727211
3620 3621 -0.5331286562367958
3634 3635 -0.3798741267830654
3634 3649 0.8964389234797732
3635 3636 0.2501410780022253
3635 3650 0.502246313369745
3636 3651 0.30930447739614
3649 3650 0.7004148027629056
3650 3651 0.051137253599379706
3664 3665 0.24837785956123803
3664 3679 -0.3229780687025743
3665 3666 -0.19049561833981588
3665 3680 0.5474535068497053
3666 3681 -0.6771766217911013
3679 3680 0.131877517225633
3680 3681 -0.9895748920898348
3694 3695 -0.7528560301787262
3694 3709 -0.6629855447342632
3695 3696 0.1481664188632199
3695 3710 0.6431012719895237
3696 3711 0.8667286280335436
3709 3710 0.6178790111319743
3710 3711 -0.17674806679024102
3724 3725 -0.603835187900593
3724 3739 0.5332784950531684
3725 3726 -0.4155386772888978
3725 3740 0.2293224213149867
3726 3741 0.5739207684488952
3739 3740 0.49260332424082853
3740 3741 0.1328222561636594
3754 3755 0.22325572829496165
3754 3769 0.3277494847155604
3755 3756 -0.5236173636526944
3755 3770 -0.9483824062377502
3756 3771 0.7113138259498204
3769 3770 0.9137536862118545
3770 3771 0.12542079040893928
3784 3785 -0.6824544156607484
3784 3799 -0.9441074224572445
3785 3786 0.9178634988394383
3785 3800 -0.2141843854609291
3786 3801 0.2951177028140115
3799 3800 -0.16839763835585808
3800 3801 0.952489347782626
3814 3815 0.5207943310625394
3814 3829 -0.46070109216943966
3815 3816 0.2789640719431492
3815 3830 -0.5760521315688405
3816 3831 -0.11385821159800513
3829 3830 0.4395695330548761
3830 3831 -0.9049524351519902
3844 3845 0.0961764640893299
3844 3859 -0.07229754755117379
3845 3846 0.7789492882116977
3845 3860 -0.18953608792267929
3846 3861 0.9779837658675967
3859 3860 -0.7981560722626286
3860 3861 0.2436553118598146
3874 3875 0.5573530972007801
3874 3889 0.18445990148105063
3875 3876 0.7768521301661353
3875 3890 -0.8510999412844382
3876 3891 0.14465591482315943
3889 3890 0.8352859278154494
3890 3891 0.8224368668594373
