# 
603 603 3.720004949382413
604 604 -0.26419749928071834
605 605 -0.03207222596870185
618 618 3.2039002257202345
619 619 -3.1328001274488866
620 620 3.025059725034514
633 633 -0.3458835099566917
634 634 -0.6144136225272039
635 635 3.687167761182171
648 648 0.8304544333752979
649 649 0.6080234308759715
650 650 3.4022983582546473
663 663 -0.3122453734452506
664 664 1.378645626309602
665 665 -1.0064162845319133
678 678 0.017054361445755895
679 679 0.9672487818542201
680 680 -1.2756214760847042
693 693 -3.334199093285207
694 694 3.1250597694988533
695 695 2.872526928732375
708 708 1.3304188056430641
709 709 3.798817754558816
710 710 2.451840586768575
723 723 -2.1860117746717886
724 724 0.16112576130295864
725 725 -0.7754457821226319
738 738 -2.376083142329997
739 739 3.611131982019402
740 740 0.24900643413915358
753 753 -3.494353749896172
754 754 0.6570671771666676
755 755 1.1696669916563316
768 768 -1.4930496132471003
769 769 3.2884939203109234
770 770 2.9182691503864167
783 783 -3.363779216451473
784 784 0.33631594393453756
785 785 1.3290608473521184
798 798 3.276939346114032
799 799 -3.3974505976109803
800 800 -2.065698265034981
813 813 0.9812911557465176
814 814 3.677944645538112
815 815 -1.964123027070662
828 828 -0.8821745500172078
829 829 -3.03695487933543
830 830 -1.4563848808991562
843 843 1.2918536759606543
844 844 -3.221552675097623
845 845 -3.4463790861484815
858 858 1.960824074415937
859 859 -1.0513825381133737
860 860 -0.7935470920561247
873 873 -3.330446172519814
874 874 0.9848851090381556
875 875 -1.1797747913848244
888 888 1.9014911005221453
889 889 -3.2487834818661137
890 890 -1.8475371159971283
903 903 -3.781630974619893
904 904 -3.2303580886195995
905 905 -0.6725991402904512
918 918 1.1620986786650995
919 919 0.956774209313143
920 920 0.1485875567937356
933 933 0.8988911277697822
934 934 -3.1591398979213228
935 935 -1.779287709448984
948 948 3.039956516891743
949 949 -3.4745109149334867
950 950 0.16053687421654228
963 963 2.549723495765975
964 964 0.7841600151034864
965 965 0.3973915063541238
978 978 -1.078996586497218
979 979 0.7487597095731644
980 980 -0.22035865969461899
993 993 -0.9732483987546594
994 994 -2.7690028468352637
995 995 0.5974897628078342
1008 1008 -0.4724620417604628
1009 1009 3.117922675740103
1010 1010 -2.864877127469142
1023 1023 -0.6832703599745971
1024 1024 -2.265926125245647
1025 1025 0.28112522721908917
1038 1038 -3.3206558963027284
1039 1039 -2.8710264501231872
1040 1040 -1.2101287118986033
1053 1053 -2.0987821011678234
1054 1054 1.4713713236793682
1055 1055 -3.3314113286007183
1068 1068 -0.7266130463763218
1069 1069 -2.1038392431716186
1070 1070 -0.27719964065854974
1083 1083 -2.3362881989796387
1084 1084 -3.1066988122509693
1085 1085 3.1437876300037573
1098 1098 3.8629162140879574
1099 1099 -3.5025792114874603
1100 1100 -3.7722222038534614
1113 1113 -0.7987177929404323
1114 1114 -1.7267177591281966
1115 1115 -0.5522611996884024
1128 1128 -0.042855394435220795
1129 1129 1.3205689216238286
1130 1130 -3.3451845116674352
3364 3364 -3.882739835394972
3365 3365 -3.446439536002984
3366 3366 3.7976471026628005
3379 3379 -3.4523192099592874
3380 3380 3.8043859667967217
3381 3381 -1.770196409022498
3394 3394 -3.964890506639567
3395 3395 1.8491226936268177
3396 3396 -3.0603247735127725
3409 3409 -0.9716050776334946
3410 3410 1.092666426130803
3411 3411 -3.647049057000488
3424 3424 3.812559227241204
3425 3425 0.871698476583358
3426 3426 0.4474998474202927
3439 3439 -0.5970279841347068
3440 3440 -3.502130397775212
3441 3441 0.8174795567807083
3454 3454 -3.5683239792768164
3455 3455 -2.0230874357779127
3456 3456 2.4305472778036004
3469 3469 0.9426609218938324
3470 3470 -2.240781750883807
3471 3471 3.3215609103509074
3484 3484 3.016687005414293
3485 3485 -2.0008484746332735
3486 3486 -3.2236804351723665
3499 3499 2.919346646738787
3500 3500 -3.611708912064425
3501 3501 0.9939178925279366
3514 3514 -1.6813304093434693
3515 3515 1.5050461375852464
3516 3516 -2.2580069560962164
3529 3529 2.3574984349485772
3530 3530 2.085418959506044
3531 3531 -0.024724912312961145
3544 3544 0.3955447816056141
3545 3545 1.3816872953045882
3546 3546 -2.7607290599049126
3559 3559 1.1802588560289928
3560 3560 -2.4102750799413926
3561 3561 3.3318451751458635
3574 3574 2.199808210968202
3575 3575 2.1558234841331343
3576 3576 2.634777999877474
3589 3589 -3.163209396532409
3590 3590 2.7092240275141855
3591 3591 -1.1124915665242323
3604 3604 -0.07061061928376855
3605 3605 -2.1208208917828566
3606 3606 -2.9904283830652734
3619 3619 -0.8848368504716255
3620 3620 3.4595798817534122
3621 3621 -0.11246761987829856
3634 3634 1.898912639691419
3635 3635 0.7115584837533726
3636 3636 1.3127040367776983
3649 3649 1.5918680475923725
3650 3650 1.7912135671279845
3651 3651 3.4945572245835326
3664 3664 3.5240297018240323
3665 3665 -3.133981543766401
3666 3666 3.763703059400969
3679 3679 -3.2607446308326153
3680 3680 -2.8174404120186605
3681 3681 -0.7150460919751245
3694 3694 -1.2601707779742268
3695 3695 -0.9518138521241761
3696 3696 0.6527964475648034
3709 3709 -0.38936441621033246
3710 3710 -2.043197550017755
3711 3711 -2.8432775785069486
3724 3724 2.1143127498071923
3725 3725 -0.5062797374897947
3726 3726 -1.785235494336269
3739 3739 -1.4994507742720327
3740 3740 -2.5463137762683035
3741 3741 -0.49979149866966743
3754 3754 2.908202407112176
3755 3755 -1.850305371958651
3756 3756 1.2897361721425584
3769 3769 -3.888516713381316
3770 3770 2.499039368932702
3771 3771 -1.3088445554720165
3784 3784 -0.08477885719969347
3785 3785 1.241682738769489
3786 3786 -0.68417468890466
3799 3799 -3.6330506083826135
3800 3800 0.649339147979096
3801 3801 1.3387474433999342
3814 3814 1.5859389587221955
3815 3815 2.6790446342154546
3816 3816 3.457996339184045
3829 3829 -1.3663997970307245
3830 3830 1.8527981120171813
3831 3831 -0.36767035153286987
3844 3844 3.062140397517946
3845 3845 1.647210971464773
3846 3846 -3.3195276478094913
3859 3859 -0.6473082723567316
3860 3860 -2.040438576074373
3861 3861 -0.699159327170956
3874 3874 2.7942875183904325
3875 3875 1.959203274361049
3876 3876 -3.021640188154713
3889 3889 2.8075995581225115
3890 3890 -1.0865135987626973
3891 3891 -2.228091936941196
603 604 -0.009263730087112121
603 618 -0.8591374118476185
603 3484 -0.11765869142369478
603 3499 0.6030270832920639
603 3514 0.016227956904014684
603 3529 -0.9050129780235607
604 605 0.6550008011085926
604 619 -0.6065611452426343
604 3664 0.7228825040438405
604 3679 -0.4983318207819758
604 3694 -0.008178607576212471
604 3709 -0.782980179892866
605 620 -0.8402454018957157
605 3844 0.46176178189670747
605 3859 0.4696337011803071
605 3874 -0.27686825985329677
605 3889 0.36304526009415206
618 619 0.23349376576833691
618 3484 0.45011034272394523
618 3499 0.4324843618732692
618 3514 0.4622729344959753
618 3529 0.990746675449506
619 620 -0.2671864081452273
619 3664 0.4698729670938353
619 3679 -0.12753656424293935
619 3694 -0.5564761114565757
619 3709 0.440867538085814
620 3844 -0.866510816747154
620 3859 -0.14051443312264444
620 3874 0.3231973853715513
620 3889 -0.2186489517491037
633 634 -0.9333309374025578
633 648 0.4326763596171084
633 3424 0.667271581225666
633 3439 -0.18659103323931614
633 3454 0.8976749704146301
633 3469 0.056039045123769116
633 3484 0.9212645178173335
633 3499 0.02714079753690868
633 3514 0.47412881697625875
633 3529 0.15128046772423365
634 635 -0.016651018592650724
634 649 0.6083679067591037
634 3604 -0.4983358200486432
634 3619 0.3347439719929941
634 3634 -0.5815405573301167
634 3649 0.9578927518067872
634 3664 -0.4107561089140226
634 3679 -0.17435334897098143
634 3694 -0.16709596651397973
634 3709 -0.9372460867817047
635 650 -0.8152521219371578
635 3784 0.8813129106619249
635 3799 0.9746856739248351
635 3814 0.9945026291263759
635 3829 0.011683836917280921
635 3844 0.014396972414647768
635 3859 -0.19798463062203053
635 3874 -0.6986942963424094
635 3889 -0.9361974061885132
648 649 -0.007997011791140096
648 3424 0.7130596503945557
648 3439 -0.836499014123937
648 3454 0.8443443924455909
648 3469 0.3869656665441026
648 3484 0.3848196828412347
648 3499 -0.6083685628787785
648 3514 -0.933619045579174
648 3529 -0.8530968084444355
649 650 0.5938720392953467
649 3604 -0.7667099573403491
649 3619 -0.6837680652941318
649 3634 0.5237260744725436
649 3649 -0.5483240592592045
649 3664 -0.359547381079955
649 3679 0.18334190531670158
649 3694 -0.05271394818415409
649 3709 -0.6754059340533589
650 3784 -0.3416078129679978
650 3799 -0.660156694825532
650 3814 0.6012802739738083
650 3829 -0.7763526710727773
650 3844 -0.9910866181758393
650 3859 0.21340705979177144
650 3874 -0.8722325780856734
650 3889 -0.37533449986975587
663 664 0.4313492466490729
663 678 0.7897022803747664
663 3424 0.6780803814456391
663 3439 0.4373036569220268
663 3454 -0.29023755717694777
663 3469 0.040687735249580914
663 3484 0.5563187967188257
663 3499 0.9065920334948574
664 665 0.7099878877836061
664 679 0.03854980837920641
664 3604 -0.9411725599662351
664 3619 -0.19029931473246076
664 3634 -0.13179625483080537
664 3649 -0.8590796537137062
664 3664 0.7199775433771298
664 3679 -0.8225161379072077
664 3514 -0.6795180368161198
664 3529 -0.10441816160586614
665 680 -0.4709491273476616
665 3784 -0.02604293109735001
665 3799 -0.4023929293542676
665 3814 -0.6195103675291398
665 3829 -0.12234860275037751
665 3844 -0.36279518832459146
665 3859 -0.3232706878463225
665 3694 0.536316662547673
665 3709 0.2777713710753358
678 679 -0.676709824994377
678 3424 0.18012030849623684
678 3439 -0.4880974859898781
678 3454 -0.035904020968210215
678 3469 -0.5867611235966839
678 3484 0.21570893406995117
678 3499 0.437548735038195
679 680 -0.5279285397316551
679 3604 0.3264739675668731
679 3619 0.8060475610456264
679 3634 -0.46466041141802084
679 3649 0.20046670563868796
679 3664 -0.9590717985193473
679 3679 -0.31262062089627407
679 3514 0.33768598597562494
679 3529 0.9352219524614775
680 3784 -0.9551632254872544
680 3799 0.8190160160774445
680 3814 -0.3023118483036942
680 3829 -0.5655354125630772
680 3844 0.7696893980327124
680 3859 -0.7118091544595915
680 3694 -0.274855680660691
680 3709 -0.514600676189022
693 694 0.917482500567679
693 708 -0.9382912452250542
693 3424 -0.7141929443853403
693 3439 -0.33202724118988547
693 3454 0.2856002834547704
693 3469 0.12528896604766482
693 3484 -0.26013019592175457
693 3499 0.46963126291264135
693 3364 0.423525997342721
693 3379 -0.05626774506486254
693 3394 0.9961697726452301
693 3409 -0.6092724406811358
694 695 0.5487653184492678
694 709 -0.9483149483043296
694 3604 -0.5764529594449168
694 3619 -0.3671367473011613
694 3634 0.530200565865385
694 3649 -0.8492940816289429
694 3664 -0.42896876999609934
694 3679 0.1823778741140869
694 3514 -0.6359207779339757
694 3529 0.9337142150477191
694 3544 -0.7461120688562897
694 3559 0.1497184612954796
694 3574 0.07464791293784967
694 3589 0.7097219500076883
695 710 -0.7689213720064789
695 3784 -0.4781561413478985
695 3799 0.32116227400991626
695 3814 0.8453998781143692
695 3829 0.15855079631607039
695 3844 0.24933593959159328
695 3859 0.38952664868073894
695 3694 -0.3734643411942098
695 3709 0.6148588701393556
695 3724 -0.9489203909028818
695 3739 0.837249942159251
695 3754 -0.10730815818216821
695 3769 -0.22146905241128678
708 709 0.848633338261082
708 3424 0.04705200408878096
708 3439 0.8042329828817594
708 3454 0.22271387746369053
708 3469 0.7971293075196317
708 3484 -0.7541411759342951
708 3499 -0.40775815824070927
708 3364 0.11323489965816624
708 3379 0.4568368586380849
708 3394 0.08369751263974345
708 3409 0.4223275198913805
709 710 0.9638450548705895
709 3604 0.3235923388219655
709 3619 0.9897368477041861
709 3634 -0.4510213399765808
709 3649 -0.018284259919016277
709 3664 0.676658853148751
709 3679 -0.3147518348937166
709 3514 -0.8162551435749381
709 3529 0.9178350818783745
709 3544 0.5790943246579106
709 3559 -0.31294613132514204
709 3574 0.7038836361595693
709 3589 0.5288899823931175
710 3784 0.19996808490540596
710 3799 0.3379681091066913
710 3814 -0.5291288116416626
710 3829 0.6818516749403118
710 3844 0.4859796062554016
710 3859 -0.7946262364735
710 3694 0.34152251521300037
710 3709 0.3068616944230982
710 3724 -0.9645083263094893
710 3739 0.9487178313354314
710 3754 0.3350180126261575
710 3769 -0.9578868738080646
723 724 0.01464535936968936
723 738 0.256012605558801
723 3424 0.7234405845295504
723 3439 -0.07390059543120597
723 3364 0.9281474679921948
723 3379 -0.5941992645233416
723 3394 0.5445065417786288
723 3409 -0.5368047430860827
724 725 0.546414676482291
724 739 0.36206008888480046
724 3604 -0.4705092580129624
724 3619 0.02788497054855754
724 3454 0.07050184266389037
724 3469 0.021229668934297674
724 3484 0.8168289381676372
724 3499 0.0945425292286799
724 3514 -0.021204395249967645
724 3529 -0.04725857076621631
724 3544 -0.3318363332655294
724 3559 -0.218707600857599
724 3574 -0.07791325704391117
724 3589 0.608532171822586
725 740 0.5832652275193126
725 3784 -0.38655090954128646
725 3799 -0.3805618460558253
725 3634 -0.5582235450854991
725 3649 0.6415769158919078
725 3664 -0.759323179261209
725 3679 0.8052957886659557
725 3694 -0.12999015949643167
725 3709 -0.9154686859224619
725 3724 -0.664628637076591
725 3739 -0.5448135665968503
725 3754 -0.9955243008379855
725 3769 -0.3430601917516276
738 739 0.3714640077650948
738 3424 0.37760478463961156
738 3439 -0.2424201570517126
738 3364 0.7821922111465023
738 3379 0.23314569675951735
738 3394 -0.40400389340387943
738 3409 -0.4226150719220978
739 740 -0.8149766008219517
739 3604 0.8827358622851695
739 3619 0.034547599603717005
739 3454 0.7484681646516982
739 3469 -0.6494439867570991
739 3484 -0.45924137526928366
739 3499 0.7230432037597341
739 3514 0.8453617636270307
739 3529 -0.7535455428730327
739 3544 0.8042482996221654
739 3559 0.9942752576014404
739 3574 -0.3017401042199599
739 3589 0.25286852402976256
740 3784 0.49149319109433853
740 3799 0.24146350021792173
740 3634 0.12128505313265614
740 3649 -0.9564544581355148
740 3664 0.8889767936278286
740 3679 0.42792692557063416
740 3694 -0.48451149656298065
740 3709 0.95005583638481
740 3724 0.6717433801024721
740 3739 -0.3410760884392863
740 3754 0.4306629105185229
740 3769 0.8192505597213748
753 754 -0.17998574278353052
753 768 -0.12950065573485858
753 3424 0.006837031342645128
753 3439 -0.14935932059519552
753 3364 0.08510624352570795
753 3379 0.04922825115254503
753 3394 -0.013860427095881978
753 3409 0.09058872222240333
754 755 -0.23672720489815435
754 769 -0.7984656934007934
754 3604 -0.25543144245217064
754 3619 0.6536411700513867
754 3454 0.45884977884371936
754 3469 0.017708197282330085
754 3485 0.7852864360970822
754 3500 -0.22624817188948132
754 3515 -0.7457485084024837
754 3530 -0.8394417876337452
754 3544 -0.41124959271539785
754 3559 0.8366689495835569
754 3574 0.5748702182395113
754 3589 0.9885583801713878
755 770 -0.057629360250536
755 3784 -0.6377716438257257
755 3799 0.2549943442735678
755 3634 -0.9595397516233357
755 3649 -0.7672786169890946
755 3665 -0.9237906089678851
755 3680 -0.4472413937816462
755 3695 -0.35631101632451
755 3710 -0.6732910402108194
755 3724 0.7236282119783393
755 3739 -0.42633632393715226
755 3754 -0.995889659868483
755 3769 -0.7054539557717223
768 769 -0.9485624158828339
768 3424 0.93333238309836
768 3439 0.9610936610291154
768 3364 -0.713832400719929
768 3379 0.912230711371181
768 3394 0.878823085666459
768 3409 -0.8151086829959271
769 770 -0.6707126011388627
769 3604 0.16000528759324695
769 3619 0.7551318943185126
769 3454 -0.16605496960221067
769 3469 -0.17383312377373317
769 3485 0.8849462189328723
769 3500 0.27084864978147505
769 3515 0.4884945881847971
769 3530 0.19096316687661474
769 3544 -0.845059624669438
769 3559 0.20426483706305087
769 3574 -0.33244322920636016
769 3589 0.2676835846294583
770 3784 0.17218778900233
770 3799 0.8252554206137372
770 3634 0.8398334384812502
770 3649 -0.9424725985308584
770 3665 -0.9875619072037289
770 3680 0.3093848551893055
770 3695 0.30499804944937847
770 3710 0.6668606722802344
770 3724 0.432190884421358
770 3739 -0.8038268659800087
770 3754 0.4931147417354693
770 3769 0.5985075104044577
783 784 -0.42836545642863433
783 798 -0.3129580302299131
783 3424 -0.06936608001275468
783 3439 0.8281594691458602
783 3454 -0.11870167296227496
783 3469 0.04779256994719616
783 3485 0.7099339430235709
783 3500 -0.9623261685526863
783 3515 -0.5505692656302008
783 3530 0.12438413233153955
783 3544 0.199692478177254
783 3559 0.5461285259164004
783 3394 0.39137074921494586
783 3409 0.7404797216841139
784 785 -0.66777243681448
784 799 0.18386883696685707
784 3604 -0.2598815709379745
784 3619 0.21855409755344568
784 3634 0.6888662986166598
784 3649 -0.9840101538595494
784 3665 0.993883266574416
784 3680 0.5095334971588583
784 3695 -0.843228706489322
784 3710 -0.012728612746722767
784 3724 -0.739626120500501
784 3739 -0.707254986775965
784 3574 -0.9002991148381514
784 3589 -0.14109822694683083
785 800 0.12205139070618953
785 3784 -0.7270927333257229
785 3799 -0.2003393732580503
785 3814 -0.20493322464775798
785 3829 -0.93540641632385
785 3845 -0.30343654711247536
785 3860 0.5373501032727388
785 3875 -0.6588207004775433
785 3890 -0.40461294487968114
785 3754 -0.38511688000033373
785 3769 0.4390657729464418
798 799 -0.24754401061841724
798 3424 -0.9653090806566655
798 3439 -0.5770119631037023
798 3454 0.8826072055113345
798 3469 0.1478753901835983
798 3485 0.14856465885357273
798 3500 0.2533573919812191
798 3515 -0.4076803193958831
798 3530 0.8132492939745957
798 3544 -0.4383586412359126
798 3559 0.8387646739838888
798 3394 0.8769540118957801
798 3409 0.9459478569382793
799 800 -0.4369825439997306
799 3604 -0.22335170689672923
799 3619 -0.39193859747148085
799 3634 0.5979700857061949
799 3649 -0.014134480493840584
799 3665 -0.2811686973536047
799 3680 -0.2691271152654806
799 3695 -0.33330154914685206
799 3710 -0.43160435180508805
799 3724 -0.8378311912792666
799 3739 -0.8859355243250706
799 3574 0.2462564957614024
799 3589 0.7875004156758107
800 3784 -0.38412437290168255
800 3799 0.9143214014136043
800 3814 -0.15692354012040655
800 3829 0.27044018906496325
800 3845 -0.19745189273263586
800 3860 -0.3951704825580509
800 3875 0.37000566346645725
800 3890 0.8103100929762419
800 3754 -0.8683313174360727
800 3769 -0.4263026481050405
813 814 -0.0583226419904026
813 828 0.5066192345667129
813 3425 -0.18638193667935754
813 3440 -0.7196181748920043
813 3455 -0.7387823633180353
813 3470 0.46835934538129265
813 3485 0.5874326143213797
813 3500 -0.27226627475533927
813 3515 -0.9506091930843747
813 3530 0.5516426673264185
813 3544 -0.27066770119016503
813 3559 0.920650273475194
813 3394 -0.013424528618580345
813 3409 0.32305401319298377
814 815 -0.42594951732248076
814 829 -0.48334589670013783
814 3605 0.7990499006232068
814 3620 0.7731462473977548
814 3635 0.4995013623374347
814 3650 -0.8308892643016215
814 3665 0.6162461518985949
814 3680 0.7207494238324843
814 3695 -0.1631237387075788
814 3710 0.12610710034875794
814 3724 0.012903164511908649
814 3739 0.2780787457747629
814 3574 -0.9614732229263436
814 3589 0.9974442909324011
815 830 0.30051128563678686
815 3785 -0.36506180025602086
815 3800 -0.7060421964893908
815 3815 0.4381381064302605
815 3830 0.24111716382808868
815 3845 -0.2770858132068519
815 3860 0.79150206373756
815 3875 -0.039447217946817714
815 3890 0.1367399322012992
815 3754 -0.23953208304502338
815 3769 0.4493268855137593
828 829 -0.5782943164811745
828 3425 0.806040821926556
828 3440 0.8224881860836395
828 3455 0.042939095914669156
828 3470 -0.3224296666245867
828 3485 -0.9863030845487366
828 3500 -0.22961059985018317
828 3515 -0.6782435163536382
828 3530 0.10337674990061307
828 3544 0.15271932100579888
828 3559 -0.22957099131857817
828 3394 -0.11203671223869494
828 3409 0.9309933432184605
829 830 -0.8590347088205439
829 3605 0.3154953114659349
829 3620 0.26036517802925885
829 3635 -0.3727928152464295
829 3650 0.8865213338142626
829 3665 -0.9920224273162457
829 3680 -0.9122061204168139
829 3695 0.47676004428543206
829 3710 -0.13965220540797563
829 3724 -0.31379849194376885
829 3739 0.6942835441282358
829 3574 0.10514538456858014
829 3589 0.6576687201280698
830 3785 -0.07826160634211243
830 3800 -0.6452205913874076
830 3815 -0.6458458151759503
830 3830 0.9124137025844818
830 3845 -0.20447686841738322
830 3860 -0.9483875151113972
830 3875 0.946750197664864
830 3890 0.25988398478304386
830 3754 -0.20865300380795038
830 3769 0.22595572948186993
843 844 0.29462496142363515
843 858 0.8784580234470076
843 3425 -0.733943079715127
843 3440 -0.573875492025328
843 3455 0.817131530572188
843 3470 -0.16573875705286167
843 3485 -0.8348581997383129
843 3500 0.6230770410273399
843 3364 0.01226812523305898
843 3379 0.36435387168332145
843 3394 0.7184798806054524
843 3409 0.4364604939303416
844 845 0.4089153152468441
844 859 -0.06980438944751777
844 3605 -0.3373258015508964
844 3620 -0.9954160683558364
844 3635 -0.682286914660625
844 3650 -0.3911220290216739
844 3665 -0.19995410576489148
844 3680 0.6975090414169667
844 3515 -0.6800806123090377
844 3530 -0.09099496080326608
844 3544 0.18313593206539602
844 3559 0.3833295101102705
844 3574 -0.3314652733280612
844 3589 -0.9706145783283464
845 860 -0.4744162303648236
845 3785 0.012448314708635388
845 3800 0.41546647594339614
845 3815 -0.23616636576167216
845 3830 0.6861063388188462
845 3845 -0.42555172874737623
845 3860 -0.8364375923367977
845 3695 -0.8515416401564952
845 3710 -0.0005474156001705754
845 3724 -0.15284682460023835
845 3739 -0.6225489953897243
845 3754 -0.2962618222873843
845 3769 0.5199860771376421
858 859 0.8293738122765082
858 3425 0.6358909574817315
858 3440 0.7437922542973578
858 3455 -0.6013934808257098
858 3470 0.7613165070263885
858 3485 0.6303723306555689
858 3500 0.5846596327801525
858 3364 -0.6227281810320282
858 3379 0.9320485288089309
858 3394 0.732634333909185
858 3409 -0.9609559497091682
859 860 0.040257288723579254
859 3605 -0.6092586860269129
859 3620 0.9427666103515187
859 3635 0.9830579217046957
859 3650 0.6555376739007319
859 3665 0.604898638398073
859 3680 0.481012229975857
859 3515 0.2340943181633519
859 3530 -0.7411191289238521
859 3544 0.23377977171341002
859 3559 -0.2999698071813721
859 3574 -0.2819537054765704
859 3589 -0.3657398225611581
860 3785 -0.6843479871568199
860 3800 0.8349611346407406
860 3815 0.9256840409659539
860 3830 -0.8368303650425866
860 3845 0.34830489983596014
860 3860 0.02878776642771763
860 3695 -0.2739342241740499
860 3710 0.4042041106215162
860 3724 -0.6040129329177544
860 3739 -0.22289375568559122
860 3754 0.6595791759828551
860 3769 0.10000584147053226
873 874 -0.02349411411367175
873 888 0.9311724071266483
873 3425 -0.43234658327275244
873 3440 0.1791099686293789
873 3455 0.055517571308554725
873 3470 -0.40517480323037436
873 3485 -0.43054010451505986
873 3500 -0.9921618444138722
873 3365 -0.12698944144125068
873 3380 -0.4609584453101174
873 3395 -0.7705472913679723
873 3410 0.4062900056010368
874 875 -0.032571252351896174
874 889 -0.8265816891010851
874 3605 0.395483591586721
874 3620 0.8567182147192192
874 3635 -0.8426899498348543
874 3650 -0.002424005083738301
874 3665 -0.48465631722890756
874 3680 0.33898267130729476
874 3515 0.025551061702353328
874 3530 0.7821644018969889
874 3545 0.8155738200029607
874 3560 0.5412834508022171
874 3575 0.8710808725848991
874 3590 -0.39868674553890093
875 890 -0.7310534424875674
875 3785 0.5456688326940069
875 3800 0.7995670258793679
875 3815 -0.8944838421002617
875 3830 -0.40516618926425174
875 3845 0.9670638598723831
875 3860 -0.40972467531042556
875 3695 0.04335822283833979
875 3710 0.004186103905536864
875 3725 -0.5998185024984335
875 3740 0.5557149646710784
875 3755 0.8800014693241978
875 3770 0.46778438974978287
888 889 0.5552760319169461
888 3425 -0.8210615809870239
888 3440 -0.0720522180215668
888 3455 0.15134301010659112
888 3470 0.001360331959578076
888 3485 -0.5646298269945702
888 3500 0.11334943351078342
888 3365 -0.21730508316384411
888 3380 -0.16399634103603877
888 3395 -0.17801340550905498
888 3410 0.799803368152114
889 890 0.6633231494250538
889 3605 -0.5189147234788707
889 3620 -0.4402550332523034
889 3635 0.22718727611337952
889 3650 0.7631207675510756
889 3665 0.4890284398348841
889 3680 -0.2752818226041165
889 3515 -0.7512920733868544
889 3530 -0.540853075160338
889 3545 0.37826756844030096
889 3560 -0.6105696496564641
889 3575 0.5981783022714582
889 3590 -0.9362087510452384
890 3785 -0.25122739840897546
890 3800 -0.5198957113938991
890 3815 -0.403739874551005
890 3830 0.6436082057473482
890 3845 0.286966409880431
890 3860 -0.37057357319201767
890 3695 -0.04797750582473803
890 3710 0.7943215670495103
890 3725 0.08752685882726774
890 3740 0.2924956084679837
890 3755 -0.23720684024249983
890 3770 -0.731880252124322
903 904 0.8442790078714684
903 918 0.7886428631717657
903 3425 0.6204682975327638
903 3440 0.12714083255255337
903 3365 0.38184716632435745
903 3380 -0.9544362265564093
903 3395 -0.3074908013915709
903 3410 -0.4574357847004542
904 905 0.45527506360095815
904 919 0.009290118377009549
904 3605 0.3896276025318117
904 3620 0.5235528664651892
904 3455 -0.026777076904140884
904 3470 -0.5768517392336077
904 3485 -0.7488768998418902
904 3500 -0.37686507448639106
904 3515 -0.26283442844225946
904 3530 0.19338335385292593
904 3545 -0.7188406302615953
904 3560 -0.8854819932916846
904 3575 -0.34880095831608005
904 3590 0.5043286496199482
905 920 0.9188797103878652
905 3785 -0.0010897835687810886
905 3800 -0.6780765619853275
905 3635 0.8147876919421908
905 3650 -0.7629553352565241
905 3665 0.8006587349915317
905 3680 -0.8051928666327028
905 3695 -0.711479421799434
905 3710 0.1254231891072981
905 3725 0.2600039525774185
905 3740 0.7824766792160105
905 3755 -0.4863079629514282
905 3770 -0.018365357555508943
918 919 0.44024630426501576
918 3425 -0.6994378213288381
918 3440 0.6163380565736514
918 3365 -0.05996998904960882
918 3380 0.37143747096166213
918 3395 0.2459115870539863
918 3410 -0.38943460213506853
919 920 -0.43459006660062505
919 3605 -0.6637019243754967
919 3620 -0.41562481188055345
919 3455 -0.13614383552972043
919 3470 -0.5311184423167814
919 3485 0.5233129135427348
919 3500 -0.42802063804298096
919 3515 0.21515859404584825
919 3530 0.17889690227920085
919 3545 0.8231149706412135
919 3560 0.1330024784948185
919 3575 0.49273722456553104
919 3590 -0.25653780704707674
920 3785 0.3184614943351738
920 3800 -0.7423275243268237
920 3635 -0.012231748671609255
920 3650 0.7397019177071706
920 3665 0.8444756526823249
920 3680 0.5448700768831847
920 3695 -0.42084734715067773
920 3710 -0.639472361858745
920 3725 0.5568608498195544
920 3740 0.4055788358753578
920 3755 0.32865526635281883
920 3770 -0.5195175795111584
933 934 -0.2086821922147264
933 948 -0.9130430896236776
933 3425 -0.6071570706007923
933 3440 0.37697069316119625
933 3365 0.5504717223490196
933 3380 0.9399174521569906
933 3395 0.8483675691441921
933 3410 -0.021503706561507796
934 935 0.48587312900776913
934 949 -0.939295915712262
934 3605 -0.7016367593762076
934 3620 -0.07758520327853446
934 3455 0.7091731282587841
934 3470 0.9227950599419061
934 3486 -0.9022766667682385
934 3501 0.46908670531131125
934 3516 0.8047299036021589
934 3531 0.4416467896373686
934 3545 0.35531532494095774
934 3560 0.424372994938373
934 3575 0.5453310750628304
934 3590 0.9143655637042805
935 950 0.9891461137498809
935 3785 0.368929220964358
935 3800 -0.17481075787458678
935 3635 0.16024478459475322
935 3650 -0.10589543779751409
935 3666 0.3618298667309259
935 3681 0.3901593662427072
935 3696 -0.5052002102996025
935 3711 -0.6467286651071156
935 3725 -0.842891493493839
935 3740 -0.9617322249389335
935 3755 0.5861708357276856
935 3770 0.23350775406040514
948 949 -0.2648771604837976
948 3425 0.716141184746476
948 3440 -0.3641624302873989
948 3365 -0.728300109934048
948 3380 0.44839168039567334
948 3395 0.8112434870756815
948 3410 0.08966983865462308
949 950 -0.12427988129577039
949 3605 -0.7195764089572525
949 3620 0.051184265734333545
949 3455 0.07497314467575245
949 3470 -0.13065687935603787
949 3486 -0.800456724693261
949 3501 0.2935230721102702
949 3516 0.5903378023202486
949 3531 0.17360162202611207
949 3545 -0.686647658701725
949 3560 0.08164633413310551
949 3575 -0.44446501936710736
949 3590 0.5597999253471393
950 3785 0.553743373252719
950 3800 0.38475536803833776
950 3635 -0.5801461330901525
950 3650 -0.5353337578830937
950 3666 -0.9580298133701566
950 3681 -0.32328126144300406
950 3696 0.4348402884422615
950 3711 -0.31356288043882485
950 3725 0.7590481400539093
950 3740 -0.380925515903769
950 3755 0.8285136863201841
950 3770 -0.5109513900859335
963 964 0.54203286504039
963 978 0.6340021700431133
963 3425 -0.4488470399432152
963 3440 -0.03066769898413768
963 3455 -0.6820234909571967
963 3470 0.5791286640637225
963 3486 0.7766697786969281
963 3501 -0.752613160880578
963 3516 -0.5248624480520379
963 3531 0.605842775820199
963 3545 0.5375118398471506
963 3560 -0.6615430460941161
963 3395 0.8277858954175323
963 3410 0.20968857900041327
964 965 -0.3061208614142352
964 979 0.005706689036989676
964 3605 0.633132794935684
964 3620 -0.25468055064170714
964 3635 0.9240279905059343
964 3650 -0.3514181728907937
964 3666 0.2339096268024401
964 3681 -0.8916048693997964
964 3696 0.22350855715165574
964 3711 0.3313766322434992
964 3725 -0.19608819243530484
964 3740 0.24845160749268524
964 3575 -0.7413740744997359
964 3590 0.7594251201629034
965 980 0.16568504351071156
965 3785 0.9940036578724565
965 3800 -0.7454046997331307
965 3815 0.9680708123824009
965 3830 -0.8946384462414356
965 3846 0.06492264949696924
965 3861 -0.8137802261640756
965 3876 -0.23995308274766147
965 3891 -0.5450343307781074
965 3755 -0.18272249717013556
965 3770 0.413244671219815
978 979 -0.46330863877279804
978 3425 -0.28071574021236967
978 3440 -0.722425008345831
978 3455 0.7335275157844032
978 3470 0.2681972814962672
978 3486 0.15869420703211956
978 3501 -0.20016135725275985
978 3516 0.6946930145140069
978 3531 0.2532045181143976
978 3545 -0.23964862878024706
978 3560 -0.35010622360957533
978 3395 0.36052874413645863
978 3410 0.5720513438154635
979 980 0.13303824211366666
979 3605 0.8904868575112828
979 3620 0.10407835114879616
979 3635 0.5067013122239445
979 3650 -0.30240105514446003
979 3666 0.31083076810103827
979 3681 0.8770877234941092
979 3696 0.5211402816062698
979 3711 -0.9667133219893529
979 3725 0.20161001697312653
979 3740 -0.6665048506189952
979 3575 -0.029715088767956255
979 3590 -0.6084240822981217
980 3785 0.5183899895942417
980 3800 -0.7584462707783619
980 3815 0.3261843432307592
980 3830 0.5865788611053959
980 3846 -0.40513681503712706
980 3861 0.31032451946529793
980 3876 -0.9321776577958709
980 3891 0.5117479975997448
980 3755 0.8984400308390021
980 3770 -0.5665217674757612
993 994 0.43583829659427553
993 1008 -0.4578098664107837
993 3426 0.20846199103294194
993 3441 0.37787690507294314
993 3456 -0.8176983302768674
993 3471 0.9239742233195554
993 3486 0.03438259893260698
993 3501 0.7514817902020816
993 3516 0.9817626409253419
993 3531 0.792267565079912
993 3545 0.0373308850508951
993 3560 -0.508353446017781
993 3395 0.5124094627743858
993 3410 -0.38371330369438406
994 995 0.04560773278360908
994 1009 0.7342082370183234
994 3606 0.9631957208457229
994 3621 0.8745964498499947
994 3636 0.30185233716428383
994 3651 0.46051142911786336
994 3666 -0.2131423429902004
994 3681 0.18021486334606274
994 3696 0.13097764425854064
994 3711 -0.1559950864196531
994 3725 0.7297653809626012
994 3740 0.2598890349763332
994 3575 0.9109397781977782
994 3590 -0.15924969529535526
995 1010 0.6244942627425121
995 3786 -0.6332644658662965
995 3801 -0.47627791105036255
995 3816 0.5913447179639773
995 3831 0.4881408420628708
995 3846 -0.9286557282503272
995 3861 -0.3885900175230501
995 3876 0.4820587391242188
995 3891 -0.17711556314668564
995 3755 -0.3170394023148435
995 3770 0.3020992212997369
1008 1009 0.84217503557136
1008 3426 -0.9092978039622777
1008 3441 -0.6558418554182555
1008 3456 -0.5496540281278466
1008 3471 0.17652828607653048
1008 3486 -0.6697287594768022
1008 3501 -0.8657071354707673
1008 3516 0.3643750702347497
1008 3531 -0.35706448153023795
1008 3545 0.4953965330668937
1008 3560 0.05648610946588262
1008 3395 0.14260589311645555
1008 3410 -0.8764680225032249
1009 1010 0.4609257190872811
1009 3606 -0.5099111573920734
1009 3621 -0.3482712434910096
1009 3636 0.037920876916772484
1009 3651 -0.9446545245183551
1009 3666 0.7122288582521865
1009 3681 -0.6111271870692858
1009 3696 -0.6011546364555211
1009 3711 -0.08713438789666417
1009 3725 0.10242653050593309
1009 3740 0.05490857709930563
1009 3575 0.3362963809674868
1009 3590 0.014286910228600291
1010 3786 -0.4551067130838198
1010 3801 -0.5329529605885921
1010 3816 -0.5565315284217933
1010 3831 0.561907650019843
1010 3846 -0.839553042644335
1010 3861 -0.6821721648653218
1010 3876 0.8794107778150189
1010 3891 0.07191789168757445
1010 3755 -0.6201868245153739
1010 3770 0.9840416615757823
1023 1024 0.995932601666824
1023 1038 -0.9779667791326774
1023 3426 0.8634716711954669
1023 3441 -0.5141685052883125
1023 3456 -0.44000443247593624
1023 3471 0.6100141041277469
1023 3486 0.22381071228361016
1023 3501 -0.09780669409932385
1023 3365 0.2125726768605931
1023 3380 0.010855356975689512
1023 3395 0.8399746912708848
1023 3410 0.5628768705199867
1024 1025 -0.9990063844088317
1024 1039 -0.76201815613131
1024 3606 -0.7487657110385779
1024 3621 -0.5564656580128216
1024 3636 -0.7330243140981678
1024 3651 -0.4469698179916013
1024 3666 -0.9300980254187521
1024 3681 0.7241015774231363
1024 3516 -0.2954781712987429
1024 3531 0.3686817095028747
1024 3545 0.1557010075775236
1024 3560 -0.8819724975623824
1024 3575 -0.18459167491116002
1024 3590 0.5482194929035102
1025 1040 -0.8231788817347876
1025 3786 0.7203487886964892
1025 3801 -0.0060533225232575205
1025 3816 0.20671925493930354
1025 3831 0.5595697373433484
1025 3846 -0.6581933540001925
1025 3861 0.8806184039261655
1025 3696 0.029140910062823044
1025 3711 0.8187587158943685
1025 3725 0.6190223889591335
1025 3740 0.8048936081114269
1025 3755 -0.04381248118032932
1025 3770 0.47333417143156575
1038 1039 -0.5188258222594719
1038 3426 0.0722396197066908
1038 3441 0.6001464925520081
1038 3456 0.48257860300320177
1038 3471 -0.6058565761182941
1038 3486 -0.7296135131194303
1038 3501 0.45510578025984416
1038 3365 -0.08108552944885306
1038 3380 0.9706512361832034
1038 3395 -0.10798728244066469
1038 3410 0.5571250417708309
1039 1040 -0.5713175532099415
1039 3606 -0.14052902144539825
1039 3621 -0.9668183578948781
1039 3636 0.0766965564772375
1039 3651 -0.22759954079023448
1039 3666 -0.21787083945194952
1039 3681 0.07097858677021973
1039 3516 0.622036898694492
1039 3531 0.290843199632153
1039 3545 0.31395935852465473
1039 3560 0.7762508192082116
1039 3575 0.5420623056476279
1039 3590 0.45249456716894465
1040 3786 0.3619262298845922
1040 3801 0.8125436970306337
1040 3816 -0.44451971657337164
1040 3831 -0.07092639668729328
1040 3846 -0.6811542484873743
1040 3861 -0.03150428490765167
1040 3696 -0.28708801688687346
1040 3711 -0.700552465012293
1040 3725 -0.4775811830139074
1040 3740 -0.23688096929207414
1040 3755 0.6976279814929087
1040 3770 0.635199093088793
1053 1054 0.4962244432965601
1053 1068 0.9858607992633026
1053 3426 0.5425185854086734
1053 3441 -0.07233716983581484
1053 3456 -0.4168807983952685
1053 3471 -0.5386441734276981
1053 3486 -0.5346636514788856
1053 3501 0.9616836711991683
1053 3366 0.7648942919633313
1053 3381 -0.411667253423611
1053 3396 -0.12202737698296273
1053 3411 -0.6651036666400383
1054 1055 0.21227235463055916
1054 1069 -0.6116535364151809
1054 3606 -0.4073369094592605
1054 3621 -0.7589863184212027
1054 3636 0.49018241271007357
1054 3651 -0.5965110414680515
1054 3666 -0.6770056868213279
1054 3681 -0.40191662911454595
1054 3516 0.4934778387673533
1054 3531 -0.39272232872113366
1054 3546 -0.9492668764890508
1054 3561 -0.2478534160442012
1054 3576 -0.8606633447722785
1054 3591 -0.169131190601302
1055 1070 -0.904503682541375
1055 3786 0.3024682539087351
1055 3801 -0.2510401796607491
1055 3816 0.5749625212182798
1055 3831 0.581209919737981
1055 3846 -0.05881966274271
1055 3861 0.9142075289036471
1055 3696 -0.7182094270380601
1055 3711 -0.6814447614052412
1055 3726 0.09228089579292997
1055 3741 0.7443394546687672
1055 3756 -0.45285885504573153
1055 3771 -0.11651399553402508
1068 1069 -0.7851073552460808
1068 3426 0.930118224866918
1068 3441 -0.1465709657387655
1068 3456 0.46892534482901493
1068 3471 -0.5709309059923688
1068 3486 -0.8547994675704371
1068 3501 -0.13546127674753716
1068 3366 0.07912965123395499
1068 3381 0.4102131037533312
1068 3396 -0.0868910606800013
1068 3411 0.21606442070189402
1069 1070 -0.8706053020711033
1069 3606 0.6263639698672279
1069 3621 0.5710732233221432
1069 3636 0.49293738929182096
1069 3651 0.42155224763510324
1069 3666 -0.3851676244157656
1069 3681 -0.2766067640907599
1069 3516 -0.08474776493336633
1069 3531 0.9565890975770912
1069 3546 0.4100179902112413
1069 3561 0.3311282440968617
1069 3576 0.1201010706313621
1069 3591 -0.8897417947602626
1070 3786 0.14567346850296903
1070 3801 0.5754678692250665
1070 3816 0.39503912621203985
1070 3831 -0.05423185049870516
1070 3846 -0.46207187203263733
1070 3861 -0.4889624162112549
1070 3696 -0.035301399579968695
1070 3711 -0.10253150283219714
1070 3726 -0.938728988496663
1070 3741 -0.19600424848693576
1070 3756 0.4573133362459185
1070 3771 0.319678110957059
1083 1084 0.1918760170642646
1083 1098 0.36269419943948167
1083 3426 0.4372892349707258
1083 3441 0.9106012954523564
1083 3366 0.9402941210565745
1083 3381 0.27241776342759194
1083 3396 0.7069287317591968
1083 3411 -0.08036444386515984
1084 1085 -0.21532296408701268
1084 1099 0.45236874708808705
1084 3606 0.42509094770692424
1084 3621 0.4906093144110446
1084 3456 -0.4011190559991251
1084 3471 0.34712776259011835
1084 3486 -0.9589860955864278
1084 3501 0.8650111675500352
1084 3516 0.04709223679588548
1084 3531 -0.9543974232865182
1084 3546 -0.2173134000242316
1084 3561 -0.09330397412889013
1084 3576 -0.6803757523477503
1084 3591 0.852647849010802
1085 1100 0.18027108221359378
1085 3786 0.6506273876514086
1085 3801 -0.3434749933298087
1085 3636 0.3485028200567839
1085 3651 -0.32923444258594126
1085 3666 -0.4065747979798522
1085 3681 -0.5987028436884221
1085 3696 -0.08420940129855548
1085 3711 -0.490932703831775
1085 3726 -0.08726168031873605
1085 3741 -0.5567994943736883
1085 3756 0.9129394891681111
1085 3771 0.7945473587122767
1098 1099 0.45775291234571536
1098 3426 -0.36842009453542124
1098 3441 -0.9410034111908376
1098 3366 -0.7514397375959503
1098 3381 -0.42020171159043995
1098 3396 0.40816799604548915
1098 3411 0.07035456590935563
1099 1100 -0.6240251422752849
1099 3606 0.05074412143557239
1099 3621 -0.5731887890754881
1099 3456 -0.8688374872009537
1099 3471 0.1526818137761632
1099 3486 -0.0992474534089478
1099 3501 0.266372003807799
1099 3516 0.9413578944612555
1099 3531 0.5611045380875042
1099 3546 -0.07907371348809922
1099 3561 0.8957483780512638
1099 3576 0.4421793996231542
1099 3591 0.38543036433738265
1100 3786 0.18533379854164078
1100 3801 0.677013244045952
1100 3636 0.6729400195013906
1100 3651 0.8738139188294243
1100 3666 -0.3617292658964899
1100 3681 -0.12518136070834607
1100 3696 -0.8311326968790815
1100 3711 0.6040280401820282
1100 3726 -0.4374523124811647
1100 3741 -0.9634465706307447
1100 3756 0.5530666985108053
1100 3771 0.5148412753126437
1113 1114 0.9205307236140292
1113 1128 -0.37843472788880383
1113 3426 -0.6305619873660899
1113 3441 -0.46164961087413015
1113 3366 -0.873550448455729
1113 3381 0.5123079120805749
1113 3396 0.6950899527545038
1113 3411 0.6352970243006981
1114 1115 0.909080344600262
1114 1129 0.029717676634980705
1114 3606 0.777765034985664
1114 3621 -0.17276677431530607
1114 3456 -0.3663082923002263
1114 3471 0.0017512809762256776
1114 3546 -0.6568119748689043
1114 3561 -0.7197966329446415
1114 3576 0.42110554961549185
1114 3591 -0.3518813172626545
1115 1130 0.9726653617204166
1115 3786 -0.5658301034975586
1115 3801 0.8036688586438463
1115 3636 -0.8410870078299115
1115 3651 0.6689145939242782
1115 3726 0.18297939191250157
1115 3741 0.9905684842755151
1115 3756 -0.5182692777523525
1115 3771 -0.05659178225110728
1128 1129 0.5002011779047186
1128 3426 0.1836567706764809
1128 3441 0.9511244600072957
1128 3366 -0.21353900715132434
1128 3381 0.1172145133130571
1128 3396 -0.055856972957629925
1128 3411 0.25834034268759654
1129 1130 -0.1133351422142117
1129 3606 0.3840817357243358
1129 3621 -0.36308903985431007
1129 3456 0.8549267337590367
1129 3471 0.7706637154533797
1129 3546 0.8132187346531992
1129 3561 0.5983352295736788
1129 3576 -0.261439707527541
1129 3591 0.4907707587553225
1130 3786 0.6824528120979683
1130 3801 -0.8070590149337216
1130 3636 -0.07333417499665407
1130 3651 0.6698329714491635
1130 3726 -0.5272891695101496
1130 3741 -0.6700660244387093
1130 3756 -0.5136665687401081
1130 3771 -0.9195947809798897
3364 3365 0.7793805189868386
3364 3379 -0.8108110443800833
3365 3366 0.5103270311317605
3365 3380 0.8562999584001663
3366 3381 0.37789372279548417
3379 3380 -0.19108064963096538
3380 3381 0.029856062769425762
3394 3395 0.5434014811018026
3394 3409 0.533312550132399
3395 3396 0.36628089226092864
3395 3410 0.967202620745296
3396 3411 0.7866411833327753
3409 3410 -0.4578458348906238
3410 3411 0.1282689227413336
3424 3425 0.8761006289941191
3424 3439 0.9270080351795618
3425 3426 -0.5781736733168406
3425 3440 -0.918734146298358
3426 3441 -0.6863967846850678
3439 3440 -0.38324530997018513
3440 3441 -0.010858050585863976
3454 3455 -0.4434071182322634
3454 3469 0.2558490415371728
3455 3456 0.29778257088808324
3455 3470 0.12098947566043106
3456 3471 -0.35516163139864765
3469 3470 -0.34264738761349656
3470 3471 -0.5110762076274147
3484 3485 0.7164393572391023
3484 3499 -0.8912774361338665
3485 3486 0.37381353051749455
3485 3500 -0.9113006440747378
3486 3501 0.2656280633429464
3499 3500 -0.5659240853289287
3500 3501 -0.26552072178485053
3514 3515 0.4966401604389583
3514 3529 0.26628544006867316
3515 3516 0.49896710189157845
3515 3530 -0.1376929981509465
3516 3531 -0.5037924771783391
3529 3530 -0.8266233648816441
3530 3531 0.49959394573035887
3544 3545 -0.0696216214551475
3544 3559 0.5573863570264737
3545 3546 -0.43122671207990515
3545 3560 0.7265669167612652
3546 3561 0.6925746085995701
3559 3560 0.02793028193048963
3560 3561 0.10404826889864505
3574 3575 0.18367647149872757
3574 3589 -0.6526569747137765
3575 3576 -0.8377224246355173
3575 3590 0.8712424773933156
3576 3591 0.4703474786853945
3589 3590 -0.0933892253406754
3590 3591 -0.7238270087122023
3604 3605 0.6624541176316672
3604 3619 0.3898631795931218
3605 3606 0.8768872225731483
3605 3620 0.8915952185533345
3606 3621 0.6093407034704579
3619 3620 -0.17881296613791187
3620 3621 -0.38540721071176987
3634 3635 -0.20966946413215615
3634 3649 -0.6663344644101739
3635 3636 -0.8183825480517528
3635 3650 0.4893169317400281
3636 3651 0.25655662835615667
3649 3650 -0.10178506718293012
3650 3651 -0.5465914997099766
3664 3665 -0.6008748173899852
3664 3679 0.41851407455339595
3665 3666 -0.9144778211448679
3665 3680 0.03436555515587747
3666 3681 0.867168740633675
3679 3680 -0.5372761567265432
3680 3681 -0.08783896947203118
3694 3695 0.6042660844638386
3694 3709 0.451677884534218
3695 3696 0.08695545210789635
3695 3710 0.5030133596865107
3696 3711 -0.349392837131558
3709 3710 -0.7266779587403798
3710 3711 0.836865193032617
3724 3725 -0.9564666693195538
3724 3739 0.307230987441645
3725 3726 0.2786728279737116
3725 3740 -0.42393406726762173
3726 3741 -0.8498861355535103
3739 3740 -0.6541338387604199
3740 3741 -0.1935367097242351
3754 3755 -0.5775104191025042
3754 3769 0.2701066254139197
3755 3756 0.3403601953587816
3755 3770 -0.8005411958860378
3756 3771 -0.4998046677786745
3769 3770 0.49396536940869695
3770 3771 0.10042960630102038
3784 3785 0.7024108349594871
3784 3799 0.48196121452727136
3785 3786 0.012773324786186313
3785 3800 0.3731262107750719
3786 3801 0.313085893577437
3799 3800 -0.46992713400734876
3800 3801 -0.25017340913714703
3814 3815 0.27464755603151225
3814 3829 0.1308505355595999
3815 3816 -0.30832080128607364
3815 3830 -0.6561291140282288
3816 3831 0.2682890127977393
3829 3830 0.43610841981099213
3830 3831 -0.18262966201197917
3844 3845 0.834833433465211
3844 3859 0.23563202775608527
3845 3846 0.240547823480314
3845 3860 0.16179732421286008
3846 3861 0.8156554697300664
3859 3860 -0.30588193833339794
3860 3861 0.23528199526210303
3874 3875 -0.36870647041456395
3874 3889 0.7006340530301653
3875 3876 0.7352449047396641
3875 3890 -0.4792654014048292
3876 3891 -0.3323441357476531
3889 3890 -0.26113927299093986
3890 3891 -0.7557533715553748
