# 
603 603 0.4489917579635092
604 604 1.773342208030125
605 605 3.2056884683567555
618 618 -2.437753823274332
619 619 -1.409786722389474
620 620 -0.17637387208666055
633 633 -3.113423490677059
634 634 -1.2814299320486047
635 635 3.541768891685833
648 648 -3.365314304356997
649 649 -3.431846935540319
650 650 -0.7229680559998961
663 663 1.4881947051340596
664 664 3.817200439869847
665 665 3.225724624331712
678 678 0.9343023582785213
679 679 -1.8365150835986608
680 680 3.814861159449986
693 693 -2.7384250256648954
694 694 -0.525035028964
695 695 -3.6753389759918846
708 708 -2.625902935672081
709 709 2.6111756907964487
710 710 2.6131676595884397
723 723 -2.0657331395439478
724 724 3.461870046649212
725 725 2.938543212211778
738 738 0.039569557010045386
739 739 3.038515161622634
740 740 1.8732433296885729
753 753 0.8024078935917736
754 754 3.9499323741643835
755 755 3.32398147271308
768 768 2.866840254337382
769 769 -2.829550461884007
770 770 3.6579032185077525
783 783 3.701957651784914
784 784 1.604810464235162
785 785 -0.5358031012827853
798 798 3.2403388745088213
799 799 -2.8136548348325974
800 800 0.17184367512121312
813 813 -0.41461270526576666
814 814 0.9908748578492403
815 815 3.4020912501206695
828 828 3.8717302040722767
829 829 -3.16026059111923
830 830 1.0604600444527197
843 843 3.9406756774143146
844 844 -2.6532382515559725
845 845 -2.5239660935166057
858 858 -0.291325212328279
859 859 0.2699622396489314
860 860 2.45781160858591
873 873 -0.2845804045531839
874 874 0.49142277370858345
875 875 -2.5112743839729053
888 888 -3.548270810196528
889 889 0.627913404688325
890 890 2.924333690347261
903 903 -0.2724936773865574
904 904 3.687838530906312
905 905 -3.1799118185813846
918 918 -1.9517015338343562
919 919 -2.26085014873511
920 920 -2.9311626027113737
933 933 1.3427032818531988
934 934 -3.3229857870427573
935 935 2.326170659959458
948 948 -2.5016547048705142
949 949 -3.2863252263771088
950 950 2.520222209788658
963 963 -0.05704298550535736
964 964 -0.8367750876811266
965 965 1.6971618381238498
978 978 2.6290211517330766
979 979 -3.650582128253461
980 980 -0.2134698479389261
993 993 0.09481049398197072
994 994 -0.49025671148869954
995 995 -3.9633936340698748
1008 1008 1.8031199138260474
1009 1009 0.0063562627046129805
1010 1010 1.2741505304439187
1023 1023 -3.172896087533908
1024 1024 0.1653522952697717
1025 1025 -3.3606157160688666
1038 1038 1.7640127976536508
1039 1039 3.7394573383149936
1040 1040 -2.987939821357605
1053 1053 3.297991836904851
1054 1054 2.4830643681470717
1055 1055 1.24000631447971
1068 1068 0.961938422347635
1069 1069 0.6960629363479685
1070 1070 0.593918220817625
1083 1083 2.196564215604294
1084 1084 3.009023797096166
1085 1085 3.0285056098359178
1098 1098 -0.20262693110774954
1099 1099 2.537949178299826
1100 1100 -3.833324114960379
1113 1113 0.2192007030063241
1114 1114 -0.1581019403633599
1115 1115 -3.6869407172834547
1128 1128 -1.6290622866871285
1129 1129 3.2184341950318522
1130 1130 -1.2327359362450672
3364 3364 2.7866815730010295
3365 3365 0.40135272130377775
3366 3366 2.763758751357927
3379 3379 0.7098843375642865
3380 3380 3.8507249671301143
3381 3381 1.4336378842561528
3394 3394 -2.43480826483939
3395 3395 -1.4816627143401222
3396 3396 3.4927070417451844
3409 3409 -0.6913204372028847
3410 3410 1.3125511687008524
3411 3411 -1.9262869363455923
3424 3424 -2.8464650273799013
3425 3425 0.28041817511415257
3426 3426 -2.681966553454841
3439 3439 2.3154858497900337
3440 3440 3.678920944695002
3441 3441 -3.660440575914145
3454 3454 -1.8131194260259447
3455 3455 2.5948160291342823
3456 3456 -2.963592457959937
3469 3469 -1.808264148430501
3470 3470 2.4607384074102043
3471 3471 -0.5057899175879426
3484 3484 0.44543176407028096
3485 3485 -3.5031440564650334
3486 3486 -1.7203076755289635
3499 3499 -1.276390711229289
3500 3500 -0.41003700047138913
3501 3501 -2.6376727120774053
3514 3514 0.18561142708815126
3515 3515 2.983281975055835
3516 3516 3.174685456629253
3529 3529 3.8292657748753935
3530 3530 -3.9200511845176047
3531 3531 -3.5066288093758953
3544 3544 -3.24406290284567
3545 3545 -0.27593454927282135
3546 3546 -1.4804177254942097
3559 3559 -2.1994610778585484
3560 3560 3.7636664652253398
3561 3561 2.3430094085935513
3574 3574 -2.8318024333324585
3575 3575 2.7680812302001456
3576 3576 -3.44996770901942
3589 3589 2.532957505479051
3590 3590 1.0678255581063105
3591 3591 3.569092942828817
3604 3604 -2.6496159203555045
3605 3605 -2.592502756070137
3606 3606 -2.2544485228940667
3619 3619 0.6576961819385749
3620 3620 -1.0489969469250733
3621 3621 -1.917277766540133
3634 3634 2.7796544027161314
3635 3635 0.9311645677875378
3636 3636 -2.4963476975469554
3649 3649 3.8572270337789467
3650 3650 2.920990645264668
3651 3651 0.9538854486868251
3664 3664 -2.519902201017638
3665 3665 2.3273537680383463
3666 3666 -1.2215608272659795
3679 3679 1.0408902499764423
3680 3680 -2.0921845888685215
3681 3681 0.4867268866868164
3694 3694 -0.27081473845194814
3695 3695 3.6948396829194463
3696 3696 2.3416229109808686
3709 3709 -3.854377199950508
3710 3710 -3.27292000264734
3711 3711 -3.214268883893512
3724 3724 -0.9945653765537443
3725 3725 -2.853764727019578
3726 3726 -2.921163119765473
3739 3739 -0.4447977503730316
3740 3740 1.2020039042521864
3741 3741 1.9265174034664687
3754 3754 -1.0732302750295952
3755 3755 -0.011433033771064416
3756 3756 3.1541301119832026
3769 3769 1.4834680659065782
3770 3770 3.8681846317729
3771 3771 0.2765574950170304
3784 3784 -3.82961075848352
3785 3785 -2.383031449377225
3786 3786 3.939594550144954
3799 3799 0.17086274086519193
3800 3800 -0.5235390304646019
3801 3801 -1.746170265748006
3814 3814 0.38312860419719197
3815 3815 1.922456285617299
3816 3816 0.26839689266467825
3829 3829 1.3734382956496738
3830 3830 3.9414906656897486
3831 3831 1.1158108072627018
3844 3844 -1.235270971389351
3845 3845 -3.056995230269333
3846 3846 -2.1586351191438284
3859 3859 0.7939786356846117
3860 3860 1.3537052589012886
3861 3861 -1.2727836703756275
3874 3874 -3.4397566070974266
3875 3875 2.9573433126187343
3876 3876 2.6833366355495274
3889 3889 -3.2561202349081606
3890 3890 2.275657709629061
3891 3891 0.49268487783118253
603 604 0.14010508994147775
603 618 -0.4694145244509227
603 3484 -0.7944064100665194
603 3499 0.833829291189873
603 3514 -0.6904766865158791
603 3529 0.46344532769713487
604 605 0.16040465236949175
604 619 -0.40843073049486955
604 3664 0.11174511611519344
604 3679 -0.19441557880387417
604 3694 0.7647084672335684
604 3709 0.6047600657075876
605 620 0.31642635947842734
605 3844 -0.9790087384261392
605 3859 0.7177792374136722
605 3874 0.5095496556886905
605 3889 0.991970982474917
618 619 -0.581192139269892
618 3484 0.5652043440054286
618 3499 0.500321748722802
618 3514 -0.5309568346334779
618 3529 0.20597979853281867
619 620 0.8459965667006939
619 3664 0.1285635190022023
619 3679 0.5229151328603117
619 3694 0.41644026282470326
619 3709 -0.4921113241497299
620 3844 0.3751551134967184
620 3859 -0.8669571612446445
620 3874 -0.3306528500523136
620 3889 0.5775792000464444
633 634 0.17574906810003
633 648 0.4045308969504997
633 3424 -0.157258672668396
633 3439 -0.1917781941024459
633 3454 0.7188640695050661
633 3469 0.9337720512873371
633 3484 0.2001027061882068
633 3499 -0.8605335702722965
633 3514 -0.9349199812900175
633 3529 -0.1622835774391025
634 635 -0.02902038321766076
634 649 -0.1067925188791945
634 3604 0.04455390016944061
634 3619 0.30057604133199645
634 3634 -0.9432854005522462
634 3649 -0.8071663884761857
634 3664 0.22477299167671005
634 3679 -0.2250404944745339
634 3694 -0.004132092013672484
634 3709 -0.21521149664953687
635 650 0.9252883286631552
635 3784 -0.5117147553996706
635 3799 0.5425694547053721
635 3814 0.7834677836894108
635 3829 -0.030171021961463484
635 3844 0.4685012356902778
635 3859 0.6156966491692764
635 3874 0.9648913951653306
635 3889 -0.395340474412613
648 649 0.8316607419233384
648 3424 0.352050505936754
648 3439 0.18856007129336616
648 3454 0.028704430436338413
648 3469 -0.3849208532723585
648 3484 0.08263891018896374
648 3499 -0.6103036728276228
648 3514 -0.8472777866400507
648 3529 0.46120819832096216
649 650 0.3921068046067391
649 3604 -0.5175238822377066
649 3619 0.35164931903587493
649 3634 -0.9084988738578033
649 3649 0.43503004506223775
649 3664 0.5110789854959161
649 3679 0.24314676019440595
649 3694 0.025857476415817038
649 3709 0.4077201057892341
650 3784 0.005815239939199968
650 3799 0.8787199881081942
650 3814 0.9372249801487837
650 3829 -0.8090187914110913
650 3844 0.8184716792166888
650 3859 -0.4199911296804355
650 3874 0.9019523082740812
650 3889 0.2543351301650236
663 664 -0.9529202621272366
663 678 0.6270933341294136
663 3424 -0.10321112508049057
663 3439 -0.6085424883989754
663 3454 0.08942835837177698
663 3469 0.856704663163639
663 3484 -0.10864048704097051
663 3499 -0.6989344103167519
664 665 0.7119228768802317
664 679 0.29263560896173657
664 3604 -0.356419715610659
664 3619 -0.037347886720060064
664 3634 0.6738430402948956
664 3649 0.766454893910334
664 3664 -0.2683949950685742
664 3679 -0.6723107169919471
664 3514 0.15130240274164586
664 3529 0.01321058586725199
665 680 0.44006086413207846
665 3784 -0.23523224429278677
665 3799 0.8725948326950461
665 3814 0.07538100977925377
665 3829 -0.9876281747952516
665 3844 -0.8286269993509019
665 3859 0.886987149618726
665 3694 -0.6815321405963566
665 3709 0.8470617413761441
678 679 -0.02009166399018225
678 3424 0.8764690612933539
678 3439 0.4570310697996356
678 3454 0.9142474735271497
678 3469 0.8073357022853156
678 3484 0.35028943568683046
678 3499 0.2001898285104493
679 680 0.05716564019008308
679 3604 -0.471576105807751
679 3619 0.7578649893117071
679 3634 -0.5822969063049983
679 3649 0.8782804752712716
679 3664 0.3631287421389857
679 3679 -0.727412621371428
679 3514 -0.28507116258803755
679 3529 -0.6203996932195284
680 3784 -0.16112857747832665
680 3799 0.42160490079762303
680 3814 0.03162332744331531
680 3829 -0.9995281271245002
680 3844 -0.41190976860651896
680 3859 0.9417054920709231
680 3694 0.4779494764599359
680 3709 -0.7545990076972706
693 694 0.507503290576377
693 708 0.7087771991882144
693 3424 -0.9118849229528878
693 3439 0.21287049256985835
693 3454 -0.024661732679381654
693 3469 0.28825213861719634
693 3484 0.7401778665140963
693 3499 0.11103765997206216
693 3364 0.898072988358054
693 3379 0.044327411651271076
693 3394 0.3221432504668458
693 3409 0.7786792626241685
694 695 -0.8697370110793323
694 709 0.5218455630999628
694 3604 -0.30401036000880644
694 3619 0.40691979654597055
694 3634 0.7051464492723445
694 3649 0.352176011911546
694 3664 0.29057849585312945
694 3679 -0.5567010742298135
694 3514 0.6425939072846354
694 3529 -0.4795952154194356
694 3544 -0.9731779266493312
694 3559 0.6875687712041165
694 3574 0.5927018629069822
694 3589 -0.7088821582183489
695 710 0.627800092796335
695 3784 0.22879350271164478
695 3799 0.6446880725915793
695 3814 0.15209343916257168
695 3829 0.6837686495085982
695 3844 -0.13897207663019695
695 3859 0.29682132059063493
695 3694 -0.7873229645437039
695 3709 0.7725360212176886
695 3724 -0.8052104071335708
695 3739 0.3002192317284358
695 3754 -0.28550639804328126
695 3769 -0.372323578202308
708 709 0.32201036545101536
708 3424 -0.43575653759757316
708 3439 -0.15103642613490775
708 3454 -0.5405346514080567
708 3469 -0.038066489887860655
708 3484 -0.4912241519224072
708 3499 0.6362064702137133
708 3364 0.850317622451525
708 3379 -0.2747292516295603
708 3394 -0.9895706351408109
708 3409 0.9372272584702614
709 710 0.11092525288810773
709 3604 0.7171941554984864
709 3619 -0.9801838790253989
709 3634 -0.7909083246868189
709 3649 -0.8865488391800052
709 3664 0.3856445992387443
709 3679 0.9720168392084836
709 3514 0.7787840415594078
709 3529 -0.8600746749644854
709 3544 0.13678241475569886
709 3559 0.7383373342367696
709 3574 -0.36096368369847176
709 3589 -0.4228575811092432
710 3784 -0.07395626361289209
710 3799 0.8852719340739854
710 3814 0.979333954863659
710 3829 -0.9438674137392582
710 3844 -0.024822962424313477
710 3859 -0.7621132468945071
710 3694 0.10815232311600642
710 3709 0.829901478551355
710 3724 -0.3450336859560983
710 3739 0.13862168007462405
710 3754 -0.43909401268915915
710 3769 0.19215052116569642
723 724 -0.5055176379826196
723 738 -0.5696293693134051
723 3424 -0.158938224158242
723 3439 -0.9178380550884337
723 3364 0.22047995823025146
723 3379 0.47166744136319827
723 3394 0.08531313806316532
723 3409 0.617819512266266
724 725 -0.585570800058691
724 739 -0.9029029172300072
724 3604 -0.5639871871036655
724 3619 0.8791797327440953
724 3454 0.2913389838123459
724 3469 -0.28171146400505886
724 3484 -0.7679841872335307
724 3499 -0.3640849042857035
724 3514 0.5109677081075124
724 3529 -0.15865388663802893
724 3544 -0.29914121494486023
724 3559 -0.14208567495039381
724 3574 -0.11842751231425308
724 3589 0.8862635491007815
725 740 -0.26899439625537935
725 3784 -0.9393622393230163
725 3799 -0.48408224555665647
725 3634 0.9988220203896199
725 3649 0.8399148954642439
725 3664 0.9312776130461515
725 3679 0.5799442512750776
725 3694 -0.906294841488483
725 3709 -0.0893099366654917
725 3724 0.5024729209594414
725 3739 -0.4272584612259491
725 3754 0.2744636432387486
725 3769 -0.3456857503121573
738 739 -0.30068490142053084
738 3424 -0.7565764306428777
738 3439 -0.07849389179853694
738 3364 0.2789571682148062
738 3379 -0.35452896244266174
738 3394 -0.4742616895703202
738 3409 0.7479174022266615
739 740 0.8275074645482081
739 3604 0.7800300728244887
739 3619 0.24085882229609745
739 3454 -0.524812018114206
739 3469 -0.3642114189981478
739 3484 0.20739091205356552
739 3499 0.8572985887209958
739 3514 0.6162313360477198
739 3529 -0.19876850029982007
739 3544 -0.7360247067380439
739 3559 -0.7829608585412335
739 3574 -0.36472041175686853
739 3589 -0.6409164184447007
740 3784 0.9775815695456813
740 3799 -0.7691206150035395
740 3634 -0.36977626053710755
740 3649 0.9598050446699167
740 3664 -0.7210356686391572
740 3679 -0.10930279154902367
740 3694 -0.4818403677814316
740 3709 -0.9538798559697566
740 3724 -0.6291954557563879
740 3739 -0.18210100592370915
740 3754 -0.9810374675351419
740 3769 -0.709068546530593
753 754 0.30142560116460637
753 768 -0.8817164966273636
753 3424 0.8873247326684135
753 3439 -0.6939860153783695
753 3364 -0.3753147467027218
753 3379 -0.12178613552464856
753 3394 -0.7093763313541086
753 3409 0.5127613380737219
754 755 -0.8607532186714162
754 769 -0.1603013906107047
754 3604 0.02653609852933081
754 3619 0.854091735748781
754 3454 -0.36791121124868975
754 3469 0.9041870361822191
754 3485 -0.13023314008898024
754 3500 -0.5532876564853195
754 3515 0.30891080889977696
754 3530 -0.06573847658187715
754 3544 -0.20483351211191025
754 3559 0.5232614197037364
754 3574 0.9988795924374088
754 3589 -0.503849666019589
755 770 0.240322097140524
755 3784 0.055836883644782453
755 3799 0.4830816342221671
755 3634 -0.9417095634523835
755 3649 -0.18490626185992065
755 3665 0.5638650184876293
755 3680 0.14345163404806138
755 3695 -0.5662542513387845
755 3710 -0.2523293710352543
755 3724 -0.7804866256091081
755 3739 0.10021855275916813
755 3754 -0.5664578990397005
755 3769 -0.6428460780202567
768 769 0.526127091569337
768 3424 -0.040179730871757524
768 3439 0.28226139984491727
768 3364 -0.5672706589524399
768 3379 -0.7450613004679423
768 3394 0.33108228057698974
768 3409 0.15285013438661976
769 770 0.03656650756753299
769 3604 -0.030310469436646725
769 3619 0.4819268562810064
769 3454 0.17130103731729696
769 3469 0.3015204758334411
769 3485 0.6945190151398721
769 3500 -0.4920942116023168
769 3515 -0.2070175089332822
769 3530 -0.6436819191909002
769 3544 0.23124502571228667
769 3559 0.8255814466643008
769 3574 0.781020236117165
769 3589 -0.5668896992814347
770 3784 -0.08272829427111006
770 3799 -0.6181982128041212
770 3634 -0.8079192571902152
770 3649 -0.005641339483019925
770 3665 0.23047986264444886
770 3680 0.17642505924837604
770 3695 0.49608033466098234
770 3710 -0.6989511263886019
770 3724 -0.41417776438216136
770 3739 0.38218908641797156
770 3754 0.40092528716134623
770 3769 -0.2579484543236976
783 784 -0.15857197395449307
783 798 -0.4476857894890933
783 3424 -0.4139816759320678
783 3439 0.5513376608448557
783 3454 -0.23160029353998413
783 3469 0.7875893650356145
783 3485 -0.818416005805318
783 3500 -0.24060480298929132
783 3515 -0.8482504865972889
783 3530 0.30879355726978
783 3544 0.1538909972943081
783 3559 0.8892094971323545
783 3394 0.08816401094567228
783 3409 0.6187833079050273
784 785 0.0570553412796313
784 799 -0.8278991835298382
784 3604 -0.8370175087727976
784 3619 0.6352495025005798
784 3634 -0.8693035304054484
784 3649 -0.3142648618910855
784 3665 -0.9327314625842469
784 3680 0.8005715725817855
784 3695 -0.3753608880637034
784 3710 -0.5412403917594402
784 3724 -0.3070202500285948
784 3739 -0.25593755737993185
784 3574 0.7609384291558072
784 3589 -0.8089762818356352
785 800 0.9624239358634235
785 3784 -0.8201795952221071
785 3799 0.011817904962079018
785 3814 -0.720220573107625
785 3829 -0.15401985422045583
785 3845 -0.9904756306960123
785 3860 0.7302461528637973
785 3875 0.9511058324585673
785 3890 0.10114743550301197
785 3754 0.331112081945947
785 3769 -0.4737091947645953
798 799 -0.5447739784376262
798 3424 0.18699854627499213
798 3439 -0.6540636330478471
798 3454 0.7786195546641999
798 3469 -0.04299363266820566
798 3485 -0.07382374381028867
798 3500 -0.3512630670597454
798 3515 0.1487301962640366
798 3530 0.6268227417784229
798 3544 0.06271172696322669
798 3559 -0.9811211815892193
798 3394 0.2695738067173936
798 3409 0.7678987529309422
799 800 -0.7538167135176688
799 3604 0.5366776334705916
799 3619 0.34417277214073483
799 3634 0.6830469781724962
799 3649 -0.982908625295601
799 3665 0.4274541096775739
799 3680 -0.947883758188165
799 3695 -0.1924318895289594
799 3710 0.4613953092209986
799 3724 0.8636301343299506
799 3739 0.9194687856971437
799 3574 0.21223815549621583
799 3589 -0.0007710956782476242
800 3784 0.9770139197883265
800 3799 -0.2862858653741316
800 3814 0.2406532225183471
800 3829 0.7268780014403697
800 3845 0.09759287738093159
800 3860 0.22195979120305553
800 3875 -0.7784500114958504
800 3890 0.06777503190439527
800 3754 0.24594707814469952
800 3769 -0.49374066733253064
813 814 0.12441181423184822
813 828 0.32998370415691025
813 3425 -0.7195061305038146
813 3440 -0.6909583678108169
813 3455 -0.4947823209350881
813 3470 0.5948348595925159
813 3485 0.08396016414193186
813 3500 0.4371685516632602
813 3515 0.38105197498464904
813 3530 0.2514486198078991
813 3544 -0.32698816475186465
813 3559 -0.5548198764937846
813 3394 -0.10767822247455916
813 3409 0.48274675117001165
814 815 -0.19964764414015046
814 829 0.09478839836325359
814 3605 -0.19028535740514618
814 3620 -0.2684921548844652
814 3635 0.2770365984521683
814 3650 0.9859484331992934
814 3665 -0.5997919118294119
814 3680 0.9584934431935561
814 3695 -0.30315463842126933
814 3710 0.3071348090065835
814 3724 -0.5848127605685483
814 3739 -0.07881330730773461
814 3574 0.9318489181890395
814 3589 0.4902415833440539
815 830 0.5311066992315217
815 3785 -0.754114012917469
815 3800 -0.23846023421657558
815 3815 0.637124524803081
815 3830 0.984620883913998
815 3845 0.49379930392085125
815 3860 0.49393215266982704
815 3875 -0.8125409763561333
815 3890 -0.16591105708494291
815 3754 -0.5674870998938932
815 3769 -0.37882231320084037
828 829 -0.16905884310235497
828 3425 -0.0007408123533467759
828 3440 0.5421408178959426
828 3455 0.7606444123376801
828 3470 0.8803840066532154
828 3485 0.47380127637256386
828 3500 0.6304916799281499
828 3515 0.541538841025081
828 3530 -0.0033741820642587683
828 3544 -0.8594331386195717
828 3559 0.9931853675857296
828 3394 0.45742919303326457
828 3409 0.42656574733454833
829 830 0.9334983384487052
829 3605 0.8104401099196326
829 3620 0.6126706254777772
829 3635 -0.665368807472664
829 3650 0.8549650005299496
829 3665 0.7996420451692132
829 3680 -0.9517970664383448
829 3695 0.545760735024668
829 3710 -0.008789200960732435
829 3724 0.8132211618847283
829 3739 0.7557521552813584
829 3574 0.5707226578887326
829 3589 -0.6559136478184076
830 3785 0.20750422717271655
830 3800 -0.6774385515606121
830 3815 -0.12683598233790772
830 3830 -0.6788119934754633
830 3845 -0.14853505068155126
830 3860 0.6563930603508126
830 3875 0.4262229143639342
830 3890 0.750523819054189
830 3754 -0.4997894422127529
830 3769 0.7065392508721893
843 844 0.006887247569448585
843 858 0.9810261970222853
843 3425 -0.46338501415594835
843 3440 -0.4925063688519855
843 3455 -0.12443890676676062
843 3470 0.07957404921269928
843 3485 -0.6676504519138817
843 3500 0.40119775468416763
843 3364 -0.29082203071545876
843 3379 -0.0934159468621345
843 3394 0.6269150283121427
843 3409 0.8711448720432633
844 845 0.3996044486948911
844 859 -0.740028680343237
844 3605 -0.1570961167809115
844 3620 0.7971236779771582
844 3635 0.12351954113031516
844 3650 0.6352855295582533
844 3665 0.6709187752356582
844 3680 -0.5405594911612037
844 3515 0.5908192947216759
844 3530 0.3479118562887029
844 3544 -0.8130047393618871
844 3559 -0.08535708265895292
844 3574 -0.1977431106335028
844 3589 0.581945475914383
845 860 -0.8992256884499736
845 3785 0.36043315841552315
845 3800 -0.0587685703444949
845 3815 -0.6814478590592441
845 3830 0.5449296590357005
845 3845 0.4593697329426274
845 3860 0.7832558041167597
845 3695 -0.6756522435726802
845 3710 0.7825886709226788
845 3724 0.6794479465681034
845 3739 -0.9705092915322322
845 3754 -0.8325595758619313
845 3769 0.2610170297784111
858 859 0.9728982037627674
858 3425 0.3820252031664524
858 3440 0.01831441907090925
858 3455 0.5066994791823443
858 3470 -0.14197086479317278
858 3485 0.4235942875657226
858 3500 0.4142414927268665
858 3364 -0.25734557411733006
858 3379 -0.994623219053165
858 3394 -0.23388940460433982
858 3409 0.7291504345541218
859 860 0.7926646970430349
859 3605 0.8922680048448273
859 3620 0.07721207035858035
859 3635 -0.8390471236255117
859 3650 -0.810606118773062
859 3665 0.40069854557539286
859 3680 -0.9149414534857934
859 3515 -0.3482185393740689
859 3530 0.45872864278577086
859 3544 0.3364909560921361
859 3559 -0.9752068019705873
859 3574 0.4575092622489445
859 3589 -0.921429548734628
860 3785 0.3309038703111502
860 3800 -0.2097993558372706
860 3815 -0.9710076844592943
860 3830 -0.5779285348746765
860 3845 0.9983526347781886
860 3860 0.4011158346543746
860 3695 -0.43227547501573405
860 3710 -0.2259301294324556
860 3724 -0.8482534244191986
860 3739 -0.15016355861196695
860 3754 0.32632350388547704
860 3769 -0.3792941533414529
873 874 0.3903103060452753
873 888 -0.2837466520802643
873 3425 -0.19606595574035013
873 3440 -0.9198007122249143
873 3455 0.122893265038863
873 3470 0.2016447885239443
873 3485 -0.2952275069125885
873 3500 0.5965747549736069
873 3365 0.6463522686267289
873 3380 -0.732535577681021
873 3395 0.6065898689186251
873 3410 0.11328657833949674
874 875 -0.16073700611983321
874 889 0.5532349909222125
874 3605 0.0970284173005247
874 3620 0.9035757181604702
874 3635 0.003281239467908481
874 3650 -0.6780309813491581
874 3665 -0.8877984498719984
874 3680 -0.3458015351421655
874 3515 -0.10425286603435668
874 3530 -0.3650941900215099
874 3545 -0.1555264588354095
874 3560 -0.2606204747166987
874 3575 0.7511055459074121
874 3590 -0.6720886376769637
875 890 -0.6795136744223218
875 3785 0.49536566919073044
875 3800 0.1794480094099138
875 3815 -0.012785405240667957
875 3830 0.5969087352044091
875 3845 -0.6085676664902469
875 3860 -0.6533520957335426
875 3695 -0.1379600155596017
875 3710 0.9603093119392074
875 3725 0.33016874666862694
875 3740 -0.9580921411991279
875 3755 0.6410106988325488
875 3770 -0.6208927084968341
888 889 -0.06007479310553876
888 3425 -0.2402033526890306
888 3440 0.3014451313061419
888 3455 0.11355870613897467
888 3470 0.9180548094941119
888 3485 0.243756016303865
888 3500 -0.31994953704272944
888 3365 -0.8955728424202789
888 3380 0.3831386570440789
888 3395 -0.09199881080328853
888 3410 -0.8481882316896157
889 890 0.8459735983135026
889 3605 0.7579653553297903
889 3620 0.6418726581868572
889 3635 -0.11183123088443314
889 3650 0.2561274411866339
889 3665 -0.5186780191698308
889 3680 -0.6980465251055361
889 3515 0.6751107096525719
889 3530 -0.21244590707637667
889 3545 -0.791829237043945
889 3560 0.05616540901284606
889 3575 -0.8433869398756262
889 3590 0.2587932061349991
890 3785 -0.6416224045206849
890 3800 -0.10209853722490392
890 3815 -0.6305797872099133
890 3830 -0.512658756874697
890 3845 0.7475035701080694
890 3860 -0.11213450778971246
890 3695 -0.17274906490021125
890 3710 0.1909351765975884
890 3725 -0.4958176797843077
890 3740 -0.4093165747019645
890 3755 0.032041334934195476
890 3770 -0.4641536513717237
903 904 -0.5295271520114899
903 918 -0.6895018646627893
903 3425 0.4423281456894763
903 3440 -0.7716815192846089
903 3365 0.08851048842148002
903 3380 0.8785124703604124
903 3395 0.29259487146378205
903 3410 0.08206851218988742
904 905 0.0845472514382899
904 919 -0.2000782187229837
904 3605 -0.9874453948753272
904 3620 0.9819116063453255
904 3455 0.9657917762341139
904 3470 0.208955293067409
904 3485 -0.7142932975717737
904 3500 0.02503442901324493
904 3515 0.5071825076124439
904 3530 0.5730318109666084
904 3545 -0.8050886229682646
904 3560 -0.2600975453862491
904 3575 -0.4688248040317504
904 3590 0.3864769548973477
905 920 -0.9815318870814993
905 3785 -0.7048945083983402
905 3800 0.49013752479201966
905 3635 0.5866435491128323
905 3650 -0.17653491162897295
905 3665 0.41109368249418
905 3680 0.9247830861216622
905 3695 0.9185716323078832
905 3710 -0.9895782461453069
905 3725 -0.7075844538397071
905 3740 0.5501430080121275
905 3755 -0.12558158738218994
905 3770 0.8412945595505805
918 919 -0.6447063894716718
918 3425 -0.9725022605226445
918 3440 0.003706114386546222
918 3365 0.5690095678056395
918 3380 -0.19036866168360422
918 3395 -0.8342876406413715
918 3410 -0.7072588808340396
919 920 0.37155319777257123
919 3605 -0.8215064254508462
919 3620 0.06324029026200062
919 3455 -0.11993947175028286
919 3470 0.9411469187142154
919 3485 0.02304329828711449
919 3500 0.5699620009364013
919 3515 -0.5817155557664639
919 3530 -0.6799371432848689
919 3545 0.5306982711078712
919 3560 0.5405617638477107
919 3575 0.38561910796804977
919 3590 0.5676526665529604
920 3785 0.7383680422832246
920 3800 0.45731923868293856
920 3635 -0.038714564018685005
920 3650 -0.5057295401265578
920 3665 -0.5897477923889927
920 3680 -0.9095738914031555
920 3695 0.810443623753645
920 3710 -0.7064686975582346
920 3725 0.20377136663320528
920 3740 -0.35005982655478785
920 3755 -0.3356868076485766
920 3770 0.23288284547294436
933 934 -0.8364074483156119
933 948 -0.1493741941186857
933 3425 -0.11505184503444643
933 3440 -0.12992963067009033
933 3365 0.3237430773310692
933 3380 -0.006558543176822473
933 3395 -0.318771757413816
933 3410 -0.0020911058394585957
934 935 -0.15716494393195024
934 949 0.03903685213611796
934 3605 0.5611300286479783
934 3620 0.5398535381494718
934 3455 -0.6224648230815588
934 3470 0.5389510861661613
934 3486 -0.16819689467038001
934 3501 -0.24934493950678416
934 3516 0.47637556098043743
934 3531 0.25949114157605213
934 3545 0.6917610676638397
934 3560 0.44354594977477957
934 3575 -0.8401717314906083
934 3590 0.757608746570898
935 950 0.593588638870244
935 3785 -0.6601435180695086
935 3800 -0.6441744527679896
935 3635 0.5307286224187051
935 3650 -0.023179443372433273
935 3666 0.7531718160658711
935 3681 -0.5372740169272898
935 3696 0.740167518717505
935 3711 -0.9010277084335223
935 3725 -0.9508734880138714
935 3740 0.1913005269112822
935 3755 0.8928886070438784
935 3770 0.9398055940173082
948 949 -0.518623517214347
948 3425 0.4786489309111799
948 3440 0.5717429219435459
948 3365 0.567543485683367
948 3380 -0.6246396866017079
948 3395 0.9870110583014624
948 3410 -0.2525347354565539
949 950 -0.8326923020296846
949 3605 0.20554798637537308
949 3620 0.41859803938085105
949 3455 -0.8821022349929293
949 3470 -0.15960693220812971
949 3486 0.8011816966252665
949 3501 -0.35507361146966754
949 3516 0.21058274887811224
949 3531 0.5427601254338725
949 3545 0.6449917802282339
949 3560 -0.43650561713496483
949 3575 0.8937714699260491
949 3590 0.2579319354037557
950 3785 -0.3849403073620439
950 3800 0.2624113531273309
950 3635 -0.42668481214275356
950 3650 -0.9480516951480815
950 3666 -0.9747427331786895
950 3681 0.3736817222708375
950 3696 -0.9648733390834747
950 3711 0.7523618607142866
950 3725 0.5783813057854585
950 3740 0.052388059280469745
950 3755 0.6312624985171338
950 3770 -0.6623860502492696
963 964 0.9003101534852289
963 978 0.9127071568422667
963 3425 -0.1040334107840275
963 3440 0.4916154058212645
963 3455 0.12076433782101081
963 3470 0.0391754879802626
963 3486 0.604587072170597
963 3501 0.9552532404693614
963 3516 0.04771771723328855
963 3531 0.9713261914465492
963 3545 0.5016127305490878
963 3560 0.6691961359345011
963 3395 -0.651594764125907
963 3410 0.02523398168983859
964 965 0.1604765962414727
964 979 -0.9220162751279464
964 3605 -0.538721751612347
964 3620 -0.9464441464065636
964 3635 0.7410103642755312
964 3650 0.49901169295275305
964 3666 0.07920319919320473
964 3681 -0.5264670023084257
964 3696 0.814278976795936
964 3711 -0.9616644200692739
964 3725 -0.213497948778413
964 3740 -0.22408102620561454
964 3575 0.22990824700531087
964 3590 -0.49726708363760364
965 980 -0.47220949192188644
965 3785 0.038749727503894604
965 3800 -0.5685257651322606
965 3815 0.9566017526004109
965 3830 -0.31212274672292706
965 3846 0.6751212500968555
965 3861 0.30840461122092666
965 3876 -0.2730428948041348
965 3891 0.7489268074530806
965 3755 0.8556977240630592
965 3770 -0.7358952958775349
978 979 -0.49733849349729264
978 3425 -0.8014363366562534
978 3440 0.005727090692966508
978 3455 0.5276535576048289
978 3470 0.7737064066099542
978 3486 0.6680165728534808
978 3501 -0.3948278930756468
978 3516 -0.8236815813171856
978 3531 0.2810106063733848
978 3545 0.8617537291961725
978 3560 0.9967013779508906
978 3395 -0.17776959703867723
978 3410 0.007054126596820698
979 980 0.7744296498761889
979 3605 0.5864628730140127
979 3620 0.5402181027486572
979 3635 -0.643011700845386
979 3650 -0.24118945754443266
979 3666 0.6059082016069259
979 3681 0.24436830729094328
979 3696 0.6861486523265212
979 3711 0.34352913637474947
979 3725 0.30930416951967055
979 3740 -0.3634228529380039
979 3575 -0.7306703436891171
979 3590 -0.3266002470183873
980 3785 0.5475633305248289
980 3800 0.1021628351521533
980 3815 0.3312746225656278
980 3830 -0.07237563962738225
980 3846 0.9758895864311901
980 3861 -0.5432654295517165
980 3876 -0.599749803659456
980 3891 0.7695020497911005
980 3755 0.8037197513323988
980 3770 0.8802972924672139
993 994 0.8521093274990599
993 1008 -0.7739457820738509
993 3426 -0.9144688452711718
993 3441 0.9930765358989966
993 3456 0.06560758257412469
993 3471 -0.8823674993584085
993 3486 -0.24472419982457438
993 3501 -0.393183946762401
993 3516 -0.21853368088739922
993 3531 -0.020726709730881865
993 3545 0.4567016715582053
993 3560 0.7916477164389717
993 3395 0.7684112227527637
993 3410 -0.3298188664194348
994 995 -0.4512893378172427
994 1009 -0.5477577541507903
994 3606 0.0044130906027701755
994 3621 0.9797846252729294
994 3636 -0.9408754795564802
994 3651 -0.2106998135175686
994 3666 -0.856661060268123
994 3681 0.5909601994111842
994 3696 -0.9806269232498597
994 3711 -0.22057310876363934
994 3725 0.3601450132186985
994 3740 0.3350221906654598
994 3575 0.2559606213688561
994 3590 -0.6870198456432206
995 1010 -0.17704357134754312
995 3786 0.4569631062839239
995 3801 0.9304617404087596
995 3816 0.6791867898634936
995 3831 -0.6850740451591635
995 3846 0.11666842482297701
995 3861 -0.16439477942861824
995 3876 -0.35417188184702386
995 3891 0.23674332720871827
995 3755 -0.7264254820990343
995 3770 -0.31307282157352767
1008 1009 -0.5526419479210711
1008 3426 0.05218976735154546
1008 3441 -0.661793610304398
1008 3456 -0.4323688008889779
1008 3471 -0.5645143045177754
1008 3486 0.6780246407933082
1008 3501 0.113077623420057
1008 3516 0.09894864357631428
1008 3531 -0.9476333607472496
1008 3545 -0.11010383032334303
1008 3560 0.9136998595211856
1008 3395 0.7338071028592021
1008 3410 0.21934643728127234
1009 1010 -0.19505514628391163
1009 3606 -0.43988486304816443
1009 3621 0.6873412672111248
1009 3636 -0.8221472889698727
1009 3651 0.4658632757780514
1009 3666 0.719198886216248
1009 3681 -0.9362294728902543
1009 3696 -0.4154003013308969
1009 3711 0.5332681656721661
1009 3725 0.5910398601078015
1009 3740 0.6221681287861882
1009 3575 0.8056114488507338
1009 3590 -0.853144542759201
1010 3786 0.13269230599671245
1010 3801 -0.46048637679484994
1010 3816 -0.0936087884129373
1010 3831 0.7657402916656992
1010 3846 0.5690170278031947
1010 3861 0.4292319055969118
1010 3876 -0.7582753491989251
1010 3891 -0.6298884801861071
1010 3755 0.2759223427550337
1010 3770 0.37327011341878924
1023 1024 -0.84109576347609
1023 1038 0.21953222969899655
1023 3426 0.8260370193632975
1023 3441 -0.8117590631896596
1023 3456 -0.3592423452189839
1023 3471 -0.3145930924836322
1023 3486 0.956373700504811
1023 3501 0.7825216001851996
1023 3365 0.22618478027524413
1023 3380 0.4089325983835552
1023 3395 -0.4066469205999197
1023 3410 -0.19853801343164146
1024 1025 -0.7729774870400459
1024 1039 -0.20986465192582737
1024 3606 0.3685786116615415
1024 3621 -0.9910014580481661
1024 3636 -0.9073647660519415
1024 3651 -0.3811529297269587
1024 3666 -0.6317075904086713
1024 3681 0.6737280352501542
1024 3516 -0.7362030512371904
1024 3531 0.6520186100405223
1024 3545 0.4365515783435161
1024 3560 -0.653725054925417
1024 3575 0.9490960214443525
1024 3590 0.1992029227125598
1025 1040 -0.9895718538763001
1025 3786 -0.1623869861534517
1025 3801 -0.3283532742475628
1025 3816 -0.9509202820769596
1025 3831 -0.5290983872346116
1025 3846 0.8657593010074585
1025 3861 0.8666357388121086
1025 3696 -0.3449527772648697
1025 3711 -0.28212860094347136
1025 3725 0.07923318909026911
1025 3740 0.9498598659172592
1025 3755 0.8735433576121661
1025 3770 0.6343830626138625
1038 1039 0.4090381657186868
1038 3426 -0.6493717430291892
1038 3441 0.31923481835188117
1038 3456 0.9939281492900238
1038 3471 -0.7194671913005075
1038 3486 -0.9899031412260237
1038 3501 0.33613326443396563
1038 3365 0.3996494790037173
1038 3380 0.6207035970392869
1038 3395 0.6443369970384782
1038 3410 0.7521169762732434
1039 1040 -0.4463154049963931
1039 3606 0.3373895726034506
1039 3621 0.633131572609835
1039 3636 -0.8871223849283463
1039 3651 0.7690341110198566
1039 3666 0.16209906224432924
1039 3681 0.5000783732605236
1039 3516 -0.10117263511532126
1039 3531 -0.8338666389879528
1039 3545 -0.12386098126250267
1039 3560 0.7093996516794492
1039 3575 -0.15482696511450023
1039 3590 -0.8663977814005781
1040 3786 0.21516789709801687
1040 3801 0.38908123383414517
1040 3816 0.043068874555118875
1040 3831 0.39129148299860494
1040 3846 0.29841847916121567
1040 3861 0.8191289083592255
1040 3696 0.7967312711504018
1040 3711 0.5307886275288984
1040 3725 0.06391270003394789
1040 3740 -0.5061256016638482
1040 3755 -0.2466935326465245
1040 3770 -0.2576094091626504
1053 1054 -0.5113836052307688
1053 1068 0.3491375654252584
1053 3426 0.48021740109467714
1053 3441 -0.9348793123952888
1053 3456 -0.5642843227244152
1053 3471 0.07176944835429655
1053 3486 0.5141383273327857
1053 3501 0.07469397305344971
1053 3366 0.21917219262894605
1053 3381 -0.09267552145027436
1053 3396 -0.17620321329008992
1053 3411 -0.12968592084859143
1054 1055 -0.23077026702016323
1054 1069 -0.8328094569891618
1054 3606 -0.7493776069524754
1054 3621 0.3939969619674262
1054 3636 0.8310052168880566
1054 3651 0.06548912711964716
1054 3666 0.9183766846974915
1054 3681 -0.8913337261322822
1054 3516 -0.3352668160557746
1054 3531 -0.8752356516659248
1054 3546 0.14206484897152416
1054 3561 -0.5584311076525739
1054 3576 -0.4281320928038048
1054 3591 0.30772931650393653
1055 1070 -0.5887227633030967
1055 3786 0.38720995456405083
1055 3801 0.5941769479785375
1055 3816 0.6478398537974674
1055 3831 0.7527825353489703
1055 3846 -0.6305341166535066
1055 3861 0.9573410279838146
1055 3696 -0.9702974932353332
1055 3711 -0.3942828373552243
1055 3726 -0.8079350896312558
1055 3741 0.23926461331027182
1055 3756 0.35481048235401724
1055 3771 0.03865713396545889
1068 1069 0.9249867247132284
1068 3426 0.2570316576386602
1068 3441 -0.859634075359488
1068 3456 0.3296809339063418
1068 3471 -0.7527840225252374
1068 3486 0.7864595299342192
1068 3501 0.7751337151977555
1068 3366 0.898510026434379
1068 3381 0.21116524093088151
1068 3396 0.3829140415246435
1068 3411 0.6151165123753117
1069 1070 0.7274715002709025
1069 3606 0.7379570175084209
1069 3621 0.7804992574151899
1069 3636 0.3171854880239835
1069 3651 -0.31970614726264945
1069 3666 0.3824510829030776
1069 3681 0.08907019467053612
1069 3516 -0.046334540723466544
1069 3531 -0.5971950208074908
1069 3546 0.7298760683243462
1069 3561 -0.8022744102498325
1069 3576 -0.2609288286110345
1069 3591 0.21425073239620374
1070 3786 -0.3428314816369462
1070 3801 -0.6618860434514489
1070 3816 -0.9055585005988709
1070 3831 0.8564482669016327
1070 3846 0.9519150030461341
1070 3861 0.4279428882128886
1070 3696 0.6038026663473708
1070 3711 0.7347042330314251
1070 3726 -0.6291107662040658
1070 3741 0.6177537718546391
1070 3756 -0.8230803309853878
1070 3771 -0.19574376419572803
1083 1084 -0.290897877771614
1083 1098 0.24317132095616856
1083 3426 0.5498804364075232
1083 3441 0.8333227750180245
1083 3366 -0.06252527747787329
1083 3381 0.9093038476855169
1083 3396 -0.10099361175868826
1083 3411 -0.8432650393789416
1084 1085 -0.26011845455601423
1084 1099 0.7237783072695723
1084 3606 -0.6337282797804549
1084 3621 0.9843330829868089
1084 3456 -0.562714748351274
1084 3471 -0.7845947759674345
1084 3486 0.6896622823793295
1084 3501 0.46352127694652356
1084 3516 0.8770818996133998
1084 3531 -0.37134551277125505
1084 3546 0.013821676384255577
1084 3561 -0.3215346774865271
1084 3576 0.7541612885254436
1084 3591 -0.7390582689292136
1085 1100 0.556237110240609
1085 3786 -0.4670209301808659
1085 3801 -0.8101365688723332
1085 3636 0.935430775733205
1085 3651 0.7510289094831939
1085 3666 -0.7763971620324501
1085 3681 -0.2621639964477831
1085 3696 -0.2441969554792245
1085 3711 -0.28832029355585065
1085 3726 0.4019343457953344
1085 3741 0.9466814800792154
1085 3756 -0.10516488944799285
1085 3771 0.4042694616242062
1098 1099 -0.20655937308881733
1098 3426 0.929024275228651
1098 3441 -0.2825383126501593
1098 3366 -0.7027174302141719
1098 3381 -0.286692533274729
1098 3396 0.08492285709883274
1098 3411 -0.333179931083913
1099 1100 -0.93792943048793
1099 3606 0.019457975284482565
1099 3621 0.10121536305629908
1099 3456 0.578845721978432
1099 3471 0.2742483609008548
1099 3486 0.0497460920928805
1099 3501 -0.4923484436294361
1099 3516 0.2515806251161887
1099 3531 0.06195802614741397
1099 3546 0.4735635150724471
1099 3561 -0.21112830574332375
1099 3576 0.2597722197227217
1099 3591 0.7325133721089541
1100 3786 0.15242672718624428
1100 3801 0.1374352947377906
1100 3636 0.09268388628065716
1100 3651 -0.840089468244696
1100 3666 -0.8385610184126329
1100 3681 0.670806082180468
1100 3696 -0.008862919596753782
1100 3711 -0.14029656930342393
1100 3726 -0.018395293057800632
1100 3741 0.5642304491018459
1100 3756 0.13426717090103302
1100 3771 0.7828391483159629
1113 1114 -0.39248424325168263
1113 1128 0.25352647815536367
1113 3426 0.029053850927324598
1113 3441 -0.2772878819508795
1113 3366 -0.9718923764362963
1113 3381 0.25423341211393624
1113 3396 0.5955761263662336
1113 3411 0.056380575438317315
1114 1115 0.1415707256293861
1114 1129 0.6363206068132055
1114 3606 0.002530480172350247
1114 3621 -0.6155434216826094
1114 3456 0.5117149387607904
1114 3471 0.6732442259543914
1114 3546 -0.16228882886277218
1114 3561 -0.18500630406208307
1114 3576 -0.4434271922599624
1114 3591 -0.7594823794575682
1115 1130 -0.2097575518145931
1115 3786 0.8018455962012982
1115 3801 0.9743897931414127
1115 3636 0.1124864216026158
1115 3651 0.8065040274636226
1115 3726 -0.30868164788307473
1115 3741 0.6298043330676435
1115 3756 0.01913049387818777
1115 3771 0.9069996203865591
1128 1129 0.6755755940034063
1128 3426 0.8206787185709563
1128 3441 -0.574094424304775
1128 3366 -0.3340923534809115
1128 3381 -0.27982920306142134
1128 3396 -0.43732953972103195
1128 3411 -0.01781056680982318
1129 1130 0.5437384682215725
1129 3606 0.7933362224886129
1129 3621 -0.9860252034261741
1129 3456 0.9546538235028148
1129 3471 -0.22145868301180371
1129 3546 -0.26304911624932226
1129 3561 0.401762769061915
1129 3576 -0.7513068586305098
1129 3591 -0.730548945941335
1130 3786 0.9620303692068015
1130 3801 0.6504448897972723
1130 3636 0.1983932324676605
1130 3651 0.2941246231591186
1130 3726 -0.9049548401255976
1130 3741 -0.028885804541384896
1130 3756 -0.11701432606696027
1130 3771 0.4412474529017718
3364 3365 0.7806764482256423
3364 3379 0.9460263686407495
3365 3366 0.6156736190770797
3365 3380 -0.8324649150680286
3366 3381 0.6702698841681347
3379 3380 -0.382719881005827
3380 3381 -0.9460976252743298
3394 3395 0.10667011967543893
3394 3409 0.5949863621190501
3395 3396 0.7842859954848265
3395 3410 -0.03789010834538309
3396 3411 -0.17707281565250432
3409 3410 -0.05862144106680245
3410 3411 0.9447426454144159
3424 3425 -0.08671280383012814
3424 3439 0.2050896093907537
3425 3426 0.7777109512243998
3425 3440 0.518895348158259
3426 3441 -0.19873433814966956
3439 3440 0.3134840093575255
3440 3441 0.956273068506106
3454 3455 -0.7304893888356319
3454 3469 -0.900655452297429
3455 3456 0.0016952119539375143
3455 3470 -0.23660107136089348
3456 3471 0.5130903351841369
3469 3470 0.12401177470464342
3470 3471 0.43488339602905324
3484 3485 -0.9476728224033473
3484 3499 -0.131057033455521
3485 3486 -0.5647418241891127
3485 3500 0.7713127006367846
3486 3501 -0.8828384427467058
3499 3500 -0.1881696788692857
3500 3501 -0.35672246878152114
3514 3515 -0.5591530946989605
3514 3529 0.8134391842658812
3515 3516 0.9750777003274291
3515 3530 0.42944428402904666
3516 3531 0.49503030771390777
3529 3530 -0.6528210585924104
3530 3531 0.9824212469027902
3544 3545 0.24181093450820867
3544 3559 0.3066682146476005
3545 3546 -0.8565742542170003
3545 3560 0.10747525423159154
3546 3561 0.4161457777228612
3559 3560 -0.23837497604919622
3560 3561 0.6650420201474359
3574 3575 0.09582771687625957
3574 3589 -0.6571337010377734
3575 3576 -0.8188823860547216
3575 3590 0.6436296912501742
3576 3591 0.3446156806655787
3589 3590 0.5588477084450008
3590 3591 0.23005186820036005
3604 3605 0.8354971235127737
3604 3619 -0.7053841712828173
3605 3606 -0.7110062753390352
3605 3620 0.0399109903514927
3606 3621 -0.03926760203664181
3619 3620 -0.5802894777558865
3620 3621 0.01581074354825196
3634 3635 -0.2808271105855824
3634 3649 0.49869953762985597
3635 3636 0.20961951690837433
3635 3650 0.7927239049820045
3636 3651 0.22736341518172365
3649 3650 -0.7619670306659669
3650 3651 0.36435820136968555
3664 3665 -0.6217774763798583
3664 3679 -0.06407985847009523
3665 3666 0.21645960279106635
3665 3680 -0.14323186227190865
3666 3681 -0.4909967617008175
3679 3680 -0.13196386456110187
3680 3681 0.3663026709109034
3694 3695 -0.3665164822158071
3694 3709 -0.588978857177509
3695 3696 0.3604134967467838
3695 3710 -0.23179971095329455
3696 3711 0.9168912385577366
3709 3710 -0.43539394851027025
3710 3711 0.8239010702514846
3724 3725 -0.9580873536137986
3724 3739 -0.7939734355291568
3725 3726 0.43605714373476134
3725 3740 -0.5311440363570741
3726 3741 -0.9445160448665715
3739 3740 -0.5231940186633166
3740 3741 -0.010658419448581036
3754 3755 -0.7201480368443698
3754 3769 0.6677912511875363
3755 3756 -0.620479138844988
3755 3770 -0.8383653788232384
3756 3771 -0.14255070175195494
3769 3770 -0.7244821475770153
3770 3771 0.16860548467727954
3784 3785 0.8116872085533575
3784 3799 0.23251030427636654
3785 3786 -0.7194376490888958
3785 3800 -0.4689477581457935
3786 3801 0.7030943563164598
3799 3800 -0.6042201520319523
3800 3801 -0.5302217852694795
3814 3815 0.3042732365044847
3814 3829 0.771381774381267
3815 3816 -0.8261659127333625
3815 3830 0.01253153625022474
3816 3831 -0.9286952186474164
3829 3830 -0.8684354608932188
3830 3831 -0.49784286259266963
3844 3845 -0.6947544691412912
3844 3859 0.6432201391662664
3845 3846 0.3885135038526286
3845 3860 0.5458131597494238
3846 3861 -0.009256831132358867
3859 3860 0.7664736277310467
3860 3861 -0.853722754720343
3874 3875 -0.5168465212776991
3874 3889 -0.6118789481884772
3875 3876 0.7196817745919635
3875 3890 0.08199305323957273
3876 3891 -0.6394027194918301
3889 3890 0.3305801438536209
3890 3891 0.9174128762926699
