# 
603 603 2.533209647135367
604 604 -2.328252284224858
605 605 -3.616333027571751
618 618 -0.8461557227223979
619 619 0.8067393534816505
620 620 3.273914115093434
633 633 3.891029465322852
634 634 -2.9548203319821775
635 635 -2.569549442241904
648 648 -3.503182466813401
649 649 0.8878484916287004
650 650 -0.5797080083941699
663 663 -2.55165165915765
664 664 -3.9647076296753285
665 665 0.854544033546591
678 678 3.6699608741362075
679 679 0.97387887310461
680 680 2.261653780297558
693 693 -1.6665830809813187
694 694 2.9279774563849363
695 695 -2.048064419502947
708 708 3.5857111617113917
709 709 -1.7738765952865956
710 710 1.7729995432281394
723 723 -2.4787724957995145
724 724 -1.8396913338101486
725 725 1.5705683206390795
738 738 0.3213343343171182
739 739 1.5290456288587446
740 740 1.9994466527250072
753 753 1.0755867048347785
754 754 2.3668878602337475
755 755 1.0260786473429375
768 768 1.7345204123129738
769 769 2.9214790607386876
770 770 3.529806883133512
783 783 -3.821554565720013
784 784 -1.4538479830874715
785 785 -0.7912603810407441
798 798 -1.5032466629881274
799 799 -0.2347406166720365
800 800 1.3447994281411466
813 813 3.1462641610277844
814 814 -2.9757750322773395
815 815 3.4407104281617817
828 828 2.3406783001923364
829 829 -3.816139449674215
830 830 1.7687999827986083
843 843 2.097924691909201
844 844 2.348457119697289
845 845 1.2985020851345377
858 858 3.6904689209667962
859 859 2.5739521999975876
860 860 3.906088367567281
873 873 -0.20966109999944127
874 874 2.2320064954476786
875 875 3.8574949519944886
888 888 -2.0069537046119015
889 889 3.607569785329992
890 890 1.9263926156874351
903 903 -3.3954476619057488
904 904 2.0917796985507255
905 905 -3.0181943139423515
918 918 3.2914925584309174
919 919 -2.2785118397477033
920 920 -1.2474880258864243
933 933 -1.7420351603181148
934 934 0.9531603414431595
935 935 -1.991529117454367
948 948 -3.174532976002089
949 949 -0.6377915928563027
950 950 -1.1050916572921237
963 963 3.9988877207543885
964 964 1.0330422012218117
965 965 0.6124868903541039
978 978 0.5446349192927089
979 979 -2.236123608013772
980 980 -1.718651566155061
993 993 2.5595488971053584
994 994 3.265004636938233
995 995 0.8600522115581715
1008 1008 -0.9171044592998809
1009 1009 2.029079265017579
1010 1010 0.5787534546237909
1023 1023 -1.962909926759278
1024 1024 -2.2296207133180417
1025 1025 -2.834100536974895
1038 1038 2.5309564913563714
1039 1039 -3.856177005989055
1040 1040 -0.7388878878199154
1053 1053 -1.0111660385371728
1054 1054 3.460695142176008
1055 1055 -2.651765463765569
1068 1068 -0.9299326999990623
1069 1069 -3.425286191585598
1070 1070 3.4014680117395457
1083 1083 -2.724833671468402
1084 1084 2.2685832405303508
1085 1085 -2.937741259517499
1098 1098 0.3516862615903875
1099 1099 -0.4686260724141844
1100 1100 -1.8206549754716468
1113 1113 1.9112938345953232
1114 1114 3.138812585893845
1115 1115 -0.27402783577482026
1128 1128 -3.4234027257109787
1129 1129 0.5008068813541673
1130 1130 0.5532768317993879
3364 3364 -0.2929028642417144
3365 3365 -2.3310527964579073
3366 3366 -0.6693389312990288
3379 3379 -1.139219242592171
3380 3380 0.33689560733155055
3381 3381 3.8386684207757718
3394 3394 -0.10687129548255214
3395 3395 0.363618787981169
3396 3396 -1.650204246236405
3409 3409 3.4309693042005707
3410 3410 2.3447893175960983
3411 3411 3.1285396504542398
3424 3424 -2.7533352223924847
3425 3425 0.6888406493205679
3426 3426 1.0527351318413496
3439 3439 1.656100926915558
3440 3440 0.9838823093836986
3441 3441 -2.0366018242216093
3454 3454 2.8529690044530778
3455 3455 2.533489249715296
3456 3456 -2.273286888674958
3469 3469 0.003801093574914205
3470 3470 -1.884718304651992
3471 3471 1.9822188689140399
3484 3484 3.5765192337622347
3485 3485 -2.2608888946345154
3486 3486 -0.592872454446236
3499 3499 -2.958136955654549
3500 3500 1.5489252575061085
3501 3501 0.03330773526599806
3514 3514 0.8253752999508777
3515 3515 0.6726338938564362
3516 3516 -0.2094901035383554
3529 3529 -2.0056133616967697
3530 3530 1.2874252209597268
3531 3531 1.1506062975850107
3544 3544 -0.8184776166958736
3545 3545 2.3154270389546543
3546 3546 2.6649056736847596
3559 3559 -2.899051293244849
3560 3560 0.018038959840516178
3561 3561 1.1354220393055154
3574 3574 3.5600711633096527
3575 3575 0.7297342862777665
3576 3576 -3.7013588013996808
3589 3589 -3.6640468105304027
3590 3590 1.9523254073802931
3591 3591 -1.878584466410671
3604 3604 0.1909663300034925
3605 3605 2.1421499809972753
3606 3606 -3.3465226886734847
3619 3619 -2.4835061138580894
3620 3620 2.9494740973189213
3621 3621 1.3418918537708393
3634 3634 0.29816012888412224
3635 3635 -2.335548046467844
3636 3636 3.4488502169788866
3649 3649 -3.1980426783927154
3650 3650 -2.0052115559075245
3651 3651 2.055656822207718
3664 3664 -1.7160296994034665
3665 3665 0.37461847254990754
3666 3666 -3.1392757891842704
3679 3679 -2.7377137439109864
3680 3680 -1.283733316136768
3681 3681 -1.2791064080012582
3694 3694 0.9060857064749088
3695 3695 0.656466266888895
3696 3696 0.17370329394629724
3709 3709 -1.771885123026654
3710 3710 -2.7482157471474737
3711 3711 0.006398830734777761
3724 3724 2.5935698636677538
3725 3725 -2.9525321671809843
3726 3726 3.7291897610780707
3739 3739 -1.5235455962628022
3740 3740 -0.18187613889458643
3741 3741 3.980089491287851
3754 3754 1.6180713894947134
3755 3755 2.515684325206397
3756 3756 2.024626754377585
3769 3769 1.9482574118534686
3770 3770 -3.5476451041925454
3771 3771 -1.288587495679935
3784 3784 2.8069002294826726
3785 3785 1.7213796791354739
3786 3786 0.9799035431712406
3799 3799 -3.6945048147348745
3800 3800 1.703129800703337
3801 3801 -0.4622241717718536
3814 3814 0.5901945239887123
3815 3815 0.4721788980629418
3816 3816 3.3650031236967486
3829 3829 2.4811854544668783
3830 3830 -0.8416270082284845
3831 3831 1.9909009414052923
3844 3844 -1.730643549762588
3845 3845 1.9311004369632183
3846 3846 -0.9687354483804498
3859 3859 2.7204535644435657
3860 3860 -2.427914002681046
3861 3861 -1.9060437948790385
3874 3874 -1.778331249437529
3875 3875 -0.2980092959444569
3876 3876 2.968903250268645
3889 3889 -0.3792951197542509
3890 3890 -2.1786077004330737
3891 3891 3.1139933970179783
603 604 -0.5729887079069214
603 618 -0.7181420203194788
603 3484 0.8745735137437463
603 3499 0.3841870915790766
603 3514 0.8941025921517902
603 3529 0.059945449968919595
604 605 0.4273176840251067
604 619 0.29290674044786824
604 3664 0.13402365605201716
604 3679 0.2710737660897775
604 3694 -0.33100445055733707
604 3709 0.17802419120849122
605 620 0.05146557074528646
605 3844 -0.5195886501223566
605 3859 -0.9459940395102886
605 3874 0.37921644154002476
605 3889 -0.3551922554714029
618 619 0.9508330013885724
618 3484 -0.4404323480834802
618 3499 -0.042427600346608196
618 3514 -0.4810223616675422
618 3529 -0.9561592180110097
619 620 -0.1739801678719901
619 3664 -0.7931031453092305
619 3679 -0.8365428561296868
619 3694 0.9396659527169129
619 3709 -0.4637696130171911
620 3844 0.5180601483909417
620 3859 0.8262162312608836
620 3874 -0.885332413230248
620 3889 -0.8588370929395661
633 634 0.7492419319279309
633 648 -0.3810014888847566
633 3424 0.9096258853553045
633 3439 -0.40627677076219215
633 3454 0.26880450671235767
633 3469 -0.546992400659533
633 3484 -0.2611834871555576
633 3499 0.10693049683581668
633 3514 -0.40248979465291335
633 3529 -0.11560167270306687
634 635 -0.6587172027385173
634 649 -0.6682564818382741
634 3604 0.803385663329619
634 3619 0.06333632909593145
634 3634 -0.906092637299942
634 3649 0.3544931883007225
634 3664 -0.1411129742088284
634 3679 -0.47413526248643856
634 3694 0.22300279469991868
634 3709 0.4880034245221587
635 650 -0.21078583571946474
635 3784 0.0776984247314445
635 3799 0.5712220406284438
635 3814 -0.3573306519393076
635 3829 -0.10875380882004682
635 3844 -0.9548877698034617
635 3859 -0.9757490142818288
635 3874 -0.9828597236180925
635 3889 0.7417918536087742
648 649 0.6135339176829337
648 3424 -0.01810141393069986
648 3439 0.5341584051954429
648 3454 0.10270272930643798
648 3469 0.48215658131929096
648 3484 0.23984402504592195
648 3499 0.2545940069097179
648 3514 0.7494954933500315
648 3529 -0.6432747329564446
649 650 -0.2524641350445078
649 3604 -0.573783141259443
649 3619 -0.8871658257056956
649 3634 0.7848868497228008
649 3649 0.24327241455434678
649 3664 -0.18509106642525075
649 3679 -0.5274959036867377
649 3694 0.9955937509011763
649 3709 0.9771920578103237
650 3784 0.9582304754047526
650 3799 0.3722042737150244
650 3814 0.89062503760079
650 3829 -0.3038231350496381
650 3844 0.18372251145758867
650 3859 -0.5259011101322835
650 3874 -0.8699452380873718
650 3889 -0.7964369630975081
663 664 0.35825129374929787
663 678 -0.7594616486115293
663 3424 0.9746102388572853
663 3439 0.18974627772676378
663 3454 -0.7633835097168802
663 3469 0.6782225275492704
663 3484 0.7429589218554722
663 3499 0.5323299586807397
664 665 -0.6019445076943919
664 679 -0.4365188007824554
664 3604 -0.9880057503467017
664 3619 0.14076266169810725
664 3634 0.20236798819137802
664 3649 -0.7878623422561344
664 3664 -0.904408007765886
664 3679 -0.7520205802799618
664 3514 0.8236616167565713
664 3529 0.13504351580964213
665 680 -0.6676274445702748
665 3784 0.21609443477804113
665 3799 -0.6156790204960496
665 3814 0.9746086023627822
665 3829 0.04914021663960089
665 3844 -0.03971253410436759
665 3859 -0.9299477066906316
665 3694 -0.1956994785020869
665 3709 0.9098151416053466
678 679 0.5845755154421686
678 3424 -0.8815522474252879
678 3439 -0.8043940273147077
678 3454 -0.7908562107462369
678 3469 -0.18835234951364832
678 3484 -0.6009868355120929
678 3499 -0.847183916130352
679 680 0.08392571657945425
679 3604 -0.895104654207471
679 3619 -0.747393927420414
679 3634 -0.5282489162912551
679 3649 0.25872856082650286
679 3664 -0.6635089673727272
679 3679 0.5115673464295636
679 3514 -0.6114368133704113
679 3529 0.7804068166798919
680 3784 0.3637992346305754
680 3799 -0.43061092490725605
680 3814 -0.22698004257879334
680 3829 0.6712831286328038
680 3844 -0.07956309093305136
680 3859 -0.7950867668890371
680 3694 -0.898502290008004
680 3709 0.6148287454782211
693 694 -0.07387030601441769
693 708 0.504214526564609
693 3424 -0.5187376122548524
693 3439 -0.33833000545348724
693 3454 -0.8792922781087518
693 3469 -0.25298476023921745
693 3484 -0.3144860511977019
693 3499 0.26650325328636093
693 3364 -0.021838858489121593
693 3379 -0.853976759121502
693 3394 0.5284614625729422
693 3409 0.5925909898031692
694 695 0.06326994564451915
694 709 -0.07799601041213777
694 3604 0.8724884506904733
694 3619 -0.8828876877465661
694 3634 -0.7364641369758234
694 3649 -0.9311618396299186
694 3664 -0.35808678381746084
694 3679 -0.8844180340320327
694 3514 -0.25831904174735953
694 3529 0.750742305106948
694 3544 -0.5787844105267577
694 3559 -0.42322996272274804
694 3574 -0.6883615907337017
694 3589 0.8983855521513089
695 710 -0.8534448096283296
695 3784 -0.5876542035895005
695 3799 0.6423140136602197
695 3814 -0.04835247472559234
695 3829 -0.830920520774856
695 3844 0.8932016987909968
695 3859 -0.30268679970706835
695 3694 0.90461268691275
695 3709 0.6915869115663895
695 3724 -0.44134700386279957
695 3739 0.15838317790409207
695 3754 -0.4560503544595975
695 3769 0.5901534737308092
708 709 -0.5975010451478688
708 3424 -0.7709580914020517
708 3439 0.3276079898151416
708 3454 -0.13307489703314057
708 3469 -0.8362047357858486
708 3484 -0.3535199641537896
708 3499 0.8080002768279226
708 3364 -0.9715822513417935
708 3379 0.4652858257703085
708 3394 -0.08584171472671387
708 3409 0.7179141317713775
709 710 0.26750352565794855
709 3604 -0.9127781988560808
709 3619 -0.2328703185202312
709 3634 -0.6952554434484715
709 3649 -0.8655348957294848
709 3664 0.5499956585287398
709 3679 -0.6962803623939136
709 3514 -0.5840496403117936
709 3529 0.5820565424282198
709 3544 0.9127295845244978
709 3559 -0.23126409205541942
709 3574 0.37213708583960114
709 3589 -0.795963705345303
710 3784 0.9101888737682224
710 3799 0.4325014520150392
710 3814 0.7339957260895948
710 3829 -0.6398854266427294
710 3844 0.5291303916939301
710 3859 0.18877605981669654
710 3694 -0.8503781083459852
710 3709 0.555181950281334
710 3724 -0.46042462686500696
710 3739 -0.055746434853445326
710 3754 -0.906684918840138
710 3769 -0.3792147580369998
723 724 0.7052455236425068
723 738 0.17963612904104287
723 3424 0.8364930464222602
723 3439 -0.8146251351218408
723 3364 0.7637202221646946
723 3379 -0.9750068584388409
723 3394 0.6069188113425703
723 3409 0.7701865641072636
724 725 -0.6821793114661985
724 739 0.4898366052087786
724 3604 0.9577747886344858
724 3619 0.08696832689985756
724 3454 -0.39043467162094236
724 3469 -0.828716219725679
724 3484 0.14070047960608933
724 3499 0.8909885060165106
724 3514 -0.6775175584147637
724 3529 0.7833950082344383
724 3544 -0.9220703285010514
724 3559 -0.9460998782601355
724 3574 0.8732845769809303
724 3589 0.1373913384488623
725 740 0.5849063494921798
725 3784 0.9768664249069914
725 3799 -0.4544519061685708
725 3634 0.6013373731357314
725 3649 -0.2581005397264442
725 3664 0.32919316455834613
725 3679 0.6696353600643106
725 3694 -0.7840908462280243
725 3709 0.32379172229729813
725 3724 0.924849025871612
725 3739 0.44878705470598157
725 3754 0.6804424885300517
725 3769 -0.24300949746766243
738 739 -0.5462417391878454
738 3424 -0.36359740105387406
738 3439 0.2358350753384708
738 3364 0.7303758619264262
738 3379 -0.6115185401785947
738 3394 -0.3711002634438787
738 3409 0.9405368754076646
739 740 -0.05957651231921779
739 3604 0.7042797325875811
739 3619 -0.609270373512377
739 3454 0.2647712373574793
739 3469 0.3434399766932419
739 3484 -0.5603032290647874
739 3499 0.23127180819437654
739 3514 0.23393688411140956
739 3529 0.34965638670231836
739 3544 -0.19571395884069132
739 3559 -0.9728494627069526
739 3574 -0.7148689942169284
739 3589 -0.28669963486690886
740 3784 0.5651752148790619
740 3799 0.13248107850628998
740 3634 -0.8503935389469297
740 3649 -0.06663204372583498
740 3664 -0.5546941897426816
740 3679 -0.08675320391540597
740 3694 -0.16783812179277868
740 3709 -0.8420487028542492
740 3724 0.6333683025210082
740 3739 0.8643902886033452
740 3754 0.1413264587836065
740 3769 0.9695951460520584
753 754 0.13896874098587686
753 768 -0.603816116119231
753 3424 0.32335220259437225
753 3439 -0.999576457640208
753 3364 0.12436164664722948
753 3379 -0.583384863670608
753 3394 0.7327724065480825
753 3409 -0.8959600774993708
754 755 0.7461382244024735
754 769 -0.17332096869305147
754 3604 0.6995467813671494
754 3619 0.6979028606315496
754 3454 0.9265634472688773
754 3469 0.4556224043097943
754 3485 0.9483170761672997
754 3500 -0.3559967383904117
754 3515 0.65434882598904
754 3530 -0.8947862811655045
754 3544 -0.7213610529379442
754 3559 0.21751115020552003
754 3574 0.9255558990385329
754 3589 -0.6304997411235644
755 770 0.21529816017852332
755 3784 -0.3946132415361887
755 3799 0.4298582158395514
755 3634 0.020108248256136996
755 3649 0.882894979639371
755 3665 -0.47113029699109443
755 3680 0.37960174756809595
755 3695 -0.4662431719006208
755 3710 0.7239611670360755
755 3724 0.47500611548444693
755 3739 0.3218869492541827
755 3754 0.19420754951831554
755 3769 -0.529493728675976
768 769 0.46795683353918793
768 3424 0.32559880893150983
768 3439 0.9692654913018783
768 3364 0.666194612991658
768 3379 0.9478170740041343
768 3394 0.21433586981138353
768 3409 0.6149254801824775
769 770 0.47494593051299305
769 3604 0.9912698745700415
769 3619 -0.18110637613559333
769 3454 0.31692790487778955
769 3469 -0.5465465351584287
769 3485 0.8318010466471102
769 3500 -0.17299614950987663
769 3515 -0.11374642276482438
769 3530 0.7462452607262648
769 3544 -0.13609697990740321
769 3559 0.09732384969830332
769 3574 0.972002952595928
769 3589 -0.08031359857626708
770 3784 0.39052366656628323
770 3799 -0.05463238562218886
770 3634 0.04362698541788479
770 3649 -0.6033317593656939
770 3665 -0.9628811298862583
770 3680 -0.01543191086343132
770 3695 0.8629609913717269
770 3710 0.41996486928908383
770 3724 0.0009875543990891522
770 3739 0.7556250059315937
770 3754 0.8137736934497752
770 3769 0.7839710714768406
783 784 -0.04616522564550851
783 798 0.4819454928468221
783 3424 0.38661408710595024
783 3439 0.37965331859959495
783 3454 -0.958531802630952
783 3469 0.9457153476542908
783 3485 0.5696522969687696
783 3500 -0.3846588301820495
783 3515 0.18180899530238448
783 3530 0.00031818648121051396
783 3544 -0.9614111850503837
783 3559 -0.8894991718176635
783 3394 -0.16208749854161497
783 3409 -0.8346737263537829
784 785 0.8687404797636264
784 799 -0.6554342515778118
784 3604 0.7140708787124639
784 3619 0.8732491927824122
784 3634 -0.9010689588310825
784 3649 0.2343434533064157
784 3665 -0.24267128790005965
784 3680 -0.015427475607568075
784 3695 -0.5866775135415063
784 3710 0.7004260830151594
784 3724 0.30669491902928736
784 3739 0.9830794521633286
784 3574 -0.5382573625220397
784 3589 -0.18489797823656118
785 800 0.4038806789364169
785 3784 -0.39307351739388285
785 3799 -0.4315955202275872
785 3814 -0.7069888994932716
785 3829 -0.835703798506408
785 3845 -0.6397215306710029
785 3860 -0.6211509225543965
785 3875 0.286960608522981
785 3890 -0.4324514334081708
785 3754 -0.0826955924363848
785 3769 0.5666257744672516
798 799 0.6169856015688313
798 3424 0.05220879742967943
798 3439 0.17920913139695216
798 3454 0.032378127453012384
798 3469 0.5035292074883759
798 3485 -0.3686773027766146
798 3500 -0.8434120803637071
798 3515 0.8587637241122084
798 3530 -0.6142127753168596
798 3544 0.4162502236976211
798 3559 -0.3537285597571642
798 3394 0.09542160887124274
798 3409 -0.057117472306269956
799 800 -0.2185978156469881
799 3604 0.3971214896552486
799 3619 0.6292868129182081
799 3634 -0.19050152680893429
799 3649 0.6871191507765932
799 3665 0.8108359357219337
799 3680 -0.9864549355662415
799 3695 -0.2373727933976848
799 3710 -0.9953366268295671
799 3724 0.3302138730473221
799 3739 -0.23498368532919334
799 3574 0.47475704729461476
799 3589 -0.4292915525043215
800 3784 -0.24721560472247273
800 3799 0.1358412130332829
800 3814 -0.02202839263130163
800 3829 0.8809623025838442
800 3845 0.5906131965649928
800 3860 -0.4402505325058417
800 3875 0.04207511470061864
800 3890 -0.2501391112900917
800 3754 0.33802694084443785
800 3769 0.005390548627703051
813 814 -0.12341370253495865
813 828 -0.49206346564583314
813 3425 0.730154004276361
813 3440 -0.7669108139604461
813 3455 0.029864238458398473
813 3470 -0.5386414341583488
813 3485 0.9048140830339231
813 3500 0.8878812936893103
813 3515 0.8600877608278694
813 3530 0.5425758480889138
813 3544 -0.6070771052760169
813 3559 0.9829443131860307
813 3394 -0.45121617989133744
813 3409 0.08516924364295986
814 815 0.1624413246983194
814 829 -0.6768563818703477
814 3605 -0.07971932330501308
814 3620 -0.3081075404741851
814 3635 -0.3360401915905764
814 3650 0.47711596840811654
814 3665 0.10949128024469812
814 3680 -0.05513596932556242
814 3695 0.7184916724759722
814 3710 -0.0684705316227261
814 3724 -0.822702619963656
814 3739 0.8334759847298256
814 3574 0.4658318185434873
814 3589 0.058978690546585666
815 830 0.03288173926793325
815 3785 -0.28263916916030873
815 3800 -0.8720176516894338
815 3815 0.3680530130869699
815 3830 0.17895488521723357
815 3845 -0.49396961164136255
815 3860 -0.5306060688388936
815 3875 -0.6989302494297311
815 3890 -0.19119364046535647
815 3754 -0.6713114900016839
815 3769 -0.3171550962659251
828 829 -0.16325371041619663
828 3425 -0.9852329110801332
828 3440 -0.93947877037039
828 3455 -0.9070434345089802
828 3470 0.5796899597045277
828 3485 0.5459847125529536
828 3500 0.15285655557038047
828 3515 0.9837974997221122
828 3530 0.7156775850787813
828 3544 0.5260914396234531
828 3559 -0.2773550009832959
828 3394 -0.8278979516843907
828 3409 0.02068166226582413
829 830 -0.7291450087559179
829 3605 0.72370206091049
829 3620 -0.5840865777857818
829 3635 0.2681323878365707
829 3650 -0.27416291294146244
829 3665 0.7754381139070312
829 3680 0.7782067873019569
829 3695 0.8158236791889983
829 3710 -0.16203615400355909
829 3724 0.42324968299689525
829 3739 -0.353359507237174
829 3574 -0.18690457562582963
829 3589 0.8603172739859926
830 3785 0.06605867455459036
830 3800 -0.014696823935454129
830 3815 -0.6618445351234961
830 3830 -0.8184716194133215
830 3845 -0.7005246891659862
830 3860 0.40768794001518205
830 3875 0.4732521640673637
830 3890 -0.41949849495443314
830 3754 -0.38736478329617596
830 3769 0.31376077604763397
843 844 -0.9057142085444307
843 858 0.037843750854267055
843 3425 -0.4941953849883154
843 3440 0.873732096339616
843 3455 0.5553340068925916
843 3470 -0.3850387276471312
843 3485 -0.7307106995704746
843 3500 0.6165832465015624
843 3364 -0.3146813130868742
843 3379 0.5531933489998953
843 3394 0.5815430513266391
843 3409 0.7550114395225058
844 845 -0.09196601226745837
844 859 -0.24225258693082385
844 3605 -0.5093202089925359
844 3620 -0.5330054107079643
844 3635 -0.005405788623409347
844 3650 0.4521110724335331
844 3665 0.6206820274909572
844 3680 -0.5917357024500542
844 3515 -0.46828081441018155
844 3530 0.6513932882637252
844 3544 0.5939740378020903
844 3559 -0.8280397898470422
844 3574 0.3297314178701196
844 3589 -0.17750268280061943
845 860 0.7838893934136151
845 3785 0.5330267647539417
845 3800 0.3844209160927501
845 3815 -0.5541578761826185
845 3830 0.11721661726249666
845 3845 0.30454694397335724
845 3860 0.4147596018138311
845 3695 -0.9011245163099209
845 3710 0.02252598079346768
845 3724 0.04581678490818031
845 3739 -0.18946332686221945
845 3754 -0.28590197806273077
845 3769 -0.14623837961732966
858 859 -0.303022361940144
858 3425 0.1076717996545482
858 3440 -0.3175717773474436
858 3455 0.1091711008794305
858 3470 -0.9143116231763326
858 3485 0.9972874756236043
858 3500 -0.1737192719380367
858 3364 0.8436536694984238
858 3379 -0.9128021400359867
858 3394 0.18793491064918633
858 3409 -0.7782613854066291
859 860 -0.6954681033047017
859 3605 0.6551466021030514
859 3620 0.499334989992406
859 3635 -0.7358822543618126
859 3650 0.3951189968063695
859 3665 0.9379279133891341
859 3680 -0.8545244529728038
859 3515 -0.6678796023029894
859 3530 -0.8989180630146549
859 3544 -0.22909554166737456
859 3559 -0.03326611199002261
859 3574 -0.21870637006307336
859 3589 -0.9597620844704018
860 3785 0.5239889334367749
860 3800 0.07448759132367999
860 3815 0.05688410684451273
860 3830 -0.45172113680886783
860 3845 -0.18801153735959208
860 3860 0.49180482117104196
860 3695 0.4096856891329379
860 3710 -0.6610812210229429
860 3724 -0.48172489809088725
860 3739 0.056781575070068646
860 3754 -0.08791832168232627
860 3769 -0.6168074136279678
873 874 0.03441149992810044
873 888 -0.2913571133484638
873 3425 0.5156617821275693
873 3440 -0.14768196060825467
873 3455 -0.7802396636079088
873 3470 -0.3365807031868773
873 3485 0.6308678504434189
873 3500 0.892148435541186
873 3365 0.7038888257528666
873 3380 0.6538177887222283
873 3395 0.015572766142138317
873 3410 0.4283802947996682
874 875 0.0715473518297951
874 889 -0.20607348861924035
874 3605 0.2634772011688178
874 3620 -0.43727793837516304
874 3635 0.7236532096532033
874 3650 -0.2054693986834879
874 3665 -0.17913320231492436
874 3680 -0.7431913914480401
874 3515 0.3450785456113328
874 3530 0.763576973505323
874 3545 -0.059775727687677804
874 3560 0.8271624867418648
874 3575 -0.9001563597217497
874 3590 0.7074176251847406
875 890 0.3944398806410965
875 3785 -0.5750085094203401
875 3800 0.848911860502364
875 3815 -0.4379913462800651
875 3830 -0.9940015910549089
875 3845 -0.18283838498929206
875 3860 -0.6596775664738417
875 3695 -0.7763947719491859
875 3710 0.5964404620347237
875 3725 -0.6588275528757885
875 3740 -0.47829487998940956
875 3755 -0.9722337646665156
875 3770 -0.7497314285974812
888 889 0.7794315400403404
888 3425 0.7696324853600596
888 3440 0.6260108537471536
888 3455 -0.6621416120373094
888 3470 0.39113680871814904
888 3485 0.8562911351557705
888 3500 0.3557841541230613
888 3365 -0.35597717779846905
888 3380 -0.2569607827010043
888 3395 0.38711116262651335
888 3410 0.0045148136790980065
889 890 0.4704076112823994
889 3605 -0.7230143856813995
889 3620 -0.6587404445242258
889 3635 0.47010977733720805
889 3650 0.5200217049180909
889 3665 -0.9234964174650067
889 3680 0.024757539329496314
889 3515 -0.8122351073967269
889 3530 0.7203762793572728
889 3545 0.07539413275542772
889 3560 0.8650405946969275
889 3575 0.8271634778939467
889 3590 0.6728235667097371
890 3785 -0.12137872155148077
890 3800 0.0004775175391933395
890 3815 0.6288594480426886
890 3830 0.6958832813704072
890 3845 0.9950267519533698
890 3860 -0.31580472958679895
890 3695 0.41846136744392237
890 3710 -0.44484991729051737
890 3725 0.6395598577540784
890 3740 -0.2714255569791588
890 3755 -0.11014198052241775
890 3770 -0.7577167102604005
903 904 0.6019013906937483
903 918 0.18799849647508649
903 3425 0.21394641830073824
903 3440 0.8238112280292404
903 3365 -0.04665164715142778
903 3380 -0.18947023468219326
903 3395 0.8838889838420114
903 3410 0.7802530805646393
904 905 0.6354673513639832
904 919 -0.13662682901597578
904 3605 -0.3095802273455379
904 3620 0.9918702287321379
904 3455 0.5010109018784801
904 3470 0.9413155589135662
904 3485 0.12830152657824678
904 3500 -0.488382838836666
904 3515 -0.8355545018323047
904 3530 -0.7909394027545236
904 3545 0.007902199678640809
904 3560 -0.5876753334671678
904 3575 -0.1163906751488697
904 3590 -0.4730522259402674
905 920 -0.10388964063298567
905 3785 0.5588303553790386
905 3800 -0.9428749190671131
905 3635 -0.906856177382237
905 3650 0.87734165834521
905 3665 0.8681407736994591
905 3680 -0.5925593889988525
905 3695 -0.6096529067579
905 3710 0.5730228470168934
905 3725 0.7166840425756429
905 3740 -0.6943892182122142
905 3755 -0.9229911931532224
905 3770 0.8084839677683711
918 919 -0.8214752432543231
918 3425 -0.6761448263677436
918 3440 0.916469768886494
918 3365 -0.340591780457717
918 3380 0.12985356963379435
918 3395 -0.5442531296082618
918 3410 0.7624511797679154
919 920 -0.48720164007850575
919 3605 0.5896859492629096
919 3620 -0.7730315196953907
919 3455 -0.48864616134771555
919 3470 -0.6391389992618417
919 3485 0.9978086179871395
919 3500 -0.6976490473276649
919 3515 -0.968515434200292
919 3530 -0.7914969989130416
919 3545 -0.0848736561894412
919 3560 0.5936963394395822
919 3575 -0.7599131023048913
919 3590 -0.920068550884297
920 3785 0.5408217744185317
920 3800 -0.5873190561832844
920 3635 -0.22777981934195868
920 3650 0.027112547127078113
920 3665 0.9793639612725955
920 3680 0.17637126253717628
920 3695 0.2904121874577641
920 3710 0.39655501545288185
920 3725 0.60152385383197
920 3740 0.7525378203422648
920 3755 -0.09868349827231215
920 3770 -0.4765704960886037
933 934 0.7657460359403687
933 948 -0.4878450935682854
933 3425 -0.23049831882123684
933 3440 -0.13017804668093547
933 3365 0.28428553342477625
933 3380 -0.39134210400065284
933 3395 -0.5293665844994329
933 3410 0.10128993928511432
934 935 0.7020784032496097
934 949 -0.23363329045332515
934 3605 -0.6021683545990026
934 3620 -0.05345943318816282
934 3455 0.17391080967610817
934 3470 -0.05000341145097131
934 3486 0.16375849631828698
934 3501 0.7468752137492631
934 3516 0.5823138504941667
934 3531 -0.4866720025646283
934 3545 -0.8142885906812296
934 3560 -0.4597882536505995
934 3575 0.05453073869544145
934 3590 -0.6629176013714217
935 950 0.889589612369619
935 3785 -0.5222022995887652
935 3800 -0.7238096963733736
935 3635 0.86812291549682
935 3650 -0.1200779647741177
935 3666 0.9592600020639528
935 3681 -0.8856164063678482
935 3696 -0.8351554932350862
935 3711 -0.2967021606753022
935 3725 0.7414033794661545
935 3740 -0.8155627784148611
935 3755 -0.8525729043514878
935 3770 -0.7999309959284475
948 949 -0.15105987170920687
948 3425 -0.4759330298955957
948 3440 -0.09538738335377395
948 3365 -0.3067574256075196
948 3380 0.18215676739969
948 3395 0.9743693170117504
948 3410 -0.22931851145650972
949 950 0.4517640809502175
949 3605 -0.20133506941478707
949 3620 -0.15402169918817266
949 3455 0.3676875072264303
949 3470 0.7601168300875485
949 3486 0.5998974831623891
949 3501 0.6839677817578083
949 3516 -0.08686298504369461
949 3531 0.8466776483616014
949 3545 0.9750277302507395
949 3560 -0.654121835735556
949 3575 0.6815821674747271
949 3590 0.18987722382933958
950 3785 -0.11280430066938396
950 3800 -0.2853783098734881
950 3635 0.28255408586637576
950 3650 -0.6543302605390753
950 3666 0.6778511463061223
950 3681 -0.5109195211472146
950 3696 0.7939634235840631
950 3711 0.27619188679780304
950 3725 0.0016376123626087313
950 3740 -0.8626150352043629
950 3755 0.939109137635944
950 3770 -0.32351624894116515
963 964 0.12797466188497042
963 978 0.25299172504272804
963 3425 -0.6069349330915073
963 3440 -0.16816077092271198
963 3455 0.49938136424986657
963 3470 -0.5672521402909134
963 3486 0.9617083174564589
963 3501 -0.9799470792351614
963 3516 -0.3295757317059147
963 3531 -0.839945377479663
963 3545 0.6231803376246643
963 3560 0.41887282047579033
963 3395 -0.2344763283908109
963 3410 0.08717948797897002
964 965 -0.5056866797272377
964 979 -0.46285241239866615
964 3605 -0.6025766622482025
964 3620 -0.5229467343745016
964 3635 -0.27624384825248494
964 3650 -0.931236356328965
964 3666 -0.8348072089418865
964 3681 -0.8832926207076102
964 3696 0.5520809757033174
964 3711 -0.49080880883694267
964 3725 0.3826139173352954
964 3740 0.6500280644733807
964 3575 -0.13415543816696118
964 3590 0.5675053042338498
965 980 0.2547828529839349
965 3785 0.6741883753710298
965 3800 -0.4998689249885073
965 3815 -0.17446367484471748
965 3830 0.8191365300491273
965 3846 0.1339220273160957
965 3861 0.16273083165835156
965 3876 0.36120407013267175
965 3891 -0.004458686945335133
965 3755 0.9145592555851096
965 3770 0.8573534516782351
978 979 0.6239505309178603
978 3425 0.7581711879772777
978 3440 0.373129918993091
978 3455 0.6409286772851799
978 3470 -0.32721578097388937
978 3486 0.766485978007587
978 3501 -0.952486925222304
978 3516 0.4009722571627956
978 3531 0.21754840122162844
978 3545 0.5140810530156419
978 3560 -0.8715119506122415
978 3395 0.6708757777951941
978 3410 -0.3526595505731789
979 980 0.9203261359720629
979 3605 0.44546592061478396
979 3620 0.47276459685875283
979 3635 -0.4443972029584804
979 3650 0.8613342848731962
979 3666 -0.5407220305383917
979 3681 -0.18144951478573335
979 3696 -0.870411558167909
979 3711 -0.15081074146186246
979 3725 0.14768606480553426
979 3740 -0.4608056441661317
979 3575 0.395693917265715
979 3590 -0.7977469424550969
980 3785 0.08266885503067489
980 3800 -0.09587854271422569
980 3815 0.4822611572473199
980 3830 0.9892502955697193
980 3846 0.18372288005727766
980 3861 0.38142309297171617
980 3876 0.6384925837722335
980 3891 -0.6256086877889715
980 3755 -0.8156232317270367
980 3770 -0.19131106304873113
993 994 0.28669309544898125
993 1008 -0.10866811875334403
993 3426 0.6736017649258046
993 3441 0.029154859739639827
993 3456 0.4666134095571486
993 3471 -0.9125424138937595
993 3486 0.8323149270047814
993 3501 0.24511576489742226
993 3516 -0.5227958948777254
993 3531 -0.8477282298475133
993 3545 -0.7219164080715359
993 3560 -0.591337565833258
993 3395 0.9464096386945535
993 3410 -0.6517626666755085
994 995 -0.012668019387231944
994 1009 -0.6619871495413945
994 3606 -0.34913226660736396
994 3621 0.9953296043086557
994 3636 0.9564216407108328
994 3651 0.6281857237148996
994 3666 0.6589338308120865
994 3681 0.44015620556156065
994 3696 -0.9755453793611661
994 3711 0.6492951136129024
994 3725 0.6532508544178826
994 3740 0.829544978204422
994 3575 -0.787849638657409
994 3590 0.702621130234065
995 1010 -0.16130764589110913
995 3786 -0.9106204383666647
995 3801 -0.44599243744741757
995 3816 -0.08601908579077522
995 3831 0.2305884397070992
995 3846 0.4570829344718712
995 3861 -0.010631220367889771
995 3876 -0.11852102051991276
995 3891 0.01108006412188911
995 3755 0.6806492055116042
995 3770 0.16213979789117872
1008 1009 -0.6957554446957313
1008 3426 0.5677929276932581
1008 3441 0.19170814720106644
1008 3456 0.5906565977409695
1008 3471 -0.47747502761191507
1008 3486 0.597791343777389
1008 3501 -0.12282216449135763
1008 3516 0.1436710828738066
1008 3531 0.6576975308924284
1008 3545 0.42940658712702073
1008 3560 0.9750163012653137
1008 3395 0.08028347817847115
1008 3410 -0.9974955236786887
1009 1010 -0.7922997787193529
1009 3606 -0.436371829665152
1009 3621 -0.5728655899642101
1009 3636 0.08256497643912675
1009 3651 0.05323235173922147
1009 3666 -0.8556846933129791
1009 3681 -0.5802328258056171
1009 3696 -0.29747809653051527
1009 3711 0.9688250834040428
1009 3725 -0.5728125867698821
1009 3740 0.42138813847643597
1009 3575 -0.4435518206358926
1009 3590 0.41303574290227374
1010 3786 -0.5395688898149
1010 3801 -0.540034349292849
1010 3816 0.2719686825389289
1010 3831 -0.477558878416237
1010 3846 -0.4203291158353677
1010 3861 0.5911277168671711
1010 3876 -0.39296089142205015
1010 3891 0.4312249595029032
1010 3755 0.9523931070419849
1010 3770 0.34922753640488535
1023 1024 -0.6641197307098985
1023 1038 0.7145449936499506
1023 3426 -0.8082148842893164
1023 3441 -0.6324537772605545
1023 3456 0.020901253181599744
1023 3471 -0.5711255094783587
1023 3486 0.2615264008709519
1023 3501 -0.14982508849746878
1023 3365 -0.9488120394009985
1023 3380 -0.31438849574963323
1023 3395 0.1563270072008318
1023 3410 0.1615297624769909
1024 1025 0.2842286568242114
1024 1039 0.7722197069319812
1024 3606 -0.877008194079735
1024 3621 -0.4801077705577339
1024 3636 -0.4060863841739746
1024 3651 -0.35639070461679845
1024 3666 -0.2531412434218001
1024 3681 -0.9639966797564421
1024 3516 0.07830268019739628
1024 3531 0.6035161794510444
1024 3545 0.7861698750154744
1024 3560 0.7083412083696581
1024 3575 -0.9724503918167975
1024 3590 -0.14297326740685934
1025 1040 0.8931306145216962
1025 3786 0.5112425761129138
1025 3801 -0.11914375380926567
1025 3816 0.8137749756053996
1025 3831 -0.5348008587905531
1025 3846 0.4150976160506956
1025 3861 0.73863324048943
1025 3696 0.9252616637471756
1025 3711 0.8267007746098833
1025 3725 -0.44911740949964996
1025 3740 0.9262561718983129
1025 3755 0.735547054605864
1025 3770 -0.6639606030355467
1038 1039 0.7819623407954142
1038 3426 0.4826407388545564
1038 3441 0.9435803984258497
1038 3456 -0.944907119423702
1038 3471 -0.7827421551716565
1038 3486 0.5616089881373949
1038 3501 -0.17523257318821805
1038 3365 -0.12689691461217545
1038 3380 0.9159169153447457
1038 3395 -0.7132226276964937
1038 3410 0.03754058825194062
1039 1040 0.25307483973950995
1039 3606 -0.1204275802534891
1039 3621 -0.9814478571410414
1039 3636 0.3226119809635688
1039 3651 0.4139939030928248
1039 3666 -0.6379074955417188
1039 3681 0.3527048431598754
1039 3516 -0.1739388964726687
1039 3531 -0.032284442185745554
1039 3545 0.7625193233418324
1039 3560 -0.06798269049431949
1039 3575 0.5642139685525775
1039 3590 -0.4557512307577023
1040 3786 0.21865309492693163
1040 3801 0.700892857498274
1040 3816 0.4605641637411546
1040 3831 -0.1303938150393127
1040 3846 -0.4806910365390171
1040 3861 0.7204061151873953
1040 3696 -0.7251656607741623
1040 3711 -0.19977152222710415
1040 3725 0.06002948988878076
1040 3740 0.9388485301335936
1040 3755 -0.2633280542288272
1040 3770 0.6176210242717193
1053 1054 0.8024965413855436
1053 1068 -0.8934447756222677
1053 3426 0.6974372422063679
1053 3441 -0.007807487170408134
1053 3456 0.7468540183485217
1053 3471 -0.10401230602994715
1053 3486 0.22390258106336347
1053 3501 0.09188456577966453
1053 3366 -0.8416409311697357
1053 3381 0.30253611899486765
1053 3396 -0.09477340826883118
1053 3411 0.4808904454333247
1054 1055 -0.6451138339152069
1054 1069 -0.9798858653978355
1054 3606 0.7678671423048804
1054 3621 -0.5099800094441624
1054 3636 -0.9646054664481107
1054 3651 0.3842438338688303
1054 3666 -0.3071410167303621
1054 3681 0.2796384475214815
1054 3516 0.6588517951655419
1054 3531 0.9122404212359063
1054 3546 0.49815370929745906
1054 3561 0.6706698601822862
1054 3576 -0.058380787453245375
1054 3591 -0.6668541251632027
1055 1070 0.07821788126093576
1055 3786 0.6686387115759678
1055 3801 0.6276602543119469
1055 3816 0.8799883819227134
1055 3831 -0.5608685863128158
1055 3846 0.8280885635590469
1055 3861 -0.9631686937595152
1055 3696 0.8206208683339709
1055 3711 0.3769907569769626
1055 3726 -0.4343482140314501
1055 3741 -0.5097418298388752
1055 3756 -0.8526201842324934
1055 3771 -0.05495003161413203
1068 1069 0.8410107623694387
1068 3426 -0.03172270084224005
1068 3441 0.25439584446671404
1068 3456 -0.8804183325372383
1068 3471 -0.19755787744127873
1068 3486 0.3259358892985331
1068 3501 -0.8830031702316192
1068 3366 0.4350815503717447
1068 3381 0.735428320772018
1068 3396 -0.7914144321411776
1068 3411 -0.8470757479178308
1069 1070 0.09516129491026004
1069 3606 -0.542123981401623
1069 3621 0.4714910425313146
1069 3636 -0.7149987387494909
1069 3651 0.4222234041475481
1069 3666 0.410298439810336
1069 3681 0.6847694946605294
1069 3516 -0.9690645918816219
1069 3531 0.7507842626124523
1069 3546 -0.7920790993924536
1069 3561 0.1408486815445198
1069 3576 0.6475011444543686
1069 3591 0.12631751720511586
1070 3786 -0.02606840507214314
1070 3801 0.6500011068374425
1070 3816 0.2889068355485498
1070 3831 -0.9814940082733268
1070 3846 -0.7706217188955202
1070 3861 0.8336995257293707
1070 3696 0.7400054623544765
1070 3711 0.3100615269309783
1070 3726 0.5261099077702962
1070 3741 0.14681300346584636
1070 3756 -0.07188737620120111
1070 3771 -0.4908523831694531
1083 1084 0.5434957776827358
1083 1098 0.5866845094859019
1083 3426 -0.07259011147935035
1083 3441 0.13665671795049228
1083 3366 0.11594329131888248
1083 3381 -0.7137569396837824
1083 3396 -0.11164995530370914
1083 3411 0.9852882240550667
1084 1085 -0.6469777414537021
1084 1099 0.06995232830175868
1084 3606 -0.5725216473468917
1084 3621 0.5268967827288733
1084 3456 0.16935777255357776
1084 3471 -0.7062983648205616
1084 3486 0.8644292428437892
1084 3501 -0.12045579333985335
1084 3516 -0.9243667807651477
1084 3531 0.6221559798026377
1084 3546 -0.6012508782612562
1084 3561 -0.4374610850784182
1084 3576 -0.08151300776344028
1084 3591 0.7045147676219243
1085 1100 0.2988379293073222
1085 3786 0.19907373758296298
1085 3801 0.8247883235590767
1085 3636 0.16116267800109285
1085 3651 -0.7436586793594937
1085 3666 -0.22706131138759988
1085 3681 -0.0024915248562276116
1085 3696 0.5549917111554326
1085 3711 -0.3285736815951863
1085 3726 0.1623440113600707
1085 3741 -0.3740268322948366
1085 3756 0.1588571340405489
1085 3771 -0.5274527970256211
1098 1099 0.06774229006447863
1098 3426 -0.9205640971647921
1098 3441 -0.3649545054487515
1098 3366 -0.0016948367348079696
1098 3381 0.941081214045077
1098 3396 -0.05291287802704048
1098 3411 -0.21580081732044087
1099 1100 -0.9721755775227576
1099 3606 -0.708559194183829
1099 3621 -0.04502919247749948
1099 3456 0.708696153749532
1099 3471 -0.647425978051333
1099 3486 -0.5769969135163975
1099 3501 0.9514917705621613
1099 3516 -0.887096073205299
1099 3531 -0.33180227227626724
1099 3546 0.5569893209208991
1099 3561 0.6873669789201664
1099 3576 0.8322829116082002
1099 3591 -0.8051152362557177
1100 3786 0.25927471431285265
1100 3801 0.19878484882732494
1100 3636 -0.7588326914668306
1100 3651 0.795536159756135
1100 3666 -0.49553767793596704
1100 3681 -0.9284616191526205
1100 3696 0.6393676847924801
1100 3711 -0.14246458788864236
1100 3726 -0.35553577437383277
1100 3741 -0.08522756519415875
1100 3756 -0.16767461772802617
1100 3771 -0.3300275569941957
1113 1114 0.48799809956943196
1113 1128 0.3839416405241325
1113 3426 0.13716411218214808
1113 3441 0.30808607570483226
1113 3366 0.9526269714118203
1113 3381 0.4946399060857287
1113 3396 0.07389092083656013
1113 3411 -0.42637030091087014
1114 1115 0.05033355140049056
1114 1129 0.3354698174127706
1114 3606 0.8646908427313087
1114 3621 0.49168756033151384
1114 3456 -0.9227598862049868
1114 3471 -0.7239629345404535
1114 3546 0.1291414744611612
1114 3561 -0.7202275172113299
1114 3576 0.34521084252499534
1114 3591 0.6783233056477318
1115 1130 0.8586763838720024
1115 3786 0.27648250161735755
1115 3801 0.2322120726075323
1115 3636 -0.809969963559136
1115 3651 -0.9175595967394767
1115 3726 -0.8850100547971558
1115 3741 -0.28387432326870243
1115 3756 0.7530008013056029
1115 3771 0.23645016487118498
1128 1129 -0.05362770003480111
1128 3426 0.9463536754305726
1128 3441 -0.3663395825326947
1128 3366 -0.2718762396471288
1128 3381 0.7205950920398134
1128 3396 0.7219822754596499
1128 3411 0.7809478710464324
1129 1130 -0.8449475875940364
1129 3606 -0.9790057439873112
1129 3621 0.880975166018191
1129 3456 0.8424141579542725
1129 3471 -0.879858111705333
1129 3546 -0.7748082334883135
1129 3561 -0.28721599663163655
1129 3576 -0.7589899281580761
1129 3591 -0.062686788268566
1130 3786 0.5119418161640612
1130 3801 -0.4946757030159057
1130 3636 -0.19112891475422478
1130 3651 -0.8484611401950779
1130 3726 -0.23822078797516077
1130 3741 -0.15098959730007722
1130 3756 0.42330743178021435
1130 3771 0.3912830396809417
3364 3365 -0.5079525191363836
3364 3379 0.8043507686945683
3365 3366 -0.4137341856933954
3365 3380 0.7783917845474948
3366 3381 0.4441960254610544
3379 3380 0.9989743937146112
3380 3381 -0.20023066317872895
3394 3395 0.5668322246762025
3394 3409 -0.1276889811863211
3395 3396 -0.6562287641497084
3395 3410 -0.7671255532526582
3396 3411 -0.014747707472407612
3409 3410 -0.2674371471117749
3410 3411 -0.03924144409487118
3424 3425 -0.5269212325627533
3424 3439 0.20731452490949898
3425 3426 -0.911152971294261
3425 3440 -0.818667367736746
3426 3441 -0.09939842128546927
3439 3440 0.5251202740617973
3440 3441 0.46699256546530843
3454 3455 -0.37759857654846907
3454 3469 -0.1381337503951825
3455 3456 0.4144981609347287
3455 3470 -0.2235268646092563
3456 3471 0.31641355580427954
3469 3470 0.19114586140174894
3470 3471 0.9820905843650531
3484 3485 0.08964421776148712
3484 3499 -0.01741711871577989
3485 3486 -0.34724965649575923
3485 3500 0.295251215703467
3486 3501 0.9878374528186804
3499 3500 0.6742463832591634
3500 3501 -0.4292446403297687
3514 3515 0.22056415894056736
3514 3529 -0.25989687390325433
3515 3516 0.8696559817325353
3515 3530 -0.6536405939494827
3516 3531 -0.2808920393106331
3529 3530 0.172962468023369
3530 3531 0.19965921239912765
3544 3545 -0.5513138112391589
3544 3559 -0.4228463802980771
3545 3546 0.6850676506266296
3545 3560 0.3345096607650171
3546 3561 0.0034792108691263923
3559 3560 -0.9547723890668509
3560 3561 0.324182782522749
3574 3575 -0.22040575093286474
3574 3589 0.3095183065958569
3575 3576 -0.32620899792338287
3575 3590 0.4472413620202691
3576 3591 -0.9099784537341886
3589 3590 -0.6336305729975451
3590 3591 -0.8685476735511388
3604 3605 -0.5786311392464596
3604 3619 -0.5757315839737753
3605 3606 0.03752878983580277
3605 3620 0.03951077622380206
3606 3621 -0.9832075580861381
3619 3620 0.7701045727215969
3620 3621 0.16821226392918232
3634 3635 -0.9839595883739947
3634 3649 0.10995574734731695
3635 3636 -0.42595316283592655
3635 3650 0.7183245744731126
3636 3651 0.5390802948270537
3649 3650 -0.19474742875261697
3650 3651 -0.977703258270856
3664 3665 0.8726332656764602
3664 3679 -0.7416029313512242
3665 3666 -0.7738682268924708
3665 3680 -0.9290316718486602
3666 3681 -0.6270227263234107
3679 3680 -0.6172239299086877
3680 3681 0.8405657288973283
3694 3695 0.9251742731547836
3694 3709 0.9310100347217478
3695 3696 0.7684331548629473
3695 3710 0.34337266180129533
3696 3711 -0.06555849456430307
3709 3710 0.036476143898680924
3710 3711 0.965856698799483
3724 3725 -0.5969062572983075
3724 3739 0.5161109402975457
3725 3726 0.422140495286063
3725 3740 0.053857911762002164
3726 3741 -0.9780125996585398
3739 3740 0.7251818239298571
3740 3741 -0.43745887387979177
3754 3755 -0.18137930751116849
3754 3769 0.7933222598798115
3755 3756 -0.9893279058062967
3755 3770 0.04963096924298749
3756 3771 -0.6490765895279162
3769 3770 -0.9040181955267363
3770 3771 0.4646362424811181
3784 3785 0.66687690766953
3784 3799 -0.8215656908251734
3785 3786 -0.21086766223912812
3785 3800 0.03820531441075148
3786 3801 -0.28929640361575326
3799 3800 -0.713832521861651
3800 3801 0.5026385897573682
3814 3815 0.7704109508122639
3814 3829 0.2553510652848596
3815 3816 -0.11844165589325506
3815 3830 0.7525509288533219
3816 3831 0.20367306382745642
3829 3830 0.7248283702903624
3830 3831 -0.7042754007978675
3844 3845 0.755935648506268
3844 3859 0.8854607275817263
3845 3846 -0.5497428473444839
3845 3860 -0.11713115951873343
3846 3861 0.5277768814993185
3859 3860 0.9303130480192097
3860 3861 -0.27571979711590755
3874 3875 -0.4225673114799995
3874 3889 -0.8247960863674684
3875 3876 0.7272755141950666
3875 3890 0.25509949044607105
3876 3891 -0.08595270836751312
3889 3890 0.0496010892453993
3890 3891 -0.3943579961713477
