# 
603 603 -2.0251377306387655
604 604 -1.3623524455879226
605 605 -3.609439805831932
618 618 0.9053667657760087
619 619 -2.893172273824095
620 620 -3.2287120202142043
633 633 1.112744056322028
634 634 2.9635449385766996
635 635 -2.269676016103645
648 648 -3.696203587808003
649 649 -0.9197419899654298
650 650 0.08139710553284107
663 663 -1.4454170875540173
664 664 3.0406018120512446
665 665 1.065998789214496
678 678 0.5880783948551276
679 679 0.7929153346293436
680 680 3.7664585022414308
693 693 -1.1760817365508869
694 694 0.05852790291550569
695 695 -2.6490742613797433
708 708 1.3005866000740678
709 709 -0.5814409095997748
710 710 0.1808465055184758
723 723 -3.93284302219538
724 724 1.802878645490729
725 725 -1.0734189566208592
738 738 2.859012626267476
739 739 0.6387381810953618
740 740 -3.883501267313715
753 753 2.1047105740840273
754 754 -0.8845882410731694
755 755 -1.4483834850383106
768 768 2.9685489917501346
769 769 -0.523362336598221
770 770 0.6888144550691724
783 783 3.0180499145675768
784 784 -0.5619700701312293
785 785 -1.0110179873309342
798 798 -3.6926987283992823
799 799 2.8335479528523866
800 800 -1.0978817740848443
813 813 1.510973855994326
814 814 2.0852872410135506
815 815 3.639285825024702
828 828 2.730101887178974
829 829 2.7528405743845976
830 830 1.3817312794394923
843 843 3.4937109885246356
844 844 -0.07466471501489469
845 845 -1.0542462546806979
858 858 0.25665577423409847
859 859 -3.463704103140951
860 860 -0.11559039819293204
873 873 3.730333583620304
874 874 0.7227639258675032
875 875 1.2149724385047334
888 888 3.528478557505517
889 889 -2.45612928080756
890 890 3.164020872058855
903 903 2.790450581999089
904 904 0.07714958179123332
905 905 3.117057530876653
918 918 -3.7586035832811886
919 919 2.3118743251209883
920 920 0.19418345361490363
933 933 -0.43472035646273444
934 934 1.9884080408405556
935 935 -0.7647182712651297
948 948 1.0725931689069004
949 949 0.8141485305329343
950 950 -2.4017108756546817
963 963 -3.3175968474206625
964 964 -0.18377428229130022
965 965 1.5198246008338394
978 978 -3.98223306652664
979 979 -0.27174926803246535
980 980 0.1552282727501737
993 993 2.8929104874684315
994 994 -1.4516355113664687
995 995 3.0147808939772682
1008 1008 -0.015398867163820995
1009 1009 2.4856494838016108
1010 1010 1.969379028705803
1023 1023 -3.0105725065345688
1024 1024 1.294327222377711
1025 1025 0.7848677906006616
1038 1038 0.3621432689399491
1039 1039 0.12283867457961328
1040 1040 -3.15057188299033
1053 1053 -2.0155743232210472
1054 1054 -1.8615308867416775
1055 1055 -0.40961558014478605
1068 1068 3.584726168218288
1069 1069 -1.2458911670490282
1070 1070 -0.36070193198624434
1083 1083 -0.25975906258533055
1084 1084 0.5728136709655907
1085 1085 -2.4450730240381553
1098 1098 0.18108422978794536
1099 1099 1.0585063679119306
1100 1100 1.9768797640868572
1113 1113 -2.4990831258997463
1114 1114 -3.9029875293476453
1115 1115 -3.7982991771810264
1128 1128 2.857385918583854
1129 1129 -0.685109021338266
1130 1130 2.5831915755427115
3364 3364 -1.778993227048809
3365 3365 -3.1635171940442053
3366 3366 1.9152558079338764
3379 3379 -2.374366689522499
3380 3380 2.991663813359555
3381 3381 2.319056082794237
3394 3394 1.3500075842612835
3395 3395 -2.59590594211107
3396 3396 1.5017662222236465
3409 3409 -3.8003148829962807
3410 3410 0.6147415588179568
3411 3411 -3.1477595566714296
3424 3424 -3.460009553656728
3425 3425 -1.4559804692852198
3426 3426 0.6439067792841344
3439 3439 2.22912918887946
3440 3440 0.9891198404667145
3441 3441 -3.939301079831333
3454 3454 2.0883932493474626
3455 3455 0.4369856012259907
3456 3456 2.723264113392718
3469 3469 -0.25464124872049165
3470 3470 -1.2170880057337294
3471 3471 2.2692475565756673
3484 3484 2.8977304653322173
3485 3485 -3.687585160389255
3486 3486 3.693315380640203
3499 3499 -2.5603547106763234
3500 3500 -2.9861761515913203
3501 3501 -0.2679918031158266
3514 3514 -1.5252337099313973
3515 3515 -3.4477709469179505
3516 3516 1.1433388604058958
3529 3529 -3.2847346322689974
3530 3530 2.798759490103686
3531 3531 2.1161268694542104
3544 3544 2.3294348122434245
3545 3545 -3.55232853815097
3546 3546 1.972102427181829
3559 3559 -3.2323272744374423
3560 3560 1.184105208424235
3561 3561 0.7700678497915128
3574 3574 -1.050972838818736
3575 3575 -1.6018624657531477
3576 3576 1.2082579616520235
3589 3589 -0.40881024185048176
3590 3590 3.7124035458502203
3591 3591 3.6353041538601403
3604 3604 3.0313880351632863
3605 3605 3.0465206848153104
3606 3606 -3.8220937691220787
3619 3619 3.831961956594097
3620 3620 2.5369494337148666
3621 3621 0.809387067836429
3634 3634 2.815347533192159
3635 3635 0.6958584047080905
3636 3636 -1.5053266068376985
3649 3649 3.691043727133418
3650 3650 -3.820530844484872
3651 3651 -0.3427569909383541
3664 3664 1.820474817031414
3665 3665 2.4573285583271405
3666 3666 -0.6184855559196283
3679 3679 -2.0012834912985333
3680 3680 -0.40277784136980177
3681 3681 -2.4262089898656782
3694 3694 0.8858132399934462
3695 3695 3.848329910565819
3696 3696 0.9645415596219618
3709 3709 3.863871195958308
3710 3710 0.2703301207336537
3711 3711 3.0960850942865807
3724 3724 -1.9737002101982224
3725 3725 -0.26221191841470315
3726 3726 0.9419993479441073
3739 3739 3.7078933050950837
3740 3740 2.434809451519527
3741 3741 2.842426191059448
3754 3754 -2.582675350811578
3755 3755 -0.18187775518270666
3756 3756 -2.803720354096101
3769 3769 -2.4130654839114687
3770 3770 -1.2738912193590988
3771 3771 -3.3709175417556168
3784 3784 -2.0958019268722783
3785 3785 1.2874816685809725
3786 3786 0.938247932060885
3799 3799 -2.8543393701751203
3800 3800 -2.998321308808615
3801 3801 -0.5400288204238928
3814 3814 2.963689143127387
3815 3815 -3.0034749785761488
3816 3816 -2.1600733760724626
3829 3829 -3.539216810122861
3830 3830 -1.41476566613491
3831 3831 -1.070894969228739
3844 3844 1.6915661760861838
3845 3845 -0.7388148155190928
3846 3846 -1.4577179460374792
3859 3859 -3.310901924933903
3860 3860 -3.5268475348524664
3861 3861 0.550723329495165
3874 3874 1.1661592175947222
3875 3875 -3.1187589275921193
3876 3876 -2.1633780710546295
3889 3889 -1.3832731290321956
3890 3890 3.111312645379491
3891 3891 -2.9247372092785247
603 604 0.5418258381721914
603 618 0.2027661734283801
603 3484 -0.5297164228837739
603 3499 -0.5104024405731615
603 3514 -0.9565907331914021
603 3529 -0.27745454769866296
604 605 0.7984856208045246
604 619 0.16019473079006596
604 3664 0.5313772447817746
604 3679 0.549649065351532
604 3694 0.979981349086207
604 3709 0.7271142545219822
605 620 0.42208741197838595
605 3844 -0.39901923121520966
605 3859 -0.010535018151953457
605 3874 0.8585889400359754
605 3889 0.2222837282873149
618 619 0.8459255416426654
618 3484 -0.4719202005782164
618 3499 -0.9356826686458106
618 3514 -0.8599506172981453
618 3529 0.16258038232427952
619 620 0.44201899189126737
619 3664 0.6770352436870186
619 3679 0.5338137854784906
619 3694 -0.41661343534285744
619 3709 0.8608035184238885
620 3844 -0.44862718578240535
620 3859 0.22509283185162654
620 3874 -0.0376757997967867
620 3889 0.6024485319821822
633 634 -0.3438287069566146
633 648 0.5733134604335659
633 3424 0.9589798216091305
633 3439 -0.5845776126887268
633 3454 -0.40036847294422917
633 3469 -0.08571947694083137
633 3484 0.8600496844567629
633 3499 0.582944278831645
633 3514 0.459406207314514
633 3529 -0.12267774612429161
634 635 0.8265280346909947
634 649 -0.9733767206929029
634 3604 0.44750641997206797
634 3619 -0.16816494690680184
634 3634 0.15498274496390096
634 3649 -0.10846146064433704
634 3664 -0.3675302412820787
634 3679 0.8763736398772082
634 3694 0.6684260544179674
634 3709 -0.7426747945605396
635 650 -0.46430808494116493
635 3784 0.4813626058842375
635 3799 0.13094156955999892
635 3814 0.9648111618112702
635 3829 -0.8009229563779761
635 3844 0.1941171330865037
635 3859 -0.36071454479772336
635 3874 0.6058617800179542
635 3889 -0.41608925880535375
648 649 0.5231728637359305
648 3424 -0.2898694363259646
648 3439 0.713708495756926
648 3454 0.15387650809887243
648 3469 -0.6572028352415278
648 3484 -0.2583654643827271
648 3499 0.28004040211092995
648 3514 0.5690694377241614
648 3529 -0.6143546799972541
649 650 0.2894956376448581
649 3604 0.026462693878899213
649 3619 0.10717741543744697
649 3634 -0.025642756098115838
649 3649 -0.9929952548819487
649 3664 -0.7230059581462172
649 3679 -0.9836103409143555
649 3694 -0.40190433929392766
649 3709 0.5821165006800328
650 3784 0.9435538786031108
650 3799 -0.616723758859441
650 3814 -0.418722319175159
650 3829 0.09596584410931697
650 3844 0.4689001485652662
650 3859 -0.11733974765369548
650 3874 -0.6569929209789571
650 3889 -0.7557894888306245
663 664 0.14888118982724485
663 678 -0.45286078451525014
663 3424 -0.012010010034132046
663 3439 -0.9436929299110601
663 3454 0.19908988319160237
663 3469 -0.08632576994801533
663 3484 0.7341215727672079
663 3499 0.25279910343872847
664 665 -0.38448418985442046
664 679 -0.9125786529030651
664 3604 0.9052120964438857
664 3619 -0.7247380751782289
664 3634 0.31808004883124363
664 3649 -0.49551546568413696
664 3664 0.043304284172537066
664 3679 0.08556700304391529
664 3514 0.4041001869370575
664 3529 0.747093479592267
665 680 0.665978746724311
665 3784 -0.2854880362240382
665 3799 -0.2622911643465473
665 3814 0.12187556770400554
665 3829 -0.32455037371005013
665 3844 0.15119697858759307
665 3859 0.5131285325462962
665 3694 0.7696012333200999
665 3709 0.4747715347911343
678 679 0.06868604859372351
678 3424 -0.9288569256960479
678 3439 -0.6183947035599802
678 3454 -0.6018366969760129
678 3469 -0.5759897252246136
678 3484 0.5910736079888672
678 3499 0.6495530440901991
679 680 0.9087619205859212
679 3604 0.37251969320870804
679 3619 0.7032345613808904
679 3634 0.1376648811266794
679 3649 0.37883324859388146
679 3664 0.7002317415783528
679 3679 -0.5033642134752288
679 3514 0.4426651406540245
679 3529 -0.9768383635700799
680 3784 -0.6720109964754861
680 3799 0.5044064680987035
680 3814 0.7306113038333493
680 3829 0.1451626624444382
680 3844 -0.09741969765809322
680 3859 0.5497670630893792
680 3694 -0.6289438347087923
680 3709 0.2553347092596878
693 694 -0.2189102901991844
693 708 0.987421900388674
693 3424 0.05640924122312807
693 3439 0.7194311661901127
693 3454 0.30703453191341
693 3469 0.09324872309961552
693 3484 -0.2508131234044486
693 3499 0.053806115979321056
693 3364 0.1248235905098456
693 3379 -0.9743314643268921
693 3394 -0.7533317866064138
693 3409 0.9925055197283681
694 695 0.6419816574550077
694 709 0.011560064592336161
694 3604 -0.5913670422661912
694 3619 0.020672005297327933
694 3634 0.7411409173264465
694 3649 0.43922484661255723
694 3664 0.9978007393050439
694 3679 -0.8535260507439495
694 3514 0.4355716068806481
694 3529 0.8160303739328958
694 3544 0.8808498649981027
694 3559 0.36839930989770586
694 3574 0.23871424368988858
694 3589 0.29375404893212775
695 710 -0.7868680000966968
695 3784 -0.16640916638161252
695 3799 -0.5004212735545075
695 3814 0.7449536954180735
695 3829 0.00024039098975880968
695 3844 0.9913865636255128
695 3859 0.9195375069755674
695 3694 0.4590553336357739
695 3709 0.5242661880689348
695 3724 -0.8902365349465953
695 3739 0.5928050783279091
695 3754 0.39135242250043656
695 3769 -0.40716956341411836
708 709 0.7745324535404228
708 3424 -0.3448959200746333
708 3439 0.01789963875896161
708 3454 -0.6714916588202493
708 3469 0.6361238108874159
708 3484 -0.7566040698806469
708 3499 0.9938239457877285
708 3364 0.09878604705233274
708 3379 0.17336208590358893
708 3394 0.032509730770029055
708 3409 0.321593363547946
709 710 0.5140794955595935
709 3604 0.06362695800822804
709 3619 0.008886594861866826
709 3634 0.5242478759833578
709 3649 0.21361373969464292
709 3664 0.4616429380796001
709 3679 0.4989212881959888
709 3514 0.4295302527892062
709 3529 0.06870047717735983
709 3544 0.26783279357125256
709 3559 0.044969454819798305
709 3574 -0.7172539024256843
709 3589 0.6569642665259592
710 3784 -0.9746567080786817
710 3799 -0.39935590473929317
710 3814 -0.5379379127820518
710 3829 0.28301127737987053
710 3844 0.3082000449446616
710 3859 -0.2801736387155298
710 3694 0.24106290096450178
710 3709 -0.006481354010824392
710 3724 -0.3346928725085978
710 3739 -0.9520847827947472
710 3754 0.8831207593625332
710 3769 -0.6427644631365561
723 724 0.7410606388165084
723 738 -0.012235657904989372
723 3424 0.6101244494414051
723 3439 -0.5683911701401712
723 3364 0.822378955781645
723 3379 -0.36513995935854493
723 3394 0.5128612364836156
723 3409 -0.4253529228689463
724 725 -0.16771917834664674
724 739 0.4389820738575496
724 3604 -0.3557568756635432
724 3619 -0.8317979503273454
724 3454 -0.43059748477566795
724 3469 -0.4496939054869933
724 3484 0.4200944753469218
724 3499 -0.5979744262750182
724 3514 -0.2849080492065774
724 3529 0.009137529551966006
724 3544 0.6380586897952782
724 3559 -0.10763751028404434
724 3574 -0.9547064335142554
724 3589 -0.9280041962412133
725 740 0.14447959017937806
725 3784 0.06744621601028977
725 3799 -0.7270166711583113
725 3634 0.8050073075405157
725 3649 0.5176211586418777
725 3664 0.4252482463021421
725 3679 0.9034435387549666
725 3694 -0.5668763013507128
725 3709 -0.806021238021787
725 3724 0.1662075390339628
725 3739 0.0927669635295012
725 3754 0.7207659888475852
725 3769 -0.3455366203466188
738 739 -0.7941956900654639
738 3424 -0.025990517498362786
738 3439 0.46314098468050613
738 3364 -0.14017568183442575
738 3379 0.03005174123487775
738 3394 -0.2729700929919394
738 3409 -0.8764424577563297
739 740 -0.46010150500939484
739 3604 0.8881026365222833
739 3619 -0.2593068294045344
739 3454 -0.7444456542521118
739 3469 0.1976911877142764
739 3484 -0.7159077489097472
739 3499 -0.4391483791218238
739 3514 0.8609620394891311
739 3529 -0.7370146856805448
739 3544 0.8457088389591576
739 3559 0.6848205437669548
739 3574 0.31993877197857135
739 3589 -0.8602500177049726
740 3784 0.2922560208634337
740 3799 -0.7849193476867755
740 3634 0.8062724430042822
740 3649 0.3103529872977313
740 3664 0.23371568133192522
740 3679 -0.05358946267668263
740 3694 0.16778607578388272
740 3709 -0.4015697873998956
740 3724 0.6721802833783515
740 3739 -0.804832683385627
740 3754 -0.894699102930375
740 3769 -0.6431665396434167
753 754 0.46220814428956936
753 768 0.05544952563486305
753 3424 -0.9797545870673072
753 3439 -0.24515845541645187
753 3364 0.12014122166638708
753 3379 0.5562336371469783
753 3394 -0.45162218002735544
753 3409 0.8570973946908185
754 755 -0.4186081904996821
754 769 -0.9149699308392718
754 3604 0.055603508760709186
754 3619 -0.04107344410216318
754 3454 0.7815575728881514
754 3469 -0.21016102643491763
754 3485 -0.34788233627137655
754 3500 -0.6744698174046466
754 3515 -0.15184287087398496
754 3530 0.1196713145553785
754 3544 0.06086533293461471
754 3559 0.6767705640819195
754 3574 0.13118838381557008
754 3589 0.9196681072128781
755 770 -0.8167810893919645
755 3784 -0.43176982272037145
755 3799 0.8842050045878838
755 3634 -0.14913100869625162
755 3649 -0.16078475096174905
755 3665 -0.22096820719063492
755 3680 0.5206564248808718
755 3695 0.4352068127689095
755 3710 0.3680593289347276
755 3724 -0.6122476714291403
755 3739 -0.8974115982186892
755 3754 0.6579227746366616
755 3769 0.1936609081584857
768 769 -0.026039991483500335
768 3424 0.44454760820774974
768 3439 0.9959087724876541
768 3364 0.5585584050495465
768 3379 -0.4985625465880772
768 3394 0.7541487245837213
768 3409 0.495891841802397
769 770 -0.9557942434761417
769 3604 0.7517040279920988
769 3619 -0.2976773189969222
769 3454 -0.08999740383133759
769 3469 -0.6453598710880224
769 3485 -0.26632781518455917
769 3500 0.1371388183114759
769 3515 -0.1584104023705113
769 3530 -0.09965241033925643
769 3544 -0.4863118071307748
769 3559 -0.1685622604938808
769 3574 0.3245655730884789
769 3589 0.41877677065936214
770 3784 0.756360953951009
770 3799 0.7074705212357959
770 3634 -0.022827676453242685
770 3649 0.26844310513755865
770 3665 -0.4975690123526466
770 3680 0.16229038739435175
770 3695 0.14437937400726342
770 3710 -0.6384140692887801
770 3724 -0.6705256080156252
770 3739 -0.6074940849289987
770 3754 -0.19839648644550256
770 3769 0.42933315819397944
783 784 -0.05773720670162685
783 798 -0.996958169964943
783 3424 0.868770630000689
783 3439 -0.3701628757625741
783 3454 -0.022961834465642816
783 3469 0.004068710439101064
783 3485 -0.5037271024726142
783 3500 -0.8642960464410769
783 3515 0.6917435217361878
783 3530 0.9747920902709959
783 3544 -0.2550720636457231
783 3559 -0.2079120130915586
783 3394 0.4244862995323673
783 3409 -0.980265233347337
784 785 0.01667237573073077
784 799 -0.2863671568263295
784 3604 0.4816503124855289
784 3619 -0.008539916988794971
784 3634 -0.11242924662187548
784 3649 0.018671078361237603
784 3665 -0.5290386880117675
784 3680 0.7025844321599823
784 3695 -0.5931564863270564
784 3710 0.1597467036215381
784 3724 -0.3202057053670837
784 3739 0.7760683339053682
784 3574 -0.7743811355690398
784 3589 -0.3035739853519175
785 800 0.9233343010987949
785 3784 0.08947263072573697
785 3799 0.5943397673198036
785 3814 -0.05254050469679461
785 3829 0.10367655723884628
785 3845 0.4477274444521411
785 3860 -0.9600807161524467
785 3875 0.8678849558617823
785 3890 -0.48829146959727376
785 3754 -0.6316139058323986
785 3769 -0.6924994630150709
798 799 -0.030742184871159317
798 3424 0.49602139003752455
798 3439 -0.6155201455636772
798 3454 0.9646753609327963
798 3469 0.5561915144390028
798 3485 -0.7891959168032774
798 3500 0.07185763220361663
798 3515 0.6785902060203226
798 3530 -0.07986319973631173
798 3544 0.35872995506592087
798 3559 0.042977310234508126
798 3394 -0.07982415454481107
798 3409 0.07727554893342181
799 800 -0.7043000470068526
799 3604 0.17192701679471956
799 3619 0.10341809206661634
799 3634 0.38723242987873374
799 3649 -0.5949584447400855
799 3665 -0.14834861447257586
799 3680 -0.32769500471750046
799 3695 0.72528609694933
799 3710 -0.7690434354581708
799 3724 0.34047336895136815
799 3739 0.7587328391107131
799 3574 -0.8389284587257919
799 3589 0.9275237730600234
800 3784 0.05548328051770324
800 3799 0.021148483059581835
800 3814 0.8086841118321735
800 3829 -0.4769293307491833
800 3845 -0.30180850363037437
800 3860 0.06551881149115157
800 3875 -0.926689288613614
800 3890 -0.8873574540360634
800 3754 -0.2797032091484408
800 3769 -0.9273080567880649
813 814 -0.7958363398771138
813 828 0.9413767160962005
813 3425 -0.7902450334893205
813 3440 -0.16834163534653768
813 3455 0.4474071865667293
813 3470 0.25871026185293333
813 3485 0.000496736954046062
813 3500 0.9388972974757366
813 3515 0.7193026798667805
813 3530 -0.9293179639405422
813 3544 -0.17621582675657743
813 3559 -0.7085978777196467
813 3394 -0.5798431362113006
813 3409 -0.3883872918062008
814 815 0.9415100082902983
814 829 -0.8313568892844976
814 3605 0.09719732481463339
814 3620 0.5029423411847005
814 3635 -0.38781584543841263
814 3650 0.3499583738111318
814 3665 -0.9757859650276233
814 3680 -0.4467850159241431
814 3695 -0.2478785059877162
814 3710 0.9793304478396037
814 3724 -0.6690404976172308
814 3739 -0.6107239013153265
814 3574 -0.536781605257115
814 3589 -0.5476463780638547
815 830 -0.37157161345443757
815 3785 -0.3974866976885987
815 3800 -0.6050864870560542
815 3815 -0.2843903254091442
815 3830 0.8225508075644099
815 3845 -0.7096131359268829
815 3860 0.45384791766715415
815 3875 0.5428042980993588
815 3890 0.27696824519071783
815 3754 0.22143892505914353
815 3769 -0.6339290682578287
828 829 0.37660291570665927
828 3425 0.651009660034594
828 3440 -0.81998058908948
828 3455 0.9783741719114054
828 3470 -0.7217976482392836
828 3485 0.7846473264433678
828 3500 0.6099791453329402
828 3515 0.6379055254165289
828 3530 -0.8308581452237114
828 3544 -0.06160428797988482
828 3559 0.7354866576406198
828 3394 -0.6402167196018627
828 3409 -0.09885143663856111
829 830 0.1240693369940098
829 3605 -0.33815899497556434
829 3620 -0.7697463683365993
829 3635 0.5962980110239824
829 3650 0.9240058899933989
829 3665 -0.31715769817828887
829 3680 0.8098763210899254
829 3695 0.24583341630573474
829 3710 -0.15373810925599285
829 3724 0.054747743685901185
829 3739 0.7664039340793576
829 3574 0.5475228261573344
829 3589 -0.3660344181095676
830 3785 -0.24602235610093648
830 3800 0.6425845389593425
830 3815 -0.9778291632443894
830 3830 -0.725856866496235
830 3845 0.43640301033286266
830 3860 -0.0713244584061763
830 3875 -0.5456682341261261
830 3890 -0.5765030132481472
830 3754 0.93163030430307
830 3769 -0.6500943490439561
843 844 0.9106710488999767
843 858 0.7084325388606336
843 3425 -0.5224479217268518
843 3440 -0.2149435057144573
843 3455 -0.2698426539715373
843 3470 -0.8570131793503757
843 3485 0.47090243148897093
843 3500 0.11785226407187022
843 3364 0.2984772167720797
843 3379 -0.6380225194792124
843 3394 -0.6088442466993629
843 3409 -0.1951294493329252
844 845 -0.5566603392732634
844 859 -0.17763123013441984
844 3605 0.034117657722516626
844 3620 -0.025266538933162552
844 3635 -0.5399830459691068
844 3650 0.6697893760467006
844 3665 -0.9404756164582055
844 3680 -0.6771079063879808
844 3515 0.1389125283346746
844 3530 -0.9114530640689993
844 3544 0.2912184047886517
844 3559 -0.14371293053018408
844 3574 -0.4660847366442127
844 3589 0.25725316608279125
845 860 0.41190972132690407
845 3785 -0.9387332411870986
845 3800 0.3908289494470334
845 3815 0.679847272314061
845 3830 0.520167969333547
845 3845 0.9990677036801161
845 3860 -0.45719935983095916
845 3695 0.07890776105110642
845 3710 0.33793033297116404
845 3724 -0.10260128522118883
845 3739 -0.6325240670635657
845 3754 -0.40681293064443635
845 3769 0.29646904384149697
858 859 0.7290584797313231
858 3425 0.7348751281112165
858 3440 0.07988028259245983
858 3455 0.8473926840445392
858 3470 0.4650869296536735
858 3485 0.5961832367773525
858 3500 -0.7588558328906334
858 3364 -0.4973232324988639
858 3379 -0.6432767333385567
858 3394 0.8201870118449
858 3409 -0.17002892052630947
859 860 -0.6528690661855905
859 3605 -0.2721158690938237
859 3620 -0.6422084697271426
859 3635 0.6616188756656358
859 3650 -0.9774297732935453
859 3665 0.41893585564961056
859 3680 0.3644906243217745
859 3515 -0.10471213966212267
859 3530 -0.7910065817787568
859 3544 0.4465859645729364
859 3559 -0.2488028351984135
859 3574 0.25553315136871535
859 3589 -0.05300277219381866
860 3785 -0.6284706493202918
860 3800 -0.8042892324104702
860 3815 0.08457582027226374
860 3830 0.4423023084822997
860 3845 -0.937309908816973
860 3860 -0.1285597148953863
860 3695 -0.8936364805173969
860 3710 -0.254134643870076
860 3724 -0.40906041970217255
860 3739 0.9377943129875876
860 3754 0.39724716864150356
860 3769 0.9116624454624207
873 874 0.7480353886067652
873 888 -0.7109551802119711
873 3425 -0.8673894716288901
873 3440 -0.9146344338610901
873 3455 0.39789777086511346
873 3470 -0.9766777679455776
873 3485 0.006432390924755227
873 3500 -0.07911814064661815
873 3365 0.5038701706394799
873 3380 -0.9295165733368891
873 3395 0.9347369335157703
873 3410 -0.33994791396940993
874 875 0.2518728201821745
874 889 0.2767325852262963
874 3605 0.2064546283633255
874 3620 0.35845292004032747
874 3635 -0.1370142077628087
874 3650 0.2723654717033055
874 3665 -0.7314905629631774
874 3680 -0.24165437797826406
874 3515 -0.04064147159784248
874 3530 -0.6270580808737787
874 3545 -0.11357608381931339
874 3560 0.5912073708614378
874 3575 -0.08839302579267727
874 3590 -0.8981290763273977
875 890 0.8797954655561673
875 3785 -0.6828019825804525
875 3800 0.12371242635251423
875 3815 -0.13164875104263585
875 3830 -0.038453625114070134
875 3845 -0.2790870320564358
875 3860 0.13127230672661483
875 3695 -0.2598209669675484
875 3710 0.44065097546506604
875 3725 -0.7648293791509349
875 3740 -0.192372673799865
875 3755 -0.3394989607836194
875 3770 0.47180997471623765
888 889 0.4252693662952194
888 3425 -0.5060976250139615
888 3440 -0.32425271711666537
888 3455 0.0962833437679611
888 3470 -0.755852868592291
888 3485 -0.6730190933186462
888 3500 -0.45951046848528887
888 3365 0.6750709811141049
888 3380 0.9954611513785985
888 3395 0.19410542898734273
888 3410 0.3531765118170451
889 890 -0.5065608739113443
889 3605 0.8769750915514543
889 3620 -0.4946662878429404
889 3635 0.7414490694583891
889 3650 0.882484993801536
889 3665 0.7168881359843706
889 3680 -0.44739850802889203
889 3515 -0.09710207346829614
889 3530 0.7849125328049336
889 3545 -0.7684594220593741
889 3560 -0.07007381356290776
889 3575 0.7883003775879525
889 3590 0.6100657175606938
890 3785 0.38940345851664615
890 3800 0.3795490381716373
890 3815 0.27561491731066523
890 3830 -0.7270518821318566
890 3845 0.7760742284473956
890 3860 0.3835169199400468
890 3695 -0.20311054320494204
890 3710 0.9424510276061999
890 3725 -0.9086879148980005
890 3740 -0.5595360555059075
890 3755 -0.2376923529105539
890 3770 0.9215581585027672
903 904 -0.8170981394738059
903 918 0.9690514865847664
903 3425 -0.47296299516517415
903 3440 0.1766221104826291
903 3365 0.6466094749416156
903 3380 -0.19641744750155676
903 3395 0.9048896135928235
903 3410 0.10048284175613365
904 905 0.7680036726771893
904 919 0.19287317822377004
904 3605 -0.1550182104161817
904 3620 0.13111329640491398
904 3455 -0.966301289038082
904 3470 0.3846683378545972
904 3485 0.36970164846042186
904 3500 -0.16013792315346054
904 3515 0.06625413069838082
904 3530 0.272900380970452
904 3545 -0.08486582937119258
904 3560 -0.6379680800694951
904 3575 0.6639407773134696
904 3590 0.7250786097376156
905 920 -0.7620338174179466
905 3785 0.5027173024581584
905 3800 0.41126231173950734
905 3635 0.6846636503571328
905 3650 -0.1976231799178656
905 3665 -0.9042556990601538
905 3680 -0.5930893704474653
905 3695 0.182819468039207
905 3710 0.7614528815937756
905 3725 -0.2854827599126144
905 3740 0.19542195474145174
905 3755 0.23185192269240606
905 3770 0.7030227381737304
918 919 0.1669428844159644
918 3425 0.7852580092846837
918 3440 0.3666214958863059
918 3365 0.08626180121940608
918 3380 0.47458867338757105
918 3395 -0.9247554874946338
918 3410 -0.5614801466355701
919 920 0.5498393650625801
919 3605 -0.9004721250201795
919 3620 -0.13767079977301533
919 3455 -0.19586353530317369
919 3470 -0.20220602475624694
919 3485 0.03274511240193512
919 3500 -0.6598539204747287
919 3515 -0.8315388343668286
919 3530 -0.018409350270557123
919 3545 -0.3081922382041886
919 3560 -0.990438572093989
919 3575 -0.4545261289465996
919 3590 -0.3014978083386559
920 3785 0.08172260491265981
920 3800 0.87205467479277
920 3635 0.6919696480726429
920 3650 -0.3983764658630069
920 3665 0.001863118686587173
920 3680 -0.6103507419948602
920 3695 -0.38423406543008887
920 3710 0.34856891323958394
920 3725 -0.3717502214728796
920 3740 0.5646160600800714
920 3755 -0.06348927038408458
920 3770 -0.9693832119068921
933 934 -0.5756076472189546
933 948 -0.08261319884387208
933 3425 0.9741347410317258
933 3440 0.23150974094694377
933 3365 -0.29895141448888674
933 3380 -0.47068026877801894
933 3395 -0.782020124621601
933 3410 0.4626972249777985
934 935 -0.8945083737541604
934 949 -0.23524347056877115
934 3605 -0.48798134864002374
934 3620 0.9151569087896028
934 3455 0.9943565108790273
934 3470 -0.3222363843423024
934 3486 -0.32006025410267713
934 3501 -0.6397311163203683
934 3516 -0.47349688068212514
934 3531 -0.18004854023821992
934 3545 0.862087576581698
934 3560 0.05654421088506334
934 3575 0.15886636313915004
934 3590 -0.1507257263093984
935 950 0.08678857859260303
935 3785 -0.8966581544339147
935 3800 -0.035787336863903896
935 3635 0.04848752129316303
935 3650 0.7637749360650823
935 3666 -0.7645611467266886
935 3681 -0.3236814909714554
935 3696 0.15492941997369858
935 3711 -0.48634784679874077
935 3725 -0.8004301881799438
935 3740 0.20920379340762607
935 3755 0.6196641800720528
935 3770 0.19248179681324018
948 949 -0.7416576886780535
948 3425 0.6410379222375331
948 3440 -0.7135162862481894
948 3365 0.3903204521129817
948 3380 -0.16369201897257124
948 3395 -0.39497381772646456
948 3410 0.6495955986619244
949 950 0.9249118029747876
949 3605 -0.4436329218394184
949 3620 -0.8201811053051828
949 3455 -0.4309790288921511
949 3470 -0.7767457055067419
949 3486 0.6791097841423199
949 3501 -0.18912339736379757
949 3516 0.8270376656006582
949 3531 0.12642881586977328
949 3545 -0.46575830866065293
949 3560 0.942093011482098
949 3575 0.19494878675375893
949 3590 -0.9680633967080672
950 3785 0.16690596176311878
950 3800 -0.2558851207645432
950 3635 -0.13913052550555083
950 3650 0.4694000300826995
950 3666 0.35694084790803005
950 3681 0.34192689278420674
950 3696 0.4001002920156469
950 3711 0.39697489829166765
950 3725 -0.4821007769884247
950 3740 -0.16320981018920921
950 3755 0.6129223396690511
950 3770 -0.6684990297465645
963 964 -0.04503042246977951
963 978 -0.5965649145183893
963 3425 -0.6113399266208033
963 3440 -0.5999367210352149
963 3455 -0.45658132632668913
963 3470 0.9995056929418551
963 3486 0.6086143396767654
963 3501 0.33288173680505384
963 3516 -0.6146018224715037
963 3531 0.3251601158331705
963 3545 0.5767060562087951
963 3560 -0.18632918191564873
963 3395 0.3141394085157774
963 3410 0.92849250922338
964 965 -0.5533967999204037
964 979 -0.7679281320603388
964 3605 0.03965859719802367
964 3620 -0.5265138039276438
964 3635 -0.06991707804091818
964 3650 0.37549006044846567
964 3666 -0.8861435428207161
964 3681 -0.3520912253598316
964 3696 -0.06838973249269942
964 3711 0.4681650095855445
964 3725 -0.38611985156126716
964 3740 -0.7067975326219602
964 3575 0.7439326611629353
964 3590 -0.9587357471811662
965 980 0.7605483390666545
965 3785 -0.7600809056771829
965 3800 0.5511079464450095
965 3815 0.03602715866236417
965 3830 -0.7073856402824334
965 3846 0.7409714849578934
965 3861 -0.4738887427870824
965 3876 -0.4839191498462472
965 3891 -0.6184378931077747
965 3755 -0.8220456458875016
965 3770 0.5601370729229591
978 979 0.7040746098735253
978 3425 0.6773679318086285
978 3440 0.3634026610132577
978 3455 0.36478433443332947
978 3470 -0.42351222469163163
978 3486 0.6222361761576147
978 3501 -0.27877889042998194
978 3516 -0.1546080623925108
978 3531 -0.3327117043556229
978 3545 0.2601767847724954
978 3560 -0.33040419270756716
978 3395 0.9295578182694517
978 3410 0.7005584582355677
979 980 0.43636509604848617
979 3605 -0.6045133580684103
979 3620 -0.13704820097110937
979 3635 -0.5027028699384082
979 3650 0.10629693130715201
979 3666 -0.8160482672023031
979 3681 -0.8579730061403301
979 3696 0.8977120564984482
979 3711 0.07424918766278688
979 3725 -0.9436743664711031
979 3740 -0.3425295770156176
979 3575 -0.9337600398747294
979 3590 -0.7548739225045658
980 3785 0.3680032260781576
980 3800 0.4351951206722515
980 3815 0.9478271922815029
980 3830 0.9716523135692772
980 3846 0.9991156098054375
980 3861 -0.5687451519671911
980 3876 -0.8152448410362334
980 3891 0.5591788849663142
980 3755 -0.2921793052531294
980 3770 0.288042743819803
993 994 -0.08620046916935631
993 1008 -0.28821599196832026
993 3426 -0.9329579575540738
993 3441 0.6175458320122866
993 3456 0.725358168283341
993 3471 0.8800255415453357
993 3486 0.7152484182149634
993 3501 0.8538377597284732
993 3516 -0.11321752528374063
993 3531 0.7627251256990877
993 3545 -0.2806114494952252
993 3560 -0.7175813020500941
993 3395 0.15497249786778644
993 3410 -0.35463082806939217
994 995 0.6004204951522802
994 1009 -0.15411379258660052
994 3606 -0.24875364567470903
994 3621 0.7209071848578135
994 3636 -0.3000331580397111
994 3651 -0.9220361486611235
994 3666 0.24745391614926082
994 3681 0.5211512829382869
994 3696 0.22859914534050696
994 3711 -0.013788240400924634
994 3725 -0.6402202678525817
994 3740 -0.3128333729502264
994 3575 0.7397349916163456
994 3590 0.8348208432255013
995 1010 -0.5510730520771641
995 3786 -0.7976508771252313
995 3801 -0.5500391267597198
995 3816 0.6061099634680234
995 3831 0.7939921052051493
995 3846 0.8703321545576919
995 3861 -0.183043053316835
995 3876 -0.45007342590194455
995 3891 0.9697343103825078
995 3755 0.9354932971874257
995 3770 0.04251192542369653
1008 1009 0.6214606344939562
1008 3426 0.7400620521197387
1008 3441 -0.17021621679969368
1008 3456 -0.6525721272482858
1008 3471 0.44894696941869516
1008 3486 -0.07693829834863997
1008 3501 0.31952731882083185
1008 3516 0.2782841562250482
1008 3531 -0.9526150609413551
1008 3545 -0.3492226035187831
1008 3560 0.7847002376219914
1008 3395 -0.24609589049375402
1008 3410 -0.016151908286764938
1009 1010 0.17669814737929324
1009 3606 -0.12134642682267271
1009 3621 0.5168006109477989
1009 3636 -0.8751899651957229
1009 3651 0.9270195282122291
1009 3666 -0.7720133202385544
1009 3681 0.4363216056340724
1009 3696 -0.43146154377845614
1009 3711 -0.11369089127485865
1009 3725 0.8855251130312896
1009 3740 0.8891993570385901
1009 3575 -0.35238925393801734
1009 3590 0.7658197874088675
1010 3786 -0.7288382945794314
1010 3801 -0.6078333975156309
1010 3816 0.7758861422314669
1010 3831 -0.12730330505648602
1010 3846 0.8626362206404832
1010 3861 0.6791471637787563
1010 3876 -0.8714909926222312
1010 3891 -0.9394687097228742
1010 3755 0.7480857083124361
1010 3770 0.9181838860330165
1023 1024 -0.8466893675015397
1023 1038 -0.18755030682035678
1023 3426 -0.128689735964177
1023 3441 -0.38660981211755563
1023 3456 0.3318264398851769
1023 3471 -0.06823691163032297
1023 3486 0.3991594734878341
1023 3501 -0.2026670540832196
1023 3365 -0.48148202180926236
1023 3380 0.2845332777907925
1023 3395 0.9990509855760195
1023 3410 0.17160761742163788
1024 1025 0.8865198587402927
1024 1039 0.17175730090691155
1024 3606 -0.11540612011199713
1024 3621 -0.7699288522451124
1024 3636 -0.5424498243379152
1024 3651 -0.1722521072966492
1024 3666 -0.8121299243755205
1024 3681 -0.09022301389646992
1024 3516 -0.915765446933696
1024 3531 -0.2781122077190623
1024 3545 -0.1411660282083007
1024 3560 -0.6619965628638229
1024 3575 0.5196536202159985
1024 3590 0.03191432641889147
1025 1040 0.45628121518311704
1025 3786 -0.7746414037065366
1025 3801 -0.0693233087031484
1025 3816 0.8258245763436396
1025 3831 0.5175759632781947
1025 3846 -0.40727713528547715
1025 3861 -0.5271408985128252
1025 3696 -0.7028283509545967
1025 3711 -0.9461713916094163
1025 3725 -0.1515395619594646
1025 3740 0.9675612633785542
1025 3755 -0.48404194761253216
1025 3770 0.05231017686004691
1038 1039 -0.7017837887381926
1038 3426 0.8205687915667408
1038 3441 0.5192869014954695
1038 3456 0.8923458528347796
1038 3471 0.8752900666543828
1038 3486 0.10792466179188764
1038 3501 0.7731962639345566
1038 3365 -0.7896435831094208
1038 3380 0.829695766128383
1038 3395 -0.4544802862283521
1038 3410 -0.5355922240764366
1039 1040 -0.4978940961101661
1039 3606 0.09542882457343516
1039 3621 -0.7695095485939749
1039 3636 0.17977425951346881
1039 3651 -0.9941588884317605
1039 3666 0.4700958365550205
1039 3681 -0.2094998532904755
1039 3516 0.9940190429172557
1039 3531 0.2833804392554111
1039 3545 -0.5652658413001934
1039 3560 -0.4079381186158282
1039 3575 -0.06662590768669285
1039 3590 -0.20589425246397242
1040 3786 -0.8111994069628505
1040 3801 0.09896420389517857
1040 3816 -0.6483268318205329
1040 3831 0.33756640106778213
1040 3846 -0.4662688462024456
1040 3861 0.5267060977861653
1040 3696 -0.8695893510050534
1040 3711 0.2084174895034301
1040 3725 0.712235067797037
1040 3740 0.5755105900087556
1040 3755 -0.3922541433972122
1040 3770 0.018699565809320307
1053 1054 -0.8706890719457347
1053 1068 0.29962288235724865
1053 3426 -0.3595526643060847
1053 3441 0.6218903543303498
1053 3456 0.7830880583146373
1053 3471 0.2575960487667943
1053 3486 -0.4115831058115047
1053 3501 0.27558177365012226
1053 3366 0.5327450617315652
1053 3381 0.9559290136488232
1053 3396 0.6052979622106944
1053 3411 -0.4831309661937446
1054 1055 0.3369893703470721
1054 1069 0.5156667614857446
1054 3606 -0.20047556337886885
1054 3621 -0.3166072296893969
1054 3636 0.37040771424726593
1054 3651 -0.8480491304857551
1054 3666 0.5018309517959669
1054 3681 -0.19711861558765054
1054 3516 0.4249990404311008
1054 3531 0.42563177234012617
1054 3546 0.10313518560202506
1054 3561 -0.814444099871396
1054 3576 0.6603908914877143
1054 3591 -0.29473421347264206
1055 1070 -0.17288028314886206
1055 3786 0.5016659398724919
1055 3801 0.2752565642921301
1055 3816 -0.45796084959536043
1055 3831 0.6789497324586966
1055 3846 -0.006762655031797404
1055 3861 0.029102481712141692
1055 3696 -0.8078162296749862
1055 3711 -0.27164394817024795
1055 3726 -0.48825964934772825
1055 3741 -0.31758525816183236
1055 3756 -0.33357076208978054
1055 3771 0.23827752778075428
1068 1069 -0.7421582978261072
1068 3426 -0.49045628627582283
1068 3441 0.6515678407954935
1068 3456 -0.19648894636047087
1068 3471 -0.923446385359667
1068 3486 0.543893838166875
1068 3501 0.6139934099372948
1068 3366 -0.7267259648715028
1068 3381 0.252688825798588
1068 3396 0.0008357797453679705
1068 3411 0.5620313873617606
1069 1070 0.06930552289090941
1069 3606 -0.41995962291376965
1069 3621 -0.9002988642553513
1069 3636 0.7541882591723021
1069 3651 -0.0973067860907495
1069 3666 0.7745744347160926
1069 3681 0.8935888473793436
1069 3516 0.5488311880834713
1069 3531 0.7954864025815327
1069 3546 -0.4380119981434021
1069 3561 0.7175540919871568
1069 3576 -0.6597646036430875
1069 3591 -0.400895769728981
1070 3786 0.5953461386442562
1070 3801 0.800815538523634
1070 3816 -0.7574650291971234
1070 3831 0.02369809107568943
1070 3846 -0.9617780969914551
1070 3861 0.0061319829825146055
1070 3696 0.4718212131180872
1070 3711 0.3780824520359025
1070 3726 0.7402309896140986
1070 3741 -0.5852644726321303
1070 3756 0.16338419657207282
1070 3771 -0.7652837310346965
1083 1084 -0.02006275249696232
1083 1098 -0.687065338515239
1083 3426 -0.003436072101807852
1083 3441 -0.1508658518592214
1083 3366 0.8405390102210941
1083 3381 -0.5066926030444414
1083 3396 0.29793689795624756
1083 3411 -0.3463493414109895
1084 1085 0.38725922475991426
1084 1099 0.017491114390000284
1084 3606 -0.23897888209132034
1084 3621 -0.5627869188942398
1084 3456 -0.4825942866524975
1084 3471 0.8983212441294706
1084 3486 0.9863646013101606
1084 3501 -0.610906602591748
1084 3516 0.2174813496802357
1084 3531 0.8767163600206991
1084 3546 -0.670628531251146
1084 3561 0.8217699398289775
1084 3576 -0.4052144739383561
1084 3591 -0.790335187330004
1085 1100 0.14233045872205174
1085 3786 -0.6419403590206121
1085 3801 -0.29345660298545395
1085 3636 0.5389754003686236
1085 3651 -0.07480039772662095
1085 3666 0.20150444074419305
1085 3681 0.22656291139186524
1085 3696 0.5587812467990072
1085 3711 -0.31630922070307377
1085 3726 0.3724515038605083
1085 3741 0.38574960038717543
1085 3756 -0.6588909769527298
1085 3771 0.9521634784757371
1098 1099 0.6835151209188333
1098 3426 -0.5479157853604866
1098 3441 0.5919452543528547
1098 3366 0.8110962736550773
1098 3381 0.4200442667254958
1098 3396 -0.1778563708490961
1098 3411 0.7446938231294122
1099 1100 0.9875903802444381
1099 3606 -0.6737234848064446
1099 3621 -0.6385381672992789
1099 3456 0.39427367317185746
1099 3471 -0.828698407061959
1099 3486 -0.6392283970319919
1099 3501 -0.3809307965324391
1099 3516 -0.8696059308004758
1099 3531 0.9057714088061433
1099 3546 -0.04545586332627605
1099 3561 0.08637494729701034
1099 3576 -0.25364107778968115
1099 3591 0.9391479382482046
1100 3786 0.7152081372004839
1100 3801 0.9966694754627083
1100 3636 0.18578604603212945
1100 3651 -0.6813546966486748
1100 3666 0.2712398451682454
1100 3681 -0.0627282065903858
1100 3696 0.7559233892422175
1100 3711 0.987991517742405
1100 3726 -0.26740107968780613
1100 3741 0.6157696511891859
1100 3756 -0.5050335803205337
1100 3771 -0.0991560172037409
1113 1114 0.6254496336004582
1113 1128 -0.010780045935134375
1113 3426 -0.5933586900113901
1113 3441 -0.31313240144864474
1113 3366 -0.043127673896539154
1113 3381 0.6810546398687249
1113 3396 0.6404185398728732
1113 3411 0.6650198419474436
1114 1115 -0.1298386868261001
1114 1129 0.5759428761472574
1114 3606 -0.3438067289664768
1114 3621 -0.30795092426243675
1114 3456 -0.1040385769450538
1114 3471 -0.6570635877201547
1114 3546 -0.8984125340571782
1114 3561 0.5883083487733114
1114 3576 0.328917020951909
1114 3591 0.4551745740279014
1115 1130 -0.11069720139761507
1115 3786 0.4156006153861831
1115 3801 -0.8494681713077954
1115 3636 0.30303252071487186
1115 3651 0.24646428735140669
1115 3726 0.5306214145594792
1115 3741 -0.7749599119519988
1115 3756 -0.18189165555706643
1115 3771 -0.24027981265917364
1128 1129 -0.4223620598568243
1128 3426 0.27556032848008183
1128 3441 0.6280405810600316
1128 3366 -0.8012623830741004
1128 3381 0.22338849171157915
1128 3396 -0.20784488220003317
1128 3411 -0.13557295746135378
1129 1130 0.4655251025426703
1129 3606 -0.8376699566339545
1129 3621 -0.03522229156501422
1129 3456 -0.8319472804826817
1129 3471 -0.4706602115880496
1129 3546 0.5747458531555605
1129 3561 -0.909377683371482
1129 3576 0.8784552124478606
1129 3591 0.3334555929434957
1130 3786 0.9173238830857295
1130 3801 0.9329194988482925
1130 3636 -0.8632665123817602
1130 3651 -0.5113661027446537
1130 3726 0.7693181907925739
1130 3741 0.1129776647013967
1130 3756 -0.9333372426051885
1130 3771 0.05700879828050631
3364 3365 0.4999782220921274
3364 3379 -0.6498704178568764
3365 3366 -0.4167247759337309
3365 3380 0.9776804886227062
3366 3381 0.6807334106414626
3379 3380 -0.2738253076017625
3380 3381 -0.022230868179108798
3394 3395 0.2268794042786566
3394 3409 -0.35469716840213406
3395 3396 -0.9608193985749545
3395 3410 -0.5064762322255449
3396 3411 0.48476905854385643
3409 3410 0.5718744349624627
3410 3411 -0.3567125869501262
3424 3425 0.9670366654200306
3424 3439 0.6643437862726291
3425 3426 -0.504130152088373
3425 3440 0.9106538868475649
3426 3441 0.9112777918445658
3439 3440 0.29686806802210763
3440 3441 -0.3328015442827259
3454 3455 -0.6776951574920085
3454 3469 0.5270333815321697
3455 3456 0.9360129693225332
3455 3470 -0.7261104266833769
3456 3471 -0.014282060560820264
3469 3470 0.4698152651530405
3470 3471 -0.2634247709614814
3484 3485 -0.7630789158833957
3484 3499 0.050478188823496195
3485 3486 0.6586791937984315
3485 3500 -0.13592993519942098
3486 3501 0.0881339703109223
3499 3500 0.5594086317306719
3500 3501 -0.3048499865262544
3514 3515 -0.8713715935542927
3514 3529 0.11483943952075548
3515 3516 -0.6799164252366312
3515 3530 -0.4582293652853522
3516 3531 0.07479669292132152
3529 3530 0.36002824367452035
3530 3531 -0.547320911974176
3544 3545 0.8606687000858049
3544 3559 -0.7783178596280287
3545 3546 0.974979635985961
3545 3560 0.848964522121163
3546 3561 0.9274642704769842
3559 3560 -0.8394074506036415
3560 3561 -0.1465860483783552
3574 3575 0.2570593189491226
3574 3589 -0.00889966704566203
3575 3576 -0.576856701614358
3575 3590 -0.19009714270097966
3576 3591 -0.2511918879747326
3589 3590 -0.4922421201828109
3590 3591 0.6994678893271162
3604 3605 0.11315148281913756
3604 3619 -0.07332608395259865
3605 3606 0.5481771321024902
3605 3620 -0.2797910320013366
3606 3621 -0.5331807603766672
3619 3620 -0.7928521283934764
3620 3621 -0.9790757432366817
3634 3635 0.009312661990175997
3634 3649 -0.8273843448365727
3635 3636 0.5314367817095118
3635 3650 0.09765371997921757
3636 3651 -0.8639077619043543
3649 3650 0.5419856959196845
3650 3651 0.1564183618445405
3664 3665 0.006208357065381254
3664 3679 -0.30964157265346337
3665 3666 0.0659900823984223
3665 3680 -0.06819287401159335
3666 3681 -0.312225806883178
3679 3680 -0.790824312162661
3680 3681 -0.3885209117768549
3694 3695 -0.5809503775462617
3694 3709 -0.9079910294811557
3695 3696 -0.8448277791214764
3695 3710 0.07952520681746877
3696 3711 -0.7093109033958465
3709 3710 0.7796661872454687
3710 3711 -0.03737414644253145
3724 3725 -0.9070989501908553
3724 3739 0.5989748256503387
3725 3726 0.7854149845426572
3725 3740 -0.4461431542352998
3726 3741 0.931348720104098
3739 3740 0.04364661441627793
3740 3741 -0.644477048421783
3754 3755 0.33102044519643936
3754 3769 -0.07544135883969627
3755 3756 -0.030697847607172424
3755 3770 0.9631779401911096
3756 3771 0.6335694789852548
3769 3770 0.5777776152615552
3770 3771 -0.1391252703495236
3784 3785 -0.5175792522227545
3784 3799 0.22719231013259078
3785 3786 0.07816468278323563
3785 3800 -0.7969723507440492
3786 3801 -0.5537444558095839
3799 3800 0.2499066123790672
3800 3801 0.9647889208072631
3814 3815 -0.6990985700739936
3814 3829 0.06866370327869631
3815 3816 -0.23871981111137464
3815 3830 -0.24038402897167588
3816 3831 -0.3554088763098835
3829 3830 -0.44275775402259643
3830 3831 0.17520941712022542
3844 3845 0.513807129572533
3844 3859 -0.757438150546214
3845 3846 0.008313495747164223
3845 3860 -0.605076730781152
3846 3861 0.08370403550183947
3859 3860 0.06746759532945035
3860 3861 -0.7511754247172624
3874 3875 0.940916008887088
3874 3889 -0.8404348332786422
3875 3876 0.9181935604985956
3875 3890 0.8697560128181672
3876 3891 -0.881024613407821
3889 3890 0.11795625627315065
3890 3891 -0.4938785854842014
