# 
603 603 -2.2550928276901887
604 604 -3.392236666589402
605 605 -0.847098975710713
618 618 -1.0633493427345728
619 619 -0.6755396666302929
620 620 -3.6418775750973813
633 633 -2.752759739223306
634 634 3.427314106045361
635 635 2.499696089675811
648 648 -0.7928915287105793
649 649 -0.6961164245655862
650 650 -0.6403515519070542
663 663 -1.573588101304435
664 664 -3.4112065730336454
665 665 3.0474932513538358
678 678 -1.7912714023171015
679 679 1.0690288165220618
680 680 0.6822419889097029
693 693 2.7872850477767113
694 694 -0.9694412669098575
695 695 -0.8748300137813807
708 708 2.0990770826172165
709 709 3.7471111984306322
710 710 -1.6954321627310884
723 723 -0.8235689854492856
724 724 -3.939156902446334
725 725 -0.15802407275579977
738 738 -2.5352917108868898
739 739 1.594158991074175
740 740 -3.0152784909233707
753 753 -2.7072298255780405
754 754 0.6329742717018698
755 755 -2.591570473909865
768 768 3.6082466959045645
769 769 -1.913598206860347
770 770 -2.3262411157209577
783 783 0.7748105440053958
784 784 2.766768896768184
785 785 3.664559609676985
798 798 -2.0105737480715407
799 799 3.06443708739838
800 800 -3.8050537678790013
813 813 1.4030227080372049
814 814 0.9287970665965508
815 815 0.4109096600597786
828 828 2.2378719262197855
829 829 -2.716429292242961
830 830 -2.9354423615441103
843 843 1.8143259464474788
844 844 -2.1800758944340037
845 845 2.759149001205521
858 858 -0.829377149646727
859 859 -0.20738566514165235
860 860 -1.8734685489364322
873 873 3.5558072198524346
874 874 -0.7004593105426498
875 875 1.5340641769767247
888 888 1.5536387352414538
889 889 -1.8827447595754512
890 890 -0.1658571942447269
903 903 1.4146871218484822
904 904 -2.3447797285184455
905 905 0.5864648226983675
918 918 -0.12200146285765623
919 919 1.0770741040395952
920 920 -0.9020037026312524
933 933 -3.2456805038091057
934 934 0.21075244188914866
935 935 -0.38431993753982585
948 948 3.703043845884486
949 949 0.15076242774201898
950 950 3.0088028616333133
963 963 0.8669619983503347
964 964 3.4611424827557427
965 965 -2.216869025345826
978 978 -0.3520671660368686
979 979 -3.8982340173965238
980 980 -1.1046198970178258
993 993 -2.528546262613599
994 994 3.6515580501431915
995 995 -3.21660194603012
1008 1008 -2.294244038192492
1009 1009 0.8734271344497229
1010 1010 -2.8813533637108613
1023 1023 0.3958505875087095
1024 1024 2.8952930349318313
1025 1025 -2.4001832910201175
1038 1038 1.2089165149986485
1039 1039 3.1189754126626577
1040 1040 0.08726870740023784
1053 1053 2.973692347749771
1054 1054 -1.030806341572453
1055 1055 0.6576261538838759
1068 1068 0.7465973813292255
1069 1069 -1.4062679394444322
1070 1070 -1.0532272574874586
1083 1083 -2.988077155688191
1084 1084 3.4191416273470407
1085 1085 1.9979180709925473
1098 1098 -0.34594644085001836
1099 1099 2.049976391752372
1100 1100 1.988349556917763
1113 1113 -3.485845725358108
1114 1114 -1.9380947451511803
1115 1115 1.0415753356462405
1128 1128 -2.5660920551875
1129 1129 -0.11371918748325527
1130 1130 -1.1066403385046977
3364 3364 1.6346083133135663
3365 3365 3.4642388626707943
3366 3366 -3.9235094267093213
3379 3379 -3.221862850000428
3380 3380 3.48222274989313
3381 3381 -0.10650242342270566
3394 3394 -2.7786020567410015
3395 3395 0.435213100989321
3396 3396 -1.1277497039832332
3409 3409 -0.22197724574323097
3410 3410 -2.4270984202031496
3411 3411 3.594636678134581
3424 3424 1.068381495185931
3425 3425 -0.16021158204052988
3426 3426 0.7883252831495753
3439 3439 -3.0186681716584873
3440 3440 0.5164914781862571
3441 3441 -1.179202588517695
3454 3454 -1.2521275876679994
3455 3455 -0.46991779504596387
3456 3456 0.46529809085440643
3469 3469 3.467545813727681
3470 3470 3.734054149701417
3471 3471 -1.0118729471759496
3484 3484 -1.393050592848959
3485 3485 0.5751291718205964
3486 3486 3.24704968262854
3499 3499 -3.5417619046693263
3500 3500 0.9092826534402914
3501 3501 3.171312202684433
3514 3514 3.1341501946647394
3515 3515 -2.268965091612463
3516 3516 3.603474640461905
3529 3529 -1.6509148639239752
3530 3530 2.2651977439929984
3531 3531 1.986246041104315
3544 3544 2.7159906175502915
3545 3545 -3.890200726569306
3546 3546 3.6067156295895026
3559 3559 -2.2114864399554586
3560 3560 1.3943164225681617
3561 3561 1.7868799859746876
3574 3574 1.7435179892476844
3575 3575 2.3598838011015584
3576 3576 3.944120733429262
3589 3589 -1.7042521392925458
3590 3590 -1.9718619252597547
3591 3591 -2.614329245315668
3604 3604 -3.7240880262487153
3605 3605 -0.2385210854074744
3606 3606 -0.2328633538155236
3619 3619 -1.9226560129310197
3620 3620 -0.148978702535965
3621 3621 -0.1157044683586923
3634 3634 1.8742513871137705
3635 3635 1.7894709649626952
3636 3636 0.6337241756527101
3649 3649 1.7195637242700936
3650 3650 1.9353414488042127
3651 3651 3.4998453955087543
3664 3664 0.9616408251758175
3665 3665 0.7212599531816668
3666 3666 -1.467181738428219
3679 3679 1.5486191521919723
3680 3680 3.5693814927871808
3681 3681 1.506997588677411
3694 3694 3.8871379656939844
3695 3695 -2.3573427114932146
3696 3696 2.5028566553060125
3709 3709 -2.2279841137086374
3710 3710 -1.8927354038486
3711 3711 -3.498807645119392
3724 3724 -2.7483876012473614
3725 3725 -0.12519023040539246
3726 3726 -0.05401679311770646
3739 3739 0.6030976326687814
3740 3740 3.255471534834829
3741 3741 -3.974547067396845
3754 3754 -3.8124095915893097
3755 3755 1.6385812894153204
3756 3756 -2.845570282378226
3769 3769 3.0613247640312817
3770 3770 1.6653372000650721
3771 3771 -1.7744137689130897
3784 3784 1.1675486683058969
3785 3785 1.6107639864170746
3786 3786 3.2639789029487245
3799 3799 3.7225194271877333
3800 3800 1.721311902787976
3801 3801 1.9340016083853016
3814 3814 -0.6654169710918705
3815 3815 -3.6741116248144117
3816 3816 0.7560175891267065
3829 3829 2.3696934689625824
3830 3830 -1.7879694241175574
3831 3831 2.4677116401766197
3844 3844 -3.010941407567161
3845 3845 -2.798621433593775
3846 3846 1.1542374410775915
3859 3859 -2.1441003167479566
3860 3860 3.089792651896772
3861 3861 1.302224665641467
3874 3874 -1.4903159614980659
3875 3875 1.0095138331619529
3876 3876 -1.0992756369186099
3889 3889 -2.63881016920973
3890 3890 0.8723252941035984
3891 3891 -2.485811832941314
603 604 0.6279188343884012
603 618 0.9914228990219389
603 3484 0.31454992155922734
603 3499 0.38342571094498634
603 3514 0.32660735887149794
603 3529 0.48163129804255633
604 605 -0.6001780129573866
604 619 0.2424050176728405
604 3664 0.25652788022284145
604 3679 0.2646198560106754
604 3694 -0.14149801809581453
604 3709 -0.1764255842003679
605 620 -0.8623862887520086
605 3844 -0.1972174186603164
605 3859 -0.7665279512242147
605 3874 -0.5291384598582993
605 3889 0.950666285738049
618 619 0.574300003066673
618 3484 0.25596196634753543
618 3499 -0.8044748616629338
618 3514 -0.7849873537680341
618 3529 0.1033227366161189
619 620 -0.8777113038083764
619 3664 -0.3355400404469602
619 3679 -0.19320368829821066
619 3694 0.07736944724653094
619 3709 0.09660549064257418
620 3844 0.30652465604201806
620 3859 0.26540356422160993
620 3874 0.8509687009417362
620 3889 0.022262257800275576
633 634 -0.1675793697261212
633 648 -0.9485993028128148
633 3424 -0.9102181260169935
633 3439 -0.8162094852459829
633 3454 0.1474744579733145
633 3469 0.9964775188334658
633 3484 0.7164939112762938
633 3499 0.5117212793337103
633 3514 -0.04704087756702857
633 3529 0.33438774376215585
634 635 -0.08338289907613117
634 649 0.6720147515557191
634 3604 0.08594983877596918
634 3619 0.6468252695500272
634 3634 0.682951703872209
634 3649 0.9461920022020205
634 3664 -0.6991894625311204
634 3679 0.111206504930907
634 3694 -0.5894382396876223
634 3709 -0.7814717724163482
635 650 0.847817255776502
635 3784 0.9815867771955755
635 3799 0.6808301530557144
635 3814 0.678894174299397
635 3829 -0.465775772459198
635 3844 0.2573329870515342
635 3859 0.7215526184860286
635 3874 0.3390243926130989
635 3889 0.18838963911307505
648 649 0.5890654048953301
648 3424 0.26905572335695505
648 3439 0.4552508118170153
648 3454 -0.6001390314240669
648 3469 0.5408608072704566
648 3484 0.0881732938463915
648 3499 0.5264503763334154
648 3514 0.7133217891662509
648 3529 0.8543907591238704
649 650 -0.4302726018471015
649 3604 -0.941462651209497
649 3619 -0.6336075034787043
649 3634 0.3231114476582826
649 3649 0.8255323381532111
649 3664 0.9271666716589939
649 3679 -0.28553354065316805
649 3694 -0.2766368893430966
649 3709 0.16615551309362853
650 3784 -0.3334248647126814
650 3799 0.38061636656966846
650 3814 0.8774256833583187
650 3829 0.2196296434120628
650 3844 -0.3321000503186582
650 3859 -0.055011744635725224
650 3874 -0.45099449239644707
650 3889 0.7900215263469379
663 664 0.7192994460213067
663 678 0.22415850578523044
663 3424 0.5374898675412692
663 3439 -0.6486342985865481
663 3454 -0.1456142453141227
663 3469 0.07994668119926573
663 3484 0.6061960436266538
663 3499 0.30077214923048845
664 665 0.46088797728766284
664 679 0.4825796376879996
664 3604 -0.8674103448663057
664 3619 0.2923938303541891
664 3634 -0.05639773933328707
664 3649 -0.9900065241991878
664 3664 -0.09231717846921428
664 3679 0.5488167545560527
664 3514 -0.7496152542158694
664 3529 0.09980857211100935
665 680 0.26390623979681926
665 3784 -0.34660285529226487
665 3799 0.516108154149099
665 3814 -0.1974644663369658
665 3829 0.501536539585774
665 3844 0.40929207840731063
665 3859 0.788571310263158
665 3694 -0.7492823702919551
665 3709 -0.2015733641507409
678 679 -0.18764295709629497
678 3424 -0.22956610500667884
678 3439 -0.7434306038057765
678 3454 0.46751225934097085
678 3469 -0.8997941078599092
678 3484 0.1371522828940246
678 3499 0.9088923673118305
679 680 0.6393497619049622
679 3604 -0.39501808741439537
679 3619 0.27342957896192055
679 3634 0.6186615654004148
679 3649 0.7715603965215307
679 3664 -0.7727974585908726
679 3679 -0.04788295419984001
679 3514 0.291681416064937
679 3529 0.7724638518916915
680 3784 -0.4154680568541005
680 3799 -0.05364602869175705
680 3814 -0.6675085702515162
680 3829 0.6224845185373875
680 3844 -0.030242082550322236
680 3859 -0.16472782777522332
680 3694 -0.5154982018919523
680 3709 -0.8037211161433395
693 694 0.9027038990676557
693 708 0.13765072026960756
693 3424 -0.6295451221907726
693 3439 0.020059516406449873
693 3454 0.11179516493928876
693 3469 0.9228918725052144
693 3484 0.5401171965913456
693 3499 0.16147590190861205
693 3364 0.8786776768777556
693 3379 -0.7164367886973271
693 3394 0.9283120770305842
693 3409 -0.23875594017723012
694 695 0.5262088168038668
694 709 -0.42722760795841497
694 3604 0.5151617840652838
694 3619 -0.5108705226838386
694 3634 -4.5705312601285186e-05
694 3649 -0.45563579458070813
694 3664 0.8816199785131094
694 3679 0.5056812253037439
694 3514 -0.2924319814762937
694 3529 0.05236787522680064
694 3544 -0.5140339491524812
694 3559 -0.9987496494936532
694 3574 0.718492314333516
694 3589 0.4894438234056322
695 710 0.39598586787407064
695 3784 0.9990411966032038
695 3799 0.8792119394686957
695 3814 0.07306422555538838
695 3829 0.04010693024247125
695 3844 -0.054403750089619285
695 3859 0.7137685497912412
695 3694 0.6003928237743683
695 3709 -0.7126661109605485
695 3724 0.5919937347916602
695 3739 -0.20132774776616102
695 3754 -0.09936719112092884
695 3769 0.2739704865168624
708 709 -0.2684263125547459
708 3424 0.4385424380590386
708 3439 -0.11257240938121993
708 3454 0.8358832009235877
708 3469 0.8689450739706626
708 3484 0.37896827737232974
708 3499 0.6069298972184878
708 3364 0.09041782574078949
708 3379 -0.26054561569352086
708 3394 0.3039461305176583
708 3409 -0.5812276434132315
709 710 0.3830676205545376
709 3604 -0.5847679885383825
709 3619 -0.4754186475223614
709 3634 -0.028324332182433354
709 3649 0.5219625578531262
709 3664 -0.4702078382156121
709 3679 0.6314852279885275
709 3514 -0.42573006174975303
709 3529 -0.28964875691240843
709 3544 -0.7642231127783856
709 3559 -0.2238599241596715
709 3574 -0.15711291760057744
709 3589 -0.9021283120804171
710 3784 -0.509516188188023
710 3799 -0.9017739202012214
710 3814 0.8337001609810464
710 3829 0.7449373619670911
710 3844 -0.004941157706232824
710 3859 0.04762188722900751
710 3694 -0.17771785271361207
710 3709 -0.8314178397252747
710 3724 0.2833279380295399
710 3739 -0.14256469426572105
710 3754 0.12592250201679
710 3769 -0.3282363527182397
723 724 -0.36181768318385377
723 738 0.8318922568733749
723 3424 -0.6907724087398288
723 3439 0.6487074893039719
723 3364 0.9303789449606117
723 3379 0.507153033292302
723 3394 -0.6902739402086382
723 3409 -0.7216375813738107
724 725 -0.28756382854591966
724 739 -0.9850972974727468
724 3604 0.8236809884542664
724 3619 -0.18459668273985463
724 3454 0.9536742013697865
724 3469 0.8531280970297239
724 3484 0.40290396325547007
724 3499 0.42273044581675734
724 3514 -0.09253400042485338
724 3529 0.26351628813917594
724 3544 -0.5911971066195532
724 3559 -0.4198651577144996
724 3574 0.23249604087189368
724 3589 -0.1957417946820288
725 740 0.8940700802216508
725 3784 0.5169590254288219
725 3799 -0.4679232947481342
725 3634 0.9399904371559702
725 3649 -0.2895495378632471
725 3664 -0.010629869626643362
725 3679 0.9110820772903989
725 3694 -0.6834559369530187
725 3709 0.7213771928910382
725 3724 0.7037944483031287
725 3739 0.6247749602250428
725 3754 -0.8238658649494919
725 3769 -0.916808378539179
738 739 0.38668012554222253
738 3424 0.28328345451221804
738 3439 0.23518850078544595
738 3364 0.7245301977522303
738 3379 0.15269095311214165
738 3394 0.17156664006396039
738 3409 -0.4364958306860558
739 740 -0.23727543545705898
739 3604 0.290811778586783
739 3619 0.8811478324310229
739 3454 -0.5008507102431972
739 3469 -0.9332756574937617
739 3484 -0.9484568060501171
739 3499 0.21788764955278928
739 3514 0.9204894856493779
739 3529 0.6296907668071372
739 3544 0.44681152631874976
739 3559 -0.5672747048457412
739 3574 0.596144978352251
739 3589 -0.5733658955755658
740 3784 0.016968864482611368
740 3799 -0.7204232644528452
740 3634 0.15756452643333696
740 3649 -0.8178935319387775
740 3664 0.13163450370587793
740 3679 0.37925550725307455
740 3694 0.2012411709099886
740 3709 -0.8748479455271874
740 3724 0.4362581222283126
740 3739 -0.730801400094113
740 3754 0.11310078748840313
740 3769 -0.7494226061675258
753 754 -0.9046264858940867
753 768 0.4333704891877874
753 3424 -0.7700530421749834
753 3439 0.0030077240802723892
753 3364 -0.04977093240732122
753 3379 0.4762364565156336
753 3394 0.2630475607930929
753 3409 -0.9323329292690343
754 755 0.47524770472314115
754 769 -0.08408895152587958
754 3604 -0.3364229406811814
754 3619 -0.7429358605889975
754 3454 -0.6808784160087835
754 3469 0.16718668659626412
754 3485 -0.3948920023604492
754 3500 -0.3242001550927265
754 3515 0.44303836032597355
754 3530 -0.39797584887062
754 3544 0.7042913753758373
754 3559 -0.7711023519209383
754 3574 0.6878217835195362
754 3589 0.8872012818409634
755 770 0.32226782084015904
755 3784 -0.32117862873278646
755 3799 -0.35243701285652174
755 3634 0.17196317660208704
755 3649 -0.12120128823233878
755 3665 -0.5114416792159941
755 3680 0.7171586026016139
755 3695 0.540065204035016
755 3710 0.6275067550988747
755 3724 -0.9293790212826896
755 3739 -0.33366541775370195
755 3754 -0.8906663364593992
755 3769 -0.2184672223325701
768 769 0.1434673145281622
768 3424 0.6069507553347695
768 3439 -0.9776281402616998
768 3364 0.2974120664363511
768 3379 -0.05046535900518445
768 3394 0.11499265524957081
768 3409 -0.9647813236730094
769 770 -0.538073049193837
769 3604 -0.4672042996760286
769 3619 0.718039366459059
769 3454 -0.8804136658265822
769 3469 0.21839531007494495
769 3485 0.592414491412321
769 3500 0.09025234285263473
769 3515 -0.9962112786030168
769 3530 0.6632680418297723
769 3544 0.6423779225279858
769 3559 -0.20286262873061078
769 3574 0.13227454657364546
769 3589 -0.5935886816922149
770 3784 0.24046601548128388
770 3799 -0.035647368500804966
770 3634 -0.4050404525856002
770 3649 0.426768849092664
770 3665 0.8198017268234663
770 3680 -0.2746530926001749
770 3695 0.9984859407262354
770 3710 -0.7794671594889904
770 3724 -0.117392938273573
770 3739 0.6156730941083892
770 3754 0.7341197808671813
770 3769 -0.10037265291089459
783 784 -0.015935533146303138
783 798 -0.9420048219414141
783 3424 -0.910080257594815
783 3439 0.7167460155492562
783 3454 0.9310599542396012
783 3469 -0.44778973849703285
783 3485 0.7105715436649633
783 3500 0.7148571353182869
783 3515 0.7039411426618547
783 3530 -0.45360161086651907
783 3544 0.4949003015911575
783 3559 0.8014630746762978
783 3394 -0.8639212801628782
783 3409 0.49035133197477054
784 785 0.08638236900513374
784 799 -0.5748003218997049
784 3604 -0.2984143031216566
784 3619 0.8144804750807333
784 3634 -0.3671106026298856
784 3649 -0.9313719754198992
784 3665 -0.6391883011839434
784 3680 -0.8049948532221185
784 3695 -0.7697043718336467
784 3710 0.8114388218296589
784 3724 0.23733511750762482
784 3739 0.710020810908254
784 3574 0.7406271005028844
784 3589 0.0601289452214282
785 800 0.42742316011671644
785 3784 -0.8924121392447926
785 3799 0.48630901159996287
785 3814 0.31531898089896493
785 3829 -0.7151074518715481
785 3845 -0.07583847242646424
785 3860 0.826073813831808
785 3875 -0.6711937743962111
785 3890 0.6210016965774845
785 3754 0.2783823026371557
785 3769 0.7495587171270548
798 799 -0.5908705561985155
798 3424 -0.5068164636706587
798 3439 -0.1482726582807692
798 3454 -0.34686766976562455
798 3469 -0.39825169568569696
798 3485 0.3396780560299073
798 3500 -0.8522143455254458
798 3515 -0.7617041738921186
798 3530 -0.08213430415210143
798 3544 0.1196294270595486
798 3559 -0.2379989763492032
798 3394 -0.9982714171675056
798 3409 0.42461005553001785
799 800 -0.9864212624719135
799 3604 0.04449084224088029
799 3619 0.9499816309254749
799 3634 0.46740805654368844
799 3649 0.0035669623361282987
799 3665 -0.31348970882526284
799 3680 -0.11952522649437136
799 3695 0.10745282837469783
799 3710 0.16201407412660807
799 3724 0.8009610357784476
799 3739 0.6969238669184543
799 3574 0.8529055876483407
799 3589 -0.04740054692084761
800 3784 0.26658860550039853
800 3799 0.8004719677528722
800 3814 0.04646688642444019
800 3829 -0.15591097757963346
800 3845 0.4876982697102803
800 3860 -0.8918470063409023
800 3875 -0.716669015834102
800 3890 0.7381682499164006
800 3754 0.7335822215383694
800 3769 0.6532786714237271
813 814 0.4103345416786699
813 828 0.9643157665417836
813 3425 -0.9972562362036155
813 3440 0.9924640550778292
813 3455 -0.257743862593097
813 3470 -0.16870387680263654
813 3485 0.3093076283225109
813 3500 -0.36542280461045884
813 3515 0.6847090683714214
813 3530 0.32750376912913026
813 3544 0.8288748063511919
813 3559 -0.7675187234015433
813 3394 0.19779943390207388
813 3409 0.5657060345908325
814 815 -0.002699949901747045
814 829 0.5942209082758299
814 3605 -0.9138329707082664
814 3620 -0.6022830849597958
814 3635 0.37310704944613104
814 3650 -0.5745781016245972
814 3665 -0.6247296195092467
814 3680 0.806722707573932
814 3695 -0.16297174873379738
814 3710 -0.38095437190536696
814 3724 0.6381194980877256
814 3739 0.540491220638406
814 3574 -0.11439694877494344
814 3589 -0.49112523632683636
815 830 0.950612158277717
815 3785 0.03427339200352342
815 3800 0.4956475016020334
815 3815 0.43262872751328696
815 3830 0.8361965080057472
815 3845 -0.7648786102192773
815 3860 -0.989119922883233
815 3875 0.6220739231283852
815 3890 0.8898998545317682
815 3754 -0.06474269164998026
815 3769 0.861021409109826
828 829 0.29960008726482745
828 3425 -0.08375692711397464
828 3440 -0.42029301760421456
828 3455 -0.4488225195606603
828 3470 0.4530588678829217
828 3485 0.030249748828886425
828 3500 -0.9807929509081383
828 3515 -0.3149835122818696
828 3530 0.8527581508761772
828 3544 0.7212168764497606
828 3559 0.7661174622424947
828 3394 -0.20381455913910895
828 3409 -0.11609173364149172
829 830 0.8106780881850244
829 3605 -0.43562223060381133
829 3620 -0.24498298488377368
829 3635 0.6136497648687942
829 3650 0.8060938259811941
829 3665 -0.5788669456045379
829 3680 -0.25174952876643397
829 3695 -0.36035463932169365
829 3710 0.99872060817074
829 3724 0.6350899295721264
829 3739 0.5105083097450551
829 3574 -0.744773020455525
829 3589 -0.769433523777397
830 3785 0.7563317157594887
830 3800 0.8274868510884241
830 3815 0.14831206805687458
830 3830 -0.058810133416021815
830 3845 0.7904656743821579
830 3860 0.7758028521873275
830 3875 -0.20080251803874316
830 3890 0.37989156093172016
830 3754 0.18168849262274045
830 3769 0.6580426513375452
843 844 -0.7247878886454959
843 858 0.8626043952304037
843 3425 0.19109750844804618
843 3440 0.615773126280627
843 3455 0.7385308244455004
843 3470 -0.554837458208927
843 3485 0.5964767239800559
843 3500 -0.8920858060335584
843 3364 0.15276194287438405
843 3379 -0.22746084108013132
843 3394 -0.8613468624876703
843 3409 0.9115030512247888
844 845 -0.02760137794388484
844 859 0.755772288144887
844 3605 0.9239042157268982
844 3620 -0.9625052487364842
844 3635 0.8316745531414602
844 3650 0.09868657819122784
844 3665 -0.551023973084033
844 3680 0.30174238901724015
844 3515 0.16518149717495256
844 3530 -0.279007191704683
844 3544 0.5425488564854564
844 3559 -0.5376790241106986
844 3574 -0.5881279205455825
844 3589 0.7102022719746506
845 860 0.13483308373256397
845 3785 0.6284048795377186
845 3800 -0.19898131181348933
845 3815 0.5426538229017674
845 3830 0.34696532902642097
845 3845 0.6649842270248996
845 3860 -0.3732366916465928
845 3695 -0.922669806106927
845 3710 -0.11590462381554878
845 3724 0.5161894544797252
845 3739 -0.5553597594543795
845 3754 -0.9552795827054001
845 3769 -0.054684208612082674
858 859 0.24932379422316142
858 3425 -0.08384565028855917
858 3440 0.3643756164821419
858 3455 0.8307920700004883
858 3470 0.4449507012284162
858 3485 -0.21991578045942362
858 3500 -0.41791118225086676
858 3364 0.33958720293477596
858 3379 -0.15415638900903827
858 3394 -0.2596008179489635
858 3409 -0.7957479173563418
859 860 0.6326205541301069
859 3605 0.7543284851143823
859 3620 -0.8617200627419073
859 3635 -0.7680329105035986
859 3650 -0.4313033237961199
859 3665 0.8202690788096887
859 3680 -0.7394624508299936
859 3515 -0.9789316871607514
859 3530 -0.7975529470430056
859 3544 0.39211235249151755
859 3559 -0.8803827216018345
859 3574 0.6526454133355468
859 3589 0.1281622669013427
860 3785 0.3899854926323649
860 3800 -0.9952943534612451
860 3815 -0.5699056516307814
860 3830 0.4469697501271581
860 3845 -0.6570991169022717
860 3860 -0.4137154880277789
860 3695 -0.9914806740813857
860 3710 0.531913684784642
860 3724 0.3863549860156412
860 3739 -0.9723518539200431
860 3754 -0.6751799334831825
860 3769 -0.5100327032475922
873 874 0.3083241369843224
873 888 -0.16928835035451972
873 3425 -0.758389951494084
873 3440 0.9266758199371934
873 3455 -0.1214255347919575
873 3470 0.21418382211700648
873 3485 0.3001876702622124
873 3500 0.25940908353542924
873 3365 -0.4808357655110036
873 3380 0.7762961227218637
873 3395 0.9529174925760475
873 3410 -0.9581782985600336
874 875 -0.4775515893533584
874 889 -0.5201684070655135
874 3605 0.6937871485259091
874 3620 0.2896007198437529
874 3635 0.4145574884939349
874 3650 0.2666918129027356
874 3665 0.8215738121452316
874 3680 -0.001309099842753625
874 3515 0.6414259105278988
874 3530 0.08031636519503205
874 3545 -0.8720720706774239
874 3560 -0.6850871032553325
874 3575 0.9432310246142983
874 3590 -0.611948184531065
875 890 0.3032200433405172
875 3785 -0.6061978599180506
875 3800 0.1658006374059997
875 3815 0.27891576592989664
875 3830 -0.8267821752678617
875 3845 -0.3183657507451758
875 3860 0.16838755586700738
875 3695 -0.6439265941940904
875 3710 -0.8476048620769909
875 3725 -0.018095997127018704
875 3740 0.6086626968034281
875 3755 -0.17640465279540796
875 3770 -0.6097868198154319
888 889 0.6803452281744407
888 3425 -0.9666875170960605
888 3440 -0.25551574199808047
888 3455 -0.041008449303987504
888 3470 0.9877256587221901
888 3485 -0.3940020807048863
888 3500 0.4036163538498163
888 3365 0.23725808526659464
888 3380 -0.10973102257189749
888 3395 -0.5042215504332099
888 3410 0.4192274033451462
889 890 0.6241825777149681
889 3605 0.37615929043214424
889 3620 -0.7155231241080242
889 3635 0.26604764492607247
889 3650 -0.1642961583488025
889 3665 -0.8962607137225338
889 3680 -0.4508670310802747
889 3515 -0.21604046252576614
889 3530 0.6787381533948815
889 3545 0.4506570844484583
889 3560 -0.08943187596007451
889 3575 -0.6437313850356476
889 3590 -0.3444317535971966
890 3785 -0.5130508344253868
890 3800 -0.4599724957734239
890 3815 -0.4343392891163982
890 3830 0.32286323805007533
890 3845 0.10887859234131358
890 3860 0.9453007040844115
890 3695 0.290029631877172
890 3710 0.7409218111950138
890 3725 0.46406993746987846
890 3740 -0.4602716942577527
890 3755 0.7431068242875296
890 3770 -0.8454808030889782
903 904 0.15799337335098929
903 918 -0.3292995073647602
903 3425 0.46038397889381755
903 3440 -0.6852461663519334
903 3365 -0.3475301021548207
903 3380 0.061599886624368105
903 3395 -0.9303792784390474
903 3410 -0.5531966415234328
904 905 0.9712739926205645
904 919 -0.17119634551297302
904 3605 0.8476079390873021
904 3620 -0.5521604474181769
904 3455 -0.6070172239494982
904 3470 -0.30364125435462297
904 3485 -0.5219231078907847
904 3500 -0.16254370814365138
904 3515 0.030754166494836532
904 3530 0.24580958468173253
904 3545 -0.895930605830559
904 3560 0.03744614458146667
904 3575 -0.17169196969631462
904 3590 0.36533182813215626
905 920 -0.19236732963509673
905 3785 -0.9260230729809575
905 3800 -0.22548215567960495
905 3635 0.5114505540896568
905 3650 -0.2528741133165453
905 3665 0.13656855212753127
905 3680 -0.3748068188548088
905 3695 -0.4607494361040756
905 3710 0.14641083723097537
905 3725 0.43456815713562036
905 3740 0.927981005851894
905 3755 -0.4048676877714641
905 3770 -0.855666090168705
918 919 -0.16196572151648314
918 3425 -0.5080796567739769
918 3440 0.9737684157544457
918 3365 0.5602563807879748
918 3380 -0.2812691098265212
918 3395 0.27435742221552584
918 3410 -0.5243101198896443
919 920 0.7392241642621356
919 3605 0.715374898910859
919 3620 -0.9911118838491935
919 3455 -0.2214323929818267
919 3470 0.40943608654403674
919 3485 -0.44869714804247507
919 3500 0.24327847361658317
919 3515 -0.0002685092657173094
919 3530 -0.14608275956939254
919 3545 0.1819305656454797
919 3560 -0.2941063019434482
919 3575 -0.2760240179261293
919 3590 -0.3215672330669539
920 3785 -0.06372945069742819
920 3800 -0.023939597991417427
920 3635 -0.35837477230917925
920 3650 -0.1044311116292247
920 3665 0.2055350828100182
920 3680 -0.0700858996866176
920 3695 0.37248450809743794
920 3710 -0.9013115296056031
920 3725 0.43663902929772425
920 3740 -0.6829513101113913
920 3755 0.5743501357134888
920 3770 -0.2014606236425629
933 934 0.6317506167156244
933 948 0.9790711913730403
933 3425 0.6598926801239813
933 3440 -0.5169571747075647
933 3365 0.8645117575995953
933 3380 -0.4388898148092111
933 3395 0.5977381742608003
933 3410 -0.23117991805323945
934 935 -0.3946692301318766
934 949 -0.97363225765983
934 3605 0.17636822595076285
934 3620 0.7054279959072114
934 3455 0.5390150255037167
934 3470 0.7083031889636491
934 3486 -0.19053579284022515
934 3501 -0.43764528663075564
934 3516 0.36296831597638857
934 3531 0.2012838545171456
934 3545 -0.5774553091880039
934 3560 0.2576383566569611
934 3575 0.11321801547168153
934 3590 0.9198157483430567
935 950 -0.5700742529305374
935 3785 0.9733734908665499
935 3800 -0.17992574330383992
935 3635 0.312286264467341
935 3650 0.01979322432323327
935 3666 0.3243387750091251
935 3681 0.8515305121757555
935 3696 0.9368162369832971
935 3711 0.2462438006059422
935 3725 -0.8901020246322715
935 3740 0.9533429982492074
935 3755 0.19812351930169525
935 3770 -0.8139384976313482
948 949 0.14064016081987818
948 3425 0.8980275001229561
948 3440 0.24012267023076528
948 3365 0.4905849030035363
948 3380 0.2910713614546656
948 3395 0.5135225853565895
948 3410 0.7723538539755157
949 950 -0.4557114694638209
949 3605 0.7549468246194573
949 3620 0.09973903916035143
949 3455 0.8400832988128855
949 3470 0.6674883683411144
949 3486 0.7068721999047818
949 3501 0.9983037237388306
949 3516 0.20841830075104495
949 3531 -0.9635607752282631
949 3545 -0.8730480630391497
949 3560 0.2916342965431502
949 3575 -0.9299911510048651
949 3590 0.24938000212851397
950 3785 0.38312814354765257
950 3800 -0.6695923100718888
950 3635 -0.42078112665048795
950 3650 -0.5036216350353613
950 3666 -0.8007416041223261
950 3681 -0.01781717579048059
950 3696 0.6499944891285185
950 3711 -0.9890880255199725
950 3725 -0.7647445049510473
950 3740 0.6405267665602317
950 3755 0.5111556815282674
950 3770 0.9284372820323465
963 964 -0.9225029756528302
963 978 -0.5803542516959024
963 3425 -0.8593319719538899
963 3440 -0.8284758394585414
963 3455 0.12619403468344403
963 3470 0.16830278348083882
963 3486 -0.10831100045451847
963 3501 0.7586000870891743
963 3516 0.31873532497765256
963 3531 0.4537574878471997
963 3545 -0.4620536910185118
963 3560 -0.08910728163516946
963 3395 -0.5387877020079397
963 3410 0.9406446636157444
964 965 -0.4633025604572525
964 979 -0.6153387030169877
964 3605 0.5339422423544051
964 3620 0.4350380667404379
964 3635 0.24833201627584534
964 3650 0.4752904052405631
964 3666 0.5796134028164002
964 3681 -0.3334734783936306
964 3696 0.7835077412805906
964 3711 -0.3312921694048012
964 3725 -0.35295669555008646
964 3740 -0.3298078696316602
964 3575 0.6289979180472907
964 3590 0.888121385123732
965 980 -0.4222587874902233
965 3785 0.3076547946413839
965 3800 0.8885258063273223
965 3815 -0.2787339050740303
965 3830 0.5061428596563502
965 3846 -0.4927638843518969
965 3861 0.8992161266970016
965 3876 -0.3393800173778496
965 3891 -0.36712219119246825
965 3755 -0.33784280909426956
965 3770 0.05016304886843259
978 979 -0.599510786996313
978 3425 0.9235033845606824
978 3440 0.8628044492260452
978 3455 -0.34509318316366744
978 3470 0.13695234698118863
978 3486 0.139218717192378
978 3501 0.324431229691863
978 3516 0.8135501650884882
978 3531 -0.21297121571569755
978 3545 0.05208233220552971
978 3560 0.1182172328221216
978 3395 0.184537306593068
978 3410 0.7838774209065367
979 980 -0.5567218337293025
979 3605 -0.39471370261867333
979 3620 0.47958060350834564
979 3635 -0.9446500934914759
979 3650 -0.787573419908363
979 3666 -0.3545247622670391
979 3681 -0.18141422956642272
979 3696 -0.6521629362633437
979 3711 -0.4248552846959588
979 3725 0.07896724990917359
979 3740 -0.5767356637288363
979 3575 0.23076396937306698
979 3590 -0.7118459414202052
980 3785 0.7448499026972053
980 3800 -0.8685599173215406
980 3815 0.8542058260003029
980 3830 -0.8737763746894247
980 3846 -0.8882624462365263
980 3861 -0.9433091112241743
980 3876 0.4572875032597503
980 3891 -0.8960401413435377
980 3755 0.054064514485829385
980 3770 -0.6896395117806264
993 994 -0.10591089363884665
993 1008 -0.9437718387882048
993 3426 0.8710036106695165
993 3441 0.7228312708904632
993 3456 0.3156286965965416
993 3471 -0.7289849869508909
993 3486 0.651182554807809
993 3501 0.7106381801062907
993 3516 0.6947703920184707
993 3531 -0.7613582934714822
993 3545 0.1386868834427757
993 3560 0.9740788365059141
993 3395 0.8953926342622687
993 3410 0.14584012229394183
994 995 -0.9605052427034417
994 1009 -0.1864545372006181
994 3606 -0.02492777186393158
994 3621 -0.966284351513911
994 3636 0.111637959115785
994 3651 -0.6252852425003705
994 3666 -0.1546158938069575
994 3681 0.5165421423495513
994 3696 0.6477274957511656
994 3711 0.9991386593358189
994 3725 -0.3834140955994778
994 3740 -0.778300160046274
994 3575 -0.6875800305034854
994 3590 -0.29723199336261774
995 1010 0.8920290637128521
995 3786 0.4939789231431455
995 3801 0.2202116308901596
995 3816 0.5012169854362007
995 3831 0.12543961953342353
995 3846 -0.018000194185987084
995 3861 -0.2788980201867135
995 3876 -0.23851449686001946
995 3891 -0.8780747103567754
995 3755 -0.5052404524607093
995 3770 0.3606061219857821
1008 1009 -0.05947948923869295
1008 3426 -0.28526883786653445
1008 3441 0.2107003192713819
1008 3456 0.09075344246789796
1008 3471 0.8309704551852584
1008 3486 -0.04327618553452495
1008 3501 -0.16770240813111492
1008 3516 -0.0250335773622552
1008 3531 -0.0912359122879538
1008 3545 -0.37818524281330457
1008 3560 -0.9429348688812318
1008 3395 0.8420303010110446
1008 3410 -0.2212892989961135
1009 1010 0.6902813933727978
1009 3606 0.3475114823902905
1009 3621 -0.14515478472827348
1009 3636 -0.7082017116355821
1009 3651 -0.8875307145748939
1009 3666 -0.12830183429993247
1009 3681 -0.5741915169042404
1009 3696 -0.7894354586887706
1009 3711 -0.3487978529372284
1009 3725 0.09419506349967466
1009 3740 -0.12132629900725966
1009 3575 0.19365204615538256
1009 3590 0.9616266964872504
1010 3786 0.35588325408238286
1010 3801 0.7442021126364742
1010 3816 0.9177434206927226
1010 3831 0.32361282457804963
1010 3846 -0.24715559933285136
1010 3861 -0.16113781038761466
1010 3876 0.2596280823888377
1010 3891 0.9743928185091162
1010 3755 0.22067641283364692
1010 3770 0.6221813329462547
1023 1024 -0.27564786334434555
1023 1038 0.9309909152081177
1023 3426 0.017324591270545087
1023 3441 0.12924348193271817
1023 3456 -0.5284304079402617
1023 3471 -0.02647059060799517
1023 3486 0.2640803722431684
1023 3501 -0.8915724874646946
1023 3365 0.1321783089073587
1023 3380 -0.0061574477815702355
1023 3395 -0.028939080806491324
1023 3410 0.569298177162008
1024 1025 0.35514778136833436
1024 1039 -0.640975149161007
1024 3606 0.7292256991496167
1024 3621 -0.2192447382014895
1024 3636 0.4215867870946215
1024 3651 -0.7792441316190373
1024 3666 -0.5594201511916039
1024 3681 0.5004661178321019
1024 3516 -0.35053459576871937
1024 3531 0.006046081729914166
1024 3545 0.9083947693613525
1024 3560 -0.252498325270311
1024 3575 -0.7291098509403913
1024 3590 0.48724493696440296
1025 1040 0.30637616572500814
1025 3786 0.29444053403834514
1025 3801 -0.5956698042363211
1025 3816 0.9893377679967219
1025 3831 -0.43830596454563264
1025 3846 -0.5961581335975423
1025 3861 -0.3783756071143629
1025 3696 -0.6728728707878346
1025 3711 -0.012752001145686975
1025 3725 0.13501272640762219
1025 3740 0.8718135497517168
1025 3755 -0.6735632520215276
1025 3770 0.9348209397718903
1038 1039 -0.3242039863129371
1038 3426 -0.046794622547594145
1038 3441 -0.18634009452966627
1038 3456 0.8481970511892702
1038 3471 0.08690242362465761
1038 3486 0.6827262197571198
1038 3501 0.34699537511753653
1038 3365 -0.18828342225960193
1038 3380 -0.31467454331366396
1038 3395 -0.044915493307154275
1038 3410 0.010777906464790155
1039 1040 0.28506392798561264
1039 3606 -0.9421593027790494
1039 3621 0.9810792967825397
1039 3636 0.7094816141782294
1039 3651 -0.5829388169079912
1039 3666 -0.47771517718557877
1039 3681 -0.5189865008257402
1039 3516 0.8812159963380151
1039 3531 -0.6733632637706366
1039 3545 0.3055253466790693
1039 3560 -0.4817310785410014
1039 3575 -0.16722050516969045
1039 3590 0.7640826729293924
1040 3786 -0.4732440956023207
1040 3801 0.6768992968608427
1040 3816 -0.16536853220816505
1040 3831 -0.5334503027030668
1040 3846 -0.7017601409978409
1040 3861 -0.6152790844763805
1040 3696 0.3647672772419288
1040 3711 0.5074479258610496
1040 3725 0.0675318750256293
1040 3740 0.07574630988901299
1040 3755 -0.7828964960546783
1040 3770 0.8009772432695721
1053 1054 0.9233829726072424
1053 1068 -0.2681210238271512
1053 3426 0.668157454957836
1053 3441 -0.06624161241387516
1053 3456 0.6330903130871026
1053 3471 0.49853636739138385
1053 3486 0.36742026112718773
1053 3501 -0.31402693756921085
1053 3366 -0.4457006459360522
1053 3381 -0.23378382446253387
1053 3396 0.23657056880490246
1053 3411 0.09575588405811541
1054 1055 0.12933922457553737
1054 1069 -0.6564809318187872
1054 3606 -0.7118406882300026
1054 3621 -0.43089154175844113
1054 3636 0.9947212997537755
1054 3651 0.20070692605457574
1054 3666 -0.7335648783412416
1054 3681 0.9878644413804569
1054 3516 0.5667410714400569
1054 3531 0.8281111245885584
1054 3546 -0.31462744781646856
1054 3561 -0.09251167362867929
1054 3576 0.8440249326451186
1054 3591 0.2745362588187752
1055 1070 -0.4801665941745348
1055 3786 0.47807742091803185
1055 3801 0.54328349282319
1055 3816 -0.6087894512564938
1055 3831 -0.09851992716719993
1055 3846 -0.34877164583762443
1055 3861 -0.9592362098466234
1055 3696 -0.19915719441744328
1055 3711 0.828479036556445
1055 3726 0.3786616084557515
1055 3741 -0.9807948379135858
1055 3756 -0.49827548620595663
1055 3771 -0.5098658683509689
1068 1069 0.5886248262499865
1068 3426 0.46581172505012325
1068 3441 -0.09132284023838699
1068 3456 -0.6075977088436963
1068 3471 0.48073375998713663
1068 3486 0.20544315165836635
1068 3501 -0.5502174029861187
1068 3366 0.8591348593445274
1068 3381 -0.2238616499339079
1068 3396 0.13057118149859637
1068 3411 0.09885285318980719
1069 1070 0.20352896638202767
1069 3606 0.3112785914630225
1069 3621 -0.848455984238115
1069 3636 0.3733524987935657
1069 3651 0.5396113250929186
1069 3666 0.6082392487027426
1069 3681 -0.19013559857759543
1069 3516 -0.8298287341643849
1069 3531 -0.12386911638233267
1069 3546 0.7966056728023534
1069 3561 -0.6598830420970558
1069 3576 -0.6625131304236345
1069 3591 -0.41291171343106714
1070 3786 -0.7479010485366833
1070 3801 -0.030486935811369742
1070 3816 0.02363953217316328
1070 3831 0.031786197710860664
1070 3846 -0.2529943608087959
1070 3861 0.8723198106981875
1070 3696 -0.20311861032465295
1070 3711 -0.9931591758675569
1070 3726 -0.5843113526530788
1070 3741 0.894819804829351
1070 3756 -0.42619481493983447
1070 3771 0.9669263978641429
1083 1084 -0.26490500535776396
1083 1098 0.7420486811081519
1083 3426 0.5895285374380193
1083 3441 0.6397906522472179
1083 3366 -0.35986747827983856
1083 3381 -0.5040367889675759
1083 3396 0.8073225388610434
1083 3411 -0.7220952383208072
1084 1085 0.5554643603354112
1084 1099 -0.9622221541738414
1084 3606 -0.9269568518655984
1084 3621 -0.17392267546608142
1084 3456 0.44550492016925447
1084 3471 0.6886900090609309
1084 3486 -0.4241621929745567
1084 3501 -0.11831425103215709
1084 3516 -0.5383976964665333
1084 3531 -0.7086786266792731
1084 3546 0.2712533081000066
1084 3561 -0.07577488631589935
1084 3576 -0.278721778828098
1084 3591 -0.8076008993928532
1085 1100 0.5122487128019468
1085 3786 0.5125055200440196
1085 3801 0.7056293766419814
1085 3636 -0.32943030756168823
1085 3651 -0.30556060165216614
1085 3666 -0.6061357811345507
1085 3681 0.9274459495150116
1085 3696 -0.26610516916569926
1085 3711 -0.15857272863853722
1085 3726 0.39053816713245215
1085 3741 0.40954486134450696
1085 3756 -0.4883541946379357
1085 3771 -0.5757472567711344
1098 1099 0.7904040585137546
1098 3426 -0.026524070995233906
1098 3441 0.019652859785987298
1098 3366 0.900493560546137
1098 3381 0.6392103092050934
1098 3396 0.8880567706163791
1098 3411 0.6242787525347009
1099 1100 -0.9816981662349453
1099 3606 -0.21091125247443054
1099 3621 0.5798161967878745
1099 3456 0.4847128193562005
1099 3471 0.09025605058555186
1099 3486 -0.575696024078513
1099 3501 0.6631008683571142
1099 3516 0.6137192078308156
1099 3531 0.08856066616670266
1099 3546 0.15984479691524323
1099 3561 -0.10626581316037864
1099 3576 0.07472819953772358
1099 3591 -0.8252932487407425
1100 3786 0.599452441234404
1100 3801 -0.23513805372058094
1100 3636 -0.7726740833815924
1100 3651 -0.5770472680019567
1100 3666 -0.8813809511668471
1100 3681 0.8673759596295048
1100 3696 -0.9920653445119947
1100 3711 0.8209430666173838
1100 3726 -0.3608568649374766
1100 3741 -0.023602279645318136
1100 3756 0.5199535064869256
1100 3771 -0.49576794493460774
1113 1114 0.5119512397580517
1113 1128 -0.4615697138712376
1113 3426 -0.51213959645078
1113 3441 0.6231592526873981
1113 3366 0.16450232220415661
1113 3381 -0.6132573072308496
1113 3396 -0.24581612920110052
1113 3411 0.18108022835588233
1114 1115 -0.42597237040902325
1114 1129 -0.2041660491926105
1114 3606 -0.4461303985121161
1114 3621 -0.7845960821983435
1114 3456 0.23175726572865574
1114 3471 -0.9462453115051885
1114 3546 0.6728913823966907
1114 3561 -0.3833910743940796
1114 3576 -0.3135198911929058
1114 3591 0.617072461291708
1115 1130 0.4920143678831006
1115 3786 -0.6840557346147116
1115 3801 -0.9200910066055303
1115 3636 0.3924582556911378
1115 3651 -0.286454437056735
1115 3726 0.9794616184434848
1115 3741 -0.5903597254234438
1115 3756 -0.059022891349354234
1115 3771 0.7954334386634156
1128 1129 -0.5219308478074733
1128 3426 0.43434481297623884
1128 3441 0.319276913571823
1128 3366 -0.6744743053897762
1128 3381 0.1366301642052612
1128 3396 0.31722647211252863
1128 3411 0.1587647427527128
1129 1130 0.30691856496365055
1129 3606 0.6883450408106946
1129 3621 0.19484006981759805
1129 3456 -0.5449225678472778
1129 3471 0.9074143615624719
1129 3546 -0.6886148009025261
1129 3561 0.7211647755957591
1129 3576 0.7934789058165781
1129 3591 0.9541880947469783
1130 3786 0.05172315701558272
1130 3801 0.536427487310702
1130 3636 -0.3036164557974321
1130 3651 0.908522200698697
1130 3726 0.08876897415502683
1130 3741 -0.45894369682723446
1130 3756 -0.2742880974530839
1130 3771 0.05078125536670908
3364 3365 -0.8727364703185585
3364 3379 0.4882468248858318
3365 3366 -0.7381664612628009
3365 3380 0.3908819340091134
3366 3381 -0.8043992671230626
3379 3380 0.9398020662286433
3380 3381 0.9877682067055147
3394 3395 -0.6777435487371115
3394 3409 0.7803437302194711
3395 3396 0.2327572936262985
3395 3410 0.35089073104566304
3396 3411 -0.7256921617705583
3409 3410 0.1961082192825805
3410 3411 0.6728411888150807
3424 3425 -0.7909543531335039
3424 3439 0.39369661781738974
3425 3426 0.9792063942503262
3425 3440 0.21441639456568695
3426 3441 -0.8370776113842155
3439 3440 0.20961955390401243
3440 3441 -0.22625313773548839
3454 3455 -0.4236473945507089
3454 3469 0.17186219065342745
3455 3456 -0.7027235761451636
3455 3470 -0.9031057662502384
3456 3471 0.2306161979440433
3469 3470 -0.7644282409522505
3470 3471 -0.5694408519885059
3484 3485 -0.7197776163141532
3484 3499 0.768837470411851
3485 3486 -0.659146271245487
3485 3500 -0.4874607918408911
3486 3501 0.8612287786772956
3499 3500 0.8695965075948744
3500 3501 0.393058515452845
3514 3515 -0.08563716015006495
3514 3529 0.49910021811155425
3515 3516 0.9523353767075071
3515 3530 0.5578290657321636
3516 3531 0.44110712810700203
3529 3530 0.6651665466104393
3530 3531 0.2876964772806918
3544 3545 0.57803296348647
3544 3559 0.02539503605254878
3545 3546 -0.511232927913363
3545 3560 0.44858843781395086
3546 3561 -0.9566283431221365
3559 3560 0.8821224199205755
3560 3561 -0.8805371445198009
3574 3575 -0.4157629632479565
3574 3589 0.25030267242990445
3575 3576 0.23232641191069647
3575 3590 -0.8110682752785747
3576 3591 -0.4923957487153079
3589 3590 -0.4158692147136629
3590 3591 -0.1624269097878186
3604 3605 -0.17132120098732861
3604 3619 -0.9732418011416204
3605 3606 0.16534891418981457
3605 3620 0.15677272001606446
3606 3621 0.31286726460825753
3619 3620 0.4631759966855562
3620 3621 -0.7939142150044356
3634 3635 0.5233049497773337
3634 3649 0.1457118209947763
3635 3636 -0.654796374546819
3635 3650 -0.5435669287835994
3636 3651 0.4369191876067282
3649 3650 0.5936621935572162
3650 3651 -0.7869273172573099
3664 3665 0.3071605541934941
3664 3679 -0.006038506463630355
3665 3666 0.9292459919795009
3665 3680 -0.4592234757827316
3666 3681 0.29068870171951766
3679 3680 0.6786379682238426
3680 3681 0.4714137935379892
3694 3695 -0.42052939245353116
3694 3709 -0.8713443383172925
3695 3696 -0.9508683501547917
3695 3710 -0.8798576723389879
3696 3711 0.4199164095243255
3709 3710 -0.12037635387675194
3710 3711 -0.9248737638829236
3724 3725 0.15904481401853432
3724 3739 0.04428697890795763
3725 3726 -0.30342913088379997
3725 3740 -0.8101311628095029
3726 3741 0.6300674990378468
3739 3740 0.58447179179221
3740 3741 -0.2764407059726621
3754 3755 -0.19044918039039316
3754 3769 0.09239402076326897
3755 3756 -0.2436782365985446
3755 3770 0.8680943672040968
3756 3771 0.7176522639205116
3769 3770 -0.8187176946130768
3770 3771 0.7502884024113654
3784 3785 0.9523115244673472
3784 3799 0.3763875169696873
3785 3786 0.13890395536978906
3785 3800 0.5294288290739166
3786 3801 -0.5464282634712654
3799 3800 -0.015705012469377833
3800 3801 0.12589523167339456
3814 3815 -0.6121601786198105
3814 3829 0.4050625928465348
3815 3816 0.6347649679460325
3815 3830 0.382787183840146
3816 3831 -0.41820634911711796
3829 3830 0.44276256695760363
3830 3831 0.8073959216035151
3844 3845 -0.7060404029550946
3844 3859 -0.4756972666402628
3845 3846 0.716727174272628
3845 3860 -0.49693827716183425
3846 3861 -0.8718174950116233
3859 3860 -0.24316618260957057
3860 3861 -0.5617296407038059
3874 3875 0.7939084204666662
3874 3889 -0.9336989545992662
3875 3876 -0.4957577843689709
3875 3890 -0.680212125472123
3876 3891 -0.6734839973034921
3889 3890 0.26987673487355
3890 3891 -0.6397232012101775
