# 
603 603 -2.6998327937386986
604 604 -2.8818465093666044
605 605 1.6365393305130178
618 618 3.3221664499664936
619 619 -1.7706973327500073
620 620 -1.5458348592698599
633 633 3.0507065319858286
634 634 -0.8754927001844912
635 635 0.882027361599814
648 648 -2.3050757598572567
649 649 -1.2195356871315584
650 650 -1.529095516142415
663 663 -1.3540186488133177
664 664 1.0423979922473388
665 665 0.06515019019625523
678 678 2.2970203689386377
679 679 2.2423077814242065
680 680 -2.2498863079554443
693 693 -2.3149667889688477
694 694 -3.2883352090516444
695 695 -2.3757231043886904
708 708 -1.2124519161880523
709 709 -3.4814129083089354
710 710 2.8618761744954124
723 723 1.6581139710860597
724 724 -0.28998675620669445
725 725 -2.346503303025316
738 738 3.2790807903991404
739 739 -2.3946436276547125
740 740 3.4557118724402818
753 753 -1.5779855681021697
754 754 -2.674254489261294
755 755 -2.715658907795368
768 768 3.8501281708890067
769 769 -3.176043198537215
770 770 -3.565029269717029
783 783 2.7025996069700087
784 784 -2.9401442584599087
785 785 3.487111842588332
798 798 3.595752978311009
799 799 -0.26659638307802513
800 800 -1.464728384519157
813 813 1.5293410308873359
814 814 2.3039475069364457
815 815 -0.02199440524909857
828 828 3.901311458495009
829 829 0.14415376339977115
830 830 1.5642029258113883
843 843 -2.49840995471673
844 844 -0.12727879921277374
845 845 0.44656668351182294
858 858 1.2019507188229595
859 859 3.2710057379983715
860 860 -1.6753728139181758
873 873 -3.0212551113448747
874 874 -2.541282843495975
875 875 0.4596799354769754
888 888 2.939625324347422
889 889 3.8928188640687997
890 890 2.8228400251887082
903 903 -0.9478022361980836
904 904 -2.473511155791323
905 905 0.46369417614012054
918 918 3.3620823802126827
919 919 -3.124927402051661
920 920 2.7313281295687446
933 933 3.8753422725591458
934 934 0.07797990683103162
935 935 -3.8619983761076178
948 948 0.9399413803928613
949 949 -2.2538747561669092
950 950 1.8090066377025158
963 963 0.30486733966385415
964 964 1.3473414784491338
965 965 0.915040327082874
978 978 3.1503483069955998
979 979 0.23164629040180795
980 980 0.015098045833214613
993 993 3.231194185095224
994 994 -3.456774485177987
995 995 -0.2132164911533705
1008 1008 2.2526185979059976
1009 1009 3.3694971736402985
1010 1010 2.562666048987719
1023 1023 3.799591869818695
1024 1024 2.718264798093384
1025 1025 -1.239263141121553
1038 1038 -1.6065085319552725
1039 1039 1.4778280640354886
1040 1040 -2.7962466273273607
1053 1053 -2.491274841917379
1054 1054 2.1272584313111134
1055 1055 0.16092657868264926
1068 1068 1.7684872669663267
1069 1069 1.866487520531515
1070 1070 -0.6918837526042037
1083 1083 1.788462316490767
1084 1084 -2.8910812247707236
1085 1085 2.4614104993854564
1098 1098 -1.8655445108567417
1099 1099 -0.5983209920566877
1100 1100 1.6137435566602827
1113 1113 -1.8875687585891505
1114 1114 -3.7634226268879836
1115 1115 2.4323059799949327
1128 1128 -1.6244197783294991
1129 1129 -0.13788362240452035
1130 1130 -3.857029897180925
3364 3364 2.0434780719275745
3365 3365 2.6575677870855943
3366 3366 -2.967756282829072
3379 3379 1.1195624855815893
3380 3380 1.636109108754722
3381 3381 2.6510218060334276
3394 3394 -1.2552689612463652
3395 3395 2.358534806544645
3396 3396 -3.703129460420289
3409 3409 -0.7095455074934183
3410 3410 3.2251539589920384
3411 3411 3.4021114083481256
3424 3424 -0.025840925020890637
3425 3425 -2.6437672775906176
3426 3426 3.049939371945041
3439 3439 1.7307248217458922
3440 3440 3.820776937694209
3441 3441 -1.9968628330094598
3454 3454 2.8409880621375248
3455 3455 3.289448078532157
3456 3456 1.3299991530267237
3469 3469 -3.9810850524528876
3470 3470 -3.7391149539513258
3471 3471 1.161367715425368
3484 3484 0.27173673839776935
3485 3485 2.997531142992978
3486 3486 -3.8471491670282933
3499 3499 3.8196423556948824
3500 3500 -0.40892359538632483
3501 3501 -2.6582594052965813
3514 3514 2.2933429150070515
3515 3515 -1.8181689334624185
3516 3516 -0.41111765015838486
3529 3529 -1.5478139135471496
3530 3530 -1.195776133733311
3531 3531 -3.3695273340223464
3544 3544 -0.276075631220178
3545 3545 -2.9804060663003007
3546 3546 -1.8037124695056086
3559 3559 3.15764146746329
3560 3560 0.36471467508957556
3561 3561 0.7160617878282363
3574 3574 0.6183939475669771
3575 3575 3.169759694706184
3576 3576 -1.5067126470851688
3589 3589 -3.635977837729893
3590 3590 -3.466840553368651
3591 3591 -3.0053503370349146
3604 3604 -3.953366874960067
3605 3605 3.7169834245622617
3606 3606 0.20324536095958123
3619 3619 2.929603826458055
3620 3620 3.663573315757457
3621 3621 -2.7236948711402995
3634 3634 1.1875180068255489
3635 3635 1.129007248051276
3636 3636 3.4006783435289867
3649 3649 -0.2560807205478053
3650 3650 1.7979184842544402
3651 3651 2.6385424514829925
3664 3664 3.7941274965826715
3665 3665 -2.6158439042093544
3666 3666 -0.8420857659702445
3679 3679 -1.9879023222573844
3680 3680 -1.1347471106218174
3681 3681 -1.2397130815220088
3694 3694 0.5770655470296138
3695 3695 -0.3048741953055769
3696 3696 2.3690492502878913
3709 3709 -0.9884482085547726
3710 3710 1.1218835491406471
3711 3711 1.191946937849063
3724 3724 0.8197189368363631
3725 3725 -1.9115075595375046
3726 3726 -1.4551101722291149
3739 3739 3.365021289257646
3740 3740 1.8507422353439855
3741 3741 -2.27883129582799
3754 3754 0.4009443826411365
3755 3755 1.3683316519523183
3756 3756 0.10075813054674665
3769 3769 -3.662339077251721
3770 3770 -1.076956699884847
3771 3771 2.480801312005153
3784 3784 -1.1536391837088535
3785 3785 -3.912326724354368
3786 3786 1.7228936773521015
3799 3799 -2.9199741562201114
3800 3800 3.7320046327227834
3801 3801 -3.688146125538558
3814 3814 0.9481340831563765
3815 3815 3.072520531832435
3816 3816 -1.3576600118054447
3829 3829 0.9201825306446354
3830 3830 -3.545468258356525
3831 3831 -1.3766543953868924
3844 3844 2.453325471035922
3845 3845 1.4678620293726539
3846 3846 -1.678397195528106
3859 3859 3.2096905665601003
3860 3860 -0.7406219690085907
3861 3861 0.24251337862757438
3874 3874 1.3917075203427265
3875 3875 -0.19855541720669478
3876 3876 2.8617723679326543
3889 3889 0.18332821163891655
3890 3890 0.41847766706177847
3891 3891 -1.1773131931526146
603 604 -0.6844488803340834
603 618 -0.8287752821315759
603 3484 -0.6274179845503203
603 3499 0.2662476371440685
603 3514 0.03905182977191002
603 3529 0.37146112052658276
604 605 -0.5878728397008768
604 619 -0.8492822293962983
604 3664 0.052821444737800816
604 3679 0.4336275091126256
604 3694 0.8550047903680744
604 3709 -0.5006278720423067
605 620 0.19064231627694106
605 3844 -0.12286718053692325
605 3859 -0.6631118633842059
605 3874 0.3405297170555659
605 3889 -0.7577477515392967
618 619 0.7077570426366733
618 3484 0.530315022671048
618 3499 -0.7663174304824889
618 3514 -0.8777084278607941
618 3529 0.17392752583296422
619 620 0.8694392086405602
619 3664 -0.5582297342814591
619 3679 -0.4998701917493793
619 3694 0.4713394610748183
619 3709 0.16643793012089292
620 3844 0.3445547121415964
620 3859 0.6979339383080687
620 3874 -0.24661853033440861
620 3889 0.6201146070110528
633 634 -0.5974646419470544
633 648 0.6999349432695492
633 3424 0.0978674078660835
633 3439 -0.6620222894074355
633 3454 0.1495250177877825
633 3469 0.9159287207419045
633 3484 0.2987426055351021
633 3499 0.8146709154112148
633 3514 -0.48854303309445735
633 3529 -0.6244548150856977
634 635 0.029369277520111092
634 649 -0.36792000497726485
634 3604 -0.6764201293359475
634 3619 -0.15095763898526005
634 3634 -0.28462884331874605
634 3649 0.12238948231814195
634 3664 0.21186161090564748
634 3679 0.7336750939525789
634 3694 -0.3224857505553409
634 3709 0.45857994039953054
635 650 0.08298216094184707
635 3784 -0.3383973777799445
635 3799 -0.10041824973333191
635 3814 -0.5901872695236854
635 3829 0.05078272073980172
635 3844 0.0144631993604587
635 3859 -0.22159992251940785
635 3874 -0.003868044485924038
635 3889 0.6916232632514012
648 649 -0.538749924325244
648 3424 -0.5109683423783411
648 3439 -0.6503595629609968
648 3454 0.8012267280557828
648 3469 0.939954231975412
648 3484 0.35637479517114845
648 3499 0.8998032357465411
648 3514 -0.06326836622529353
648 3529 -0.6840523345004423
649 650 0.3655986322441278
649 3604 0.4280570228106464
649 3619 -0.40828422406544984
649 3634 0.04510584836900233
649 3649 0.16802310308913015
649 3664 0.516153458871496
649 3679 -0.9632304536310572
649 3694 0.6363337736298333
649 3709 0.4508930815566419
650 3784 0.31322268577965096
650 3799 -0.7406377477887707
650 3814 0.5351905245015358
650 3829 -0.2898177603766534
650 3844 0.33702096029455975
650 3859 0.5397168526046088
650 3874 0.7307611963232084
650 3889 0.9763914870753652
663 664 0.2088275966677442
663 678 -0.49014123948109956
663 3424 -0.9862596386435443
663 3439 0.5651714486120019
663 3454 -0.581537353841906
663 3469 -0.9496173342908534
663 3484 0.17292616056171206
663 3499 0.14982207087421795
664 665 0.7394139204523404
664 679 0.42954749388616054
664 3604 0.28412844644691804
664 3619 -0.6832334114980492
664 3634 0.6262791622781194
664 3649 0.29700537361163937
664 3664 -0.3491762723970995
664 3679 0.6822933030263245
664 3514 0.7526023413727181
664 3529 0.8142892707720888
665 680 0.146503335972074
665 3784 0.22142615845740155
665 3799 -0.18117506213535384
665 3814 -0.8284456905316449
665 3829 -0.09395300219468239
665 3844 0.29522615577512057
665 3859 -0.5259677611100821
665 3694 0.3799752790110067
665 3709 -0.4539751342972418
678 679 0.404781867547239
678 3424 0.5228015101497474
678 3439 0.11828698820752126
678 3454 0.3515994255658861
678 3469 0.9047862336798613
678 3484 -0.027917525065739968
678 3499 0.23519537127778478
679 680 0.9187930252973793
679 3604 0.9922389603073603
679 3619 0.5021635236009554
679 3634 0.5666643559018438
679 3649 -0.47070227531793796
679 3664 0.207846599678422
679 3679 -0.38754825573989415
679 3514 0.12773909805975658
679 3529 -0.3519719067328513
680 3784 -0.022034637758900022
680 3799 -0.20254336150466035
680 3814 -0.49284218028342996
680 3829 -0.33956112692191365
680 3844 -0.18472784133833375
680 3859 0.4246373155092147
680 3694 0.05296948947319602
680 3709 -0.92043547858242
693 694 -0.17389000609731187
693 708 -0.172802254714838
693 3424 -0.7900439591028956
693 3439 -0.3778764263123833
693 3454 0.03340071072007578
693 3469 0.1632781730594728
693 3484 -0.3026287265960934
693 3499 -0.39279672201945304
693 3364 -0.5466002194607351
693 3379 -0.5113942882862421
693 3394 0.5621832329783862
693 3409 0.46346103790605575
694 695 0.09411309716092453
694 709 -0.7168074901779424
694 3604 0.5955666072766352
694 3619 0.7733106408660255
694 3634 -0.4537637013813889
694 3649 -0.1199838895914569
694 3664 -0.8909450634940039
694 3679 0.3686474325672944
694 3514 -0.23631828765303498
694 3529 0.7622245697702501
694 3544 0.26867488141636575
694 3559 0.2628194738130989
694 3574 0.31485102135177856
694 3589 -0.1834167735260499
695 710 0.9806572681082935
695 3784 -0.9089252054508714
695 3799 -0.29471109193955436
695 3814 0.36935759699947446
695 3829 -0.3017882563836627
695 3844 -0.6582087604474405
695 3859 -0.38828413708738974
695 3694 0.8535713330255106
695 3709 -0.4114368232896304
695 3724 -0.7499748675543774
695 3739 0.37422407785641765
695 3754 0.9976228718654605
695 3769 -0.9633639763859336
708 709 0.06326254830315747
708 3424 0.6550280795388896
708 3439 -0.19446400918781137
708 3454 -0.28590833939883864
708 3469 0.7122042347034574
708 3484 -0.9709081540011195
708 3499 -0.14989697333215313
708 3364 -0.3198099701734294
708 3379 0.8796196195188022
708 3394 -0.754289545362943
708 3409 -0.7687727628307268
709 710 0.6142854736581136
709 3604 0.008215979005114837
709 3619 0.22042888259013438
709 3634 0.6564412804386226
709 3649 0.005593316229061784
709 3664 -0.41736108819172024
709 3679 0.46386783341828086
709 3514 0.9289809868141741
709 3529 0.6688462920814353
709 3544 0.026498059373510907
709 3559 0.8014500554716788
709 3574 -0.5099923827567174
709 3589 -0.16476646183097454
710 3784 -0.9319670004636011
710 3799 -0.6457681782695857
710 3814 0.3920986763002712
710 3829 0.10568301335994512
710 3844 -0.0576648368933923
710 3859 0.8717562362769375
710 3694 -0.46326942648656066
710 3709 0.5512996094742737
710 3724 0.4602224997757969
710 3739 0.26329342727730776
710 3754 -0.6694813995526843
710 3769 0.5570606072892959
723 724 0.24021787784381798
723 738 0.31688112767361143
723 3424 0.109676797320017
723 3439 -0.2046382063830734
723 3364 -0.40692360639163727
723 3379 0.11365899369186883
723 3394 0.45728453691499027
723 3409 0.014484946949157473
724 725 0.6402349411417818
724 739 0.028108671157147214
724 3604 -0.60837030741776
724 3619 0.1412085127899616
724 3454 0.9054414932388493
724 3469 -0.26242527120672743
724 3484 -0.08665985753200389
724 3499 -0.816727615786613
724 3514 0.05267452237375059
724 3529 -0.2127265308808075
724 3544 -0.7583196620148163
724 3559 0.6516214624255856
724 3574 0.4858432575294236
724 3589 -0.3828173304281328
725 740 0.6784298778958604
725 3784 -0.2226575239790196
725 3799 -0.5639243935823974
725 3634 0.5881494023073672
725 3649 0.0037150909194056947
725 3664 0.15848436206403038
725 3679 0.7831669416902602
725 3694 0.10943232149306303
725 3709 -0.21166155156173438
725 3724 -0.44049486757967204
725 3739 0.9158243342707213
725 3754 -0.5267031119156007
725 3769 0.865891982323552
738 739 0.9584482161635464
738 3424 -0.08979623463599684
738 3439 0.38697983925381396
738 3364 0.5103393711643407
738 3379 0.018510359157867473
738 3394 -0.5022455609851808
738 3409 -0.7444868146042032
739 740 0.5362016782978414
739 3604 -0.9709058663597889
739 3619 -0.319998515439087
739 3454 -0.9824681624744935
739 3469 -0.6151210240303104
739 3484 0.5634159747738563
739 3499 0.6632987599976958
739 3514 -0.8260357018009103
739 3529 0.8887241584061008
739 3544 0.036303384179602105
739 3559 -0.9379530494289481
739 3574 -0.7195089340750238
739 3589 0.5162497013778444
740 3784 -0.1268035077575338
740 3799 0.7006753757228679
740 3634 -0.3930312788124244
740 3649 0.5529457864756648
740 3664 0.17426411668076636
740 3679 0.10281279108403352
740 3694 0.24134777731690216
740 3709 0.6418587789214758
740 3724 -0.8102834604341052
740 3739 -0.6128945682873945
740 3754 0.31383754253356644
740 3769 -0.4338733193282185
753 754 0.7243793441478537
753 768 -0.9500850862127539
753 3424 0.8008706702266142
753 3439 -0.4210490088237189
753 3364 0.9653844470060942
753 3379 -0.43391186900924583
753 3394 -0.34012329796710516
753 3409 0.1182859940318095
754 755 0.022833629218596663
754 769 -0.8155393237599355
754 3604 -0.22211656403536217
754 3619 0.6343167431849697
754 3454 -0.48212468031243905
754 3469 0.059334640034066854
754 3485 -0.658029697556558
754 3500 -0.2546885879023142
754 3515 -0.316037280405159
754 3530 -0.6185580345682615
754 3544 -0.3326018196075158
754 3559 0.5199381506922351
754 3574 -0.8637270884029886
754 3589 -0.30402219221530546
755 770 0.1296206619383593
755 3784 -0.28594556464310217
755 3799 -0.7127057870044973
755 3634 -0.5404150873138203
755 3649 0.22991994620002787
755 3665 -0.069938755255881
755 3680 0.4268005952384315
755 3695 -0.754667056515083
755 3710 -0.5878873393769164
755 3724 -0.7367449459930173
755 3739 -0.3022365393054889
755 3754 -0.7214071008546776
755 3769 -0.3557633723530744
768 769 0.9870149821339653
768 3424 0.8123844325802294
768 3439 -0.12130860729613602
768 3364 -0.5912358072361905
768 3379 -0.30966375704198246
768 3394 -0.6232781947706225
768 3409 0.9418005285644839
769 770 0.4334416800309624
769 3604 -0.5365731812217445
769 3619 -0.1128025591255506
769 3454 -0.07581859098362487
769 3469 0.959986944060172
769 3485 -0.8052113047837892
769 3500 -0.9702480242323377
769 3515 -0.6889158547248408
769 3530 -0.9585075770371829
769 3544 0.704425076820449
769 3559 -0.35013996739437725
769 3574 0.9665766684882253
769 3589 0.7072940909610486
770 3784 -0.3741005240959059
770 3799 -0.6855726049333832
770 3634 0.21578698229250737
770 3649 -0.9886493737754343
770 3665 -0.2359218291512415
770 3680 -0.27474823995427045
770 3695 0.218605687049787
770 3710 -0.6011455740131335
770 3724 -0.7894255074067316
770 3739 -0.9388660206372728
770 3754 0.7876086501695798
770 3769 -0.7552069612718046
783 784 -0.8444797389301057
783 798 -0.8836767570508246
783 3424 -0.8316414202800402
783 3439 -0.286380092081876
783 3454 0.8327818640368887
783 3469 0.49318677494902796
783 3485 0.33180442843164837
783 3500 -0.9663594490649741
783 3515 0.9738730340723214
783 3530 -0.02136119932366798
783 3544 -0.1015895864144647
783 3559 -0.29926289296708153
783 3394 -0.8738086973853132
783 3409 0.7822067770750363
784 785 0.7531554165521057
784 799 -0.19641324411221062
784 3604 -0.8786466789556668
784 3619 0.6186358237508698
784 3634 -0.1507863847234976
784 3649 -0.1564507176106058
784 3665 0.5928956333935715
784 3680 0.10435758242888293
784 3695 0.14357822665489395
784 3710 0.7663279836555936
784 3724 0.5465057151685517
784 3739 0.4293572659724949
784 3574 0.3842543845104156
784 3589 0.07699129093700452
785 800 0.688807222644519
785 3784 -0.6756210264175109
785 3799 -0.008602987469008783
785 3814 -0.6443233333704765
785 3829 -0.670406084665248
785 3845 -0.6580103385268934
785 3860 -0.5408308041162302
785 3875 -0.6867430583057765
785 3890 -0.880104426401777
785 3754 0.1787359363951715
785 3769 0.2524420463661998
798 799 -0.4132691776021604
798 3424 0.2711821410579034
798 3439 -0.004761487507490614
798 3454 0.18497291740864164
798 3469 0.4730827428193489
798 3485 0.5887946529406243
798 3500 0.7750590577439467
798 3515 0.4126608538500882
798 3530 -0.6779324677217973
798 3544 0.6921564754705944
798 3559 -0.3924507326330777
798 3394 0.7103862815256825
798 3409 0.9553101901696734
799 800 -0.465251650875091
799 3604 -0.5162010099289349
799 3619 -0.26917144151730854
799 3634 -0.5020916341335548
799 3649 -0.1298230406038181
799 3665 0.5675590429691955
799 3680 -0.4555699863132121
799 3695 0.790976021413849
799 3710 0.6387619701128289
799 3724 -0.4708590933770167
799 3739 0.055763552589349175
799 3574 -0.8085332371139775
799 3589 -0.40995056803997665
800 3784 -0.2833783137554853
800 3799 -0.06406077828511836
800 3814 0.5591559267978232
800 3829 0.03378130135205426
800 3845 -0.7685907611316984
800 3860 0.6258434944430951
800 3875 -0.8308705121079902
800 3890 0.5214745492326847
800 3754 0.47866026529761885
800 3769 0.5225885757747561
813 814 0.3812570873615626
813 828 -0.799090804859494
813 3425 0.6168455483625288
813 3440 0.10521299466533107
813 3455 0.10322327442015222
813 3470 0.9200946261139453
813 3485 -0.08402723843546922
813 3500 0.6672443121049827
813 3515 -0.6068328269227414
813 3530 0.08812019464460663
813 3544 0.8836506987267043
813 3559 -0.22779090634891053
813 3394 -0.12650582901188057
813 3409 -0.21777472634760375
814 815 0.8428314266280383
814 829 -0.4649351443481171
814 3605 -0.8899576500877711
814 3620 0.5523150679741275
814 3635 -0.592086812246396
814 3650 0.42620685782992784
814 3665 0.8884844245399952
814 3680 0.22933906143449923
814 3695 0.10092756353905408
814 3710 -0.2623409134409733
814 3724 0.3876579076854181
814 3739 -0.8620070070055565
814 3574 -0.38714159076370613
814 3589 0.00132194664776919
815 830 0.7364591114761381
815 3785 0.5587639367136121
815 3800 -0.9195962548568184
815 3815 -0.720787662863869
815 3830 -0.9876175337185933
815 3845 0.7064197611923391
815 3860 -0.5092703819162423
815 3875 0.7507843038737185
815 3890 0.9248179220366932
815 3754 -0.10751553697172911
815 3769 -0.5684586106300784
828 829 -0.17377032257023206
828 3425 0.6939821860412245
828 3440 -0.5982224952947428
828 3455 0.38327267222053796
828 3470 0.5628661247916775
828 3485 0.7109308374421828
828 3500 0.08206005315625697
828 3515 -0.22096878763802352
828 3530 0.9895951411304833
828 3544 0.9748344001597238
828 3559 0.4866283379192575
828 3394 -0.5939495448755812
828 3409 0.3003875409536827
829 830 -0.3197008558942176
829 3605 0.23587144951817463
829 3620 -0.8388991965072448
829 3635 -0.6390644861179751
829 3650 0.11609258535824418
829 3665 -0.07876785672126196
829 3680 0.7699253172774274
829 3695 -0.050174040675148524
829 3710 -0.6746371295611526
829 3724 0.5080262105104325
829 3739 -0.7185948087770484
829 3574 0.7012841606101388
829 3589 -0.22190105389338233
830 3785 -0.39919893238391513
830 3800 0.5537439804720501
830 3815 0.6696048865900961
830 3830 0.6975493222647409
830 3845 0.8238656293898532
830 3860 0.49337944402757494
830 3875 -0.6654736408685356
830 3890 -0.8643300798748015
830 3754 0.15267762021877562
830 3769 -0.3360459876746409
843 844 -0.26973467133842055
843 858 -0.9141117925711859
843 3425 -0.5351488995965739
843 3440 -0.19739832963541448
843 3455 0.7105862853878857
843 3470 0.5765506753957219
843 3485 -0.8389139447470306
843 3500 0.5725124962544261
843 3364 0.9184370628085294
843 3379 -0.9261822700636384
843 3394 0.24289424024782003
843 3409 0.9899013209634877
844 845 -0.782236283495533
844 859 0.898944081084105
844 3605 -0.7662806781902467
844 3620 -0.9921531611175582
844 3635 0.09169455100570478
844 3650 -0.25742765847448745
844 3665 -0.2731012904710768
844 3680 -0.5593780795426733
844 3515 -0.3227946283840335
844 3530 -0.6290341332274187
844 3544 -0.3183297486139032
844 3559 -0.025131407512180903
844 3574 -0.8310974472423656
844 3589 0.6845227663951032
845 860 -0.5645913241027938
845 3785 -0.10982675275840581
845 3800 0.49420369095530003
845 3815 -0.8105338743180317
845 3830 -0.14083408151589838
845 3845 0.6059486472363265
845 3860 0.3554227539401913
845 3695 -0.171489580248537
845 3710 -0.9782303482086492
845 3724 -0.6385355408372504
845 3739 0.06700562298337132
845 3754 -0.44022395434460604
845 3769 -0.3246707874604411
858 859 -0.542304667082903
858 3425 0.8745948117859537
858 3440 -0.7858836139785499
858 3455 0.29581704252637353
858 3470 -0.5729027264490782
858 3485 -0.5542475096725716
858 3500 0.1058234638490474
858 3364 0.7356033422653647
858 3379 -0.4804302079883196
858 3394 0.7674316421847069
858 3409 -0.9301116518155093
859 860 -0.9893823013531813
859 3605 -0.3501974372782535
859 3620 0.6364609753392887
859 3635 0.5840870444671049
859 3650 -0.5944393024233217
859 3665 0.8502288339904434
859 3680 -0.39099426973983364
859 3515 -0.0446393452031717
859 3530 0.9534853698477372
859 3544 0.3834822573603449
859 3559 -0.9609417522492187
859 3574 0.536230360716822
859 3589 0.924387888007584
860 3785 0.5576305600293925
860 3800 0.781257293123665
860 3815 0.04717980056776061
860 3830 0.15229082184732512
860 3845 -0.3740560227884562
860 3860 0.3163795482454739
860 3695 -0.38465196070709595
860 3710 -0.2810162823119069
860 3724 -0.3086243024727817
860 3739 0.4647605500553118
860 3754 -0.45929734376800013
860 3769 0.04239859584296779
873 874 -0.6516999168519366
873 888 -0.6123787826929106
873 3425 -0.9050712494998552
873 3440 -0.3629559302750909
873 3455 0.38943069213913595
873 3470 -0.3421300149229529
873 3485 -0.6101405924332521
873 3500 -0.7912725280653703
873 3365 -0.9601179500844605
873 3380 -0.1742349562021368
873 3395 -0.9149991405902387
873 3410 0.6200734376865318
874 875 0.8894042217468165
874 889 -0.7693486147381845
874 3605 -0.2797620798733558
874 3620 -0.8603869865565541
874 3635 -0.5820490442492423
874 3650 -0.6301609782949287
874 3665 -0.4117545538179963
874 3680 -0.7912510265362322
874 3515 0.05922769936075123
874 3530 -0.6851273670176528
874 3545 -0.4191691326439999
874 3560 -0.814228462402893
874 3575 -0.7608237656746484
874 3590 0.7440365909671396
875 890 0.5058939206299198
875 3785 0.9468504598026648
875 3800 0.12248993170705091
875 3815 0.4452320503573546
875 3830 -0.22680378387238043
875 3845 0.7404349997515023
875 3860 -0.27750376263685483
875 3695 -0.497524095896962
875 3710 -0.20998189539173495
875 3725 -0.8167301244982912
875 3740 -0.09934382304539424
875 3755 -0.7374698657902374
875 3770 -0.7701900550718779
888 889 0.05710460015074181
888 3425 -0.10648087537996376
888 3440 0.17384330546363858
888 3455 -0.7566168724947886
888 3470 -0.15240103525179016
888 3485 -0.7353289384335275
888 3500 -0.7244540271386233
888 3365 -0.960979804926374
888 3380 0.22552945249696799
888 3395 -0.3142312456059866
888 3410 -0.23944236704214217
889 890 -0.2346786345762788
889 3605 -0.062264871073718364
889 3620 -0.6698966477265815
889 3635 -0.3764685974624349
889 3650 -0.6836404144455444
889 3665 -0.8374490343204335
889 3680 -0.06320516395234588
889 3515 0.6859307433162556
889 3530 -0.8861946489436106
889 3545 0.10093617469950078
889 3560 -0.34250468692445324
889 3575 -0.712099137752956
889 3590 -0.7753626529369695
890 3785 -0.9224971484858906
890 3800 -0.9787844635013323
890 3815 0.22113469326718938
890 3830 -0.28185993280973465
890 3845 -0.47471902684511713
890 3860 -0.26373627123751064
890 3695 0.7544327411230596
890 3710 0.3770969387568279
890 3725 0.44733739140038553
890 3740 -0.2624794901232168
890 3755 0.34217122551342016
890 3770 0.2040302303669601
903 904 -0.2521391557202497
903 918 0.46958297743700617
903 3425 -0.268462329125178
903 3440 0.20294165290431754
903 3365 -0.3174969752244987
903 3380 0.4350223638917614
903 3395 -0.626938179046159
903 3410 -0.4606735835788227
904 905 0.5050251623727466
904 919 0.7054279408183299
904 3605 -0.3547499852628049
904 3620 -0.4952130148625262
904 3455 0.2764808955905462
904 3470 -0.4255070843460411
904 3485 -0.30769993468347234
904 3500 -0.414594371912157
904 3515 -0.40977887161070625
904 3530 -0.7220725944184168
904 3545 -0.5464308203765926
904 3560 -0.4143262979712292
904 3575 -0.8302569328462894
904 3590 0.31230295491877635
905 920 0.8357778147743902
905 3785 0.37391992527438767
905 3800 0.3728588110131539
905 3635 0.44649423834068
905 3650 0.6497612255773828
905 3665 -0.4591186941836558
905 3680 0.9429779893054353
905 3695 -0.4084752156053548
905 3710 0.3743887496250975
905 3725 0.7728798085189816
905 3740 -0.9402307527830305
905 3755 0.33008050332837136
905 3770 0.5291759802749207
918 919 -0.781158365158986
918 3425 0.016351569008245637
918 3440 -0.12056089783982737
918 3365 -0.0952318011200306
918 3380 -0.6606919021507269
918 3395 0.7569191442901815
918 3410 0.3367252184106633
919 920 -0.8904507714793841
919 3605 -0.17983277772794692
919 3620 -0.9107425859793166
919 3455 0.39145738252956597
919 3470 -0.8256173388469523
919 3485 0.6612489227917087
919 3500 0.057873411324553814
919 3515 0.691739153335496
919 3530 -0.6288422716522717
919 3545 -0.64654381049713
919 3560 0.2573097924114831
919 3575 -0.32964572479748977
919 3590 -0.2661268909063854
920 3785 0.5037289783900145
920 3800 0.5857854808560574
920 3635 -0.11950460274842434
920 3650 -0.6660386238423217
920 3665 0.8099772900101323
920 3680 -0.8320177357577501
920 3695 0.826198326899704
920 3710 0.5445999317976389
920 3725 -0.8167422123573811
920 3740 -0.1922620152057375
920 3755 0.14372414489823626
920 3770 -0.41921212825360255
933 934 0.2674441112422883
933 948 0.29769458273739735
933 3425 -0.3428227493628091
933 3440 0.3076219532715112
933 3365 0.5299020527863549
933 3380 0.35803608947316223
933 3395 0.050288268295510585
933 3410 0.06576509559542365
934 935 -0.027072908123956463
934 949 0.9296925589987712
934 3605 0.7374865111440925
934 3620 -0.3485135627557381
934 3455 -0.318121134582644
934 3470 0.490865498824383
934 3486 -0.36870269744105144
934 3501 -0.6894675200546849
934 3516 -0.55475179231947
934 3531 0.39968046184968453
934 3545 0.4846082242919185
934 3560 0.4614462659230678
934 3575 0.9901527291129759
934 3590 0.8477283098653601
935 950 0.33618316094778544
935 3785 -0.05612174209682008
935 3800 -0.7277004792952739
935 3635 -0.5620047903569494
935 3650 -0.6015056401319592
935 3666 -0.8102655371132059
935 3681 0.664478167163354
935 3696 0.8783770543776739
935 3711 -0.44417222553879543
935 3725 -0.14772568653744345
935 3740 0.676089012557183
935 3755 0.4621294920348544
935 3770 -0.45660660245275597
948 949 -0.8515855135415813
948 3425 0.9707530801481112
948 3440 0.252525319228907
948 3365 -0.07827046385819747
948 3380 -0.8454310889006547
948 3395 0.6727119750340227
948 3410 -0.45090490098532787
949 950 0.5355586772235246
949 3605 0.43144000727365106
949 3620 -0.5125887357091887
949 3455 0.5978034629333446
949 3470 -0.22714031658837297
949 3486 0.10601490954781045
949 3501 -0.27419955689867725
949 3516 -0.42597236584333475
949 3531 -0.9592235934696296
949 3545 0.6632724300738218
949 3560 0.5125033717291612
949 3575 -0.46420377851399164
949 3590 -0.2369493392379023
950 3785 -0.9469400031467246
950 3800 -0.5270370415068462
950 3635 0.9628960681292522
950 3650 -0.45033734784741
950 3666 0.4276458857912162
950 3681 0.5291557304745755
950 3696 -0.9196948108369627
950 3711 0.3681098879172031
950 3725 0.6230707488318226
950 3740 0.046381896188069094
950 3755 0.4123417754469221
950 3770 0.2865271931796993
963 964 -0.7255311650873286
963 978 0.31999602944605177
963 3425 -0.6677325757150259
963 3440 -0.2485287224120576
963 3455 0.36844804401158693
963 3470 0.0821327615136005
963 3486 -0.4235838269176564
963 3501 -0.1289586072977662
963 3516 -0.34700069895711216
963 3531 -0.6147439140385977
963 3545 0.568221767723496
963 3560 0.5636194537922736
963 3395 -0.44616557628949716
963 3410 0.05874514279881904
964 965 0.7496889799515656
964 979 0.2564229820296662
964 3605 0.7826125084605953
964 3620 -0.06690981910550198
964 3635 -0.6188673665385245
964 3650 -0.5303439378051413
964 3666 0.005754116184786051
964 3681 -0.4773907169739997
964 3696 0.7281222541340655
964 3711 -0.832986653001693
964 3725 -0.4203663611997732
964 3740 0.3966104383175564
964 3575 0.2464153241176199
964 3590 -0.4750958853836873
965 980 0.8467796983371383
965 3785 -0.6402322494692316
965 3800 -0.37002699237245396
965 3815 0.680587330591994
965 3830 -0.7474311589618332
965 3846 0.7873282575167577
965 3861 0.8901300523636908
965 3876 0.9654693480323198
965 3891 0.36684668933796294
965 3755 0.5501816354648206
965 3770 0.6076713558477482
978 979 0.6142408927186203
978 3425 0.09834888221652727
978 3440 -0.29713621345704255
978 3455 -0.18959694664893156
978 3470 -0.4669033420631188
978 3486 -0.09404340041417658
978 3501 -0.5409862706269077
978 3516 0.3827751678695417
978 3531 -0.755452200610812
978 3545 0.7830851484777193
978 3560 -0.6015468354483917
978 3395 -0.7246088063692178
978 3410 -0.44990309204704726
979 980 0.78086886096874
979 3605 0.959218786818758
979 3620 -0.3921707639757783
979 3635 0.3049399163225315
979 3650 0.8657970832273538
979 3666 -0.0010782351563018988
979 3681 -0.7796728821781456
979 3696 0.1625810359607851
979 3711 0.930477938517297
979 3725 0.22651998455770972
979 3740 -0.5333101929407873
979 3575 0.2587246789367119
979 3590 0.4186964977412819
980 3785 -0.7940572890777491
980 3800 -0.8135742889411219
980 3815 -0.7648634161297025
980 3830 0.2821558552657739
980 3846 -0.6781326537210821
980 3861 -0.513930442440713
980 3876 -0.468552934285029
980 3891 0.049784135996868706
980 3755 0.9247472800861303
980 3770 0.326597031525921
993 994 -0.6545597542812511
993 1008 0.3141228425501783
993 3426 -0.505232315774772
993 3441 -0.3719989381855908
993 3456 -0.5048347374028233
993 3471 -0.1746391370470597
993 3486 0.08936292235945209
993 3501 0.3589925565033303
993 3516 0.9139730249745024
993 3531 0.2138891580280109
993 3545 0.5102038246105973
993 3560 0.2812416141024352
993 3395 0.5782530545335227
993 3410 -0.5074036860779896
994 995 0.8427631119796919
994 1009 0.21318994637583688
994 3606 -0.5709898159537783
994 3621 -0.644992073256186
994 3636 0.887748170898454
994 3651 -0.876978247313299
994 3666 -0.7459780271936001
994 3681 -0.9138399334529126
994 3696 -0.1942088777843689
994 3711 0.36336274046840367
994 3725 -0.414668660923349
994 3740 -0.8345424889718591
994 3575 -0.6352454909099208
994 3590 -0.2888423267830058
995 1010 0.12227112054305977
995 3786 -0.3514493097684688
995 3801 0.28658197561687215
995 3816 0.3644124933684343
995 3831 -0.40562818773806253
995 3846 -0.5020462660470415
995 3861 -0.019642749505000445
995 3876 -0.6383934388463479
995 3891 0.6518150747860367
995 3755 0.058469839863221296
995 3770 -0.05294358001270938
1008 1009 0.4240437084186046
1008 3426 -0.2554583876844214
1008 3441 -0.014982852293966342
1008 3456 -0.9946459835999129
1008 3471 -0.8992268256975915
1008 3486 -0.6073295428028704
1008 3501 0.5905395743409452
1008 3516 0.20683097201214706
1008 3531 0.23913848089907708
1008 3545 -0.7006373174225518
1008 3560 0.37107177730503005
1008 3395 0.4924949931927525
1008 3410 -0.3669082597143345
1009 1010 0.8652139640508323
1009 3606 -0.6680663338117578
1009 3621 0.5005523990652831
1009 3636 -0.07231031261909915
1009 3651 -0.2610452478568377
1009 3666 -0.4297609446564128
1009 3681 -0.052388416144044436
1009 3696 -0.5550608093881819
1009 3711 0.18382602080134647
1009 3725 -0.822200551261453
1009 3740 0.4164757298907342
1009 3575 0.4244621887890734
1009 3590 -0.3196341081935481
1010 3786 -0.13900751065340655
1010 3801 0.3765313491982982
1010 3816 -0.16126244657549682
1010 3831 -0.8878809955471456
1010 3846 0.5080280341980365
1010 3861 -0.29780063072792284
1010 3876 0.9474973010568459
1010 3891 -0.4509372930264599
1010 3755 0.94048590432497
1010 3770 0.13195968566759508
1023 1024 0.6027000118738663
1023 1038 0.11686997311544722
1023 3426 -0.3871384640235884
1023 3441 -0.11688886160787249
1023 3456 0.990340409980542
1023 3471 -0.7136946792029402
1023 3486 -0.7802218108891124
1023 3501 0.6311579912547169
1023 3365 -0.5122445136032334
1023 3380 0.09728966592790655
1023 3395 0.48107873945685364
1023 3410 -0.25767946873172054
1024 1025 -0.6656827651018695
1024 1039 -0.8332028815696786
1024 3606 0.7960073197078634
1024 3621 -0.17270077430928166
1024 3636 0.5372307850196201
1024 3651 0.6893984203497867
1024 3666 0.03133371649499228
1024 3681 0.9142704391644074
1024 3516 0.8762531186100808
1024 3531 0.08987271637312788
1024 3545 -0.17480148716306965
1024 3560 -0.5544118295703389
1024 3575 -0.888313432024584
1024 3590 -0.2547129945538904
1025 1040 -0.7749748193342407
1025 3786 0.3839982130802557
1025 3801 0.7306440495772151
1025 3816 0.2400400076033984
1025 3831 -0.44583825846638625
1025 3846 0.41054983050198146
1025 3861 0.5999052120320012
1025 3696 -0.3042576732448634
1025 3711 -0.12855085407797628
1025 3725 0.09988407955127032
1025 3740 0.6950212519715997
1025 3755 -0.1397646770977261
1025 3770 0.13725301554127234
1038 1039 0.6957505987631161
1038 3426 0.8689281387600665
1038 3441 0.5261217368752447
1038 3456 0.24938953671383857
1038 3471 -0.18453418425321488
1038 3486 -0.9222633160528348
1038 3501 -0.8558876985054247
1038 3365 0.603777170426723
1038 3380 0.37940062777991024
1038 3395 -0.04146249587011952
1038 3410 0.8695713450663696
1039 1040 0.5438689054228918
1039 3606 -0.018109545203710997
1039 3621 0.8047552650409384
1039 3636 -0.006319506943251119
1039 3651 0.12184127580176818
1039 3666 0.4848108403592555
1039 3681 -0.28439365763031055
1039 3516 -0.30108209167720323
1039 3531 0.7245609391471348
1039 3545 -0.41077319812778823
1039 3560 -0.7107081586790673
1039 3575 -0.19572448870559134
1039 3590 0.024553707793270485
1040 3786 0.22101109035577093
1040 3801 0.32814885652725123
1040 3816 0.8638132010659316
1040 3831 -0.20354926519397143
1040 3846 0.31637631902528374
1040 3861 -0.9800030054376285
1040 3696 -0.42613480024316486
1040 3711 -0.0074270011443942074
1040 3725 0.8103724125160496
1040 3740 0.020889261992259156
1040 3755 0.45987024096395457
1040 3770 -0.26349997638719636
1053 1054 0.36651949749485757
1053 1068 0.5665248416891631
1053 3426 -0.48149529720498174
1053 3441 0.8082923939696256
1053 3456 0.16804558356295485
1053 3471 0.11756867479848743
1053 3486 -0.5052761016980387
1053 3501 -0.7410753055393504
1053 3366 -0.7972376191090929
1053 3381 -0.5114029828834472
1053 3396 0.13722788253612506
1053 3411 0.19664607306935844
1054 1055 0.03218947545793771
1054 1069 -0.2527654621174418
1054 3606 -0.8804331932958507
1054 3621 0.2808781440049515
1054 3636 -0.5767000907656554
1054 3651 0.5642668701190077
1054 3666 -0.870728130506073
1054 3681 0.8700599352186942
1054 3516 0.7086846641051885
1054 3531 0.24107991704086462
1054 3546 0.3654951201069394
1054 3561 0.8607675538094899
1054 3576 -0.4095277524362124
1054 3591 0.8144564675746344
1055 1070 0.03450161726037826
1055 3786 0.7227685067349703
1055 3801 0.8544523808213182
1055 3816 -0.04301027493838849
1055 3831 -0.7150099822421061
1055 3846 0.5713830415587784
1055 3861 -0.8813363783334978
1055 3696 -0.6759958500999554
1055 3711 -0.9301561879109088
1055 3726 -0.9245878027152252
1055 3741 -0.8362178080797531
1055 3756 0.2677994030513393
1055 3771 0.1811763843902534
1068 1069 0.049503648135844625
1068 3426 0.8056007886171663
1068 3441 0.5336878474537197
1068 3456 -0.4180406397965142
1068 3471 -0.4276903441258366
1068 3486 0.8724229983549896
1068 3501 0.8577864496996759
1068 3366 0.5147118997394855
1068 3381 -0.46356028373155156
1068 3396 -0.991089370284014
1068 3411 -0.8783431856429951
1069 1070 0.14819010013972833
1069 3606 0.6675132255233049
1069 3621 -0.15450707951025588
1069 3636 0.16664117138728374
1069 3651 0.040054821950124664
1069 3666 0.1584718911651264
1069 3681 0.31271887562693235
1069 3516 -0.7153944381152806
1069 3531 -0.1636276264621861
1069 3546 -0.02033585904608093
1069 3561 0.10454803450324146
1069 3576 -0.19573939418232467
1069 3591 -0.5148414099492027
1070 3786 0.08072929652100469
1070 3801 0.7412968015763843
1070 3816 0.7355932310551301
1070 3831 -0.008361134982800333
1070 3846 -0.11099636447047678
1070 3861 0.38912030935395236
1070 3696 0.5126580071201485
1070 3711 -0.38167979111147887
1070 3726 0.23163424682946898
1070 3741 -0.9537348420120988
1070 3756 0.4899017238160175
1070 3771 0.18139942282196597
1083 1084 0.9886274232754901
1083 1098 0.7554144987926257
1083 3426 -0.23429752577102647
1083 3441 0.1860698052593046
1083 3366 -0.6057047110678362
1083 3381 -0.6071874042651753
1083 3396 0.2343436867467783
1083 3411 -0.5565071977127796
1084 1085 -0.7313801811344345
1084 1099 -0.042223599211576035
1084 3606 -0.37246664002359164
1084 3621 -0.33674007311290133
1084 3456 -0.2017740695742365
1084 3471 -0.5406633897357891
1084 3486 0.10909780498891886
1084 3501 -0.8473311324385289
1084 3516 0.6440958600395741
1084 3531 -0.9668588012139323
1084 3546 0.46521770906204685
1084 3561 0.5017278356699442
1084 3576 0.028330215294672723
1084 3591 0.10391310270187559
1085 1100 -0.2917259740323084
1085 3786 0.9365875256876985
1085 3801 -0.5600571706744117
1085 3636 0.7056985404687373
1085 3651 -0.5055260964186181
1085 3666 0.5971663581932227
1085 3681 -0.059254637037403635
1085 3696 0.738510887697496
1085 3711 0.19865899384655838
1085 3726 0.15869164680279768
1085 3741 0.031733895541765644
1085 3756 0.09044968978777979
1085 3771 0.08187899205743587
1098 1099 0.23017187120467697
1098 3426 0.0014617770989810985
1098 3441 -0.3711824095430074
1098 3366 -0.7628441919039202
1098 3381 -0.6038251700119972
1098 3396 -0.8279900544232626
1098 3411 0.836246920882225
1099 1100 -0.14288152732226056
1099 3606 -0.12923770700011494
1099 3621 -0.6943549010250987
1099 3456 -0.8185247083669496
1099 3471 -0.6274995397826448
1099 3486 -0.302381388680224
1099 3501 -0.30521211750748467
1099 3516 0.16410486763408705
1099 3531 -0.9687253716400737
1099 3546 0.20354610238665494
1099 3561 0.928766018417722
1099 3576 0.8345964601099309
1099 3591 0.8248250471596597
1100 3786 -0.16975933550687627
1100 3801 0.03561855938346681
1100 3636 0.12940550541877816
1100 3651 -0.03643703689992517
1100 3666 0.9759158881328984
1100 3681 -0.24137964520811384
1100 3696 0.37357276650081905
1100 3711 0.25201431867238044
1100 3726 -0.41998002930432543
1100 3741 -0.26372390281436076
1100 3756 -0.8468497629240659
1100 3771 -0.6412857844142195
1113 1114 0.8904497887513829
1113 1128 -0.7745970461776233
1113 3426 0.5042890202845214
1113 3441 0.4911284297786953
1113 3366 -0.15893735744504012
1113 3381 0.008541944670362067
1113 3396 0.7171578063663997
1113 3411 0.9808231082839878
1114 1115 -0.5880401960441772
1114 1129 -0.11293857123418682
1114 3606 0.9055580143809938
1114 3621 0.8432072425684807
1114 3456 0.19342323590884747
1114 3471 0.43884768340266533
1114 3546 0.1482358109547426
1114 3561 -0.4227252450431711
1114 3576 0.8318483751102315
1114 3591 0.9030932772850997
1115 1130 0.7676794877785702
1115 3786 0.2110104339951766
1115 3801 0.012800810867021228
1115 3636 -0.8214075150954485
1115 3651 0.16287023925991617
1115 3726 -0.823459667615829
1115 3741 -0.33294204066372757
1115 3756 0.5978344227439887
1115 3771 0.722888004931431
1128 1129 -0.36474928112837834
1128 3426 0.5769447067624016
1128 3441 -0.4921325264599674
1128 3366 -0.9675038117062673
1128 3381 -0.15870111928332942
1128 3396 0.7292891868697857
1128 3411 -0.5332835321644631
1129 1130 0.7884123432202692
1129 3606 0.9849104733599974
1129 3621 -0.5309511280555437
1129 3456 0.7208204516978363
1129 3471 -0.5853357560614258
1129 3546 0.9589942547439259
1129 3561 0.4625732653104788
1129 3576 -0.11423491809247999
1129 3591 -0.43493880819603636
1130 3786 0.43261485556981993
1130 3801 -0.23797050674549536
1130 3636 -0.32142378347758527
1130 3651 0.27646312263997075
1130 3726 -0.9131128193744713
1130 3741 -0.5754371293920046
1130 3756 0.7765300461549096
1130 3771 0.46588212255507244
3364 3365 0.7690817151275442
3364 3379 -0.3019550155927273
3365 3366 0.3678674112065421
3365 3380 -0.5689037333450642
3366 3381 0.0033615464993748123
3379 3380 0.426870605848241
3380 3381 -0.46713302015367497
3394 3395 0.8039597789330355
3394 3409 0.9338621061513037
3395 3396 -0.8691398796511114
3395 3410 0.5010304333166664
3396 3411 -0.6238604637881919
3409 3410 -0.6621820475824371
3410 3411 -0.6610762069655765
3424 3425 0.6433170490594864
3424 3439 -0.9296778125572047
3425 3426 -0.9128192254455259
3425 3440 -0.266610938701743
3426 3441 0.14766273986544598
3439 3440 -0.13737637976681905
3440 3441 -0.2961120870131593
3454 3455 0.9405560051030637
3454 3469 -0.36401879594719877
3455 3456 -0.13695857948437262
3455 3470 -0.12962940249725174
3456 3471 -0.30735152562739754
3469 3470 0.9902056440630647
3470 3471 0.27499419083873744
3484 3485 -0.9565890527193393
3484 3499 0.5745606890202029
3485 3486 0.4678548254780015
3485 3500 0.3692825084838678
3486 3501 -0.10828614057064923
3499 3500 0.840994938635357
3500 3501 -0.49255553621340686
3514 3515 0.6811542255768248
3514 3529 0.5959311718606775
3515 3516 -0.6016134715670027
3515 3530 -0.9865387934018965
3516 3531 -0.30269231799124796
3529 3530 0.8077214511337516
3530 3531 -0.7076423123506297
3544 3545 -0.5489571024084294
3544 3559 0.07851572329768497
3545 3546 -0.9051733400837858
3545 3560 0.2692758891152911
3546 3561 -0.8400904443006818
3559 3560 -0.4581295654608937
3560 3561 -0.7411708863097526
3574 3575 0.20537393315252261
3574 3589 -0.9422856660218726
3575 3576 -0.946555957495284
3575 3590 0.21447230443547216
3576 3591 -0.25567776241440177
3589 3590 0.5475594741918695
3590 3591 0.36452809780571616
3604 3605 -0.5938185307287771
3604 3619 -0.6775616548907601
3605 3606 -0.12052433545277186
3605 3620 0.2785324991020732
3606 3621 0.7237355498899032
3619 3620 -0.15827530903397946
3620 3621 -0.21136843920336168
3634 3635 0.7592144012045381
3634 3649 -0.15384178930539205
3635 3636 -0.21649667506449943
3635 3650 -0.2714947898100244
3636 3651 0.2791501026417891
3649 3650 0.7718869266009556
3650 3651 0.7475005492956555
3664 3665 0.32876912496403476
3664 3679 -0.21153319857348762
3665 3666 -0.735315300231528
3665 3680 0.9293189955693621
3666 3681 0.37348649663554867
3679 3680 -0.5675395710825821
3680 3681 0.7612506461558717
3694 3695 0.9035743261168638
3694 3709 0.2221134418673587
3695 3696 0.03398135864630403
3695 3710 -0.7445722301025914
3696 3711 0.7255418042674
3709 3710 -0.8447563752849061
3710 3711 -0.24524500133599414
3724 3725 0.7638643475842488
3724 3739 0.5373237457568463
3725 3726 -0.21324594301362754
3725 3740 -0.7897068365839224
3726 3741 -0.6398536902189051
3739 3740 -0.8523096010420796
3740 3741 0.9271204487540987
3754 3755 0.9723619477690746
3754 3769 0.564079838192638
3755 3756 0.9024157061922891
3755 3770 0.7915874323290462
3756 3771 -0.642431912056777
3769 3770 -0.7786928000627786
3770 3771 0.7222747737732489
3784 3785 0.10815799887109301
3784 3799 0.11059131849093928
3785 3786 0.4701829084045188
3785 3800 0.23647567440915007
3786 3801 0.8318585397592484
3799 3800 0.3233958722174426
3800 3801 -0.2307126906927479
3814 3815 -0.35039520471956687
3814 3829 0.13933224711746584
3815 3816 0.23672006586437933
3815 3830 -0.07296896093159955
3816 3831 0.3528277638231898
3829 3830 -0.21923300851812688
3830 3831 -0.30371356387235315
3844 3845 -0.9242455968366317
3844 3859 0.21709254261733024
3845 3846 0.7848201827173324
3845 3860 -0.7551907247374685
3846 3861 -0.027142267416377708
3859 3860 0.8143906248140418
3860 3861 -0.25595597685915905
3874 3875 -0.21558413655984343
3874 3889 0.9234699327622478
3875 3876 0.16705301967423103
3875 3890 0.06935150259279288
3876 3891 0.8495665070517309
3889 3890 -0.0628303846964493
3890 3891 0.052210323595637265
