# 
603 603 0.029102040305541976
604 604 -0.4001939546650215
605 605 1.1703499818700784
618 618 -1.1932871485506427
619 619 -0.30325184436485575
620 620 -2.019101007627662
633 633 2.8324197403896685
634 634 -2.8395186018005285
635 635 3.008758270750553
648 648 2.005602730517195
649 649 0.9080553746032347
650 650 -3.508340792026952
663 663 -0.5506326618260822
664 664 3.730742220668062
665 665 2.5872633694580554
678 678 -0.5996707192786372
679 679 1.7229849973269884
680 680 -1.548728083823213
693 693 0.4582983496977917
694 694 1.1988259912805805
695 695 -1.3427589017773043
708 708 1.0961525463577777
709 709 0.9949414865275612
710 710 0.18722174312858986
723 723 -2.5103890275102003
724 724 -3.0158133776491987
725 725 -3.4849744915545786
738 738 0.38732923318019274
739 739 -1.2546832379955486
740 740 -2.6811126781382137
753 753 -2.868678115817958
754 754 1.180534338896507
755 755 -3.5118809317808184
768 768 2.8572836964388246
769 769 1.3835456192271103
770 770 -3.6656351071966595
783 783 3.4709083821455717
784 784 -0.7385533945700127
785 785 -1.3970462726193364
798 798 -0.4462631411182274
799 799 1.624241351164689
800 800 -3.161386286371804
813 813 -1.922386329730224
814 814 -3.0168508749687044
815 815 -3.892039993129992
828 828 0.34830876220536044
829 829 -3.9255122222250307
830 830 -3.9743322287680547
843 843 2.0466094803761266
844 844 2.341482338099917
845 845 -1.2339104344566572
858 858 2.5524657079740214
859 859 -1.2459340057576975
860 860 1.1691154374308175
873 873 -2.1377067653752047
874 874 -2.298545813889838
875 875 -2.300023907389245
888 888 -0.007923747030002204
889 889 2.6057135449301043
890 890 -0.6318132058254715
903 903 -0.8196328399770758
904 904 0.7475807318927705
905 905 1.9322232754373871
918 918 3.5819760662805296
919 919 -2.6185211098682757
920 920 1.7678061670302556
933 933 -3.2076981478263313
934 934 -3.3248620720713067
935 935 2.472507768681065
948 948 1.6754587076559266
949 949 1.2079907992979981
950 950 -0.7384815413840649
963 963 1.8622790977613493
964 964 -3.9088148401829903
965 965 -1.1575952870367656
978 978 -0.2623235912907491
979 979 -0.21542758821992702
980 980 -3.311572622784726
993 993 2.933142352401986
994 994 1.4551971541192374
995 995 -2.639629797844668
1008 1008 -3.978132953201996
1009 1009 -0.46864014133996523
1010 1010 0.5231262538826291
1023 1023 -3.2456865692331665
1024 1024 -2.4547902468075167
1025 1025 3.0631703537331054
1038 1038 -2.4121047649623106
1039 1039 2.4351363097979055
1040 1040 2.483033968629817
1053 1053 -1.3978575780032685
1054 1054 0.39257998989344944
1055 1055 -1.013123908538737
1068 1068 -0.2705070266288221
1069 1069 3.6828992662882047
1070 1070 1.1026342619050231
1083 1083 -0.7481429556571149
1084 1084 -0.7118112294950745
1085 1085 3.1183384849911775
1098 1098 2.102924103870878
1099 1099 3.2304166576554296
1100 1100 -3.6706218740280736
1113 1113 1.8157401005280462
1114 1114 -1.563426941228676
1115 1115 -3.027927740933289
1128 1128 0.11625086413155383
1129 1129 2.4879132603357483
1130 1130 2.6832988719907807
3364 3364 -2.6556021393553833
3365 3365 2.2311347135008237
3366 3366 -2.4976948446504963
3379 3379 3.2595661119460315
3380 3380 -1.2256487741687785
3381 3381 -2.8775441109914963
3394 3394 -2.205386131105934
3395 3395 -1.8716952705025962
3396 3396 -0.4796509631232313
3409 3409 1.958641113217375
3410 3410 3.725770061136858
3411 3411 -3.1610640204528684
3424 3424 2.699897271881593
3425 3425 -1.4572731495090014
3426 3426 1.7607591549062693
3439 3439 -1.5027518090070782
3440 3440 1.717237487917589
3441 3441 0.20421503376240846
3454 3454 -3.215611535981939
3455 3455 -1.74384340953074
3456 3456 3.623659665081001
3469 3469 3.1192152704431635
3470 3470 -0.6381945271478751
3471 3471 -3.4223507840407557
3484 3484 -3.816479316721675
3485 3485 0.11346566129285218
3486 3486 1.5945447086889413
3499 3499 1.3736050927508643
3500 3500 -0.46296663362398593
3501 3501 0.2261792493703414
3514 3514 3.020952445606234
3515 3515 -1.1728735395919845
3516 3516 -3.646178265379401
3529 3529 -0.4966866488062154
3530 3530 -3.3979448671805317
3531 3531 -3.873436940521425
3544 3544 0.6352150534386549
3545 3545 0.3979006564753398
3546 3546 -1.6019990579767098
3559 3559 3.3883768036005524
3560 3560 1.4799602310483193
3561 3561 2.8230676234083587
3574 3574 3.3662680744273823
3575 3575 -0.8026491038476076
3576 3576 2.4791858476845663
3589 3589 -1.396910340782572
3590 3590 -2.2679122966844982
3591 3591 -1.8995781823883027
3604 3604 -1.378716091343156
3605 3605 1.6508690393795993
3606 3606 1.727730230600807
3619 3619 -1.9951743086057565
3620 3620 -2.9133520528224137
3621 3621 1.8601071298813494
3634 3634 2.5047966490850317
3635 3635 0.9211541088179729
3636 3636 -0.09297713788888018
3649 3649 -0.8972145038670041
3650 3650 3.8878981530857413
3651 3651 0.6977327202137342
3664 3664 -0.8489839845715839
3665 3665 -2.9376554307462373
3666 3666 2.1373742190743616
3679 3679 -2.08237189565033
3680 3680 0.523616499931502
3681 3681 -0.5591431927272001
3694 3694 -2.5036881857396294
3695 3695 0.6528257454322297
3696 3696 2.164041154812761
3709 3709 -0.17773094824770652
3710 3710 2.7832991737683885
3711 3711 -3.358096631983326
3724 3724 2.761816390080467
3725 3725 -2.110695573002186
3726 3726 -3.844602441543957
3739 3739 0.1909439993309867
3740 3740 3.7239396296105696
3741 3741 3.57500244845116
3754 3754 2.300648979215927
3755 3755 -0.8038717779913478
3756 3756 0.054896920792694814
3769 3769 2.402157497567928
3770 3770 -3.2272777265154913
3771 3771 -3.798121785460462
3784 3784 2.5394586967385964
3785 3785 -0.04286162146197636
3786 3786 -0.6482424622749328
3799 3799 -0.06712711249921455
3800 3800 3.095982951877474
3801 3801 2.2693696109070363
3814 3814 -1.9918013874634246
3815 3815 -1.139731923451179
3816 3816 0.03371517688973924
3829 3829 3.98009606344384
3830 3830 -0.8139804519518403
3831 3831 -2.6635262165012312
3844 3844 3.256552712340346
3845 3845 -3.8722113258414064
3846 3846 -2.655309936266895
3859 3859 -1.0167858497613684
3860 3860 0.3108837183181876
3861 3861 -3.738201868180189
3874 3874 -1.4169515090811098
3875 3875 0.45617169243989597
3876 3876 1.0899689384818139
3889 3889 0.25009448255409605
3890 3890 -3.3514702580899343
3891 3891 -1.8801858532222937
603 604 0.7221416078392049
603 618 -0.8289968072152529
603 3484 0.6935270799054005
603 3499 0.2791687364469966
603 3514 -0.0030814116884756437
603 3529 -0.4718989468665733
604 605 -0.7645830343851412
604 619 0.1677883545362604
604 3664 -0.10281491030971268
604 3679 0.3222031765700728
604 3694 -0.9268485455089959
604 3709 0.3864836968428087
605 620 -0.4757981807954885
605 3844 0.4449121904815716
605 3859 0.6070740876867486
605 3874 -0.46202140470690556
605 3889 -0.6480587430418301
618 619 -0.03243738422337783
618 3484 0.2746896588620358
618 3499 -0.2593832866119854
618 3514 0.8731499137897547
618 3529 0.3733032366757927
619 620 0.9076736076304031
619 3664 0.04253787064812298
619 3679 0.4516599156425567
619 3694 0.9591625936954442
619 3709 0.383041479400142
620 3844 0.24958388903642104
620 3859 -0.2529806267513821
620 3874 -0.9572783079744618
620 3889 0.7652777920554041
633 634 -0.3193393075104225
633 648 -0.10497277922706538
633 3424 -0.5996976655743746
633 3439 -0.6716579130360003
633 3454 -0.7342840648537652
633 3469 -0.31916056163547313
633 3484 0.5276494557741815
633 3499 0.17802009193902557
633 3514 0.02392442435195896
633 3529 -0.548933866826643
634 635 -0.4032823145705986
634 649 -0.01690871866693766
634 3604 -0.23680437300212764
634 3619 -0.7948621038531276
634 3634 0.7506454275730394
634 3649 -0.2894492494252443
634 3664 -0.6660688039999687
634 3679 -0.9893164665227949
634 3694 0.6539493680103172
634 3709 -0.5870316674413343
635 650 0.03205698018503855
635 3784 -0.3895729631088962
635 3799 0.8163258143468808
635 3814 0.9702875704053393
635 3829 -0.24051819760353932
635 3844 -0.04815134593505199
635 3859 0.9434186204222537
635 3874 -0.5385755434558412
635 3889 -0.8337674121513556
648 649 -0.037966859084825444
648 3424 -0.12294590497253166
648 3439 -0.7249486260072364
648 3454 0.36834590909369647
648 3469 -0.34553297618819534
648 3484 -0.36071911681377644
648 3499 -0.1455799482533815
648 3514 -0.34978593758302523
648 3529 0.8400727438626674
649 650 -0.259880329580922
649 3604 0.13744904052147877
649 3619 -0.9893108453178983
649 3634 0.6274713589614147
649 3649 -0.685993148061784
649 3664 -0.4140106921958975
649 3679 -0.9248959299025119
649 3694 0.21701597143980456
649 3709 0.40138384025497653
650 3784 -0.0025460177823208863
650 3799 0.5314641407545662
650 3814 -0.31972069171642925
650 3829 0.14078311033922364
650 3844 0.375342482534917
650 3859 0.21194347231020538
650 3874 -0.31451888833344777
650 3889 0.7396299310169663
663 664 0.9592400997475186
663 678 -0.5862682650253168
663 3424 0.9870683648896386
663 3439 0.7351419049604428
663 3454 -0.8963234724692148
663 3469 0.012133271382912536
663 3484 -0.3227417931274088
663 3499 -0.14481949864937804
664 665 -0.2097809683499794
664 679 -0.8990185979184995
664 3604 -0.8992642125522661
664 3619 0.23579274224328528
664 3634 0.4880403771180595
664 3649 0.4180076593316555
664 3664 0.31592090283647845
664 3679 -0.9654606541603377
664 3514 0.6597062435050125
664 3529 -0.25597009159229756
665 680 -0.7681920366074655
665 3784 -0.6855676270825115
665 3799 0.0032258518632164446
665 3814 0.3256074937461717
665 3829 0.08621072786958273
665 3844 -0.7688434412211116
665 3859 0.17749363641067473
665 3694 -0.37755280856285767
665 3709 -0.462949902321385
678 679 0.4009012201263551
678 3424 -0.31492669706801
678 3439 0.6350075903132759
678 3454 -0.7627421150441651
678 3469 0.7936233847925482
678 3484 -0.8859120254705564
678 3499 -0.901766386844804
679 680 0.7784811668603464
679 3604 -0.04965462438059087
679 3619 -0.3193613546703453
679 3634 -0.9203650457060308
679 3649 0.596950322681638
679 3664 0.24990912865906223
679 3679 0.783836573751246
679 3514 -0.15389487756694842
679 3529 0.8895581444203966
680 3784 0.9464793106326597
680 3799 -0.9357064283570427
680 3814 0.24447647212059387
680 3829 -0.014319073065334198
680 3844 0.3112024227959629
680 3859 0.600604504467857
680 3694 0.28215582172539855
680 3709 0.37077325465431343
693 694 0.6985754123881296
693 708 -0.9395677927573491
693 3424 -0.3568599745484604
693 3439 -0.27608325901542496
693 3454 0.047125363164283174
693 3469 0.7049912452264779
693 3484 0.6643454842656977
693 3499 -0.6088691846698255
693 3364 -0.8692102143683345
693 3379 0.4038760522718703
693 3394 -0.3140725048794226
693 3409 -0.24663023203243561
694 695 0.8144944611760192
694 709 -0.6824301673135198
694 3604 -0.4777845345872984
694 3619 0.4836153723371721
694 3634 -0.48339471178023397
694 3649 0.19388815705940377
694 3664 -0.48588559533837783
694 3679 -0.6043805645829898
694 3514 0.7577473582090057
694 3529 -0.7968248131205717
694 3544 -0.1950184405350781
694 3559 0.9612083660667354
694 3574 -0.4752009367869816
694 3589 -0.8058210066491893
695 710 -0.5288056193784996
695 3784 0.8728505132428923
695 3799 0.9539675469066504
695 3814 0.4864086395254892
695 3829 0.8276876984026282
695 3844 0.5649568249535313
695 3859 -0.39077306953470003
695 3694 0.9161225144826524
695 3709 0.006051374309623547
695 3724 0.14450076029725456
695 3739 0.3015138807945503
695 3754 -0.9294058034378667
695 3769 0.6167181066378333
708 709 -0.3068744515856454
708 3424 0.8990796088373105
708 3439 0.8294699678836503
708 3454 0.44928505451097434
708 3469 -0.5948977939593414
708 3484 -0.48202329450633985
708 3499 -0.18642925097839047
708 3364 0.21585762930629104
708 3379 0.35573636536527475
708 3394 -0.1809787882778342
708 3409 -0.8953237683797737
709 710 -0.2263151128139127
709 3604 -0.32781239944071205
709 3619 0.4912864092093121
709 3634 0.6452996822783328
709 3649 -0.577728507942618
709 3664 0.2670406173734039
709 3679 -0.7589707256444118
709 3514 -0.5537311673163368
709 3529 0.4224467615853047
709 3544 0.4497930657998208
709 3559 0.0438031138817343
709 3574 0.5663883479693586
709 3589 -0.9690691969312055
710 3784 -0.3470079901533083
710 3799 0.03929673116400467
710 3814 -0.09267409357038292
710 3829 0.6237340607420201
710 3844 0.5131857656984278
710 3859 -0.7889673062122968
710 3694 -0.24078633088176615
710 3709 0.8494509137182771
710 3724 0.6041233586381904
710 3739 0.3427911002711477
710 3754 -0.00805359405308903
710 3769 0.719211627405933
723 724 0.8739830480802149
723 738 0.1042807338272107
723 3424 0.5084728669980474
723 3439 -0.5060609884136504
723 3364 -0.09468217964587677
723 3379 -0.5933604384722453
723 3394 0.4864310195503634
723 3409 0.2214102468650334
724 725 -0.8898049271605475
724 739 0.4191407752700784
724 3604 -0.9764677508597985
724 3619 -0.3884573560036073
724 3454 0.2078449807453555
724 3469 -0.14539155090323397
724 3484 0.8180637773358512
724 3499 -0.5978442259160535
724 3514 -0.3436076474762544
724 3529 0.3802055521111867
724 3544 0.19645237947829752
724 3559 -0.15204977065227832
724 3574 0.08453065342094157
724 3589 -0.952342867771645
725 740 0.27304895234973414
725 3784 0.7983849330084207
725 3799 0.7834597909024879
725 3634 -0.10989806163694249
725 3649 0.0002956448797559741
725 3664 0.38073541030958613
725 3679 0.9970771092423756
725 3694 -0.7923460174185653
725 3709 0.4035597972087932
725 3724 0.6166375038772915
725 3739 0.4830458742670054
725 3754 0.8262936893643134
725 3769 -0.483829507188251
738 739 0.44629271803411896
738 3424 -0.36111642302520086
738 3439 0.9040288656463813
738 3364 -0.7237066277634931
738 3379 0.5313159018605211
738 3394 0.6459445082393864
738 3409 -0.07225182162262445
739 740 -0.2810652743765183
739 3604 0.605698880496631
739 3619 -0.05417481735094509
739 3454 0.6937993722990496
739 3469 0.6933869798093806
739 3484 0.5666782804601098
739 3499 -0.5650091243672226
739 3514 0.8953724200267639
739 3529 0.3604474779896665
739 3544 -0.6797761845616217
739 3559 0.2438028025613448
739 3574 0.828695760575054
739 3589 -0.23565526308668927
740 3784 0.7993834782721088
740 3799 0.9950376419739932
740 3634 -0.4988399974749349
740 3649 -0.04612396670790986
740 3664 -0.9354673506160689
740 3679 -0.381702265192879
740 3694 0.21074768347540718
740 3709 0.1895167623070937
740 3724 0.9590299021571407
740 3739 -0.02770282219622744
740 3754 0.8974878733395844
740 3769 -0.13138646833719592
753 754 0.03767056199138752
753 768 0.6903023569662508
753 3424 -0.2371054324535855
753 3439 -0.6743848421769634
753 3364 0.3680372638432632
753 3379 -0.029914272984425283
753 3394 -0.09818597826328634
753 3409 0.4422586994799378
754 755 -0.04142506324172324
754 769 0.224551592987696
754 3604 0.4556286542617636
754 3619 0.9544742387622891
754 3454 -0.4031864299307677
754 3469 -0.8540968326101468
754 3485 0.9074728886204282
754 3500 0.057392321993199324
754 3515 0.6341093245276728
754 3530 -0.18004197004056133
754 3544 -0.8042929726263537
754 3559 0.32026596979224187
754 3574 -0.34132762898181834
754 3589 0.5426317100012186
755 770 -0.1961403777842723
755 3784 -0.5888099852246811
755 3799 0.9387677953239706
755 3634 0.6138007857050851
755 3649 -0.9096027178045825
755 3665 -0.29768995765365247
755 3680 -0.040535393143448895
755 3695 -0.8820694903974835
755 3710 -0.716406501268861
755 3724 0.3852788207690525
755 3739 0.13738094302390835
755 3754 0.06884790485184422
755 3769 0.23555778771432112
768 769 0.9880156541315797
768 3424 0.654008718393916
768 3439 0.4062055008031642
768 3364 -0.37486725792799214
768 3379 -0.627011336596657
768 3394 -0.5862973233882449
768 3409 0.12613293835994543
769 770 -0.15689624304879057
769 3604 0.6178316320517023
769 3619 0.40420188850499916
769 3454 0.6390010585339236
769 3469 0.33498460936123475
769 3485 -0.42693198506317054
769 3500 -0.6465313084240134
769 3515 -0.319067368559246
769 3530 0.7456984536283753
769 3544 -0.9350859376291758
769 3559 0.8788895345158969
769 3574 0.8917238582808598
769 3589 0.2673984299851411
770 3784 0.9630506918053561
770 3799 -0.538514893721415
770 3634 0.2695336178651715
770 3649 0.6039293529167808
770 3665 -0.6846582693776371
770 3680 0.20339547365564092
770 3695 -0.8804536791573923
770 3710 -0.8003800472874918
770 3724 -0.6033803880999626
770 3739 -0.33429864228159323
770 3754 -0.49841982145145325
770 3769 0.02336104238094383
783 784 -0.8116790078976512
783 798 -0.07600861022688843
783 3424 0.19920601024972395
783 3439 -0.4736860001207055
783 3454 -0.7676463762847647
783 3469 0.11488119760770865
783 3485 -0.9921511989489147
783 3500 0.8440142099328354
783 3515 0.9683983750438605
783 3530 0.7295190732787726
783 3544 0.2595584113607563
783 3559 -0.7541714037734932
783 3394 -0.7877985706082922
783 3409 0.47343421068196845
784 785 0.025673135212880505
784 799 0.4997240694963727
784 3604 0.8159929893144307
784 3619 -0.08279031050141605
784 3634 0.21939400074120785
784 3649 -0.6977137065427306
784 3665 -0.03316246352249741
784 3680 0.22406671545919732
784 3695 0.07528911795599624
784 3710 -0.15685548020152007
784 3724 -0.3200323265751899
784 3739 -0.7369181485419392
784 3574 -0.5180997464145691
784 3589 -0.5371942618325807
785 800 0.8947418064261874
785 3784 0.07271814598199922
785 3799 0.9183164954415834
785 3814 0.33460180971835496
785 3829 0.6562849068937566
785 3845 -0.26856665206143093
785 3860 -0.7340555926906336
785 3875 0.5617545752290953
785 3890 0.0657109830787368
785 3754 0.3380023837882731
785 3769 -0.10511195860384959
798 799 0.37388027663989143
798 3424 -0.933231827038213
798 3439 0.2743364271625086
798 3454 0.30558566937095866
798 3469 -0.6587283643665285
798 3485 0.658493043204339
798 3500 0.905217209754823
798 3515 -0.385931214204976
798 3530 -0.15896172943136677
798 3544 -0.2220551534067532
798 3559 -0.8996364228469558
798 3394 0.862266602472525
798 3409 0.16286254378083576
799 800 0.3830718621465623
799 3604 0.31405506866100064
799 3619 -0.9094379265965942
799 3634 -0.3359625011219223
799 3649 0.7326069308973966
799 3665 0.774672213133607
799 3680 -0.7034069289190077
799 3695 0.17300866147977345
799 3710 0.43563259695075174
799 3724 -0.4242802468936222
799 3739 -0.8137840045606759
799 3574 -0.6972771831211921
799 3589 0.2738903472392995
800 3784 0.9763413212259384
800 3799 0.24444115995666116
800 3814 0.2013338712330921
800 3829 0.07781614839599782
800 3845 0.5080208076006785
800 3860 -0.2365074965124898
800 3875 0.2889048655393194
800 3890 -0.6621219257887796
800 3754 0.7239377014724084
800 3769 -0.11768421704713772
813 814 0.8355458109921625
813 828 0.8153638015005493
813 3425 -0.6051497431820656
813 3440 0.2215287760190321
813 3455 0.49475528110194955
813 3470 -0.5000728673629151
813 3485 -0.3277911441829666
813 3500 0.7122766928496582
813 3515 0.3710673676612444
813 3530 0.5042152900814116
813 3544 0.9001861314413173
813 3559 0.8693495081702303
813 3394 0.3257909720852419
813 3409 -0.1662220902408038
814 815 -0.5986883577821531
814 829 -0.7995347167849081
814 3605 -0.3880173635096209
814 3620 0.9229119776332901
814 3635 -0.2810989375268187
814 3650 0.8033718412907531
814 3665 -0.2959809514897773
814 3680 0.765456486897113
814 3695 -0.9642899075314046
814 3710 -0.27578263403992853
814 3724 0.2516648129465999
814 3739 0.04371399985573765
814 3574 0.840828858788528
814 3589 0.5549365215347806
815 830 0.9334340822148011
815 3785 -0.6590827711873126
815 3800 -0.5117847090471073
815 3815 -0.26609694469461354
815 3830 0.7171289993377616
815 3845 0.029607602141010547
815 3860 0.6295031377675842
815 3875 -0.3159211303978984
815 3890 0.9614959684130795
815 3754 -0.8886535453924109
815 3769 0.47956634846333723
828 829 -0.6982697943442255
828 3425 0.7009001328097106
828 3440 -0.25856740353444563
828 3455 -0.5883735508308985
828 3470 -0.14154592939281985
828 3485 -0.9075643889190181
828 3500 -0.7074087243639646
828 3515 0.5913344912499645
828 3530 0.14961547150210364
828 3544 -0.45456017612293453
828 3559 -0.5701849969181987
828 3394 -0.28063643970500696
828 3409 0.8697813930045732
829 830 0.3942614458817446
829 3605 -0.9413555041848667
829 3620 -0.05760436259702306
829 3635 0.21027146566205546
829 3650 -0.3990752914271454
829 3665 0.4321372247635107
829 3680 0.5804346491745886
829 3695 0.42238101753899504
829 3710 -0.49036927991352797
829 3724 -0.5119502577397157
829 3739 -0.7253487661739433
829 3574 -0.578914598977549
829 3589 0.7099546149702471
830 3785 -0.13065773024952132
830 3800 -0.6786657288508786
830 3815 0.13078861173077105
830 3830 0.7365272243328549
830 3845 -0.6355719050428925
830 3860 -0.31115746222558327
830 3875 -0.826161654161256
830 3890 0.48984739235657004
830 3754 0.34361613520082157
830 3769 -0.5536176126788368
843 844 0.5868078958213288
843 858 -0.16900849836076093
843 3425 -0.2291251655603157
843 3440 -0.4950712568922524
843 3455 -0.0027488167292835097
843 3470 -0.9097824338175096
843 3485 -0.13700328783486926
843 3500 -0.5781630491617076
843 3364 0.9771888413988983
843 3379 0.6998169247720327
843 3394 0.00128057826846395
843 3409 -0.10195915660390198
844 845 0.13942566097941045
844 859 -0.04843562920351974
844 3605 0.6578009278148733
844 3620 -0.23754032231882682
844 3635 -0.6803626276322601
844 3650 -0.9808250430827898
844 3665 0.7350922027880216
844 3680 -0.006029423413146384
844 3515 0.3056539656126829
844 3530 -0.8668619514205622
844 3544 0.882108451000758
844 3559 0.9664108485845375
844 3574 0.23984627406905945
844 3589 0.657756116166774
845 860 0.7384552592790699
845 3785 -0.7042879147382701
845 3800 -0.7734215169505749
845 3815 0.6102172434480533
845 3830 -0.9892202397091105
845 3845 0.6131097627726125
845 3860 0.7133553806029427
845 3695 -0.24668291207982418
845 3710 -0.4362302369670177
845 3724 0.13687330718599888
845 3739 -0.5908657566188447
845 3754 -0.4801626585836374
845 3769 -0.9617243240973112
858 859 0.06501574926754872
858 3425 -0.4313580473719856
858 3440 0.6870359224581235
858 3455 -0.5170979134041112
858 3470 0.836049287992664
858 3485 0.7682805886036335
858 3500 -0.39252181164002997
858 3364 0.35350277886914117
858 3379 -0.31069833085376297
858 3394 0.2201683149069702
858 3409 0.7105964681517312
859 860 0.8174754281286751
859 3605 0.7510015985767182
859 3620 -0.1969492739819627
859 3635 0.7744280493047426
859 3650 -0.7485683399145115
859 3665 0.13523247150367057
859 3680 -0.3984608381201056
859 3515 0.7593104434523708
859 3530 0.4142758468847547
859 3544 -0.09754672902093153
859 3559 -0.388114689839026
859 3574 -0.8435871684497229
859 3589 0.2399815798613647
860 3785 0.16546938604113515
860 3800 0.2796921734865456
860 3815 0.8138549811721429
860 3830 0.12267711378376078
860 3845 -0.5670394901517992
860 3860 0.9294821649303324
860 3695 0.03337669634999596
860 3710 0.6236125015220726
860 3724 0.35473061719372945
860 3739 0.8695691476495604
860 3754 0.402281139057197
860 3769 -0.30600429307910915
873 874 0.23880246516164383
873 888 0.9688989636219798
873 3425 -0.8073329513824221
873 3440 0.41264421992069766
873 3455 -0.11975251993505198
873 3470 -0.481345609994452
873 3485 -0.5315085460594755
873 3500 0.6166734241345593
873 3365 0.983156750930531
873 3380 0.8201960781935387
873 3395 0.9381580843796093
873 3410 -0.5625150605153779
874 875 0.6197192744927094
874 889 0.6923109033048302
874 3605 0.7642776577978212
874 3620 -0.5191369136564283
874 3635 0.6708316188561643
874 3650 -0.13482526208297707
874 3665 -0.8543194118878636
874 3680 -0.32826728523810433
874 3515 -0.4049747945238624
874 3530 -0.652753363003832
874 3545 -0.4214960048066978
874 3560 0.0519951469985076
874 3575 0.6634733668692383
874 3590 -0.6869629206025534
875 890 -0.4948590175165195
875 3785 -0.6732961587157351
875 3800 -0.8729298391246862
875 3815 -0.36991946310025625
875 3830 -0.181627429267895
875 3845 -0.4032359542340618
875 3860 0.36768145733894597
875 3695 -0.6571180563489891
875 3710 0.7228650403466388
875 3725 -0.22957619271593144
875 3740 -0.4299321087674459
875 3755 0.4315946176042116
875 3770 -0.2696535644171001
888 889 -0.29400762834887506
888 3425 0.03620885782181027
888 3440 -0.11039327451408032
888 3455 0.2594924709586346
888 3470 0.34126749089737296
888 3485 -0.09270327811438661
888 3500 0.7157032923851796
888 3365 -0.8812434133704719
888 3380 -0.7196240803934957
888 3395 -0.8070490102534977
888 3410 -0.10037545976700013
889 890 0.9536181241451123
889 3605 0.7997788260729854
889 3620 0.2918297230078706
889 3635 -0.9671587926266596
889 3650 -0.8420360007835912
889 3665 -0.2880394574583305
889 3680 -0.5073997249840647
889 3515 0.1304438654963238
889 3530 -0.0938314227192707
889 3545 -0.3922821571981998
889 3560 0.27449957529678737
889 3575 0.9949863172401243
889 3590 -0.43537407981668474
890 3785 0.7221864876292345
890 3800 -0.06805031678784168
890 3815 -0.38598406787688155
890 3830 0.8184620547075516
890 3845 -0.036183925205242495
890 3860 -0.8885020211805088
890 3695 -0.5970959356210692
890 3710 0.5429231563878598
890 3725 0.8170851299335806
890 3740 0.8424117350225413
890 3755 -0.21227216831648854
890 3770 -0.4464085401217148
903 904 -0.07809351773287498
903 918 -0.5245528543365887
903 3425 -0.42114898639741827
903 3440 -0.6549446100778389
903 3365 -0.5971774086402954
903 3380 0.42103654179954475
903 3395 -0.5737497605174264
903 3410 -0.0017162154085319514
904 905 0.00918736681693244
904 919 0.11050026203967644
904 3605 -0.5015063103169239
904 3620 -0.6602535637102813
904 3455 -0.11198882480917116
904 3470 -0.25134251861362533
904 3485 -0.7804759102462864
904 3500 0.8706541007150219
904 3515 -0.0834731551060075
904 3530 0.9607024023158346
904 3545 0.9528256456795505
904 3560 0.872059720842548
904 3575 0.2881114060407999
904 3590 -0.9311884621090367
905 920 0.10359682775077039
905 3785 0.8596688023064252
905 3800 -0.1165006795061656
905 3635 0.40199283829495225
905 3650 -0.8222813150792883
905 3665 -0.8745671066200311
905 3680 -0.36684556456275064
905 3695 -0.4385470335263282
905 3710 0.9033108004907962
905 3725 -0.969161391406218
905 3740 0.9413318839706524
905 3755 -0.18635700729353788
905 3770 -0.7898686410318785
918 919 0.13239331736398774
918 3425 0.2997670814356219
918 3440 0.6382735288412378
918 3365 0.19384369206596785
918 3380 -0.8009379014251561
918 3395 -0.7291032601445269
918 3410 0.30028867004882365
919 920 -0.38280937673294857
919 3605 0.8245919310998864
919 3620 0.7497311961764939
919 3455 -0.7940966977212405
919 3470 0.924496289564793
919 3485 -0.7501087131930946
919 3500 0.8909978025886454
919 3515 -0.2714303292850395
919 3530 0.5929328389567166
919 3545 -0.501609934152611
919 3560 0.40944738505087597
919 3575 0.606104738017083
919 3590 -0.4224081069921839
920 3785 -0.34221759521632444
920 3800 -0.4641468922476579
920 3635 -0.008517295133941394
920 3650 0.7865064461399458
920 3665 -0.7690762065417758
920 3680 0.2635777069539358
920 3695 -0.17915395493692343
920 3710 -0.01129620494049477
920 3725 -0.9049602867416289
920 3740 0.2129697800154371
920 3755 0.11068781290183116
920 3770 0.5669961205040572
933 934 0.3180145234147509
933 948 0.9783566048133816
933 3425 0.20667770322198709
933 3440 -0.5917113203428992
933 3365 0.2073458873169225
933 3380 -0.9766347547114973
933 3395 -0.5991995970593849
933 3410 0.5880401793632333
934 935 -0.43261657282838106
934 949 -0.12866641440721316
934 3605 0.09050532575681114
934 3620 0.4997032781464963
934 3455 -0.10980141724643211
934 3470 0.326151670021972
934 3486 -0.8182450389554266
934 3501 0.13134605016044087
934 3516 -0.4502556725055664
934 3531 0.3143884525956424
934 3545 0.22732473588237956
934 3560 -0.18207941928069937
934 3575 0.07545875512611966
934 3590 -0.36672509303057166
935 950 -0.02749425225876867
935 3785 -0.6426582167338928
935 3800 -0.7512304273827057
935 3635 0.27481821773433035
935 3650 0.752898922815965
935 3666 -0.8542818867018054
935 3681 -0.00022532843966116545
935 3696 0.24521552997647
935 3711 0.9067056878809729
935 3725 0.3289808525497586
935 3740 0.8009352947873198
935 3755 -0.6689927991334537
935 3770 0.2858584153632797
948 949 -0.7608258614221719
948 3425 0.9913076211680862
948 3440 -0.052053898432872225
948 3365 0.35878331171477895
948 3380 -0.0345708381564116
948 3395 0.21996531972109934
948 3410 -0.8432416002377303
949 950 -0.3058580439045284
949 3605 0.6944162434578192
949 3620 -0.2889352560996046
949 3455 0.14794571469946804
949 3470 -0.8965106718930986
949 3486 -0.6126659656744058
949 3501 -0.8293339119949477
949 3516 -0.7907588401549845
949 3531 -0.25652437457641364
949 3545 -0.2285632105000459
949 3560 -0.15465642100411747
949 3575 0.6223842235502326
949 3590 -0.16115499450108173
950 3785 -0.5895578249060991
950 3800 -0.4738897039439456
950 3635 0.003114975655063912
950 3650 -0.2557921283938387
950 3666 0.6731219302614255
950 3681 0.8430751853693685
950 3696 0.9570679135529419
950 3711 0.3874014449697798
950 3725 0.23986402256387374
950 3740 -0.5372975553360477
950 3755 -0.17280225515809122
950 3770 0.2788990362813768
963 964 0.5417366580974612
963 978 0.14090795230196207
963 3425 -0.8907874892462722
963 3440 -0.9205404351290123
963 3455 0.12461383776820067
963 3470 0.18084907295274255
963 3486 0.42879195425200467
963 3501 -0.7718215915068845
963 3516 -0.09985538127516369
963 3531 -0.7913396302052476
963 3545 0.5830613323134166
963 3560 -0.6425981932051652
963 3395 -0.7586895495566619
963 3410 -0.05828258762551397
964 965 -0.7664339047215409
964 979 0.39003628814848623
964 3605 -0.8816232611951826
964 3620 -0.4163945889578986
964 3635 0.9332040705369322
964 3650 0.6557416419107951
964 3666 -0.011480466185053384
964 3681 -0.8851521054212641
964 3696 0.4695207629336915
964 3711 0.4196499300188108
964 3725 -0.5352925120737262
964 3740 0.929160681167227
964 3575 0.9283495689432169
964 3590 -0.784625801539131
965 980 -0.4189707114521837
965 3785 -0.8314934911145699
965 3800 -0.15299517490732484
965 3815 0.8067446239292719
965 3830 -0.7631046368829317
965 3846 -0.2048763113437173
965 3861 0.021885839595832568
965 3876 -0.2675256133326378
965 3891 -0.6408808581163805
965 3755 -0.47394650650187775
965 3770 -0.37028797737461794
978 979 0.29747316852115824
978 3425 -0.23703068253146253
978 3440 0.09747413743474409
978 3455 -0.9467202194458229
978 3470 -0.6416506858802751
978 3486 0.5862410689982669
978 3501 0.5199308609935949
978 3516 0.9214078521723836
978 3531 0.8706970538820054
978 3545 0.8208745905654793
978 3560 -0.5176109413271552
978 3395 0.21176779452651684
978 3410 -0.16483311049898508
979 980 0.10029284429612817
979 3605 0.9618902633611799
979 3620 0.8195316241787558
979 3635 -0.41150926476963745
979 3650 -0.35617624126953906
979 3666 0.53857294756538
979 3681 0.7176462466849456
979 3696 -0.6483644807982394
979 3711 -0.8750578676987906
979 3725 0.043095696175713405
979 3740 -0.13091643057557723
979 3575 0.669014225174051
979 3590 -0.795180179068276
980 3785 0.11896596431904682
980 3800 0.19788037629973498
980 3815 0.1587684056667582
980 3830 0.31887311384322614
980 3846 0.9396948780637966
980 3861 -0.5728932323206173
980 3876 -0.3668907570429283
980 3891 0.7479598308770836
980 3755 0.04227573739109758
980 3770 0.637759358766421
993 994 -0.6517834244365266
993 1008 -0.5340070332064379
993 3426 0.30161721152591103
993 3441 -0.4780759415342508
993 3456 0.6656061007148839
993 3471 0.9592250159668851
993 3486 -0.557875949351597
993 3501 0.3831756046149879
993 3516 -0.8946855712733752
993 3531 -0.855177824324892
993 3545 -0.9954018167711687
993 3560 -0.7649829695468287
993 3395 -0.09105651553138161
993 3410 0.6844756039506616
994 995 -0.2521325634661018
994 1009 -0.8821813285176379
994 3606 -0.21986174422715354
994 3621 0.3965168574817164
994 3636 -0.9948854112462733
994 3651 0.16462657749937626
994 3666 -0.5248573121691689
994 3681 0.6248243126503044
994 3696 -0.2906385047583879
994 3711 -0.8569825610492725
994 3725 0.6078958024901286
994 3740 -0.8588646235036321
994 3575 0.13815832969981146
994 3590 -0.5227475933940031
995 1010 -0.5434770864017753
995 3786 0.25334944321944075
995 3801 -0.818540379110291
995 3816 0.20595193155345126
995 3831 -0.9565628201159133
995 3846 -0.6377033354519974
995 3861 -0.23869967061467068
995 3876 -0.9364918045902906
995 3891 0.06960070328762447
995 3755 -0.12028087245887265
995 3770 -0.5619386639821955
1008 1009 0.5505327141837641
1008 3426 -0.28152435359301076
1008 3441 0.7443700675324469
1008 3456 0.661794408791607
1008 3471 0.5408156974973883
1008 3486 0.03882892111346514
1008 3501 -0.03699976880366451
1008 3516 0.12834531834179197
1008 3531 -0.25162237112351726
1008 3545 0.1951379074137125
1008 3560 0.8822279906630779
1008 3395 -0.8093433137330839
1008 3410 -0.9209787135646181
1009 1010 0.3501941399779691
1009 3606 -0.1218968269397549
1009 3621 -0.5032971933664472
1009 3636 -0.8842903207807737
1009 3651 0.8556535928321496
1009 3666 -0.7881139942919986
1009 3681 0.8293753455191668
1009 3696 0.06247236116926769
1009 3711 -0.4006275592331452
1009 3725 0.6490315951455892
1009 3740 -0.9264172347225854
1009 3575 0.9088423550105043
1009 3590 0.9744721749106995
1010 3786 -0.5106351165911533
1010 3801 -0.7743160221571892
1010 3816 -0.02485063113654329
1010 3831 0.8633790054043147
1010 3846 -0.31575821876055077
1010 3861 0.701419941915431
1010 3876 -0.4335282955132538
1010 3891 -0.0024691186795098297
1010 3755 0.8798430117438496
1010 3770 -0.5108440417403695
1023 1024 0.32191522675609185
1023 1038 0.02914804604774268
1023 3426 -0.441730872586402
1023 3441 -0.7083787865180136
1023 3456 0.6030398113308533
1023 3471 0.4079073426578541
1023 3486 -0.9885511554676403
1023 3501 0.06374530323812588
1023 3365 -0.3287284565234543
1023 3380 -0.10206704221939211
1023 3395 -0.5867544972200964
1023 3410 -0.5157450780558994
1024 1025 -0.4820930120240059
1024 1039 -0.6690640829955361
1024 3606 0.48624603351709506
1024 3621 0.7866687098692702
1024 3636 -0.7202549599869823
1024 3651 -0.9325846433217588
1024 3666 0.4183976071512223
1024 3681 0.04808440020765836
1024 3516 -0.446556387955076
1024 3531 -0.5423261195693876
1024 3545 -0.41298775321529724
1024 3560 -0.2941617625852795
1024 3575 -0.9852285007007122
1024 3590 -0.5436784253154607
1025 1040 0.9658750448778466
1025 3786 -0.3725517996916359
1025 3801 0.25803245558229215
1025 3816 0.08022652083948345
1025 3831 0.9322014664567202
1025 3846 0.290636017386543
1025 3861 0.2899907106317485
1025 3696 -0.05989335766323012
1025 3711 -0.3077954965319416
1025 3725 0.030249014620203907
1025 3740 0.6588810855987326
1025 3755 -0.9041290743388195
1025 3770 0.46255873533022007
1038 1039 -0.21218229536716748
1038 3426 -0.7954137466069411
1038 3441 -0.8843734355862811
1038 3456 0.3962429416426896
1038 3471 -0.5891754488634691
1038 3486 -0.7726664129402125
1038 3501 0.5832034008435478
1038 3365 0.3941215904110549
1038 3380 -0.5146612147449201
1038 3395 -0.8786727419966152
1038 3410 0.972921849785781
1039 1040 -0.5374919674963583
1039 3606 0.5532239413146012
1039 3621 0.3755923248950499
1039 3636 0.9679509337534491
1039 3651 -0.5184263338138737
1039 3666 -0.3100223931253572
1039 3681 0.2789767964009251
1039 3516 0.8760888046272173
1039 3531 -0.05353829083045425
1039 3545 -0.8151253098967441
1039 3560 -0.8861210748692494
1039 3575 0.20605155594668845
1039 3590 0.722931867956869
1040 3786 -0.5283697560525296
1040 3801 0.13049530315790436
1040 3816 -0.22601526292508645
1040 3831 0.053563838667175734
1040 3846 -0.3836169950270587
1040 3861 -0.28734979055305
1040 3696 -0.7414036524826315
1040 3711 0.9386114583177994
1040 3725 -0.6225765431188601
1040 3740 0.6651760484119924
1040 3755 -0.5803268061168734
1040 3770 0.4271994916601827
1053 1054 0.3136714758426562
1053 1068 -0.5240597798980549
1053 3426 0.11244912409991126
1053 3441 0.28663894346446517
1053 3456 0.7369594799775745
1053 3471 0.9086068103688678
1053 3486 0.8745201530251214
1053 3501 0.8492737814546474
1053 3366 0.18121329993969315
1053 3381 -0.8040181598818559
1053 3396 -0.6363631767786764
1053 3411 -0.018933529194596455
1054 1055 0.7631969693273406
1054 1069 -0.546849687175246
1054 3606 0.737916073433392
1054 3621 0.7262303256560076
1054 3636 0.12865642235929897
1054 3651 0.3808169249794575
1054 3666 -0.8989932317731433
1054 3681 -0.6446066634692325
1054 3516 -0.37714412290487154
1054 3531 -0.8112025694321252
1054 3546 -0.8335197018118756
1054 3561 -0.17610484843107033
1054 3576 -0.6710189740106118
1054 3591 -0.6872751844676497
1055 1070 -0.3591422013581287
1055 3786 -0.6520166905567166
1055 3801 -0.5566911014722857
1055 3816 -0.3927600632795061
1055 3831 -0.5909032134321963
1055 3846 -0.9182085637392097
1055 3861 0.3915227474603591
1055 3696 -0.468992441095224
1055 3711 -0.6793943746887094
1055 3726 -0.17100238996552042
1055 3741 0.13986451477712314
1055 3756 0.7451410887641907
1055 3771 -0.7347626062519415
1068 1069 0.2964608896453833
1068 3426 0.7999626685536885
1068 3441 -0.9296201315299086
1068 3456 0.20122853818207997
1068 3471 -0.13191490863040722
1068 3486 -0.888512363064258
1068 3501 -0.9992846805354081
1068 3366 -0.48359428514159597
1068 3381 -0.18777107664601367
1068 3396 -0.7902835329858657
1068 3411 0.8318207165976559
1069 1070 -0.14862572660095097
1069 3606 0.22107549352061362
1069 3621 -0.6713996957797717
1069 3636 -0.8224638217497482
1069 3651 -0.2292000654380817
1069 3666 0.44126853483808026
1069 3681 0.7378387143421794
1069 3516 0.25040295240487165
1069 3531 -0.9348343916796282
1069 3546 -0.47942679134555366
1069 3561 0.6815887208891862
1069 3576 -0.24340820698199717
1069 3591 -0.7772560835074396
1070 3786 -0.7054643681722998
1070 3801 0.5804544805236045
1070 3816 -0.46356636527381223
1070 3831 0.9363257480118343
1070 3846 0.07837533115070316
1070 3861 -0.8812443309521998
1070 3696 -0.2474106228919366
1070 3711 -0.5647016857210307
1070 3726 0.13121669504671973
1070 3741 -0.35938180632527184
1070 3756 -0.5976530677913994
1070 3771 0.40004812998058026
1083 1084 0.9371640446078091
1083 1098 0.1746370824434944
1083 3426 0.8150348715380167
1083 3441 -0.8845168341275693
1083 3366 -0.019609905274196926
1083 3381 0.707131557984686
1083 3396 0.05592698489664305
1083 3411 -0.16443286994529016
1084 1085 -0.6771704423561573
1084 1099 -0.7611291584749555
1084 3606 -0.0949072041253074
1084 3621 0.8769878538209572
1084 3456 -0.6991436476137802
1084 3471 0.801049482916659
1084 3486 -0.21693316017712228
1084 3501 -0.2736131279089895
1084 3516 0.6470072129485076
1084 3531 0.9886570376901451
1084 3546 0.2796155916199874
1084 3561 -0.4132514504434315
1084 3576 -0.6709535497229069
1084 3591 0.4086108334152383
1085 1100 -0.8173654529518273
1085 3786 -0.257405859230442
1085 3801 -0.636908716993954
1085 3636 0.22078702816249374
1085 3651 -0.8069634158900958
1085 3666 0.229512215705727
1085 3681 -0.7537349727969984
1085 3696 -0.5942978688390101
1085 3711 -0.44127253306178416
1085 3726 0.054607827347060045
1085 3741 -0.6351853981766584
1085 3756 0.9696333436519335
1085 3771 0.9257501782326945
1098 1099 -0.9364736681346739
1098 3426 -0.5112701092692726
1098 3441 0.19076580364603668
1098 3366 0.13594231035747484
1098 3381 -0.8270681282943133
1098 3396 0.13548053287560058
1098 3411 0.04361211334989035
1099 1100 0.9909899633522188
1099 3606 -0.8909040563814494
1099 3621 -0.18808962865584578
1099 3456 0.8021387111856235
1099 3471 -0.745411980532177
1099 3486 -0.7509457466108058
1099 3501 0.06101242765915482
1099 3516 0.06411357096021897
1099 3531 0.46219062495182106
1099 3546 0.9373005188744665
1099 3561 0.9165593774045493
1099 3576 -0.4961155988238386
1099 3591 0.7910172321386706
1100 3786 0.40302914485486174
1100 3801 0.5342149162476495
1100 3636 -0.5658005948888529
1100 3651 -0.2133263500653182
1100 3666 -0.9249868879290766
1100 3681 0.947879255275192
1100 3696 -0.2270406759485355
1100 3711 -0.06875291148126395
1100 3726 -0.33756845146612235
1100 3741 -0.9485853653699572
1100 3756 0.5600926717689767
1100 3771 -0.6324104172004796
1113 1114 -0.44777719448104736
1113 1128 -0.7514114976172859
1113 3426 0.11504981894946087
1113 3441 -0.2701412287960152
1113 3366 0.2226950318932277
1113 3381 0.9172014938372304
1113 3396 0.23353752614540202
1113 3411 0.6580009466343228
1114 1115 -0.7627501383714923
1114 1129 -0.4510485394263035
1114 3606 0.6385203565327584
1114 3621 0.27970698013137385
1114 3456 -0.14468176042554193
1114 3471 -0.5475724162540492
1114 3546 -0.8792596000313126
1114 3561 -0.19580679314591776
1114 3576 -0.46402536793475546
1114 3591 0.8674635408428994
1115 1130 -0.8705183065102422
1115 3786 -0.06138335332311451
1115 3801 -0.23253834739910006
1115 3636 0.1956422296716922
1115 3651 -0.5880198465715034
1115 3726 -0.5211038503531742
1115 3741 0.7374836297832816
1115 3756 -0.1418525207229806
1115 3771 0.9653836913016751
1128 1129 -0.26559490862460944
1128 3426 0.7114778768145829
1128 3441 0.9851691091316583
1128 3366 0.6896468152325124
1128 3381 -0.9654553402866555
1128 3396 0.8316569264200404
1128 3411 0.7920930415151177
1129 1130 -0.38658846919335765
1129 3606 -0.7320983296894357
1129 3621 0.3346175981667596
1129 3456 0.14154992591291315
1129 3471 0.4083734010850437
1129 3546 -0.10152940053385096
1129 3561 0.3289296949148679
1129 3576 -0.32238096528693494
1129 3591 -0.9984547851595564
1130 3786 -0.6485343652111726
1130 3801 -0.21023476619989756
1130 3636 -0.9293769246240626
1130 3651 0.9858435093967601
1130 3726 0.45078530485924095
1130 3741 -0.8035729198393229
1130 3756 0.29837019933976117
1130 3771 -0.2995636378898592
3364 3365 0.8991562565126885
3364 3379 -0.010039789356316664
3365 3366 -0.33680140334477504
3365 3380 -0.3772151219513009
3366 3381 -0.925428151504851
3379 3380 0.8592560599544756
3380 3381 0.42144084965499684
3394 3395 -0.05548153391280053
3394 3409 0.3376184442230181
3395 3396 -0.6009838606978821
3395 3410 0.23142951476184925
3396 3411 0.15458446038815188
3409 3410 -0.5560865623219555
3410 3411 -0.4977579413980724
3424 3425 -0.17760178818690053
3424 3439 0.3336800159537583
3425 3426 -0.7337611104983996
3425 3440 -0.4655775792372905
3426 3441 -0.853426223834117
3439 3440 0.8868369011402655
3440 3441 -0.8489858300269497
3454 3455 -0.07253625388988438
3454 3469 -0.5077279891025619
3455 3456 0.02775267441526985
3455 3470 0.3152809070472533
3456 3471 0.44696496798102014
3469 3470 0.6175449063480027
3470 3471 -0.09035149292478017
3484 3485 0.543128473566763
3484 3499 -0.45002304476466115
3485 3486 0.27370268845395507
3485 3500 0.35158027475002074
3486 3501 0.2658090299061804
3499 3500 -0.7464451226416227
3500 3501 -0.6279323019682723
3514 3515 0.6906687248078838
3514 3529 -0.6392999938709494
3515 3516 0.4798931692198851
3515 3530 0.5380076986798783
3516 3531 0.7357352593390247
3529 3530 0.29487508156640385
3530 3531 -0.6333566143656837
3544 3545 0.3527265480408608
3544 3559 0.4499134718445148
3545 3546 -0.06648414714895079
3545 3560 0.7558368018201262
3546 3561 -0.019984962829836972
3559 3560 -0.7664433670556581
3560 3561 0.711001546885321
3574 3575 -0.12726151241629213
3574 3589 0.6915662437844925
3575 3576 -0.09350211989734314
3575 3590 0.8690771208249486
3576 3591 0.8234471376920403
3589 3590 -0.2826975724659395
3590 3591 0.38822788538726427
3604 3605 -0.1350330588854627
3604 3619 0.07776123314477235
3605 3606 -0.43639349080015877
3605 3620 -0.8413373423845971
3606 3621 -0.5278722473829203
3619 3620 -0.5560663427489207
3620 3621 -0.5702857002399051
3634 3635 -0.8098886832847458
3634 3649 -0.536344714372063
3635 3636 -0.9606360155119691
3635 3650 0.992055471429675
3636 3651 0.9761524775983033
3649 3650 -0.2805458205679192
3650 3651 0.07486659520279537
3664 3665 0.9631156845817894
3664 3679 -0.8125260724762331
3665 3666 0.18203764871448902
3665 3680 0.5932075761750628
3666 3681 0.7551520158223417
3679 3680 -0.9540690339639308
3680 3681 0.7736116537042508
3694 3695 0.2248143471964832
3694 3709 0.5260452051988298
3695 3696 0.040303185615674364
3695 3710 0.039022576433880296
3696 3711 0.0987488955619229
3709 3710 0.5298234105473358
3710 3711 0.07630302510296971
3724 3725 -0.6449979083353692
3724 3739 -0.4275188437462405
3725 3726 0.25158091488653844
3725 3740 -0.9964217293680189
3726 3741 -0.5288866680089224
3739 3740 -0.24254551300268146
3740 3741 -0.9430406195129808
3754 3755 -0.09756362413775066
3754 3769 0.431693764425114
3755 3756 -0.7034822618376975
3755 3770 0.47195797237905857
3756 3771 0.7303298619491336
3769 3770 0.6279942780202232
3770 3771 -0.9236955586103199
3784 3785 -0.3361677451192413
3784 3799 0.028410503535953646
3785 3786 0.10048886298046766
3785 3800 0.8149552442076147
3786 3801 -0.9915292888091036
3799 3800 -0.26730991413484917
3800 3801 0.221634779093145
3814 3815 -0.32669730168781697
3814 3829 0.9196133296841627
3815 3816 -0.5549550632967064
3815 3830 -0.6845606465349825
3816 3831 0.4819462070746863
3829 3830 0.9535542856131336
3830 3831 0.4735115215203167
3844 3845 0.5576151590261387
3844 3859 -0.6017707096201323
3845 3846 0.1331811172629298
3845 3860 -0.6819971110682745
3846 3861 -0.8050946083971753
3859 3860 0.4324361847399525
3860 3861 0.6785423506703687
3874 3875 0.42020437289737367
3874 3889 -0.02426980509179666
3875 3876 -0.6244892508239424
3875 3890 -0.15267057821751107
3876 3891 0.5129900908184706
3889 3890 0.09622849952441626
3890 3891 0.24385952307418712
