# 
603 603 1.7284828272925061
604 604 -2.9968682816719063
605 605 2.7339746941595537
618 618 -3.2516460665012072
619 619 -3.0824008109448346
620 620 2.3604058656603035
633 633 0.4877305642186629
634 634 -2.1882411244538567
635 635 -2.1302595497803773
648 648 1.548941741339604
649 649 3.2141734379790314
650 650 1.314583522933586
663 663 -0.06843596492768267
664 664 0.2724797921591451
665 665 -1.073335760696553
678 678 3.9675759671692052
679 679 1.138143710427764
680 680 2.5521714360376038
693 693 -0.17226046282002994
694 694 -3.0421206694280576
695 695 -3.6357220417010456
708 708 2.837650963370452
709 709 2.3930312344841074
710 710 -1.732650596590866
723 723 -1.383673291726926
724 724 3.4957935194211682
725 725 -3.492274023805731
738 738 3.2984894036065286
739 739 -3.595905328122125
740 740 3.8397737008817696
753 753 -0.0638572301267093
754 754 -3.8947601312816786
755 755 -2.339937516337862
768 768 2.919296202206091
769 769 -3.8315216377968566
770 770 0.24248089922505134
783 783 0.9260269153271059
784 784 -2.4735401340146543
785 785 2.577686357048279
798 798 0.18367821284627706
799 799 -2.2369510109731676
800 800 -1.841373089374895
813 813 -0.7248925490973521
814 814 -0.6756522017798723
815 815 -0.3493499067874932
828 828 -2.822653418183587
829 829 1.1879031746988344
830 830 2.177436988119382
843 843 -1.8035624472076126
844 844 1.7917679820386008
845 845 -1.2805219680162123
858 858 1.6141181589825937
859 859 -2.841727603810001
860 860 1.5685708527919315
873 873 -2.057655864423036
874 874 -2.2480237979232793
875 875 -2.6770096157308476
888 888 1.866384339378758
889 889 2.6987124994441576
890 890 3.060640034177454
903 903 1.114485699637834
904 904 -3.0826868744496556
905 905 3.116039110353955
918 918 -1.8782938590440992
919 919 -0.2041673230242882
920 920 3.1195051908166143
933 933 1.5517651639426067
934 934 -0.1288470889397546
935 935 -2.5433367467849948
948 948 -0.36592096045103784
949 949 2.702398579423652
950 950 3.135954953972541
963 963 -0.6451328502050142
964 964 0.03462769509007746
965 965 -1.4450559887065193
978 978 0.5702050226557605
979 979 0.5472208679574706
980 980 0.10435373541909954
993 993 0.2007108839418965
994 994 3.8390192539673835
995 995 0.9389725828022568
1008 1008 3.7242355341466453
1009 1009 -2.4747058202690297
1010 1010 -3.372601873331339
1023 1023 2.4424995868788058
1024 1024 -1.9083078422893252
1025 1025 0.6587499742450369
1038 1038 -1.0558404315255157
1039 1039 -3.1108639986646134
1040 1040 2.598490448345988
1053 1053 -2.357066571989007
1054 1054 -0.9173984222105682
1055 1055 -3.285710529580748
1068 1068 1.8613536695181558
1069 1069 3.3274303324275953
1070 1070 -0.3858258575725646
1083 1083 -2.085428025560481
1084 1084 -1.7142658376935893
1085 1085 -3.5285260648775028
1098 1098 1.295224246042741
1099 1099 -3.2336095411194368
1100 1100 -1.1135414944934183
1113 1113 -2.393516780926598
1114 1114 -1.6752942103366797
1115 1115 2.934812626717954
1128 1128 -2.568077460514383
1129 1129 -3.089762591355325
1130 1130 -3.8130962783256397
3364 3364 -1.5277524045981918
3365 3365 2.8924105828515545
3366 3366 -1.9778385782924746
3379 3379 -0.1504119086512068
3380 3380 1.420182250407949
3381 3381 0.9144950482989929
3394 3394 3.476167375208453
3395 3395 3.623478257971678
3396 3396 -1.5614972809706664
3409 3409 3.0333078770458917
3410 3410 0.3588331886868321
3411 3411 -1.192739158370114
3424 3424 0.7513704946608577
3425 3425 -1.144705650173755
3426 3426 3.0763359580347958
3439 3439 -1.2291026402822327
3440 3440 -0.009851329225092798
3441 3441 -0.6426050780450066
3454 3454 2.877860474879789
3455 3455 3.836015168902086
3456 3456 2.7369283996919505
3469 3469 1.2854818072011351
3470 3470 -1.574446850972639
3471 3471 3.5010449282666096
3484 3484 0.6390351567642902
3485 3485 3.2660231633541397
3486 3486 -0.27789790960329697
3499 3499 -1.453083543060199
3500 3500 3.777435684610322
3501 3501 -0.15133466544843888
3514 3514 1.6785619594244023
3515 3515 0.22524374237989697
3516 3516 -0.815479104572967
3529 3529 1.6819341300921762
3530 3530 1.3092040824663584
3531 3531 -1.0988545575914221
3544 3544 -1.9592211544364702
3545 3545 -1.8201138689823289
3546 3546 2.1738069535348847
3559 3559 -0.15778839955088308
3560 3560 0.7720883485617627
3561 3561 -2.694038204354661
3574 3574 -3.2375368585718993
3575 3575 3.178400252917439
3576 3576 -3.855481462003646
3589 3589 -2.6846161224886442
3590 3590 -2.8900253967223577
3591 3591 -0.5345127580377156
3604 3604 3.5134755443732146
3605 3605 2.691033176203735
3606 3606 -3.417980898650349
3619 3619 -0.5059723384455905
3620 3620 2.068445947038648
3621 3621 -2.962947763241159
3634 3634 1.6608229859253463
3635 3635 -0.011633424422290872
3636 3636 -2.103014346644092
3649 3649 3.1188783042036006
3650 3650 -2.4096834205286095
3651 3651 -2.0387363479297758
3664 3664 2.00512454084517
3665 3665 -0.2717345898004968
3666 3666 -0.8370034000658881
3679 3679 -3.1306694053496367
3680 3680 0.5431450901331365
3681 3681 -0.24116854422348055
3694 3694 1.2337498636140198
3695 3695 -1.409739492499332
3696 3696 3.62538298060524
3709 3709 -2.694124477837634
3710 3710 3.0249919599942956
3711 3711 2.348074911146673
3724 3724 -3.903492221227249
3725 3725 -1.2470307577732047
3726 3726 2.467095017146182
3739 3739 3.700827986726079
3740 3740 1.4189769634316782
3741 3741 1.8887481746718287
3754 3754 3.2971220568560566
3755 3755 2.351433963423374
3756 3756 3.166974955066469
3769 3769 -2.745747814633657
3770 3770 2.946660919123639
3771 3771 1.890578702073757
3784 3784 -2.1715256192380314
3785 3785 2.720953070432728
3786 3786 -3.1774671785195503
3799 3799 2.9444417109974452
3800 3800 -1.418802569932117
3801 3801 -2.5940469796420222
3814 3814 -3.2563060315723744
3815 3815 3.344324945650694
3816 3816 -1.5054447170986762
3829 3829 2.414601435003455
3830 3830 2.039329132928702
3831 3831 -3.430218852422006
3844 3844 -3.480285341483242
3845 3845 2.0149168072771504
3846 3846 -3.2571897575205835
3859 3859 0.8553815054291984
3860 3860 0.2348602025561206
3861 3861 -1.3248154232311231
3874 3874 0.3919316528878545
3875 3875 2.7278932375877982
3876 3876 -1.493710388096133
3889 3889 2.234520967845479
3890 3890 2.1240118056919393
3891 3891 3.6993925832349186
603 604 -0.5112144160526062
603 618 -0.07953156911592174
603 3484 -0.40331173996364167
603 3499 0.4655433415834398
603 3514 0.89776955769577
603 3529 -0.26525612350794936
604 605 0.5456973079773315
604 619 -0.4667315307811246
604 3664 -0.6211430100699635
604 3679 -0.2806463969614328
604 3694 -0.16068868769637423
604 3709 0.8856984427437213
605 620 0.8257394714119421
605 3844 -0.2604486154615482
605 3859 -0.163718488994391
605 3874 0.6161159111484291
605 3889 0.6931001872994171
618 619 -0.566267253691972
618 3484 -0.7783259147346928
618 3499 -0.9577146848525477
618 3514 -0.1780086856459171
618 3529 0.8591810520994758
619 620 -0.6727180755670767
619 3664 -0.23699131270775098
619 3679 -0.06034544843342515
619 3694 -0.5238155210056055
619 3709 0.09407393033734412
620 3844 -0.2320323108723943
620 3859 0.4184792010609961
620 3874 0.3291953408408814
620 3889 0.412765457939712
633 634 -0.6014033852593497
633 648 -0.2553795852249121
633 3424 -0.7799793487214262
633 3439 -0.43524870689771866
633 3454 0.9817065570020851
633 3469 0.6777174609526109
633 3484 -0.3314148269678123
633 3499 0.2692049276498334
633 3514 0.3667903407319648
633 3529 0.23115398538364507
634 635 -0.48319167079130954
634 649 0.0337892316042665
634 3604 -0.29071286364548254
634 3619 -0.6013225816406487
634 3634 0.8928710483704523
634 3649 -0.010186823127004585
634 3664 0.7684763878216019
634 3679 0.4240940552460073
634 3694 -0.018379356286306603
634 3709 0.7236817482849924
635 650 -0.44361020348586044
635 3784 0.9888115836271354
635 3799 -0.11016318983582352
635 3814 -0.9434068564951683
635 3829 0.3834362241617226
635 3844 -0.43511065615838973
635 3859 0.8427493854026051
635 3874 0.0355553341890229
635 3889 0.39955181367538306
648 649 -0.7703492705609905
648 3424 -0.4122897146945246
648 3439 -0.31108310837221587
648 3454 -0.11812614103100838
648 3469 -0.621696315089385
648 3484 0.05368846893311274
648 3499 -0.7468081668580955
648 3514 0.910059058730037
648 3529 0.14705262643385275
649 650 0.4557890270700544
649 3604 0.765418419898457
649 3619 -0.12139988240510458
649 3634 0.15580526607352674
649 3649 0.09360683334413467
649 3664 0.8731683241900219
649 3679 -0.575266828770489
649 3694 0.9510171693817968
649 3709 0.47644586290416746
650 3784 -0.9419037042570828
650 3799 0.9044747675671803
650 3814 -0.6362793432160605
650 3829 -0.4421440020305849
650 3844 -0.19624397136113636
650 3859 0.055395898227549534
650 3874 -0.12264496538761116
650 3889 -0.02841028980111049
663 664 -0.40350880534160516
663 678 0.10516651016046041
663 3424 -0.9841975583070153
663 3439 -0.528832021173161
663 3454 0.7793262745956757
663 3469 0.009165796994608622
663 3484 0.3292033860147743
663 3499 0.022852120119869257
664 665 0.7755249711268584
664 679 0.4401488248576646
664 3604 -0.46674947087882823
664 3619 0.8364823499369634
664 3634 -0.32816913664310454
664 3649 0.1771075178418493
664 3664 -0.6414561800115741
664 3679 0.05312899440968155
664 3514 0.3739022096029334
664 3529 -0.7936488331856362
665 680 0.8487391223893945
665 3784 0.9664729391752
665 3799 -0.894333448072004
665 3814 0.29137529463863654
665 3829 -0.830553892914546
665 3844 0.5778713089704306
665 3859 -0.07925702754975528
665 3694 -0.5479917625965804
665 3709 -0.025337983200639735
678 679 -0.07453442058876547
678 3424 -0.3449792091772139
678 3439 -0.04270425645823117
678 3454 -0.6254236626230192
678 3469 -0.09057723491281533
678 3484 -0.3267471047135042
678 3499 0.7864532351574063
679 680 -0.0021076505872634765
679 3604 0.9427272316622823
679 3619 -0.23558797537458864
679 3634 0.4235679530911076
679 3649 -0.8550329182137102
679 3664 0.24018174650161672
679 3679 -0.6099229330117362
679 3514 0.3944843021764337
679 3529 -0.2357167004440952
680 3784 0.9912652464525031
680 3799 -0.8333371200804327
680 3814 0.38541686325391167
680 3829 -0.850015241738435
680 3844 0.8310616667567916
680 3859 -0.240512122586807
680 3694 0.5840525421884115
680 3709 -0.22280652129932976
693 694 0.384687580480475
693 708 0.7541771965356998
693 3424 0.25853200668152243
693 3439 -0.8116672559536131
693 3454 0.9615312344395839
693 3469 -0.06401670836318218
693 3484 -0.44871431099289616
693 3499 0.04455848592295375
693 3364 0.9847285008293098
693 3379 -0.26515391754754836
693 3394 -0.9709816427095044
693 3409 0.07888003989196779
694 695 -0.7620132807796332
694 709 0.37412086570645253
694 3604 -0.12298022442643441
694 3619 0.582980836744319
694 3634 -0.4984447073499112
694 3649 0.2378740770822696
694 3664 -0.7719712668562533
694 3679 0.42388593214292514
694 3514 0.28609047619566264
694 3529 -0.4184069826203116
694 3544 0.5842541736839504
694 3559 0.4262841825164829
694 3574 0.3655095473140144
694 3589 0.48154791619552006
695 710 0.04071017201985172
695 3784 0.6394060338501457
695 3799 -0.10013250603212365
695 3814 -0.1136514423245738
695 3829 0.8645042172174338
695 3844 -0.9001398906574121
695 3859 0.07994072903953175
695 3694 -0.0907025873676579
695 3709 0.4836489182295931
695 3724 0.6458462506255505
695 3739 -0.7501591079231498
695 3754 -0.8673869341131748
695 3769 0.5751027206863439
708 709 -0.4970748461014245
708 3424 0.4230826657012827
708 3439 -0.9312600699548494
708 3454 -0.3254991265405145
708 3469 -0.5025039458107314
708 3484 -0.40965373983100983
708 3499 -0.717164980869146
708 3364 -0.4203629326751006
708 3379 -0.29973863282504887
708 3394 -0.8513730828402535
708 3409 0.025357058415317102
709 710 -0.35497321553430505
709 3604 -0.36725991788848344
709 3619 0.5033662745518124
709 3634 0.8611797163130774
709 3649 0.8361543876439839
709 3664 -0.6373683276896049
709 3679 0.39926831640845073
709 3514 0.33437386609775976
709 3529 -0.9069790358662102
709 3544 0.9272233216921821
709 3559 0.7082714516292572
709 3574 -0.9817389178786673
709 3589 -0.279372538733766
710 3784 -0.7895186556292757
710 3799 0.7938969091459516
710 3814 -0.12495512216234617
710 3829 -0.8034993375133599
710 3844 0.9899979130148249
710 3859 0.36349514348183787
710 3694 0.49787795068879226
710 3709 -0.23087338696050175
710 3724 -0.5475279906169834
710 3739 -0.6026171122774651
710 3754 -0.33443661529420754
710 3769 0.36746527687708586
723 724 -0.6515466992324881
723 738 -0.038462982203822715
723 3424 -0.03770504716190293
723 3439 0.15462253546465576
723 3364 0.43373793732596466
723 3379 0.2259593659678354
723 3394 -0.3770520457622144
723 3409 0.8666370729696968
724 725 -0.668942923696634
724 739 0.038909219300736764
724 3604 -0.5291565074476412
724 3619 -0.8728453308858901
724 3454 0.06609991517141078
724 3469 -0.4695486889056051
724 3484 0.22160662979080215
724 3499 0.5575669497251003
724 3514 -0.7741772162770781
724 3529 0.16067744732463907
724 3544 -0.643112751232819
724 3559 -0.6421788220927858
724 3574 -0.45403277533918573
724 3589 -0.9312154683345917
725 740 0.8114174653870745
725 3784 0.0223824625444482
725 3799 0.8083618138288575
725 3634 0.08120205547472792
725 3649 0.7388114297425894
725 3664 -0.6995389545891397
725 3679 0.2768436852134979
725 3694 0.6796394744174774
725 3709 0.7649066579237209
725 3724 0.9599994649184806
725 3739 0.5470714260639409
725 3754 0.7759654326172478
725 3769 0.5372828103481984
738 739 0.018119709656617244
738 3424 0.11416958229402918
738 3439 -0.19653209192990384
738 3364 0.3009864375519007
738 3379 -0.7772614115806866
738 3394 0.9248224514419761
738 3409 0.12447282230622791
739 740 -0.34717225846733224
739 3604 0.9166941950740981
739 3619 0.28943806591007104
739 3454 -0.760268694294916
739 3469 0.35629397837317067
739 3484 -0.5900656022819675
739 3499 0.17923084647822574
739 3514 -0.25819498256299234
739 3529 -0.824120688366218
739 3544 -0.15124583175278494
739 3559 0.5183705334290878
739 3574 0.8327359460422601
739 3589 -0.30085197509414585
740 3784 0.33762239294854135
740 3799 -0.17779105279346186
740 3634 -0.15798515003290814
740 3649 0.1509278963721703
740 3664 -0.0026526559688970774
740 3679 -0.28921383946403334
740 3694 -0.9371505806059679
740 3709 -0.4847750447219661
740 3724 0.11675924184796549
740 3739 -0.7507824483476013
740 3754 0.026699837155067296
740 3769 0.7333774259387533
753 754 0.7509408471913233
753 768 -0.7530799509539199
753 3424 0.6000019374719292
753 3439 0.6413239657815577
753 3364 0.6441728325706548
753 3379 0.2258630653896443
753 3394 -0.2364169705077961
753 3409 -0.09357455151451077
754 755 -0.25641801075416026
754 769 0.4883161341860174
754 3604 0.8347199880644331
754 3619 0.7161582659705865
754 3454 -0.4258731842777461
754 3469 0.780425038963797
754 3485 0.3615050132723834
754 3500 0.21951082582320547
754 3515 0.3456608482405572
754 3530 -0.2163529777166977
754 3544 0.1676246807587396
754 3559 -0.3818385731348226
754 3574 -0.733427424368349
754 3589 0.8668091003395717
755 770 0.9365031094908303
755 3784 0.8783903350869984
755 3799 0.586263777046125
755 3634 -0.7971905566786612
755 3649 0.16459926393267676
755 3665 0.6912765101351144
755 3680 -0.181296383604306
755 3695 0.1788483590991896
755 3710 0.18221415799552854
755 3724 0.4842635554012571
755 3739 0.21245383150862618
755 3754 -0.8760725086746015
755 3769 0.4009693817020259
768 769 0.01865038858133028
768 3424 -0.5532416904705668
768 3439 -0.334662669662086
768 3364 0.2966348259816558
768 3379 0.048844443740169385
768 3394 0.09010440183924051
768 3409 -0.601309516233818
769 770 -0.5481929190486967
769 3604 0.8743031617390575
769 3619 -0.405361241223847
769 3454 0.011230034211399564
769 3469 0.9248442554937684
769 3485 -0.4115013383286996
769 3500 0.7839120107916175
769 3515 0.47287628811451743
769 3530 0.8612723367439901
769 3544 -0.23103018229626704
769 3559 -0.4096838280789239
769 3574 -0.08347234655786528
769 3589 -0.9177522243473897
770 3784 0.5856447449195601
770 3799 0.5992496414465902
770 3634 -0.9627712574916303
770 3649 0.8987980363876071
770 3665 -0.34083823024514226
770 3680 -0.10669026340608134
770 3695 -0.7844833009754273
770 3710 -0.3349182809969884
770 3724 -0.5829228623870619
770 3739 0.0921520322355871
770 3754 0.9930538032371552
770 3769 0.8728868570238248
783 784 0.731104858219882
783 798 0.4224630615089222
783 3424 0.8849810147566304
783 3439 0.5432885930517799
783 3454 -0.13403960851144547
783 3469 0.8818515368618771
783 3485 0.08502179603674564
783 3500 -0.669532280734191
783 3515 -0.052289536918542545
783 3530 0.32746362168692134
783 3544 -0.62623779128239
783 3559 -0.22827037533375427
783 3394 0.5551604378139929
783 3409 0.956650984938479
784 785 -0.5307894340771073
784 799 0.649821918268183
784 3604 0.14530768293575091
784 3619 0.9745958033845932
784 3634 -0.012113244212493823
784 3649 0.6915436156883719
784 3665 -0.2406038087957323
784 3680 0.7364901718202959
784 3695 -0.06215839333418005
784 3710 0.31733071539311464
784 3724 0.9552283565276849
784 3739 0.48479637835893863
784 3574 0.6735785767071578
784 3589 -0.3954859182906503
785 800 -0.06208241515208246
785 3784 -0.21320275541170997
785 3799 -0.502316663858849
785 3814 -0.9049913733919643
785 3829 0.8568847899014178
785 3845 0.18862970809208002
785 3860 -0.25958344610693995
785 3875 -0.6756739063117325
785 3890 -0.6541930525221522
785 3754 -0.9564110254089222
785 3769 0.6827827641033262
798 799 -0.32783925135736514
798 3424 0.6653664612331587
798 3439 -0.33043877283426104
798 3454 -0.252852870061248
798 3469 0.16383087185894163
798 3485 -0.3647616840796355
798 3500 0.4486462742638324
798 3515 -0.08965028565275812
798 3530 -0.9547202312492267
798 3544 0.3382849450247174
798 3559 0.8021364460654605
798 3394 -0.34859993448388704
798 3409 0.5373824485639833
799 800 -0.794571357366076
799 3604 0.3113112889893792
799 3619 -0.6463723091551776
799 3634 -0.6430876448337035
799 3649 -0.7202385238762639
799 3665 -0.5980156914418802
799 3680 -0.18969656492607911
799 3695 -0.3111792112889187
799 3710 -0.9079449036087681
799 3724 -0.5430285001241895
799 3739 -0.29697539802129613
799 3574 0.6972965437321159
799 3589 0.9244643055586441
800 3784 -0.5575931197451274
800 3799 0.07923613630963566
800 3814 -0.49597014274857054
800 3829 -0.60747389749307
800 3845 -0.5242131064437443
800 3860 -0.4482924887057047
800 3875 0.8795523610475815
800 3890 0.8898805969025292
800 3754 -0.21363626674461744
800 3769 -0.29691356344099473
813 814 0.25234896557989517
813 828 0.9894744073250457
813 3425 0.7172631736325221
813 3440 0.696562648923061
813 3455 -0.09577937899486977
813 3470 -0.5690008720830502
813 3485 -0.650354684979509
813 3500 0.6242289529960823
813 3515 -0.03966588204866395
813 3530 -0.3880826546865299
813 3544 0.747195081792714
813 3559 0.125865619048537
813 3394 -0.8584005368634033
813 3409 -0.33909288175345553
814 815 0.690951204034147
814 829 -0.230985653135523
814 3605 -0.5957047254616463
814 3620 -0.7512174553510673
814 3635 -0.21462687215402299
814 3650 -0.9942215969317258
814 3665 0.10274190921757587
814 3680 -0.4899669047057029
814 3695 0.558577476332901
814 3710 0.4953950881790823
814 3724 0.5454010472346085
814 3739 0.46510958795889734
814 3574 -0.17861409983105103
814 3589 -0.42728743989650697
815 830 -0.8792755951411402
815 3785 0.23097973983945685
815 3800 0.8295973093933542
815 3815 0.16268956457528172
815 3830 -0.04514620293504201
815 3845 -0.18715450968499914
815 3860 -0.7988786969711597
815 3875 0.25144828805124675
815 3890 0.1749058014978233
815 3754 0.11451782583135084
815 3769 0.6964672576717679
828 829 -0.4130203061256674
828 3425 -0.2010184118136693
828 3440 0.12248643219883348
828 3455 -0.2631641441530528
828 3470 0.17430353096240725
828 3485 0.4842090462323001
828 3500 0.06161228374026817
828 3515 0.4731871241488894
828 3530 0.6334650449013908
828 3544 -0.6501606550907646
828 3559 -0.5411821390828067
828 3394 -0.8764092850082328
828 3409 0.06966237619636306
829 830 0.026688453828995984
829 3605 -0.23624297753526635
829 3620 0.6810547299613714
829 3635 -0.08794016948173211
829 3650 -0.20908325522177273
829 3665 0.564239039107941
829 3680 0.28257881718049704
829 3695 0.8422059529049275
829 3710 -0.954632295028139
829 3724 -0.04716555573417458
829 3739 -0.03643543696866636
829 3574 0.343832291534947
829 3589 -0.42712896945716805
830 3785 0.5707428525015368
830 3800 -0.4622137986957613
830 3815 0.01876913086011678
830 3830 0.12353018374311597
830 3845 -0.9495619472793517
830 3860 -0.7835854208499251
830 3875 0.2820002211491197
830 3890 -0.18935731669146372
830 3754 0.14896609760182478
830 3769 -0.1582912731919992
843 844 0.9459433711717604
843 858 0.7896597320048775
843 3425 0.7754588027545821
843 3440 -0.20376268082305327
843 3455 0.11359554801783256
843 3470 -0.3561319500012221
843 3485 -0.7850747777950091
843 3500 -0.639485333075561
843 3364 0.4063311654754882
843 3379 -0.2952176874750687
843 3394 -0.9609523104986359
843 3409 0.9869057684135691
844 845 -0.9966785078106766
844 859 0.00928352431000179
844 3605 0.5192394596934222
844 3620 -0.48507523379977546
844 3635 0.035716297253294504
844 3650 0.6325250119267649
844 3665 -0.23388804269867913
844 3680 -0.43927096088219075
844 3515 0.04105875946621085
844 3530 0.04518200168147035
844 3544 -0.34497170355026974
844 3559 -0.12599446351232757
844 3574 -0.4884426761895717
844 3589 -0.40452499542099973
845 860 -0.41784471271818857
845 3785 0.6201191630916427
845 3800 0.44646805044881566
845 3815 -0.5596569780077576
845 3830 0.5708975654097024
845 3845 -0.10412489682446369
845 3860 -0.6671896678598581
845 3695 0.45498119462649433
845 3710 0.18563416109494613
845 3724 0.3155916757114847
845 3739 0.37755005052371216
845 3754 0.27504715084516773
845 3769 0.36010239957093626
858 859 -0.30782180391715697
858 3425 -0.8164386615029418
858 3440 0.7836531997084557
858 3455 0.7373358722467906
858 3470 0.3664275009119853
858 3485 -0.2450057994785413
858 3500 0.058144901711587815
858 3364 -0.31468530153339525
858 3379 0.30818879648579167
858 3394 -0.7632941303011715
858 3409 -0.34117392230993593
859 860 0.7062485761326835
859 3605 -0.1537207738234423
859 3620 -0.8964158989748301
859 3635 -0.7551635206489122
859 3650 -0.22371586229194107
859 3665 0.44771771162022067
859 3680 -0.43134330352631456
859 3515 -0.6294221280662531
859 3530 0.3811765489328258
859 3544 -0.20389728669744156
859 3559 0.4940503726432566
859 3574 -0.7602815813872408
859 3589 0.10799007061578947
860 3785 0.5751087664425389
860 3800 0.16154595024788554
860 3815 -0.9167976231242481
860 3830 0.8901901968436359
860 3845 0.5069130781497735
860 3860 0.523739451827751
860 3695 -0.41145266044621454
860 3710 -0.2855774969551059
860 3724 -0.8140563805562036
860 3739 -0.6211705953904338
860 3754 -0.9180729865505213
860 3769 -0.4299765200818453
873 874 0.9284617497733325
873 888 -0.8347072236592996
873 3425 -0.663299229820665
873 3440 0.04212147498016683
873 3455 -0.11842429063788917
873 3470 -0.3931192218331492
873 3485 -0.3289957561748136
873 3500 0.09236356457316264
873 3365 0.8206912537121682
873 3380 -0.8761115993244908
873 3395 -0.5695353910448631
873 3410 -0.015315285351926056
874 875 0.47311311262251543
874 889 -0.07218615570416698
874 3605 -0.016208544305453598
874 3620 0.6926923084711283
874 3635 0.48133029558068907
874 3650 -0.8985333189602198
874 3665 0.9875251175353168
874 3680 0.425888820719609
874 3515 0.43682389205872973
874 3530 0.8581618143709497
874 3545 -0.5056435889011213
874 3560 -0.7946508669130834
874 3575 -0.6924304505715495
874 3590 -0.7536088141440884
875 890 0.14601851447110037
875 3785 -0.6416867585053112
875 3800 0.6635822148617432
875 3815 0.18992806213965774
875 3830 0.5306306746583438
875 3845 0.25661035286187683
875 3860 0.2626501024339942
875 3695 -0.7743114440038252
875 3710 -0.2526047696964455
875 3725 -0.5371380067585871
875 3740 -0.7139895907932836
875 3755 0.7496152549812383
875 3770 -0.815971374785154
888 889 -0.09608953348986393
888 3425 -0.6938009008519412
888 3440 -0.557062740121034
888 3455 0.9729727260708501
888 3470 0.5581249215272486
888 3485 0.9622379509395929
888 3500 -0.0033508712775387473
888 3365 0.4082455297015999
888 3380 -0.6788662791233371
888 3395 -0.03415605425310786
888 3410 -0.6288209826643278
889 890 0.7397679291052726
889 3605 0.2717341488578262
889 3620 -0.6647802527562776
889 3635 -0.8787176252109679
889 3650 0.18436610479560778
889 3665 -0.0008007059665946503
889 3680 -0.6684139014345669
889 3515 -0.7655571899704521
889 3530 -0.9971857982954524
889 3545 0.960339570147418
889 3560 -0.4421464556640655
889 3575 0.3964174754973737
889 3590 0.6023342118106121
890 3785 0.018976670984028665
890 3800 0.004821647620973035
890 3815 0.7103177089974841
890 3830 0.6163180230171403
890 3845 -0.6537199790882435
890 3860 -0.6911752339011643
890 3695 0.4346578015621867
890 3710 -0.7611949650513308
890 3725 -0.41638611439349305
890 3740 -0.28715245025350433
890 3755 0.9044576769891044
890 3770 0.6487516164420519
903 904 -0.34107831743832784
903 918 -0.3923921319767001
903 3425 0.3600753514879269
903 3440 -0.24042674337440229
903 3365 -0.20687331440535583
903 3380 0.020000989244453704
903 3395 0.2717010955030079
903 3410 -0.3293597592653954
904 905 -0.9863900463975228
904 919 -0.2482022672513191
904 3605 -0.8894041106971649
904 3620 -0.9068396196006903
904 3455 0.07393009236418813
904 3470 0.25857423070217056
904 3485 0.1491022159155313
904 3500 -0.5222491015514168
904 3515 0.9242420843622627
904 3530 0.7637592262154143
904 3545 0.40026983482833
904 3560 0.1827598650419371
904 3575 0.2131727594743642
904 3590 -0.4312498158963689
905 920 -0.5878008153060819
905 3785 -0.9286987282959989
905 3800 -0.20199910053211267
905 3635 0.09145990680451033
905 3650 0.24417374789583257
905 3665 -0.6442993021567109
905 3680 -0.3162895740171865
905 3695 0.41490043880745775
905 3710 -0.4999862672832698
905 3725 -0.40341809470819756
905 3740 0.6411333218795039
905 3755 -0.8255506515830764
905 3770 -0.6039841151298564
918 919 0.7337946125191317
918 3425 -0.8946944290514387
918 3440 -0.7544824081965533
918 3365 -0.653621528666267
918 3380 0.3899934398624676
918 3395 0.4531625185787276
918 3410 -0.15086876137012517
919 920 -0.6955454543788069
919 3605 -0.3785408811607116
919 3620 -0.06104170550368471
919 3455 -0.7187528562511445
919 3470 -0.48735484765283865
919 3485 -0.38614386306787973
919 3500 -0.2131688491580106
919 3515 0.8472667461870467
919 3530 -0.6518003758580093
919 3545 0.45221872678483677
919 3560 -0.17333087670306657
919 3575 -0.37465340361001376
919 3590 -0.5013615040495814
920 3785 -0.14317086385072098
920 3800 0.6042337235068267
920 3635 -0.97613169980086
920 3650 0.3913957887989168
920 3665 -0.022439769810070676
920 3680 -0.09749241462474512
920 3695 -0.27194703051223623
920 3710 -0.8056135040429768
920 3725 0.11860960217674843
920 3740 -0.8419434657083391
920 3755 -0.0706860767339923
920 3770 -0.9026877291157374
933 934 -0.6268541128096252
933 948 0.48951610335308304
933 3425 -0.2520286030602972
933 3440 0.7751052289692224
933 3365 -0.5476655931037371
933 3380 -0.3342736321858031
933 3395 -0.9552002656676624
933 3410 -0.11639980536057593
934 935 -0.24927136164321384
934 949 0.018168344840220563
934 3605 -0.32339739554858027
934 3620 0.3903616212327907
934 3455 -0.1615174940273163
934 3470 0.4734709698576691
934 3486 0.1390606989290506
934 3501 0.4307852691397118
934 3516 0.5388629092987889
934 3531 -0.3607249058084703
934 3545 -0.8953243152052239
934 3560 0.20106401048140943
934 3575 -0.5495464780456454
934 3590 -0.4842337582577134
935 950 0.8809245281738423
935 3785 0.651200434242803
935 3800 -0.22678270971290604
935 3635 -0.2023897494398308
935 3650 0.9021488595567946
935 3666 0.7381577348596615
935 3681 -0.44589537512097044
935 3696 -0.7515790373637918
935 3711 0.11203808010632921
935 3725 0.5184479827580657
935 3740 -0.9163083887146581
935 3755 -0.5348235422159411
935 3770 -0.4656313085174424
948 949 -0.25299191408361965
948 3425 -0.7364730512751287
948 3440 0.09610771049861455
948 3365 0.26046055674676216
948 3380 -0.8055573834005243
948 3395 -0.6520679451907749
948 3410 0.17605257549706277
949 950 0.8726535406158675
949 3605 0.753475425950265
949 3620 -0.6725499786990006
949 3455 -0.42436896841029936
949 3470 0.47827147873800624
949 3486 0.16480346960213232
949 3501 -0.5806883396239215
949 3516 0.20137434848267843
949 3531 0.6046626089842781
949 3545 -0.4949252679709082
949 3560 0.25562354324463543
949 3575 -0.021896215611748815
949 3590 0.8002413496986813
950 3785 0.4905800334593986
950 3800 -0.5967650254492451
950 3635 -0.06459550005281534
950 3650 -0.4156750227343853
950 3666 0.8151894898540777
950 3681 0.17322515999743593
950 3696 -0.8272544655625247
950 3711 0.16127092172729562
950 3725 0.07233607395281005
950 3740 0.920375931613509
950 3755 -0.7643671958107061
950 3770 -0.7133029072407036
963 964 -0.3392975517109498
963 978 0.38968941288319403
963 3425 0.9800276524596787
963 3440 -0.002687506042263532
963 3455 -0.9825057780949755
963 3470 0.8105294481801788
963 3486 0.08373640594643894
963 3501 -0.19749452857866867
963 3516 -0.0714206859586064
963 3531 -0.46563740259669384
963 3545 -0.11660536687215695
963 3560 0.659745818699623
963 3395 0.9268582077895415
963 3410 -0.38644434220851465
964 965 -0.8427733811727498
964 979 0.46199329915436294
964 3605 -0.9402515055568887
964 3620 0.09865429711174456
964 3635 -0.09102810013189444
964 3650 0.7315070647811803
964 3666 0.09600147743564613
964 3681 -0.6339179729911903
964 3696 -0.1105176280115423
964 3711 -0.8806813168688754
964 3725 -0.23100910114286055
964 3740 0.8701421742525708
964 3575 0.3467418150196582
964 3590 -0.6862555489413082
965 980 0.9456616231085462
965 3785 -0.17620922492373725
965 3800 -0.4244010791096411
965 3815 0.45490303312158287
965 3830 -0.023090111343472497
965 3846 -0.9351023427976757
965 3861 0.40316095524484963
965 3876 0.47291243050536047
965 3891 -0.2645870115354767
965 3755 0.4458929381913759
965 3770 0.21096235443501654
978 979 -0.8889963582064941
978 3425 -0.8213389766848989
978 3440 0.4746521737821561
978 3455 -0.7134718247360867
978 3470 0.6654908480609967
978 3486 -0.3483578842724182
978 3501 -0.8604852047965426
978 3516 -0.7675878180709217
978 3531 -0.9523946725456378
978 3545 -0.20977113591494234
978 3560 -0.061818492007854164
978 3395 -0.546812368636312
978 3410 -0.3348471631014278
979 980 -0.05246140109845321
979 3605 -0.5963305070099743
979 3620 -0.8511016942762515
979 3635 -0.8076015171285276
979 3650 -0.48714854113426775
979 3666 -0.4798128288116341
979 3681 0.8689686464444706
979 3696 -0.02691009159527935
979 3711 0.8275474103331022
979 3725 -0.7998240470235789
979 3740 -0.9915750915480555
979 3575 0.28864913886736754
979 3590 0.8546280652223972
980 3785 -0.6571757435669452
980 3800 0.3918950508843493
980 3815 -0.33105069309160173
980 3830 0.46804976219350536
980 3846 -0.2997930396845183
980 3861 0.3222519743103516
980 3876 -0.7361426578407981
980 3891 0.12249363366653787
980 3755 0.8898888985681912
980 3770 -0.8610115702158843
993 994 0.3037245396305428
993 1008 -0.2238660285065508
993 3426 -0.34358451262388345
993 3441 0.8519681281384679
993 3456 0.35913265582061693
993 3471 -0.37547188169587975
993 3486 0.5384540515598424
993 3501 0.4475237885962
993 3516 0.1838165029990113
993 3531 0.5461567938784313
993 3545 0.7279009025087888
993 3560 -0.6377418903079479
993 3395 -0.6379048792393709
993 3410 -0.5508219229777296
994 995 0.8387858754153568
994 1009 -0.9216290510391225
994 3606 0.355191593058676
994 3621 -0.8832430999570102
994 3636 -0.3579708495589762
994 3651 -0.4236016356386789
994 3666 0.02511160423269554
994 3681 0.7039248223749168
994 3696 0.12588953557951243
994 3711 0.623868508225452
994 3725 -0.5864174802661462
994 3740 -0.25861045521324066
994 3575 0.8500124867245005
994 3590 -0.16192278661316517
995 1010 -0.8785408082109747
995 3786 -0.2805085144005304
995 3801 0.910109734131066
995 3816 0.09706765731140599
995 3831 0.24148472469922466
995 3846 -0.10244160598209939
995 3861 0.36940296769432845
995 3876 0.7142061850544759
995 3891 -0.18226667025116638
995 3755 -0.4083263714516039
995 3770 -0.9911489753445872
1008 1009 0.17304963247339678
1008 3426 -0.5022178410109288
1008 3441 0.022885072052325928
1008 3456 0.02137806946450138
1008 3471 -0.3513203914505716
1008 3486 -0.4808315681242359
1008 3501 -0.26930455159784605
1008 3516 -0.47822967981444586
1008 3531 -0.9289052313946249
1008 3545 0.7317150852761156
1008 3560 0.3298760094523314
1008 3395 -0.6810700361803952
1008 3410 0.09653075701308333
1009 1010 -0.9348268549956846
1009 3606 -0.8445356165157372
1009 3621 -0.21133884560956573
1009 3636 -0.9518588656644993
1009 3651 -0.31601810735196856
1009 3666 -0.21538774516389103
1009 3681 0.6604861812346348
1009 3696 0.6805761044890919
1009 3711 0.004349300226407893
1009 3725 0.804364363769021
1009 3740 -0.12443099466975616
1009 3575 0.35062944257394757
1009 3590 0.9877254825179991
1010 3786 -0.5830290333785884
1010 3801 0.7432900100646807
1010 3816 -0.0358744794427881
1010 3831 -0.707180098355122
1010 3846 0.10345690831122867
1010 3861 -0.011948203300993665
1010 3876 0.42626878207563146
1010 3891 -0.44663189701279227
1010 3755 -0.9078878681815559
1010 3770 0.83294867704955
1023 1024 0.9175914899441109
1023 1038 -0.11197461526997521
1023 3426 -0.09725483063918872
1023 3441 0.5073287360620649
1023 3456 -0.502844897080309
1023 3471 0.4205041450113276
1023 3486 -0.1860024046746105
1023 3501 0.5072960085791318
1023 3365 0.7932204621981875
1023 3380 0.7250696314691578
1023 3395 -0.8249719678003218
1023 3410 0.9814547434645913
1024 1025 -0.49086880009736333
1024 1039 0.04219673036492111
1024 3606 -0.29299384780649285
1024 3621 0.6039315060688306
1024 3636 -0.8642071435150847
1024 3651 -0.20376047347762105
1024 3666 0.046688555558032085
1024 3681 0.7548123330103793
1024 3516 0.16677922666268508
1024 3531 0.4598561576070723
1024 3545 -0.19722284305601034
1024 3560 0.31642674857458997
1024 3575 -0.26163610110837743
1024 3590 0.8701103569045476
1025 1040 -0.7980497013600367
1025 3786 0.31654132590293815
1025 3801 -0.9836930058325655
1025 3816 -0.5416759867242456
1025 3831 0.41864034747000156
1025 3846 0.2576726249578738
1025 3861 -0.3354090271319945
1025 3696 0.4434153682566566
1025 3711 -0.5000270672334572
1025 3725 0.6155419902454307
1025 3740 -0.9313784568891961
1025 3755 0.28000191633675753
1025 3770 0.6432656951727811
1038 1039 -0.24483817113124418
1038 3426 0.7633028322051534
1038 3441 -0.342067128328565
1038 3456 -0.6650807499822393
1038 3471 -0.13738133437256672
1038 3486 -0.9527344226589025
1038 3501 -0.8565634681358525
1038 3365 0.7906623568625886
1038 3380 0.2002103012898413
1038 3395 0.5982084814813504
1038 3410 0.6427591449580927
1039 1040 0.4317136080799233
1039 3606 0.6083642843869386
1039 3621 0.5971460020038033
1039 3636 -0.847419333581519
1039 3651 -0.9841242362627487
1039 3666 0.9727513406924142
1039 3681 0.4097873359889941
1039 3516 -0.43842513148474715
1039 3531 0.23536777385927476
1039 3545 -0.6421916744742338
1039 3560 0.8215882488206594
1039 3575 -0.9166690823000765
1039 3590 -0.19603447303395338
1040 3786 -0.4138571018568964
1040 3801 -0.4882344278079418
1040 3816 -0.8785740579197343
1040 3831 -0.5635888162069154
1040 3846 -0.621180146401539
1040 3861 0.19549327189766652
1040 3696 0.780823245044789
1040 3711 -0.5238239918431595
1040 3725 -0.09159415846585128
1040 3740 0.3224045046247743
1040 3755 -0.8761687150291935
1040 3770 -0.9721870042866623
1053 1054 -0.0882468387396258
1053 1068 0.4145726749581038
1053 3426 -0.6626758665834627
1053 3441 -0.4288212874086612
1053 3456 -0.6152154880831608
1053 3471 -0.47704688409691465
1053 3486 -0.154876387942378
1053 3501 0.846497776968091
1053 3366 0.2729907791662769
1053 3381 0.7259128538383801
1053 3396 -0.12803426408101548
1053 3411 -0.9667257409984567
1054 1055 -0.9972707036773916
1054 1069 0.8395907849294881
1054 3606 -0.5336631690624756
1054 3621 0.9490435945376929
1054 3636 0.28645263008891964
1054 3651 0.42817823862119675
1054 3666 -0.44365401254271464
1054 3681 -0.7203379477769232
1054 3516 0.9043486984830438
1054 3531 -0.4658261887146127
1054 3546 0.63913828269034
1054 3561 0.8413889067867117
1054 3576 0.6962684078639871
1054 3591 0.7602353462374127
1055 1070 -0.8508883239110563
1055 3786 -0.7837146646865583
1055 3801 0.8569215099572725
1055 3816 0.6995822912921581
1055 3831 0.7420044023824643
1055 3846 -0.5992399503179304
1055 3861 -0.3625514380856363
1055 3696 -0.4031957339605534
1055 3711 0.9062904146018613
1055 3726 0.9556844258133779
1055 3741 -0.7103459072890661
1055 3756 0.7185438336028804
1055 3771 -0.6236462405040462
1068 1069 0.13063973198669476
1068 3426 -0.04883327877563293
1068 3441 -0.3893750215217828
1068 3456 0.7675520329502905
1068 3471 -0.46128722350505624
1068 3486 0.6173595961057232
1068 3501 0.6464752046815196
1068 3366 -0.8335164072705379
1068 3381 0.8943341848832422
1068 3396 0.9920678440075452
1068 3411 0.7811723734064087
1069 1070 0.22152676218489153
1069 3606 -0.26332282915152994
1069 3621 0.07901676314197603
1069 3636 0.8141241351344544
1069 3651 0.38831785703289357
1069 3666 0.9332425870040166
1069 3681 0.5167058057990732
1069 3516 -0.016835928114765863
1069 3531 0.9672222631667529
1069 3546 0.6040407044979239
1069 3561 -0.003768930264836934
1069 3576 0.6085451245396509
1069 3591 0.17149377392110865
1070 3786 -0.2257733906469852
1070 3801 0.4559304292822619
1070 3816 0.46368274137484367
1070 3831 -0.23627492611501366
1070 3846 0.6663262224287625
1070 3861 -0.7375078567110063
1070 3696 -0.8910440400170307
1070 3711 -0.9224918877804842
1070 3726 -0.26155306906788933
1070 3741 0.30825807825068763
1070 3756 0.9605631822788869
1070 3771 -0.7607837813500098
1083 1084 -0.3192793518324484
1083 1098 0.8405665937539848
1083 3426 0.5674161972655063
1083 3441 0.7555587126927732
1083 3366 0.3201253868849363
1083 3381 0.6098005478647299
1083 3396 0.3763056862522114
1083 3411 -0.7332164723190324
1084 1085 0.23062239138807072
1084 1099 -0.5405685374657854
1084 3606 0.9995568258709164
1084 3621 -0.8738469821235382
1084 3456 -0.754895538343523
1084 3471 0.9522368203494249
1084 3486 -0.41015792624385017
1084 3501 -0.5660913251598088
1084 3516 0.9911985880249417
1084 3531 0.5216846556385453
1084 3546 0.7955364008620269
1084 3561 -0.07155658710114587
1084 3576 0.4404440280734929
1084 3591 0.43797118309976124
1085 1100 -0.07877633576802912
1085 3786 -0.186616074007093
1085 3801 0.6857021707951259
1085 3636 0.20628947086252958
1085 3651 -0.886851237563085
1085 3666 -0.17107461693433712
1085 3681 0.9127392410017525
1085 3696 0.7692399288595928
1085 3711 0.1701498033305675
1085 3726 0.38536517031222983
1085 3741 0.871712216132243
1085 3756 0.8230170920546314
1085 3771 0.1895058146176476
1098 1099 -0.6875437331892107
1098 3426 0.6063886043395743
1098 3441 0.20321398324126538
1098 3366 -0.23323241305321063
1098 3381 0.3006315102411332
1098 3396 0.030435159359236907
1098 3411 0.9088924145207946
1099 1100 0.40612638732493145
1099 3606 -0.5473923352417296
1099 3621 -0.0627956411786148
1099 3456 0.6153017458601977
1099 3471 0.8608662758666923
1099 3486 -0.1310291949410609
1099 3501 -0.05287913196171812
1099 3516 -0.8529118346561366
1099 3531 -0.6435121649484361
1099 3546 0.7964364555587822
1099 3561 -0.22792927886293501
1099 3576 0.4999705663518661
1099 3591 -0.309890099312651
1100 3786 -0.21436430084505664
1100 3801 -0.9811070085765081
1100 3636 0.7899130507174961
1100 3651 -0.1642935601582527
1100 3666 -0.006059873800748239
1100 3681 0.45858864181575765
1100 3696 -0.47774163289893523
1100 3711 0.6889681577351858
1100 3726 0.13390080660528492
1100 3741 -0.7961408459853725
1100 3756 0.7998411000969701
1100 3771 0.4778054267004328
1113 1114 0.32628982087291747
1113 1128 0.8564371561402102
1113 3426 -0.5694327684233562
1113 3441 0.31984858324236654
1113 3366 0.8254768039955831
1113 3381 0.06386664871573289
1113 3396 0.5764405935982408
1113 3411 0.48437673437440076
1114 1115 0.5231848636745207
1114 1129 0.7432621827854928
1114 3606 0.7672102726456758
1114 3621 0.1802046305726397
1114 3456 0.585256800881176
1114 3471 0.6597328719728563
1114 3546 0.8568945054575847
1114 3561 0.060140755217388486
1114 3576 -0.33848692532803026
1114 3591 0.6634581832199784
1115 1130 -0.6611520019981727
1115 3786 0.6337080647723181
1115 3801 -0.5892948533110289
1115 3636 0.5475000430777195
1115 3651 0.5903326892872753
1115 3726 0.8657210943897029
1115 3741 0.3591185109254804
1115 3756 -0.8698986337509387
1115 3771 -0.18517583194948495
1128 1129 0.5555908317889944
1128 3426 -0.7872655444896688
1128 3441 0.9969009510907374
1128 3366 -0.6535178640666999
1128 3381 -0.632471487562845
1128 3396 -0.43413811497081856
1128 3411 0.23700434939474535
1129 1130 -0.034802310444496776
1129 3606 -0.3397671237257043
1129 3621 -0.794030773948528
1129 3456 0.34424902120171197
1129 3471 0.22334038081074858
1129 3546 -0.9397306023091718
1129 3561 0.7562164013931192
1129 3576 -0.9128661422665099
1129 3591 -0.2637999901248753
1130 3786 -0.7317551996367178
1130 3801 0.5161922646935229
1130 3636 -0.4182784090643936
1130 3651 0.9366523443343691
1130 3726 -0.6925828997329568
1130 3741 0.03192625314287967
1130 3756 0.19462556627936323
1130 3771 -0.7843462714820286
3364 3365 0.9721242642342207
3364 3379 0.521253220860699
3365 3366 0.8586664263765647
3365 3380 -0.13729295512228257
3366 3381 0.017939003358934835
3379 3380 -0.8333408528351147
3380 3381 -0.010005695331994247
3394 3395 0.7818763024781057
3394 3409 -0.5692209626322122
3395 3396 -0.2556459429308502
3395 3410 0.9321043853889477
3396 3411 -0.8482237475324235
3409 3410 -0.3891361120427479
3410 3411 0.3278586604535354
3424 3425 0.21392604771462187
3424 3439 -0.3751241706812829
3425 3426 -0.4638114873448351
3425 3440 -0.875845087468099
3426 3441 -0.9296057548610122
3439 3440 -0.6221896041180701
3440 3441 -0.19257235948842988
3454 3455 0.6005894624972041
3454 3469 0.7692644580133365
3455 3456 -0.9169446201235667
3455 3470 -0.09885408395198358
3456 3471 -0.21388482856307056
3469 3470 -0.9020215236322031
3470 3471 -0.8700715995901147
3484 3485 0.22361626613829877
3484 3499 -0.8885458976126464
3485 3486 -0.784476960045817
3485 3500 -0.2156745525840671
3486 3501 -0.2891901583065628
3499 3500 -0.1007031387989974
3500 3501 0.5619618412705016
3514 3515 -0.9200308921132037
3514 3529 -0.5764015387717241
3515 3516 -0.7848567185682738
3515 3530 -0.46188756507008777
3516 3531 -0.9737689508509124
3529 3530 0.7657580121115568
3530 3531 -0.15092044800330373
3544 3545 -0.597523064962864
3544 3559 -0.6734465410217987
3545 3546 -0.7620389432686063
3545 3560 0.7075474170668092
3546 3561 0.9949764872574218
3559 3560 0.10190000593821291
3560 3561 0.029477833350796123
3574 3575 0.8137025682694752
3574 3589 0.7374697180557899
3575 3576 0.8692263931697295
3575 3590 -0.5623486357576872
3576 3591 0.1752974627835142
3589 3590 -0.5567659263143501
3590 3591 0.32304654851518744
3604 3605 -0.20082917682617207
3604 3619 -0.2370632342854302
3605 3606 0.5079962053895888
3605 3620 -0.3646244118404376
3606 3621 0.40131181365863355
3619 3620 -0.11632436663739054
3620 3621 0.6851056956691521
3634 3635 -0.48436320397201094
3634 3649 -0.7461145490919923
3635 3636 -0.9537332328188768
3635 3650 0.22666543801064454
3636 3651 0.7782102791075098
3649 3650 -0.8088973801555477
3650 3651 -0.2102198213540063
3664 3665 0.14510382974113423
3664 3679 0.310370934789858
3665 3666 -0.5878646902738836
3665 3680 0.3737238638451681
3666 3681 -0.3441515201817831
3679 3680 -0.8463711813298771
3680 3681 0.4400273321639583
3694 3695 0.5948039480594767
3694 3709 -0.013805407765177469
3695 3696 0.30330902605687915
3695 3710 -0.8507311079152959
3696 3711 -0.9534547848093184
3709 3710 0.6281208368204148
3710 3711 0.13884752794652777
3724 3725 -0.5860465200869707
3724 3739 0.7023047314113673
3725 3726 -0.6920506032790585
3725 3740 -0.44366576641527766
3726 3741 -0.07693482808617391
3739 3740 -0.9563664004619146
3740 3741 -0.17271071729437426
3754 3755 0.9785236467022527
3754 3769 -0.39164881107801497
3755 3756 -0.917675969562443
3755 3770 -0.42511552664556507
3756 3771 0.3831124480926853
3769 3770 -0.6645532883523129
3770 3771 -0.8277108695894413
3784 3785 0.7875353641146248
3784 3799 -0.8401184869121283
3785 3786 0.5435528977134549
3785 3800 0.2913813819225868
3786 3801 0.5900659931665488
3799 3800 0.8863093631591605
3800 3801 -0.026342373726029766
3814 3815 0.799258698301134
3814 3829 0.10757311517171209
3815 3816 0.024652552935791494
3815 3830 0.47394076678956587
3816 3831 0.4358635959921844
3829 3830 -0.36314908961058756
3830 3831 0.868073590063545
3844 3845 -0.18323212332564465
3844 3859 -0.1191662744913844
3845 3846 -0.8864931501027413
3845 3860 0.9141566156054524
3846 3861 -0.36983774668251135
3859 3860 0.4715229468619515
3860 3861 0.34243393368867037
3874 3875 -0.3939119113628575
3874 3889 0.15167416464558414
3875 3876 -0.8518474686975284
3875 3890 -0.46596029266413086
3876 3891 -0.8787572952522784
3889 3890 -0.5322799390537121
3890 3891 -0.9780781932825491
