# 
603 603 1.452664592173318
604 604 -3.7525003087759723
605 605 -3.5932546774501795
618 618 -1.8512999508923862
619 619 -2.531332406406043
620 620 0.7737524614474562
633 633 -2.420438863583481
634 634 -0.6912888440011198
635 635 3.168572688555936
648 648 -2.787599329384486
649 649 -0.9896161311865619
650 650 3.918462143140645
663 663 2.21590270136572
664 664 -2.810277362065275
665 665 -2.377146551453941
678 678 -2.9047172353609882
679 679 1.9667975296502025
680 680 -0.9084345858124552
693 693 -3.8682458140873015
694 694 0.7199089821626208
695 695 2.3507606483262142
708 708 3.4272299171698277
709 709 1.040334786216567
710 710 -2.5704135349168293
723 723 2.8428762841441344
724 724 -2.601341526945462
725 725 -3.193526355390615
738 738 -3.3937780449293014
739 739 2.664138256076898
740 740 -1.9882237598858152
753 753 0.6282352407778795
754 754 3.6575827053172283
755 755 -3.1847618149717443
768 768 -3.4224063235206543
769 769 -3.0392979813488825
770 770 -0.18712159805845108
783 783 3.286682284028336
784 784 0.22088166668217823
785 785 -3.822869188314974
798 798 2.2047974583735748
799 799 -2.293441518863454
800 800 -3.0065301209326893
813 813 0.5795621530016621
814 814 3.5433444887042516
815 815 -3.2846516327097586
828 828 -2.050649508042345
829 829 -1.2884425435103282
830 830 3.7038217271609133
843 843 2.654567007295377
844 844 -2.2695132165176357
845 845 -2.5087519763481074
858 858 -0.9953245818482737
859 859 2.934280166107423
860 860 2.208214108130366
873 873 -3.1064203970367545
874 874 -2.6559611172751056
875 875 -3.435579418813295
888 888 -3.44301525897726
889 889 -3.1495154713232676
890 890 -0.37261859683979726
903 903 -0.6842393622934004
904 904 -1.70304577264758
905 905 2.3122694547630216
918 918 2.0097307068281474
919 919 -3.1772141123085706
920 920 2.693158439572219
933 933 -3.046150907179526
934 934 2.39757645855601
935 935 -3.7241081019818294
948 948 -2.7416233698885586
949 949 1.5282979410403739
950 950 3.979457267312844
963 963 -3.9572522813078175
964 964 1.950715348201956
965 965 1.7656466983950603
978 978 0.25836217808087447
979 979 -3.6795889902280816
980 980 3.009562133801974
993 993 -3.8091118955289884
994 994 -0.7188174670289778
995 995 -2.5784154372909525
1008 1008 2.6589155458806513
1009 1009 0.9072367113529882
1010 1010 -0.8274199308602457
1023 1023 -0.5924850075701045
1024 1024 -1.5046506035512506
1025 1025 0.977564731851225
1038 1038 -1.7715337472809338
1039 1039 -0.28392092989907347
1040 1040 -1.6206968837423847
1053 1053 3.940099232844113
1054 1054 2.342900220860817
1055 1055 0.8298568023351152
1068 1068 3.582098443557496
1069 1069 0.04580766343518494
1070 1070 3.267345455641249
1083 1083 0.4730547462150234
1084 1084 -3.97458418465863
1085 1085 1.0251539454064353
1098 1098 -1.4065058030353192
1099 1099 1.9837010613224582
1100 1100 -3.8245677188935074
1113 1113 0.2723985560959017
1114 1114 -0.9201860450192667
1115 1115 -3.4672625367537027
1128 1128 -1.9131226807131352
1129 1129 -1.6730389807013255
1130 1130 -2.73128680182196
3364 3364 0.6890266543188819
3365 3365 -3.502905979047532
3366 3366 3.117400878209061
3379 3379 0.009590859427505372
3380 3380 1.8640003035822463
3381 3381 -2.6330717406134054
3394 3394 1.7057465143118673
3395 3395 0.6388741785183676
3396 3396 3.6303581230935533
3409 3409 -2.1346119699051442
3410 3410 -0.3931230644545849
3411 3411 -3.352614419534139
3424 3424 -2.176309816547377
3425 3425 -0.7740804002732915
3426 3426 2.7536498709884683
3439 3439 -2.680298709861055
3440 3440 2.9615610488928548
3441 3441 -1.462621950788682
3454 3454 0.6683603717535727
3455 3455 2.495208450978308
3456 3456 -2.7327861034416614
3469 3469 -3.0133603921281473
3470 3470 3.242362445638805
3471 3471 3.387317314709775
3484 3484 -2.293906318951824
3485 3485 0.24091150631737346
3486 3486 2.9454025898508043
3499 3499 3.0728039931133884
3500 3500 2.1825962965040127
3501 3501 -0.6641684110648782
3514 3514 -3.762128654381855
3515 3515 -3.7095426151986794
3516 3516 -2.7320928576784294
3529 3529 1.026126575071654
3530 3530 0.5340532438838492
3531 3531 2.81422397597571
3544 3544 2.132605163406982
3545 3545 -2.081571067088709
3546 3546 -0.2517183777712235
3559 3559 -0.4720778157854131
3560 3560 2.827923964864663
3561 3561 1.8936229294129099
3574 3574 -1.0457723530274867
3575 3575 -1.4093352784169424
3576 3576 0.7182842703788861
3589 3589 1.9609635207020073
3590 3590 -1.78258686642486
3591 3591 3.005550069269618
3604 3604 -1.7613048283577317
3605 3605 1.5229391231972382
3606 3606 -3.152145807437372
3619 3619 -3.944958262868292
3620 3620 -3.7469848836382242
3621 3621 -0.5930016863757075
3634 3634 2.034695255791174
3635 3635 1.2323861029320993
3636 3636 -1.4614856054014504
3649 3649 -0.6684123176274426
3650 3650 -2.8902755171818155
3651 3651 1.6881507784396659
3664 3664 3.485645730437758
3665 3665 2.770905831833815
3666 3666 -1.2266090769356204
3679 3679 -2.2792086769979996
3680 3680 -2.50719848183415
3681 3681 -1.6712893205646084
3694 3694 -1.6041220295079244
3695 3695 2.6557166661108322
3696 3696 2.3608961682667955
3709 3709 -0.04680765841005741
3710 3710 1.25002158099785
3711 3711 -1.2480682997262509
3724 3724 -2.144260997932583
3725 3725 -1.397435622569799
3726 3726 -1.280171248841305
3739 3739 -2.5265148335096894
3740 3740 3.5438603100300643
3741 3741 -3.07036082843911
3754 3754 1.1033456519439024
3755 3755 -0.5624009517050421
3756 3756 -1.6153301805154392
3769 3769 -3.567690208915738
3770 3770 0.4182882322646648
3771 3771 2.491720084302708
3784 3784 -3.0996903983949835
3785 3785 3.414917044730128
3786 3786 -1.736849060857054
3799 3799 3.633687150767371
3800 3800 -2.6112306775569776
3801 3801 0.17089086804452602
3814 3814 3.982297658234656
3815 3815 -1.531597328875372
3816 3816 -2.04318938307204
3829 3829 1.1499053113924287
3830 3830 1.429809955231618
3831 3831 2.2567866450403633
3844 3844 -0.4623427265693545
3845 3845 -0.9498941572163471
3846 3846 1.4442671100208093
3859 3859 -3.603470144972304
3860 3860 -2.9295535867380913
3861 3861 -0.6954605404908598
3874 3874 0.35845703074483826
3875 3875 -0.25448489345507497
3876 3876 -3.9464012886478557
3889 3889 1.0513475990963537
3890 3890 3.511222126969076
3891 3891 1.3382432858018092
603 604 -0.09770928285235114
603 618 0.3502205313055293
603 3484 0.08383764556908235
603 3499 -0.36084367559161956
603 3514 0.47887667730802597
603 3529 -0.07399151408343596
604 605 -0.19166615055681446
604 619 0.16924179033592646
604 3664 0.3702103699767627
604 3679 0.5282005354558328
604 3694 0.3860771886840806
604 3709 -0.05930873330921238
605 620 -0.766319830517388
605 3844 0.8979291445519655
605 3859 0.33694634338674234
605 3874 -0.16530708083338252
605 3889 0.2529157168291247
618 619 -0.6423177143944339
618 3484 0.20348554103711902
618 3499 -0.7937764518053878
618 3514 -0.44123635317884236
618 3529 0.8629667026755505
619 620 0.7784088295122944
619 3664 0.5121979140253028
619 3679 0.33223494716972657
619 3694 -0.17136386381993463
619 3709 -0.27017262952616283
620 3844 0.10397364429124023
620 3859 0.8318986182985226
620 3874 -0.42219216631776413
620 3889 0.45257550065714924
633 634 0.5338187253358464
633 648 -0.8366068055379863
633 3424 -0.6877517901611225
633 3439 -0.7426281662848628
633 3454 -0.09840949567776147
633 3469 -0.9910684476544016
633 3484 0.13444628564286942
633 3499 0.23967291918452105
633 3514 -0.7324909522051217
633 3529 -0.2890424985049669
634 635 0.2260534148812008
634 649 0.3721000064155948
634 3604 -0.4218930083762029
634 3619 -0.8777471805748234
634 3634 -0.9546310523077068
634 3649 0.8353022610518879
634 3664 -0.016032850880610683
634 3679 0.468972236732768
634 3694 0.16053484209898428
634 3709 -0.178104943151151
635 650 0.5334797076750384
635 3784 -0.3894994899470381
635 3799 -0.8608028718636964
635 3814 -0.10193567878309895
635 3829 0.5028481971207601
635 3844 -0.34559630763162663
635 3859 -0.43842310681834307
635 3874 -0.9462452349197756
635 3889 -0.2956212048456768
648 649 0.16954717008270537
648 3424 -0.7670932600801093
648 3439 0.5193598679889757
648 3454 -0.27479735423115015
648 3469 -0.792367136644117
648 3484 -0.8540513626422428
648 3499 -0.24055360191650088
648 3514 -0.3107121236116832
648 3529 0.43191677202392453
649 650 0.7475602038825884
649 3604 0.04073094856300652
649 3619 -0.18587086790202023
649 3634 0.665718873322422
649 3649 -0.6316069786277518
649 3664 0.4724536896333684
649 3679 -0.9121248962026707
649 3694 0.24966563558872057
649 3709 0.16733069566511705
650 3784 -0.6903695594585377
650 3799 0.4161515041550832
650 3814 0.2550638679311541
650 3829 -0.5800508136804654
650 3844 -0.4259077942295635
650 3859 -0.9204540118890479
650 3874 -0.6179190504387715
650 3889 0.19082438196636975
663 664 -0.28116350516588406
663 678 0.13073391662880973
663 3424 0.6617560613427826
663 3439 -0.10490822737351291
663 3454 0.710279550806308
663 3469 0.4135897121995704
663 3484 -0.9682007097399767
663 3499 -0.010946587527969065
664 665 -0.620916697206968
664 679 -0.5670849408105698
664 3604 0.018602030037946138
664 3619 -0.46266824352987723
664 3634 0.043048292994389614
664 3649 -0.908831844186895
664 3664 -0.35779347704562525
664 3679 -0.37670210629491163
664 3514 0.870823106787141
664 3529 -0.8303080488643058
665 680 0.36730095127041484
665 3784 -0.10425555553305332
665 3799 0.8897188407693337
665 3814 0.396756481028133
665 3829 0.7451625389073342
665 3844 -0.24164946346981186
665 3859 0.22500796941201462
665 3694 -0.3505303267278119
665 3709 0.3125052761037377
678 679 0.09227603486840286
678 3424 -0.9371754492986553
678 3439 -0.9053541643586562
678 3454 0.4268320949959439
678 3469 -0.30593985264699275
678 3484 -0.32014520640811495
678 3499 -0.2057119069073905
679 680 0.4899011177860384
679 3604 -0.8543613471445239
679 3619 -0.4025923191966281
679 3634 0.49495263178166393
679 3649 0.07711770799659745
679 3664 -0.037342240278477545
679 3679 0.8294314858892229
679 3514 -0.13450736071068392
679 3529 -0.701569499690226
680 3784 -0.7133579183927714
680 3799 -0.4691090265813751
680 3814 0.9375585450837336
680 3829 0.9790874894901138
680 3844 0.8469015211417821
680 3859 0.3840479883045036
680 3694 -0.8751274675888556
680 3709 -0.2555526879938801
693 694 0.9287259425094927
693 708 0.47008026567418737
693 3424 0.1554839531336205
693 3439 0.13315633444574781
693 3454 -0.09187824170172165
693 3469 -0.4340817443156626
693 3484 -0.5077741927794686
693 3499 -0.8057991577659971
693 3364 -0.41487196255682113
693 3379 0.5059740707066638
693 3394 0.05877012809340676
693 3409 -0.2628565945184107
694 695 0.16920334407954063
694 709 -0.9331679622539826
694 3604 -0.1482355205082584
694 3619 0.4131613759100339
694 3634 0.5720117479494515
694 3649 -0.10917684293996621
694 3664 -0.36422896967926066
694 3679 0.8982632152991721
694 3514 -0.3447345934027679
694 3529 -0.09895528447031676
694 3544 -0.6451317678899908
694 3559 0.4788063442421615
694 3574 0.19269372014270525
694 3589 0.061454219716704284
695 710 0.9332496505856538
695 3784 -0.19768364839231345
695 3799 0.6683523713156121
695 3814 0.967001097125004
695 3829 0.8616598486401674
695 3844 -0.16615460231848478
695 3859 0.042427843561374745
695 3694 0.6033624823119985
695 3709 -0.7719391600257597
695 3724 -0.5224092834060194
695 3739 0.5703770144187599
695 3754 -0.33796327629369216
695 3769 -0.09973326555808715
708 709 -0.3097717916807523
708 3424 0.9314205821923567
708 3439 -0.38956954359863194
708 3454 0.21713955932119022
708 3469 -0.3042231294193025
708 3484 0.2750051828107607
708 3499 -0.15444568029070327
708 3364 0.5137876389672738
708 3379 0.06740617847150343
708 3394 -0.881973419367194
708 3409 0.2986851653754419
709 710 -0.5804088466076684
709 3604 -0.2533203853462318
709 3619 0.5004991437217561
709 3634 -0.7427572065148902
709 3649 0.14617443255852902
709 3664 -0.4988646823929792
709 3679 -0.7790901964185228
709 3514 -0.7001172936830129
709 3529 0.33127152972954166
709 3544 0.9395450807110255
709 3559 0.05481358131158576
709 3574 0.7213994601566505
709 3589 -0.7996231960127409
710 3784 0.06949210877745204
710 3799 -0.5055495884627104
710 3814 -0.7837661527587862
710 3829 0.9330698037391862
710 3844 0.5138011485125427
710 3859 0.20976673386268163
710 3694 -0.7190425385116617
710 3709 0.27052356356431617
710 3724 0.25693256598468417
710 3739 0.4910191147384886
710 3754 -0.9436286438236163
710 3769 -0.8159593632239723
723 724 0.39175827074495007
723 738 0.28253061524207945
723 3424 -0.8231096205356399
723 3439 -0.46937771624365165
723 3364 -0.5736002954026969
723 3379 -0.9167827307255982
723 3394 0.31458854208340736
723 3409 -0.5970521843105834
724 725 0.267138843246745
724 739 -0.5172587341197048
724 3604 0.17954502070494538
724 3619 -0.1898820031531423
724 3454 -0.24516660236157795
724 3469 0.771346329534579
724 3484 -0.05607764478748045
724 3499 0.18440730554102935
724 3514 0.35657068950866067
724 3529 -0.7087059012872006
724 3544 -0.7601036472892826
724 3559 -0.19881639091423597
724 3574 0.7883632600444452
724 3589 0.5951598259866187
725 740 0.8951569633526701
725 3784 0.8616504900877713
725 3799 0.9029328633758371
725 3634 0.7890014588757808
725 3649 0.10822278653561157
725 3664 -0.29806735826478725
725 3679 -0.8687013678914246
725 3694 0.7330752812720696
725 3709 0.6474282586315385
725 3724 0.19186267012197122
725 3739 0.041349645549378256
725 3754 -0.4990120029802416
725 3769 -0.10355703974839403
738 739 0.6648396383252906
738 3424 0.7662540581845652
738 3439 -0.35478767914419795
738 3364 0.3500904973513512
738 3379 0.3269367712984603
738 3394 -0.3615196609604274
738 3409 -0.7951602850793045
739 740 0.04422431083013678
739 3604 -0.7985387650999689
739 3619 -0.3498037816752313
739 3454 -0.5720303820881856
739 3469 -0.48741685305853655
739 3484 0.3680318845002395
739 3499 -0.41743449100621244
739 3514 0.7475268827000785
739 3529 0.9031362206185443
739 3544 -0.40914683072996505
739 3559 0.9504079558290608
739 3574 -0.0918103464578226
739 3589 0.6147827108550463
740 3784 0.26264926260232846
740 3799 0.6671745817708346
740 3634 -0.21311989226830108
740 3649 0.06569785287744412
740 3664 0.8533478476428673
740 3679 -0.04398099591590432
740 3694 -0.02304860381121654
740 3709 -0.5213867241593488
740 3724 -0.4235829432031588
740 3739 -0.024292008408447918
740 3754 0.49411481942476976
740 3769 0.4973687955327071
753 754 0.677422891958759
753 768 -0.5972744364977869
753 3424 0.6855928809365783
753 3439 0.7085082352329326
753 3364 -0.17685821562168091
753 3379 -0.4036109467001874
753 3394 0.6057718999769022
753 3409 -0.8145406092822092
754 755 -0.6254752821360439
754 769 0.5768006211899706
754 3604 -0.4841903739137834
754 3619 -0.8614852943676872
754 3454 0.7928812893797652
754 3469 0.9165470593635925
754 3485 -0.46536372961242845
754 3500 -0.9106714463814429
754 3515 -0.7934096588175841
754 3530 -0.8176368081642105
754 3544 0.7607063758466368
754 3559 -0.2825867113987546
754 3574 -0.3684743540682329
754 3589 -0.8922285564517347
755 770 -0.18397080198194238
755 3784 0.9227569904366442
755 3799 0.835301699302265
755 3634 0.5923057411870898
755 3649 -0.578068682047209
755 3665 0.8112944300978455
755 3680 -0.19586094513911423
755 3695 0.8584188969132649
755 3710 0.3843685442346687
755 3724 0.06973230943457831
755 3739 -0.8897206686024031
755 3754 -0.6921444391758336
755 3769 -0.9301784822579344
768 769 -0.387749769955815
768 3424 -0.5071556763285245
768 3439 -0.2511608333364479
768 3364 0.18304246210722375
768 3379 0.6995891865693631
768 3394 -0.041734286047457436
768 3409 -0.7200643218689133
769 770 0.808248656146042
769 3604 -0.2610974138043505
769 3619 -0.6997924861132199
769 3454 0.19065079339979452
769 3469 -0.9470667510391826
769 3485 0.0621071407468512
769 3500 -0.04670881505165192
769 3515 0.37753272875164035
769 3530 -0.8457047984274684
769 3544 -0.9828495793033156
769 3559 0.7524687246175641
769 3574 -0.34043766062378134
769 3589 0.35355063785510565
770 3784 -0.691711321538869
770 3799 0.8438747400907702
770 3634 0.6718176302928478
770 3649 -0.5640990792468215
770 3665 -0.3029316089223262
770 3680 0.5185185669388406
770 3695 0.16132016371781455
770 3710 -0.9977373933237477
770 3724 0.9666663124035544
770 3739 -0.6355778568231956
770 3754 0.7543035829558131
770 3769 0.6058127941659222
783 784 0.4036020147777022
783 798 -0.5515174553197844
783 3424 -0.7548236247587476
783 3439 0.5447681528896682
783 3454 0.47597981324185734
783 3469 -0.9193215379645927
783 3485 -0.9044168566733237
783 3500 0.06283531721564595
783 3515 -0.5884006124449255
783 3530 0.5324539553884218
783 3544 -0.452477947467141
783 3559 -0.3295922176078552
783 3394 -0.1471464055835381
783 3409 -0.12039238644255557
784 785 0.18120394339296042
784 799 0.9572012312039004
784 3604 -0.7654317191519882
784 3619 0.7621796084638315
784 3634 0.3578419731977256
784 3649 -0.29339996098831134
784 3665 0.31105481956812264
784 3680 -0.08194091125770742
784 3695 -0.6323206779091681
784 3710 0.7081738658193972
784 3724 -0.7481378385213127
784 3739 -0.12245668978325952
784 3574 -0.3863794241549947
784 3589 -0.1974426854982414
785 800 0.2498615508346107
785 3784 -0.5481620115563219
785 3799 0.3377781028709368
785 3814 0.20100537050311718
785 3829 -0.6091202907805839
785 3845 0.8434680906921272
785 3860 -0.5817905875193612
785 3875 -0.5596660894733965
785 3890 0.6783179093827019
785 3754 0.7963141383272119
785 3769 0.29891021067123225
798 799 -0.8309038825554742
798 3424 -0.2925457772714175
798 3439 -0.47012354820525326
798 3454 -0.40782434390728284
798 3469 0.37577527588682424
798 3485 0.43910330142616183
798 3500 0.47371708850400607
798 3515 -0.4520271767908317
798 3530 -0.1689361860783194
798 3544 -0.23005026720494093
798 3559 0.7200520483599346
798 3394 0.4694496628030955
798 3409 -0.04623820508474874
799 800 -0.3567959993310341
799 3604 0.0788442115762722
799 3619 -0.7630034217064048
799 3634 0.29986656427296876
799 3649 -0.10986773359100188
799 3665 -0.15530414118866354
799 3680 0.03353056069088112
799 3695 -0.14704390721453997
799 3710 0.7663379295422559
799 3724 -0.9754877884206916
799 3739 0.5763553468225224
799 3574 -0.4940153204185147
799 3589 -0.36605620679951345
800 3784 -0.16442909069975764
800 3799 0.6967600069437132
800 3814 -0.19939930826734065
800 3829 -0.6737551100181156
800 3845 -0.07932376303636524
800 3860 -0.03459374453768849
800 3875 0.22728443102785323
800 3890 -0.5096509155145537
800 3754 0.18090751692836338
800 3769 -0.2461318769084999
813 814 -0.7886791884138904
813 828 -0.31981004598769114
813 3425 -0.23381503130070258
813 3440 0.782522541112372
813 3455 -0.01223532204642308
813 3470 -0.8088343079392348
813 3485 0.11432315519968506
813 3500 -0.7002343124014516
813 3515 0.5087219882227567
813 3530 0.6120408225670757
813 3544 -0.9051703023581006
813 3559 -0.006177292980158233
813 3394 0.02513927679746586
813 3409 -0.07558445882043197
814 815 -0.8604778002920033
814 829 0.5301250946492118
814 3605 -0.6434077291010991
814 3620 0.5104007911798245
814 3635 -0.26085989434658763
814 3650 0.5691504782961527
814 3665 -0.017778279772078465
814 3680 0.9506360961418443
814 3695 -0.7930366034125809
814 3710 0.30265968621646433
814 3724 -0.9069826979537754
814 3739 -0.2670075603606785
814 3574 -0.41813871831597993
814 3589 0.6977092154770266
815 830 0.8576682548011518
815 3785 0.977236487701947
815 3800 -0.25158209190541414
815 3815 0.6663020571358604
815 3830 0.8438135703114742
815 3845 -0.03166764660868404
815 3860 -0.38207771431418713
815 3875 0.2943385905965554
815 3890 -0.11532367041772074
815 3754 0.502437596639562
815 3769 0.0036739203299258616
828 829 0.7210791918391832
828 3425 -0.6384368058549055
828 3440 0.7500303792886127
828 3455 0.5497508707984124
828 3470 -0.13172350773655306
828 3485 -0.2258113319879187
828 3500 -0.9277263734475645
828 3515 0.44212844769298343
828 3530 0.48490566467533913
828 3544 -0.26556130717461945
828 3559 0.23421400317162022
828 3394 -0.36747608454847125
828 3409 -0.16606771264038334
829 830 0.07053017174781795
829 3605 0.4742697702586496
829 3620 -0.8686159010662962
829 3635 -0.00515642628877977
829 3650 0.3437560961687356
829 3665 0.7464809119237261
829 3680 -0.8661516732521866
829 3695 0.8064691855751731
829 3710 0.6325834494321028
829 3724 -0.7122250356370927
829 3739 0.44966110601803777
829 3574 0.9011862546607521
829 3589 -0.43782423433820106
830 3785 -0.09421686978156507
830 3800 -0.8549458651149098
830 3815 0.024384651123972256
830 3830 0.6969840687051225
830 3845 -0.5348836744727667
830 3860 0.2819743710019973
830 3875 -0.46977509817549423
830 3890 0.6581533891464373
830 3754 -0.1284335958594396
830 3769 0.04226609792950464
843 844 0.8894720702733325
843 858 -0.1696417217456676
843 3425 -0.6818219088471933
843 3440 0.04175487153162205
843 3455 -0.13963173295937858
843 3470 0.9453287107998496
843 3485 -0.8414984422765985
843 3500 -0.32089525927373885
843 3364 0.9798817301597844
843 3379 0.8246146686324038
843 3394 -0.10367294434755703
843 3409 -0.4990525658296927
844 845 0.25700358348272356
844 859 0.08877422569992155
844 3605 -0.13550645675836503
844 3620 0.1237543499224052
844 3635 -0.3931172981653057
844 3650 -0.3167238047827001
844 3665 0.9311134002646317
844 3680 -0.7463141264277833
844 3515 -0.37844620368174775
844 3530 -0.25692507932411246
844 3544 0.05042537978309891
844 3559 0.48920684593357855
844 3574 0.053793318875926754
844 3589 0.5479241738751215
845 860 -0.2611429246838466
845 3785 -0.2941709957839964
845 3800 0.8407926985654945
845 3815 -0.016888970170502837
845 3830 0.9606865829082689
845 3845 -0.2549530743619848
845 3860 -0.43101053188506544
845 3695 0.2652637844873804
845 3710 -0.7744975661384532
845 3724 0.7210025391816484
845 3739 0.3481016938449586
845 3754 0.993453980882302
845 3769 -0.7728015898752039
858 859 0.12534072018054676
858 3425 0.13733854578417448
858 3440 0.10565515089238864
858 3455 0.9591220388699129
858 3470 0.2997590523886986
858 3485 0.3094772982079441
858 3500 0.07386131400103513
858 3364 0.9468691734773931
858 3379 0.011117411110369568
858 3394 0.08569159284257877
858 3409 -0.657051305153596
859 860 -0.3129549209818867
859 3605 0.44696940478642966
859 3620 0.4964353136233499
859 3635 0.503890300593838
859 3650 -0.9592430599734592
859 3665 -0.3050451884807188
859 3680 -0.8290439510796515
859 3515 -0.00017523010499376213
859 3530 0.9311584519421914
859 3544 0.949486600142418
859 3559 0.5170310079150582
859 3574 0.7891871103302563
859 3589 0.8324978012524469
860 3785 -0.2452396150110574
860 3800 0.884915689551965
860 3815 0.1771383195309395
860 3830 -0.6213986340979283
860 3845 0.09327955756670869
860 3860 -0.811106960837247
860 3695 -0.12232490841820831
860 3710 -0.8684947074765694
860 3724 -0.8356533602296408
860 3739 0.9419662971994076
860 3754 0.5238376457976262
860 3769 -0.8553175187205226
873 874 0.04914120614117223
873 888 0.8609608949003469
873 3425 0.22475451767395005
873 3440 -0.10130553550232202
873 3455 -0.6005616738082853
873 3470 -0.10034876503698564
873 3485 -0.9389942935647044
873 3500 0.6886246060599182
873 3365 0.19923911467990485
873 3380 -0.8041629202402982
873 3395 -0.17402816621896267
873 3410 0.6402153714360403
874 875 -0.35918384347036625
874 889 -0.4084437162307317
874 3605 0.7109909097260987
874 3620 0.48144783677131553
874 3635 0.5230736494610344
874 3650 0.8863420093056478
874 3665 0.1315868435343106
874 3680 -0.38908692791076094
874 3515 -0.7715462103218087
874 3530 0.17685610088966763
874 3545 -0.5691381090198393
874 3560 0.3406034733335086
874 3575 0.958327828995756
874 3590 -0.25008756222022277
875 890 0.2738150933897603
875 3785 0.7190774717901964
875 3800 -0.24781015015440278
875 3815 0.5479531157688229
875 3830 -0.9942715712804144
875 3845 -0.7500249012219307
875 3860 0.11679701586531466
875 3695 -0.5750225410126293
875 3710 0.2966672608593419
875 3725 0.036647365735216875
875 3740 0.8559352757824661
875 3755 0.5024317201384889
875 3770 0.0184061409858558
888 889 0.0036837097879391933
888 3425 0.5331471183777581
888 3440 -0.6190418796139399
888 3455 0.306787979576417
888 3470 0.4500317117459143
888 3485 -0.48686047199817084
888 3500 -0.8155077133136768
888 3365 0.19521788888344282
888 3380 0.2124166419517044
888 3395 -0.5414317301839116
888 3410 -0.3923985273670474
889 890 0.1991686106230781
889 3605 -0.7669411738770096
889 3620 -0.3000015839067014
889 3635 0.29946326504846166
889 3650 0.7607155196243891
889 3665 0.9029543301444054
889 3680 0.6724209261615686
889 3515 0.5024375574149116
889 3530 0.28010960616764224
889 3545 -0.811066268511043
889 3560 0.8949455841486873
889 3575 -0.04522911048442646
889 3590 0.9219948162195215
890 3785 -0.37329469579120045
890 3800 0.34105041860670404
890 3815 0.32914427955363745
890 3830 0.1415669318367465
890 3845 0.16610005365641212
890 3860 -0.3548730183793334
890 3695 -0.7267677070971603
890 3710 0.4746995874185098
890 3725 0.8148830350590277
890 3740 -0.20350572593821115
890 3755 0.008428990182177465
890 3770 0.5544013220729402
903 904 0.0690336638211948
903 918 0.33329871021729063
903 3425 0.9486771440410573
903 3440 -0.4251127962685355
903 3365 0.6821121822944392
903 3380 0.6428746626978321
903 3395 0.8552622356223523
903 3410 0.45958021548741046
904 905 0.6137998481088982
904 919 0.8953860728537681
904 3605 0.8931678057502892
904 3620 0.40242832169210985
904 3455 0.3946947633301561
904 3470 -0.2584697667782574
904 3485 0.3176545371638997
904 3500 -0.3599665006367554
904 3515 -0.5941839396308815
904 3530 0.4260035058020075
904 3545 -0.08779243295076133
904 3560 -0.7743449154711923
904 3575 -0.8000530296194621
904 3590 0.4842121433089974
905 920 0.2719638842605778
905 3785 -0.8767623017661097
905 3800 -0.31671627742255715
905 3635 0.717062597048375
905 3650 0.5134959994759905
905 3665 -0.6196122841538285
905 3680 -0.8250597084747116
905 3695 -0.11402573368308278
905 3710 0.9314043587762291
905 3725 0.6442691729920074
905 3740 0.1349094049934152
905 3755 0.417239293293616
905 3770 -0.89173355712747
918 919 0.9105266059603998
918 3425 0.45158989261338367
918 3440 -0.7717302163515822
918 3365 0.008125511825586518
918 3380 -0.31943956926624306
918 3395 0.08868714078283624
918 3410 0.57614242763369
919 920 -0.8555923748131928
919 3605 -0.5461236414392932
919 3620 -0.8241250120562829
919 3455 -0.5280622143323193
919 3470 0.0016536813193377409
919 3485 -0.44643351369211515
919 3500 0.7105242976042778
919 3515 -0.15077779318326678
919 3530 -0.08342876845477942
919 3545 -0.573963784846649
919 3560 0.2526163351598676
919 3575 -0.8792365112120042
919 3590 -0.15430701383704792
920 3785 -0.9106476193476545
920 3800 -0.351947830179395
920 3635 -0.03069414323330233
920 3650 -0.10718405777728113
920 3665 -0.34186648138636766
920 3680 0.8317010753125329
920 3695 0.17985734970896905
920 3710 -0.25714173243267435
920 3725 -0.7225403638132739
920 3740 -0.635355876378563
920 3755 0.7585984423781031
920 3770 0.13365824011088367
933 934 -0.09803758201803903
933 948 -0.5650458707240593
933 3425 0.11734022840573344
933 3440 0.6213549224817478
933 3365 0.06189765057716046
933 3380 -0.7831624918775058
933 3395 0.8730326608242018
933 3410 -0.6455925396317046
934 935 0.3864227362161654
934 949 -0.61664276332196
934 3605 -0.8176998304563385
934 3620 -0.19612065954102564
934 3455 -0.7516070536790047
934 3470 -0.24746968612077702
934 3486 -0.5046167261422376
934 3501 -0.9899646775116386
934 3516 0.522416487226754
934 3531 -0.7340494547368746
934 3545 0.9314481830028145
934 3560 0.44611060839471195
934 3575 0.27419200333715477
934 3590 0.9957103373081038
935 950 -0.8074180104960822
935 3785 -0.4660985243558178
935 3800 -0.34596900579902634
935 3635 0.05384527605457379
935 3650 0.264509128264925
935 3666 0.8078543649404486
935 3681 -0.24301416429997658
935 3696 -0.7961010021480548
935 3711 -0.6699876899882347
935 3725 -0.021792430583398303
935 3740 -0.2910098759946529
935 3755 -0.5307798508950048
935 3770 -0.6236532755654671
948 949 0.15077178022424476
948 3425 -0.04137102737244658
948 3440 0.3469188362368958
948 3365 -0.8352847575615081
948 3380 0.08289666007540664
948 3395 0.30930518651700134
948 3410 -0.39680476457076397
949 950 -0.5791477552050119
949 3605 -0.143255484555471
949 3620 -0.2196476900566915
949 3455 -0.7426246548378246
949 3470 -0.0866637788746576
949 3486 -0.02248515834843845
949 3501 0.15946866233017132
949 3516 0.3729585255222272
949 3531 -0.6663518081798427
949 3545 -0.6941398055567827
949 3560 -0.7411738440889539
949 3575 -0.6688211768375749
949 3590 0.9883287221720076
950 3785 -0.9300761889313234
950 3800 -0.8226278712995581
950 3635 -0.4112559627860719
950 3650 0.43811434687241313
950 3666 -0.8800985955349534
950 3681 -0.6915853596383936
950 3696 -0.42444954233740906
950 3711 -0.5354664860115055
950 3725 0.7269119621105882
950 3740 -0.5135944570705933
950 3755 -0.42276552452425475
950 3770 -0.9562495117824874
963 964 -0.12336940155261233
963 978 -0.6189179613417419
963 3425 0.317991982530865
963 3440 0.18523701086568245
963 3455 -0.19841632227282235
963 3470 0.5145233399551645
963 3486 -0.6262025592446148
963 3501 -0.03804221301455213
963 3516 0.7752582300624729
963 3531 0.24315091332886518
963 3545 0.7936270777599757
963 3560 -0.8057877934579187
963 3395 0.7169504580798254
963 3410 0.5233087978414261
964 965 0.4841288316043282
964 979 -0.9347519488292166
964 3605 0.8900473105318358
964 3620 0.9572572554942846
964 3635 -0.28862451882811957
964 3650 -0.529444423529434
964 3666 -0.23613731828141993
964 3681 -0.6292252399181448
964 3696 0.0758846231980006
964 3711 0.5173568582567283
964 3725 0.824735426707538
964 3740 -0.3832049001457145
964 3575 0.6397455392990847
964 3590 0.9562954270004489
965 980 -0.731511902092453
965 3785 -0.08919149921212521
965 3800 0.85897640223157
965 3815 0.8713680786318463
965 3830 -0.8503673813043449
965 3846 0.13377366292938486
965 3861 -0.30646271207174025
965 3876 -0.8021441515909131
965 3891 -0.8660839655804071
965 3755 0.18079348061172684
965 3770 0.5536700964752916
978 979 -0.5966233911409617
978 3425 -0.5648450103449285
978 3440 0.8003659982814371
978 3455 -0.8393410355282971
978 3470 0.2186508656269981
978 3486 0.8751225694807239
978 3501 -0.5801002209214359
978 3516 0.15290956894590324
978 3531 0.09389922891584046
978 3545 0.7211505619306109
978 3560 0.7575883308324909
978 3395 0.7529561607582202
978 3410 0.6889219507502689
979 980 -0.46346020855254255
979 3605 0.5775871700289941
979 3620 0.836631009346658
979 3635 -0.13443802324981768
979 3650 0.1222924469413762
979 3666 -0.6830077327659227
979 3681 0.1547359381063087
979 3696 -0.34310357020116533
979 3711 -0.6714028341493741
979 3725 -0.26797072515027254
979 3740 0.4109610110279971
979 3575 -0.5039525220223995
979 3590 -0.07047453625229716
980 3785 -0.7494194076585452
980 3800 0.7156301270587129
980 3815 0.2872355608763344
980 3830 0.23675414458829613
980 3846 -0.09212213327717111
980 3861 -0.6093882228946403
980 3876 -0.005510045607906466
980 3891 -0.04763338937767725
980 3755 -0.3144535664551782
980 3770 0.8630200845330289
993 994 0.11311234151819627
993 1008 0.09703841027241333
993 3426 0.21817702103588665
993 3441 0.3255446650459859
993 3456 0.11369855785204463
993 3471 0.5361955536305412
993 3486 0.5932426150976007
993 3501 0.14378767008204751
993 3516 -0.8724374961146701
993 3531 -0.40033467563869785
993 3545 0.45139985337617117
993 3560 -0.11121841359849682
993 3395 0.9730429914092253
993 3410 -0.8072576037132857
994 995 -0.1223168674631614
994 1009 -0.7888305392648121
994 3606 -0.29431810766764754
994 3621 0.632407983750449
994 3636 0.6775325949910362
994 3651 -0.04927922907943283
994 3666 0.7820671939245549
994 3681 0.7558510037920352
994 3696 0.14341678851687
994 3711 -0.9916261906936803
994 3725 0.09308215692895261
994 3740 -0.686288674145171
994 3575 -0.311414215304777
994 3590 0.7284313636850783
995 1010 0.23826498628028747
995 3786 -0.5723734904127349
995 3801 0.8030681164925362
995 3816 -0.8593320435666647
995 3831 0.7066640840757628
995 3846 0.6312081658752111
995 3861 0.6121951183713692
995 3876 0.21693089692659728
995 3891 -0.7201044348408159
995 3755 0.42896656937753597
995 3770 0.9942731785006698
1008 1009 -0.936554235975529
1008 3426 -0.6629798354610523
1008 3441 -0.7398201686190968
1008 3456 -0.06912201264033646
1008 3471 0.12439783732173959
1008 3486 0.9692903049329844
1008 3501 0.29335872303060495
1008 3516 -0.4056847363172822
1008 3531 0.19599658748304938
1008 3545 -0.6513234878354301
1008 3560 0.9522243116700724
1008 3395 0.2962211637286354
1008 3410 -0.2554774775114461
1009 1010 0.8233071290123906
1009 3606 -0.07316194305257517
1009 3621 -0.9036732198270812
1009 3636 -0.7852523083204086
1009 3651 0.1636498470744321
1009 3666 -0.033643772375429926
1009 3681 -0.1236322978251978
1009 3696 0.9622814628777137
1009 3711 -0.009659366896461519
1009 3725 -0.4001469187599671
1009 3740 0.7401739668570968
1009 3575 0.17679909695133933
1009 3590 -0.25793527008735606
1010 3786 0.4725766081712919
1010 3801 0.9161217287835193
1010 3816 -0.17847636632259722
1010 3831 -0.9874272606577517
1010 3846 -0.8123496288828584
1010 3861 -0.6807005984331878
1010 3876 -0.44802942410804203
1010 3891 0.6906291275174927
1010 3755 0.9869403267977168
1010 3770 -0.9991347662042553
1023 1024 0.49575558256435004
1023 1038 -0.347131922132748
1023 3426 0.8919962359297364
1023 3441 -0.8903900630676176
1023 3456 -0.6668320697231114
1023 3471 0.7191820427326083
1023 3486 0.33750961238012356
1023 3501 0.6619704542210305
1023 3365 0.9475088743791169
1023 3380 0.6689694749417987
1023 3395 -0.4165826999606863
1023 3410 -0.2516619872708903
1024 1025 0.20003736562961172
1024 1039 0.4206060958226552
1024 3606 0.005790845184952653
1024 3621 -0.9960342491423764
1024 3636 -0.16231482662423335
1024 3651 -0.2654374545626168
1024 3666 0.507557106201004
1024 3681 -0.15411119442427812
1024 3516 0.5910376434659821
1024 3531 -0.35280126170628123
1024 3545 -0.8837858611631224
1024 3560 0.33945903877355965
1024 3575 -0.050694047924464636
1024 3590 0.558223122683349
1025 1040 -0.8123675693638179
1025 3786 0.4022108580747745
1025 3801 -0.8675916586498513
1025 3816 -0.12182692996792088
1025 3831 0.7752196046506477
1025 3846 0.23043091229279056
1025 3861 0.7546858260601861
1025 3696 0.27844097536451673
1025 3711 0.8672271402454412
1025 3725 -0.9271012111687826
1025 3740 0.5801391009951553
1025 3755 0.7509353718942595
1025 3770 0.23929774041365803
1038 1039 -0.15195561539221636
1038 3426 0.12354845094628675
1038 3441 0.6780898472073256
1038 3456 0.00567007887044868
1038 3471 -0.816004767099225
1038 3486 0.44884919013837554
1038 3501 0.8554265939838448
1038 3365 -0.26595294774624256
1038 3380 -0.09149576580087926
1038 3395 -0.6230123420033076
1038 3410 0.9254331834929506
1039 1040 -0.6171593302079337
1039 3606 0.4846985547105753
1039 3621 -0.2634907453774009
1039 3636 -0.3773171638563546
1039 3651 -0.12750351103477375
1039 3666 -0.3167978247158709
1039 3681 -0.3576883826026316
1039 3516 -0.5622545049080898
1039 3531 0.15496082625360352
1039 3545 -0.07150117514429621
1039 3560 0.3623005335763063
1039 3575 0.8892229967993561
1039 3590 0.46655271610343085
1040 3786 -0.7321995696113672
1040 3801 0.5956867491255735
1040 3816 0.42539089481950465
1040 3831 -0.7765528334230694
1040 3846 0.594775711282606
1040 3861 0.5648984015619869
1040 3696 0.72415333092318
1040 3711 0.9116055070928302
1040 3725 -0.19910412437335778
1040 3740 0.15117269995266813
1040 3755 0.213110546683293
1040 3770 0.5988853148452677
1053 1054 0.5204242046087411
1053 1068 -0.8674122066317977
1053 3426 0.9406476680895601
1053 3441 0.9016546506989205
1053 3456 -0.6463502811030986
1053 3471 0.46845116732648284
1053 3486 -0.02785854253492226
1053 3501 -0.9129003632962913
1053 3366 -0.018922756601619906
1053 3381 -0.7343665379363427
1053 3396 0.4952544905978069
1053 3411 -0.269014345725471
1054 1055 0.010847550692652641
1054 1069 -0.46829551341502107
1054 3606 -0.3361348776314397
1054 3621 -0.6551271580980496
1054 3636 -0.9510592587735867
1054 3651 0.15496656254535712
1054 3666 -0.13556833383976108
1054 3681 -0.8329145953610366
1054 3516 -0.4175302946316226
1054 3531 0.8795859265303356
1054 3546 0.3331273234075438
1054 3561 0.983739193115216
1054 3576 -0.2623018814270224
1054 3591 0.5089454465056251
1055 1070 0.5677609532235592
1055 3786 0.5198555354701353
1055 3801 0.3992501103542945
1055 3816 -0.7149431513492113
1055 3831 -0.4451993450981979
1055 3846 -0.20289966122656056
1055 3861 -0.2642850477512635
1055 3696 0.4669115212247452
1055 3711 0.6645506387864055
1055 3726 -0.30396980589173994
1055 3741 0.4429596302948273
1055 3756 0.7305228860082555
1055 3771 0.28504217686652455
1068 1069 0.8587075500004397
1068 3426 -0.20729447991021566
1068 3441 -0.06925776836714381
1068 3456 -0.5339800121114351
1068 3471 -0.47669291653636114
1068 3486 0.7542719196470993
1068 3501 -0.04393696595955787
1068 3366 -0.3228103014248531
1068 3381 -0.20291351715536665
1068 3396 -0.17494700895283555
1068 3411 -0.3306725731017137
1069 1070 0.9406670723327346
1069 3606 0.9938032304756506
1069 3621 -0.9126714354224414
1069 3636 -0.38610024807076293
1069 3651 -0.8655552565739302
1069 3666 -0.42308721931236937
1069 3681 0.8694085837372121
1069 3516 0.818559180665066
1069 3531 -0.003988532546565393
1069 3546 0.23862852361326592
1069 3561 0.7352498101468752
1069 3576 0.9614235511879832
1069 3591 -0.4544477235536659
1070 3786 0.48488003938245594
1070 3801 0.17366775676774848
1070 3816 0.5965532272694911
1070 3831 0.7191302818716683
1070 3846 -0.00770641481298262
1070 3861 -0.10303627005228866
1070 3696 -0.5987396308770512
1070 3711 0.352506788333832
1070 3726 0.2050202018619982
1070 3741 -0.9848034296870622
1070 3756 -0.2415888063227689
1070 3771 0.6186252013582154
1083 1084 -0.012280944823537476
1083 1098 -0.20522485151478742
1083 3426 -0.4290762631369798
1083 3441 -0.49743330188147894
1083 3366 0.7430577795010187
1083 3381 -0.7110970134880512
1083 3396 -0.04760706604229803
1083 3411 0.201613938395252
1084 1085 -0.5256480226748177
1084 1099 -0.46503843931553757
1084 3606 0.15845610304725377
1084 3621 -0.5903438589074714
1084 3456 0.749323758366137
1084 3471 -0.6917095979897796
1084 3486 0.7413156293159326
1084 3501 -0.6174741358865068
1084 3516 0.18920284853342917
1084 3531 0.3877552522064438
1084 3546 -0.5652493260954055
1084 3561 0.5052351059906051
1084 3576 -0.09919143753295945
1084 3591 -0.6127643727368635
1085 1100 0.7545447426734286
1085 3786 -0.3716050343853339
1085 3801 -0.17949964884381275
1085 3636 -0.6449969399016671
1085 3651 -0.0670209248390019
1085 3666 -0.11308879555252149
1085 3681 -0.879700729847825
1085 3696 -0.16416083473678644
1085 3711 0.45767294589739316
1085 3726 -0.6898942185677077
1085 3741 -0.7420756679109841
1085 3756 -0.21958147510526138
1085 3771 -0.07968065792709811
1098 1099 0.6525303765655017
1098 3426 0.798792645935942
1098 3441 -0.5399127561245134
1098 3366 0.8759564305216454
1098 3381 -0.28332238609465565
1098 3396 0.6332558545902283
1098 3411 0.4203427329177625
1099 1100 -0.8939169578774568
1099 3606 0.6487779189774578
1099 3621 -0.03533788561813256
1099 3456 0.16643110780740322
1099 3471 -0.21258978152893881
1099 3486 -0.17790722943026527
1099 3501 -0.7504084707339127
1099 3516 0.41417393619412635
1099 3531 -0.816842047844315
1099 3546 -0.5839047328037046
1099 3561 -0.33203389936006134
1099 3576 0.1529918483617918
1099 3591 -0.010552608418331832
1100 3786 0.7848748767171367
1100 3801 0.40170264779258424
1100 3636 0.2960497857877582
1100 3651 0.1677851062516722
1100 3666 -0.8397646188822951
1100 3681 0.34489104256015213
1100 3696 0.11400222334427945
1100 3711 -0.8111461904957722
1100 3726 0.6045685990849492
1100 3741 0.5034284926752299
1100 3756 -0.12384219433396604
1100 3771 0.9201286569797593
1113 1114 -0.818501269282274
1113 1128 0.9031115629009625
1113 3426 -0.17926798806144073
1113 3441 0.7235602205957026
1113 3366 0.6367989572154358
1113 3381 -0.5543218699009744
1113 3396 0.7136584945353015
1113 3411 -0.5062933578408428
1114 1115 -0.9175495628001551
1114 1129 0.7707821582784598
1114 3606 -0.3118076107984209
1114 3621 -0.8392140265773722
1114 3456 0.2769984770456766
1114 3471 -0.5909734644144162
1114 3546 -0.31211466549578515
1114 3561 0.5407526154600142
1114 3576 -0.7644873315898941
1114 3591 0.6531504364948726
1115 1130 -0.060065082006500514
1115 3786 0.38555393247697967
1115 3801 0.42814109331059647
1115 3636 -0.7373474937295295
1115 3651 0.9241204936116152
1115 3726 0.05312592087763379
1115 3741 -0.9826530825089199
1115 3756 0.9595039129437344
1115 3771 -0.031580774103753706
1128 1129 -0.47243152880221895
1128 3426 0.8456642931302456
1128 3441 -0.12065175074403256
1128 3366 -0.2700436493582903
1128 3381 -0.21628117194249663
1128 3396 0.5615569025383249
1128 3411 0.8739082965806824
1129 1130 0.42049076150739007
1129 3606 -0.9512723460012618
1129 3621 0.5433666642257768
1129 3456 -0.5350579337993493
1129 3471 0.8213629020975577
1129 3546 0.6453730085151308
1129 3561 0.1557351818143644
1129 3576 0.5389256935359819
1129 3591 0.6367654938001135
1130 3786 0.7372433308500281
1130 3801 0.49404958134680754
1130 3636 0.9743113273316109
1130 3651 -0.7227178177819604
1130 3726 -0.6819840565986663
1130 3741 -0.38874802684968635
1130 3756 -0.5258665972213701
1130 3771 0.49440134765926946
3364 3365 -0.835977818780139
3364 3379 -0.6820135117464639
3365 3366 -0.31253183482963864
3365 3380 0.9509442954707235
3366 3381 -0.3384438199106319
3379 3380 0.8867540274010781
3380 3381 -0.7409298728011411
3394 3395 0.2974974513124038
3394 3409 -0.7735475867958213
3395 3396 -0.8708537619206349
3395 3410 0.1573165978138471
3396 3411 -0.3255600263562859
3409 3410 -0.40151248073410706
3410 3411 0.5897042198327302
3424 3425 -0.8754218408262313
3424 3439 -0.2528005931470072
3425 3426 -0.17067237859969886
3425 3440 0.8767539783799374
3426 3441 -0.9294476316675557
3439 3440 0.7185825811328046
3440 3441 0.4523435962671942
3454 3455 0.13425496670295622
3454 3469 -0.08784555314120324
3455 3456 0.7451120753038463
3455 3470 0.09777933072487999
3456 3471 -0.8608864175214388
3469 3470 -0.7253400550823221
3470 3471 -0.47649858709434656
3484 3485 -0.8042768245127103
3484 3499 0.8365238951697551
3485 3486 -0.7178668378316304
3485 3500 -0.15841500221930604
3486 3501 0.8859987310411954
3499 3500 0.050515108203408765
3500 3501 0.09911861497698826
3514 3515 0.18856915152119424
3514 3529 0.41552123432504895
3515 3516 -0.36565118014883957
3515 3530 0.4577596865104112
3516 3531 0.8575245651952839
3529 3530 -0.6818392884213993
3530 3531 0.29648479318928755
3544 3545 -0.5237100349798736
3544 3559 -0.9251118525074706
3545 3546 -0.8193326171247006
3545 3560 0.5339894614406195
3546 3561 0.2660438216208425
3559 3560 -0.5191702626623025
3560 3561 0.7825734767893959
3574 3575 -0.5099540075672233
3574 3589 -0.03589026919829119
3575 3576 0.6868823816960687
3575 3590 0.3242080477291176
3576 3591 0.2240430245278946
3589 3590 0.12542497027395338
3590 3591 -0.045734165947394434
3604 3605 0.33441466310957146
3604 3619 0.5875276168028456
3605 3606 0.7148657106557654
3605 3620 -0.055875035746360435
3606 3621 -0.4339670809260039
3619 3620 -0.4674505390525374
3620 3621 -0.07811728412046115
3634 3635 0.8130134728325928
3634 3649 -0.9259076819855978
3635 3636 -0.9795059930665293
3635 3650 0.597458999250829
3636 3651 0.513013896794881
3649 3650 -0.05353832597382446
3650 3651 -0.15171505486417036
3664 3665 -0.4022957525238102
3664 3679 0.9874263680802251
3665 3666 -0.25907501082535433
3665 3680 0.06532499120620439
3666 3681 -0.17515676096692534
3679 3680 -0.6332870673508453
3680 3681 0.16495181537571835
3694 3695 0.12230194361298619
3694 3709 -0.37910649187851586
3695 3696 0.9069470173133805
3695 3710 0.6420321311288604
3696 3711 -0.2829426041738623
3709 3710 0.15113184547223457
3710 3711 0.5187417237519805
3724 3725 -0.8283107855969944
3724 3739 0.6900188973443142
3725 3726 0.8710322024157384
3725 3740 -0.9720889096353584
3726 3741 -0.8384070805416228
3739 3740 0.9165842013275156
3740 3741 0.914237020728508
3754 3755 0.8380330983344695
3754 3769 -0.10422940469388386
3755 3756 0.8128199154174558
3755 3770 -0.8663982421922582
3756 3771 0.6754404500633728
3769 3770 -0.45358459858985367
3770 3771 -0.08767870464381189
3784 3785 0.43486021808334474
3784 3799 -0.28381720450918224
3785 3786 -0.7121313385780939
3785 3800 -0.7441141496902
3786 3801 0.2959615963865363
3799 3800 0.3134882245233326
3800 3801 -0.653137834506309
3814 3815 -0.3701283007811864
3814 3829 -0.9124210247615048
3815 3816 0.9099128103844809
3815 3830 -0.3462197210412026
3816 3831 0.2171257825039099
3829 3830 -0.3660053098273768
3830 3831 -0.7045848613710892
3844 3845 -0.3960952650727865
3844 3859 -0.1792786645045774
3845 3846 0.0760458441784464
3845 3860 -0.8042958956117616
3846 3861 -0.0726241859905894
3859 3860 0.19537752694455723
3860 3861 0.8640138641978006
3874 3875 -0.6502495790823586
3874 3889 0.015897638536889636
3875 3876 0.20500161546653994
3875 3890 -0.36590529448447473
3876 3891 -0.4277175572459544
3889 3890 0.5142807480339087
3890 3891 -0.14499262883013508
