# 
603 603 2.439174912800416
604 604 -3.873184813866737
605 605 3.583803896129284
618 618 -0.7769261337568443
619 619 -3.4217895717750046
620 620 3.8438964804321225
633 633 3.841855610149934
634 634 0.004318274581787129
635 635 1.2915334367909184
648 648 2.520128542465879
649 649 3.2870185213571297
650 650 -0.7186597265833559
663 663 -1.4914118411099127
664 664 2.065797815148981
665 665 -0.7876826144228506
678 678 2.1615634440015326
679 679 0.4926422623543196
680 680 -0.06378757301687976
693 693 -3.3459535683209074
694 694 2.77947867436622
695 695 -3.0618489944573657
708 708 1.1016280360818174
709 709 -3.2868544304837135
710 710 1.280216631697499
723 723 0.6910461504151622
724 724 0.12316839569081317
725 725 -3.828310700541163
738 738 0.4543286225944092
739 739 -0.5362947554498314
740 740 -1.2523829097297572
753 753 2.2671290555414156
754 754 3.9449578079432266
755 755 -2.979594110912224
768 768 -3.494117980219003
769 769 0.5715137938466315
770 770 1.8036575187942008
783 783 3.339886068402243
784 784 -1.1510467945231175
785 785 2.302740364997577
798 798 -2.941564751160459
799 799 -1.7179286713197568
800 800 -1.9353330202942365
813 813 -0.9395144414550929
814 814 -3.5453588663802025
815 815 2.2017055377179604
828 828 1.7021296892587472
829 829 0.6031456944390667
830 830 1.336194303963743
843 843 -3.764466249124885
844 844 -1.6624053630944173
845 845 0.44209037914397964
858 858 2.7093243323130594
859 859 -1.683263892928859
860 860 1.8154008884563204
873 873 -3.066621382737547
874 874 2.5892681752012363
875 875 -0.8662945358663539
888 888 -1.1997190507025426
889 889 -2.6520053083183717
890 890 1.1112007819023608
903 903 -1.255902350395477
904 904 -1.1288303878754284
905 905 1.6377287709377848
918 918 -2.974364781393853
919 919 0.3417321776490079
920 920 -1.9926207257252253
933 933 -3.088308857549908
934 934 1.5909908543299345
935 935 -0.7966405394304799
948 948 2.121779441278452
949 949 -1.2407835553821709
950 950 -3.158122091657754
963 963 1.959350413839692
964 964 0.5897323153879874
965 965 0.018031246446461147
978 978 2.3980183845950256
979 979 2.822096947491019
980 980 1.5479554899745116
993 993 -0.7325127679421968
994 994 0.13239457016361555
995 995 -1.5664081362632292
1008 1008 3.715114878712847
1009 1009 -1.800917387900828
1010 1010 1.0351883541030444
1023 1023 -0.695536582074177
1024 1024 1.9738050528522715
1025 1025 2.4617201524317665
1038 1038 -2.704275594607614
1039 1039 -1.6535110170141802
1040 1040 -1.9308961510173521
1053 1053 -0.9260504539751135
1054 1054 1.2959832344982933
1055 1055 2.7702959878998525
1068 1068 -3.9885207597911485
1069 1069 1.0797357232169071
1070 1070 -3.348950364490741
1083 1083 0.7774105534750637
1084 1084 1.2949737531953653
1085 1085 0.09288438108878427
1098 1098 -2.746430578558919
1099 1099 1.1166718901278987
1100 1100 -3.5604023884676126
1113 1113 -3.5649473916494365
1114 1114 2.39814140235314
1115 1115 0.3238710187274023
1128 1128 -1.7366174802873768
1129 1129 -3.762299837132402
1130 1130 1.4124867497667761
3364 3364 -1.8158955934462604
3365 3365 -2.854156971196537
3366 3366 -3.219279890143582
3379 3379 -0.7883296964469801
3380 3380 -0.4708081438453089
3381 3381 -2.3953975225404607
3394 3394 -0.2908330594503843
3395 3395 1.9304119860144189
3396 3396 -0.5564092189571186
3409 3409 -0.40417063503622064
3410 3410 0.8851548747866662
3411 3411 2.6946682965647177
3424 3424 1.5216156778129575
3425 3425 0.9872191798336614
3426 3426 1.2357616867083747
3439 3439 -2.883745043682392
3440 3440 3.929105513032905
3441 3441 1.9588933918426692
3454 3454 -2.308634250459452
3455 3455 0.3153802186379906
3456 3456 -0.926653118562915
3469 3469 -1.970704631174935
3470 3470 1.9621227315187983
3471 3471 -3.3660421476787272
3484 3484 -1.6259044059121752
3485 3485 2.15567873545137
3486 3486 -0.43951692657751273
3499 3499 -0.6423314012335313
3500 3500 0.5988676949284315
3501 3501 -2.091314438093973
3514 3514 -2.8421054227408975
3515 3515 -3.4978313487601858
3516 3516 3.82402522698691
3529 3529 -3.875237282460361
3530 3530 0.18511276871948024
3531 3531 -1.435203063172585
3544 3544 -2.6916525811251626
3545 3545 -1.1412624032319894
3546 3546 2.219663880210188
3559 3559 1.7281347044375908
3560 3560 2.388724311094495
3561 3561 2.5518737277613956
3574 3574 3.089687434179795
3575 3575 -0.7669933724382361
3576 3576 1.3571890883349997
3589 3589 -0.4966499614983322
3590 3590 3.2016790028227655
3591 3591 -0.6535925353890146
3604 3604 1.129944257905021
3605 3605 -2.934681223523417
3606 3606 -2.6596389960597637
3619 3619 1.4269571170243118
3620 3620 -2.015908334369964
3621 3621 -2.329284822151692
3634 3634 -1.6873235526347363
3635 3635 -1.186571831327118
3636 3636 -2.1289263368066615
3649 3649 3.725370279045375
3650 3650 -1.0510947143215672
3651 3651 -3.1959474973716766
3664 3664 1.204272557259789
3665 3665 -1.1707034952342035
3666 3666 3.0339225415274917
3679 3679 -2.229482506279698
3680 3680 3.8330060372436545
3681 3681 3.327808647553316
3694 3694 1.0675390269442122
3695 3695 -3.7904645753882313
3696 3696 -3.7181234799121716
3709 3709 3.070577503751701
3710 3710 3.3237942506239895
3711 3711 -1.3006274850841137
3724 3724 -1.7438151552566188
3725 3725 1.5017845153698888
3726 3726 -3.6425998288270236
3739 3739 1.5457776519337116
3740 3740 -3.407024234569918
3741 3741 -0.645508175440539
3754 3754 1.2092486463432852
3755 3755 0.14720630724829498
3756 3756 2.9323508231782247
3769 3769 1.1801002543490888
3770 3770 3.1955973537737066
3771 3771 -3.5396774141335827
3784 3784 -0.27470428949327985
3785 3785 1.4242856595341724
3786 3786 1.0791703828266597
3799 3799 -2.5508081127104827
3800 3800 1.8574492480096625
3801 3801 0.8634170178434273
3814 3814 -3.5276843226064143
3815 3815 0.10875211523493267
3816 3816 3.2308175791182077
3829 3829 -1.3477696178845608
3830 3830 1.5445377553429749
3831 3831 0.4647260869400238
3844 3844 2.159957746512857
3845 3845 1.4305323270945767
3846 3846 -2.2530632330043074
3859 3859 1.0026063572685988
3860 3860 -1.1133825957897168
3861 3861 2.091164465026707
3874 3874 -1.24569753983834
3875 3875 -3.8660028921503136
3876 3876 1.680742468029485
3889 3889 1.7900358315622835
3890 3890 -2.510305229328379
3891 3891 -0.5486570708768479
603 604 0.5986734269831677
603 618 0.8059294979611449
603 3484 0.8942753493078166
603 3499 -0.7662358953680362
603 3514 -0.4071998444795628
603 3529 -0.09512619931097199
604 605 0.18283638376059197
604 619 0.676615005027055
604 3664 0.5696801165532601
604 3679 0.6350930860605337
604 3694 -0.417946639719355
604 3709 -0.2636669205596145
605 620 0.09963809180480165
605 3844 0.9150888282086238
605 3859 0.6365437131662477
605 3874 -0.7768455352351986
605 3889 0.4208990612862169
618 619 -0.3541986814566669
618 3484 0.6268124381722135
618 3499 -0.9542166029998027
618 3514 -0.7589693491002325
618 3529 0.16804181233945004
619 620 -0.38606588239579387
619 3664 0.7639497586490758
619 3679 0.8139715876801119
619 3694 -0.3775269740759253
619 3709 -0.9952743416565972
620 3844 0.6400716264967328
620 3859 0.2309419485832065
620 3874 -0.15050865335045094
620 3889 -0.07112559787445183
633 634 0.2555447177798309
633 648 -0.34457792039159396
633 3424 0.08802020815107992
633 3439 0.46569949929364074
633 3454 -0.5449789550035631
633 3469 0.26007445322759537
633 3484 0.42203799704857237
633 3499 0.3091140825657466
633 3514 0.4779853035380681
633 3529 -0.4543422173718674
634 635 -0.9828186532693552
634 649 0.351507487834535
634 3604 0.8990302918250357
634 3619 0.5679736016838215
634 3634 -0.010606689804024683
634 3649 0.6391973344432182
634 3664 -0.7965831659586762
634 3679 -0.012614901498735565
634 3694 0.3934682500142761
634 3709 -0.8353973349554191
635 650 -0.7904927984906422
635 3784 -0.8492200366674507
635 3799 -0.16700262781131592
635 3814 0.8212593767672529
635 3829 0.44505161853931474
635 3844 0.7099046286889319
635 3859 -0.06993421270325118
635 3874 0.40037511523630953
635 3889 0.6489026694351521
648 649 0.14966825350251933
648 3424 0.39755083123760304
648 3439 0.026245763355768892
648 3454 -0.5985119406284825
648 3469 0.0463309171808457
648 3484 0.4895586060514012
648 3499 0.9064776771732215
648 3514 -0.39270089313116996
648 3529 0.6171992039481142
649 650 0.26167370663187484
649 3604 0.46634075480144244
649 3619 -0.7984742420165039
649 3634 -0.4346934810215721
649 3649 0.5998452705604933
649 3664 0.6132536923425715
649 3679 -0.7878030392057098
649 3694 -0.5542539836940579
649 3709 0.5025492159511737
650 3784 0.30767056455790875
650 3799 -0.8225561874843994
650 3814 -0.04922985822396897
650 3829 -0.152316966381576
650 3844 0.1404733712732389
650 3859 -0.16589400233215668
650 3874 0.2939923881293285
650 3889 0.8656805786938733
663 664 -0.3681636363679801
663 678 -0.24503741020407088
663 3424 -0.06577607138998443
663 3439 0.8470958790090204
663 3454 0.4222162748130964
663 3469 0.7813255715275984
663 3484 0.09340883184649007
663 3499 -0.17808565493375794
664 665 0.9915730523659119
664 679 0.9424583665002317
664 3604 -0.23964944857780224
664 3619 -0.15383110269113498
664 3634 -0.27581348542929307
664 3649 0.17159969327514757
664 3664 -0.18851208173348066
664 3679 0.0833606344315787
664 3514 -0.934511902787379
664 3529 0.5468359789495219
665 680 -0.1460524804634853
665 3784 -0.9347140314307438
665 3799 0.07184749046709271
665 3814 -0.013903250117238475
665 3829 0.5612124680710162
665 3844 0.207742531856427
665 3859 0.10260811457070451
665 3694 0.2393950522261299
665 3709 0.7892191489966709
678 679 0.8565332438327746
678 3424 0.12040105257035671
678 3439 -0.5784121517517993
678 3454 -0.2985661610801902
678 3469 0.8745859944950038
678 3484 -0.8744748890633725
678 3499 -0.4399180564131251
679 680 -0.7164587285552348
679 3604 0.6677622646484196
679 3619 -0.7107709156370137
679 3634 -0.4972219170170371
679 3649 0.2902309635958966
679 3664 0.4136682116916486
679 3679 0.09095409112102759
679 3514 0.4988016427219959
679 3529 0.006507784109105907
680 3784 0.6183984025122906
680 3799 -0.360926519957421
680 3814 -0.747423348153005
680 3829 0.6116902853681647
680 3844 -0.16457033934843324
680 3859 -0.7550636056893509
680 3694 -0.7215015559954578
680 3709 0.3389953935349117
693 694 0.6850425490660075
693 708 -0.7445277382796667
693 3424 0.36265716676225135
693 3439 -0.4623623189221435
693 3454 -0.6683970238461199
693 3469 0.734917811016008
693 3484 -0.27830211158117635
693 3499 0.09911836664285256
693 3364 0.28005627731835303
693 3379 -0.9175866779255819
693 3394 -0.8966457976263251
693 3409 0.45978643085736426
694 695 0.06380805908390896
694 709 0.07108601636352607
694 3604 0.7529781167204272
694 3619 -0.0843015994625047
694 3634 0.6871433229415509
694 3649 0.9708490278616511
694 3664 -0.3877549326705221
694 3679 -0.31980059585317977
694 3514 0.38061326714983923
694 3529 -0.3486438632437088
694 3544 -0.2859471019209463
694 3559 0.9116890213020996
694 3574 0.840106027588678
694 3589 -0.83582207177396
695 710 -0.14535104227406825
695 3784 -0.0781917288563565
695 3799 -0.814853642925921
695 3814 -0.7688207638336444
695 3829 0.7871945832568565
695 3844 -0.8014466986407902
695 3859 0.9931115619821191
695 3694 -0.7192457515571471
695 3709 0.14617549355175208
695 3724 0.48302395115750985
695 3739 -0.7392571749765979
695 3754 -0.3571306070572591
695 3769 -0.3520663849655885
708 709 0.6550394330577967
708 3424 -0.9849933441937657
708 3439 0.7259075025146016
708 3454 -0.471107369102294
708 3469 0.2227299633835127
708 3484 0.4081170708861557
708 3499 -0.025067753040165508
708 3364 -0.03177781972994853
708 3379 -0.35156289021374665
708 3394 0.7320915838515953
708 3409 0.5645145832824627
709 710 -0.4551157158914565
709 3604 -0.533336027299778
709 3619 0.23914674312575301
709 3634 -0.7625979932743565
709 3649 -0.9702382489995123
709 3664 -0.7921445629836381
709 3679 0.49364174628238544
709 3514 0.43510213910529694
709 3529 -0.9155658730639444
709 3544 0.7964123418303772
709 3559 -0.969861050743303
709 3574 0.07795522335530203
709 3589 0.5290292212463097
710 3784 0.09688476417326597
710 3799 -0.9417886346966022
710 3814 0.35929519645694796
710 3829 -0.11530699005702894
710 3844 -0.9969958153357918
710 3859 0.9520512503246377
710 3694 -0.6484940301190236
710 3709 0.12633006593387952
710 3724 0.8327065919482095
710 3739 0.8206578731227332
710 3754 0.15524693039686754
710 3769 0.7465341567098185
723 724 0.4467739217639235
723 738 -0.7627364248364699
723 3424 0.10797166011928372
723 3439 -0.8940458781225835
723 3364 0.7548805906543754
723 3379 -0.218505651886008
723 3394 -0.45817024135918305
723 3409 0.9249079177274879
724 725 0.5591180991358262
724 739 -0.5115330802991036
724 3604 -0.6585858348537452
724 3619 0.4734404756353825
724 3454 -0.047909758768477806
724 3469 0.4290350095850002
724 3484 0.6646773028358899
724 3499 -0.20502192752924575
724 3514 -0.2497137285292237
724 3529 0.5459027068411384
724 3544 0.9132961213307031
724 3559 0.08259760131380856
724 3574 -0.07851513012154543
724 3589 0.5440221596216952
725 740 0.2110779325209411
725 3784 0.6706175549141833
725 3799 -0.17949498109327577
725 3634 0.6466508244944003
725 3649 -0.9031194896832768
725 3664 0.27485007145226126
725 3679 -0.2825709126304037
725 3694 -0.6714446248287682
725 3709 0.885756125935721
725 3724 0.3923196630831942
725 3739 0.25755406701132433
725 3754 0.32351874493295063
725 3769 -0.33837435858922915
738 739 0.43521846287039145
738 3424 0.7566453795337298
738 3439 0.8305924754273062
738 3364 0.8201832788732402
738 3379 -0.43945627213129446
738 3394 0.08197885329690768
738 3409 -0.7994904692494063
739 740 0.19553169627007017
739 3604 -0.5419494727991379
739 3619 0.6924102956690192
739 3454 0.10582340599605877
739 3469 -0.39967576279269146
739 3484 0.5866246218701818
739 3499 0.6766459747562417
739 3514 0.010025061982449568
739 3529 -0.6318343033572891
739 3544 0.3352717329945871
739 3559 0.07522548701760523
739 3574 0.6784998189993305
739 3589 -0.6751132849440551
740 3784 -0.09819285026105584
740 3799 -0.7817962200941202
740 3634 0.8924072147552349
740 3649 -0.24102741125954474
740 3664 -0.024812494579715683
740 3679 -0.582360828587446
740 3694 0.7292748617091134
740 3709 0.2659922520916167
740 3724 0.589241386056206
740 3739 -0.764829382515176
740 3754 -0.791714521909423
740 3769 0.6200396132196029
753 754 0.5302663830805718
753 768 0.04116865418535531
753 3424 0.11065843702166211
753 3439 -0.9414690531718044
753 3364 -0.5258431114887043
753 3379 -0.0009452732206360892
753 3394 -0.6338063567808918
753 3409 0.3359448164405969
754 755 0.11766450284829522
754 769 -0.3737807146411445
754 3604 -0.9329948146476923
754 3619 -0.036411499883561405
754 3454 -0.763847099240951
754 3469 0.7737013294054813
754 3485 0.019666761785911646
754 3500 0.44203310366109383
754 3515 0.07540894416746968
754 3530 0.5122509708254306
754 3544 -0.3809232187932097
754 3559 0.7543862946196793
754 3574 -0.08096399730900661
754 3589 -0.3649700286594584
755 770 -0.19488649902062072
755 3784 0.3866626926381138
755 3799 0.13693435904510953
755 3634 0.6799457702310521
755 3649 0.614367995557485
755 3665 -0.8643676064602805
755 3680 0.5559352697868298
755 3695 0.7191386714469654
755 3710 0.1395210346426068
755 3724 0.8492140424696333
755 3739 -0.34379263809262395
755 3754 -0.736993061792649
755 3769 0.41049228430264684
768 769 -0.797058541754591
768 3424 -0.7140587162833141
768 3439 0.5160935010383245
768 3364 0.6188328525137219
768 3379 0.5189482876974665
768 3394 -0.6328049400003597
768 3409 -0.7414702377689626
769 770 0.28629972381674573
769 3604 0.06814488465132418
769 3619 0.33733411822924975
769 3454 0.42071218758441464
769 3469 -0.06457374328311283
769 3485 0.3113767435943331
769 3500 -0.4672360159640756
769 3515 0.7320850762409679
769 3530 0.01050235419616441
769 3544 0.6336982355527849
769 3559 -0.11192325356275323
769 3574 0.6434381527895892
769 3589 0.9715884240903563
770 3784 0.7722182972242595
770 3799 0.0019793568887613855
770 3634 -0.5772932948430258
770 3649 0.728889454809116
770 3665 -0.8941916201065445
770 3680 0.3211944982557029
770 3695 0.19242606560901732
770 3710 -0.06972082535972857
770 3724 0.7102483174628935
770 3739 0.1806174849962927
770 3754 -0.35126711176148406
770 3769 0.38246331722590665
783 784 -0.6314619755704596
783 798 0.589798799974659
783 3424 -0.6501622092468682
783 3439 -0.5109246057905434
783 3454 -0.24667756669383767
783 3469 0.06023172480559302
783 3485 0.9560547962129315
783 3500 -0.904341912104073
783 3515 -0.6751924054385472
783 3530 0.0711258958845149
783 3544 0.8617527580037163
783 3559 -0.16423468534239638
783 3394 0.1942252601000407
783 3409 0.5775544087542233
784 785 -0.604084861259605
784 799 -0.3550816423036074
784 3604 -0.4601082934644585
784 3619 0.9327744713830515
784 3634 0.5623053988979871
784 3649 -0.7692782755962684
784 3665 -0.09860165301186896
784 3680 -0.2585301933153219
784 3695 -0.7550728451081741
784 3710 0.5315124588447693
784 3724 -0.7869865530584819
784 3739 -0.6306079657017796
784 3574 -0.275499980394061
784 3589 0.050640397159886774
785 800 -0.3275691499952835
785 3784 0.13624096413377496
785 3799 -0.2482481696854717
785 3814 -0.5298469907146599
785 3829 -0.1295103625393652
785 3845 -0.9368137320528807
785 3860 0.02433077188079591
785 3875 -0.8924732470632013
785 3890 0.678966564845092
785 3754 -0.25564236706673493
785 3769 0.5686635128972151
798 799 -0.8561124091614616
798 3424 -0.9534619568238636
798 3439 0.9173871008630428
798 3454 0.06366774584008694
798 3469 -0.7436708551695392
798 3485 -0.5151947669681056
798 3500 -0.4928249624065726
798 3515 0.3110599156885765
798 3530 -0.9153766118426374
798 3544 -0.411012947689406
798 3559 0.4080647041555374
798 3394 0.1953026141215941
798 3409 -0.5883451833450246
799 800 -0.021917057942194118
799 3604 0.06892202654645141
799 3619 0.695811394104251
799 3634 0.4363323767272229
799 3649 0.894583697190966
799 3665 0.8894889717107601
799 3680 -0.06042230144367422
799 3695 -0.3849241344299339
799 3710 0.027337846458492576
799 3724 0.42557510104273
799 3739 0.2354533452933547
799 3574 -0.1120161323189397
799 3589 -0.8667762208820866
800 3784 0.5346896503542102
800 3799 -0.7635537897469562
800 3814 0.30746075832481345
800 3829 0.9359749381341103
800 3845 0.6844514815369991
800 3860 0.039108564346707064
800 3875 -0.17816584290136417
800 3890 -0.7556848495208797
800 3754 0.35766853376069774
800 3769 -0.9056507265391764
813 814 0.8735062368707638
813 828 0.8959118042942342
813 3425 -0.14585126385766767
813 3440 -0.37908462720627045
813 3455 0.054366894498989904
813 3470 -0.779533048584067
813 3485 0.8345699849316697
813 3500 -0.967607126735673
813 3515 0.2995352873152657
813 3530 0.5865069091403023
813 3544 0.2980511532732839
813 3559 0.1119442363201617
813 3394 -0.47284813390895497
813 3409 -0.4583937926612165
814 815 -0.5715567477794237
814 829 0.8377234581582296
814 3605 -0.925365751178453
814 3620 0.7475836849927349
814 3635 0.329887536215298
814 3650 0.09031273840474219
814 3665 0.12290803746668777
814 3680 0.693877452654494
814 3695 -0.1428962106526106
814 3710 0.3102485656704299
814 3724 -0.8167002254321529
814 3739 0.7743804292934624
814 3574 -0.16288547174679446
814 3589 -0.18921923541090613
815 830 -0.6631576560340744
815 3785 -0.03730929511114822
815 3800 0.18498262821689093
815 3815 -0.7458348716279559
815 3830 -0.1719215413205002
815 3845 0.5266172052201898
815 3860 0.6635609922150734
815 3875 -0.5584570430773155
815 3890 -0.3298433848490854
815 3754 0.23602609119157414
815 3769 0.20870768919321403
828 829 -0.7559295175405762
828 3425 0.5473949638731421
828 3440 -0.42294499371609606
828 3455 0.843854147353952
828 3470 0.26117481046123636
828 3485 0.967988261637706
828 3500 -0.4688656229261843
828 3515 0.8413641689034688
828 3530 -0.3201609041783078
828 3544 0.11720986921556609
828 3559 -0.31074599442666906
828 3394 -0.9580948104851226
828 3409 0.3499044680441752
829 830 0.07154310976101419
829 3605 -0.9031627450359763
829 3620 0.5635620681550202
829 3635 0.12013917089320425
829 3650 -0.33512015330871914
829 3665 -0.44333525180040234
829 3680 -0.046784754688207864
829 3695 -0.7910037534199541
829 3710 -0.024205274039755587
829 3724 -0.8729627381211178
829 3739 -0.5130592856314258
829 3574 -0.6246316954039004
829 3589 -0.8367940322968515
830 3785 0.05387456502568422
830 3800 0.16923801077845102
830 3815 -0.2501309999420802
830 3830 0.602135680993561
830 3845 0.5686641841241338
830 3860 0.7398856673959862
830 3875 0.45216981752098495
830 3890 -0.8142028588989338
830 3754 -0.15754225184120663
830 3769 0.8773887077282831
843 844 0.40180834049550884
843 858 -0.1980125593911275
843 3425 -0.28823950528809417
843 3440 -0.5117768038094594
843 3455 -0.4972171272186192
843 3470 0.08585486511409135
843 3485 0.23967626758436178
843 3500 -0.1237513477019756
843 3364 0.6893369268256817
843 3379 -0.4992946072059774
843 3394 0.7266567974948279
843 3409 -0.9189032172952132
844 845 0.10725575153172096
844 859 0.05642609607752025
844 3605 -0.13512042305280914
844 3620 -0.863282267021265
844 3635 0.636564553777482
844 3650 -0.566038785104892
844 3665 -0.19858563438857457
844 3680 -0.9700121555853265
844 3515 -0.93780520037108
844 3530 -0.7543045977266756
844 3544 -0.4001540935904042
844 3559 -0.19754565219965858
844 3574 0.9902548471902448
844 3589 -0.05596339355151403
845 860 -0.44597353997004086
845 3785 0.15872872734706323
845 3800 -0.06038366618726165
845 3815 -0.35474994959169903
845 3830 0.9804116292055693
845 3845 0.2795952408319329
845 3860 0.6404894483720569
845 3695 0.30860925834626274
845 3710 0.12972421878791263
845 3724 0.8181946273902327
845 3739 0.3901245278958261
845 3754 0.4318150067870796
845 3769 0.6199589497377258
858 859 0.5060534116333626
858 3425 -0.3597790004198449
858 3440 0.8905471095217385
858 3455 0.4351701845072964
858 3470 0.7853741782252592
858 3485 -0.0013120873040364245
858 3500 -0.9848867387950178
858 3364 0.6556637863817025
858 3379 -0.32851202217743825
858 3394 0.2896800461017943
858 3409 0.8343728120410259
859 860 -0.04420237340669986
859 3605 -0.6706283315244852
859 3620 -0.7767686406415446
859 3635 0.5089692507166748
859 3650 -0.6888633116812526
859 3665 -0.19942093640780612
859 3680 0.8603220622393597
859 3515 -0.09838439390837017
859 3530 -0.3179229655733722
859 3544 -0.06512579048279044
859 3559 0.09317264888919063
859 3574 0.8685898111199848
859 3589 -0.08005039280410076
860 3785 0.778110092748715
860 3800 0.1245391445789008
860 3815 -0.1691697891571644
860 3830 0.7496976261193309
860 3845 -0.36194302649130794
860 3860 0.2903706328993909
860 3695 -0.062346954325308346
860 3710 0.8063638489467495
860 3724 0.7480116071583269
860 3739 -0.45255509122633675
860 3754 -0.6587588505925679
860 3769 -0.22969758770705861
873 874 0.8249549077230547
873 888 0.28078611629926575
873 3425 -0.5832520175847673
873 3440 0.5344022767591818
873 3455 -0.9070821231127186
873 3470 0.4337690294405896
873 3485 -0.40843088811635897
873 3500 -0.4565737823119589
873 3365 0.8127036195926272
873 3380 0.7936601139201538
873 3395 0.3467611239892239
873 3410 0.9738799009868333
874 875 -0.8865549067995038
874 889 -0.3916388295338984
874 3605 -0.6405002515931337
874 3620 -0.6304703664488185
874 3635 0.7930265455793204
874 3650 -0.6610511386293947
874 3665 0.5716405136818312
874 3680 -0.6876950116386753
874 3515 0.3926383046856625
874 3530 -0.40946321805301467
874 3545 -0.49290209930442375
874 3560 -0.763336687362197
874 3575 -0.1219150602885859
874 3590 -0.3797599462443426
875 890 -0.10642767295938849
875 3785 -0.5385929519810995
875 3800 -0.5832121647647968
875 3815 -0.4923593511784399
875 3830 -0.5023622168034321
875 3845 -0.356165435176073
875 3860 -0.6607489700913289
875 3695 -0.25195235002493277
875 3710 0.058653348797454985
875 3725 0.6036670295551307
875 3740 0.6284949675573639
875 3755 0.786049590515945
875 3770 0.7868294729690863
888 889 0.6455594695289142
888 3425 -0.821807699129486
888 3440 -0.7847461525789214
888 3455 -0.11286940114631139
888 3470 -0.09498851808056141
888 3485 0.5070464241335881
888 3500 -0.300059368796012
888 3365 -0.9177550992614456
888 3380 -0.8480034393489302
888 3395 -0.10906841751996943
888 3410 0.9364591331952372
889 890 0.032735536599500126
889 3605 0.13482274504037872
889 3620 -0.6352894947607242
889 3635 -0.11300479929375218
889 3650 0.11962911497976858
889 3665 -0.6182861230579328
889 3680 0.1901221137386171
889 3515 0.02710338687671543
889 3530 0.8959589167514519
889 3545 -0.8578458522065091
889 3560 -0.29876750557000453
889 3575 -0.8207983834566714
889 3590 0.32999289771687645
890 3785 0.29798985864507666
890 3800 0.6681867415300549
890 3815 0.026215318463664428
890 3830 0.30113960792167105
890 3845 -0.6959186149805545
890 3860 0.7852283339773143
890 3695 -0.982074318346333
890 3710 0.39921323302913225
890 3725 0.6118424820740167
890 3740 -0.6912621616093091
890 3755 0.087955803536369
890 3770 -0.3292009506196685
903 904 -0.6444425148165482
903 918 -0.10481678314267184
903 3425 -0.9066311934188638
903 3440 0.6569091044823441
903 3365 0.5669418635284553
903 3380 0.46217543027373087
903 3395 0.8185923552147727
903 3410 0.9739340438905972
904 905 0.5198211886195141
904 919 -0.38553226035978283
904 3605 -0.6367871659192974
904 3620 0.4214511068196167
904 3455 -0.38776491084389253
904 3470 0.11633120450324852
904 3485 0.27854656319239157
904 3500 0.47416464844484496
904 3515 -0.1875315646067739
904 3530 0.6973653802181567
904 3545 -0.625850769252585
904 3560 0.6432238266252257
904 3575 0.3638183533606463
904 3590 0.780574768560057
905 920 -0.7211972222608223
905 3785 -0.569667381638699
905 3800 -0.2972758516957219
905 3635 0.37641736497924594
905 3650 -0.5295236396937939
905 3665 -0.9777796876191394
905 3680 -0.659349056687156
905 3695 -0.4183532191982329
905 3710 -0.5102331543520353
905 3725 -0.6432622993482202
905 3740 -0.3338297824734715
905 3755 0.23306372851334678
905 3770 -0.2421884988103069
918 919 0.06203368243886498
918 3425 0.3644997921144304
918 3440 0.1236765172051828
918 3365 0.5052286643111783
918 3380 -0.38776307844449787
918 3395 -0.8601712866797293
918 3410 -0.054133355312252274
919 920 0.0053524058906191385
919 3605 -0.6023118393001177
919 3620 0.848513254875815
919 3455 0.9737924241437708
919 3470 0.270687512039844
919 3485 0.23427131256594702
919 3500 0.22786598959727788
919 3515 -0.29254882016271133
919 3530 -0.22761047870581153
919 3545 0.6217868171540539
919 3560 -0.9425694205152853
919 3575 0.12818547764011634
919 3590 -0.315702938904199
920 3785 -0.6181796139823044
920 3800 -0.24421651446091674
920 3635 0.3523190688528566
920 3650 -0.8150525296681246
920 3665 0.1706196465418559
920 3680 -0.20414264021910733
920 3695 0.1534135398940426
920 3710 0.2899712775548111
920 3725 -0.8063663715361968
920 3740 -0.5173428813628125
920 3755 -0.5923181897351604
920 3770 0.6295743835536469
933 934 -0.7116045462451093
933 948 -0.11756382720272596
933 3425 0.5080062960287255
933 3440 -0.9770446591250277
933 3365 -0.4944870582123144
933 3380 -0.28503858337405563
933 3395 -0.42573341306107126
933 3410 0.8529071111156228
934 935 -0.5014725485540297
934 949 0.23827040872844218
934 3605 0.6537356892534898
934 3620 -0.6233138110148482
934 3455 0.482605441426194
934 3470 -0.30941378537268727
934 3486 0.3151459718004932
934 3501 0.04056458577740463
934 3516 -0.030771873251682846
934 3531 -0.6396525093477365
934 3545 -0.6173900603712459
934 3560 0.012159452019600447
934 3575 0.1758941348947729
934 3590 0.3611865582914262
935 950 -0.8759330310501994
935 3785 0.6349981823728932
935 3800 -0.5256053892244459
935 3635 -0.40839461506797536
935 3650 -0.6665950268258924
935 3666 -0.7970650445665406
935 3681 0.4628420168675693
935 3696 -0.8093469004523723
935 3711 0.3685417285644206
935 3725 0.31731264547643234
935 3740 0.5547853759541734
935 3755 0.9565793161321743
935 3770 -0.6818351445210244
948 949 0.3932002358090423
948 3425 0.1019956600567915
948 3440 0.03176340375397091
948 3365 0.9387343883439436
948 3380 0.7334267111139827
948 3395 0.6531156092172674
948 3410 0.41024474301010283
949 950 0.9225571005715552
949 3605 0.5198758969931778
949 3620 -0.33055681769296297
949 3455 -0.18291519589823468
949 3470 -0.8900400923424532
949 3486 0.688446077092282
949 3501 -0.44578392989060545
949 3516 0.9774947612350486
949 3531 -0.42986025786797355
949 3545 -0.1422996891236401
949 3560 0.3103318014297174
949 3575 -0.23381624367757392
949 3590 -0.13797998076486206
950 3785 0.7642274804079263
950 3800 0.3243718504618227
950 3635 0.6323832788469252
950 3650 0.8603302986798449
950 3666 0.8132966794225702
950 3681 -0.5393831105419673
950 3696 -0.07793597588907208
950 3711 0.00033597947726549116
950 3725 0.2251266648978687
950 3740 -0.5016974649558668
950 3755 -0.6640434811577711
950 3770 -0.6637759020162821
963 964 0.7503392640225659
963 978 -0.7443572042573159
963 3425 -0.6838885349404911
963 3440 0.7163143040304547
963 3455 0.078759414719759
963 3470 0.08920407528561491
963 3486 -0.21981041643642563
963 3501 -0.12244123398955864
963 3516 0.3948362360203528
963 3531 -0.8216127065318726
963 3545 0.16696194999920322
963 3560 -0.04677168623486527
963 3395 -0.4592361274750347
963 3410 -0.8980860315387356
964 965 -0.9938566942818099
964 979 -0.5118025583329615
964 3605 0.2048712652988265
964 3620 0.5772325960019304
964 3635 -0.34946411587929327
964 3650 -0.05066724463661898
964 3666 0.9932259015650675
964 3681 0.2721043385404933
964 3696 -0.6351196119694562
964 3711 0.20292176116471583
964 3725 0.9465810527708598
964 3740 -0.35261113059999105
964 3575 -0.10741547616821778
964 3590 0.693014705534523
965 980 -0.822372014251288
965 3785 -0.8519123976824943
965 3800 -0.42771116423966715
965 3815 -0.021064338012221073
965 3830 -0.4839782092038005
965 3846 0.9725020601120802
965 3861 0.8074551222999029
965 3876 -0.026043359900824292
965 3891 0.722415908267019
965 3755 -0.5312377779436463
965 3770 -0.019603967304627545
978 979 0.1373576334865101
978 3425 0.16345018999078298
978 3440 0.33085054906437295
978 3455 -0.9182311053296934
978 3470 0.8671056141035571
978 3486 -0.37390864772574695
978 3501 -0.9301314515778945
978 3516 -0.7236547073421236
978 3531 0.8653454679294279
978 3545 -0.6193922730488033
978 3560 -0.3559513320267349
978 3395 0.19288265721354358
978 3410 0.29480536895308607
979 980 -0.4555267446119411
979 3605 0.47514961556959956
979 3620 -0.24844633362099722
979 3635 0.5886257653754117
979 3650 -0.983193776398948
979 3666 -0.5746993993410281
979 3681 0.432029979166352
979 3696 -0.5023305911779525
979 3711 -0.24402616202052707
979 3725 0.8599490477008249
979 3740 -0.567387575802222
979 3575 -0.535862418489909
979 3590 0.008984451010275452
980 3785 -0.26658792866943104
980 3800 0.9713879302396289
980 3815 0.14619542224521886
980 3830 -0.32959853542540585
980 3846 0.21749057582672116
980 3861 0.0245902604272914
980 3876 -0.42617993030842216
980 3891 0.664593213112818
980 3755 0.31167661588213624
980 3770 0.09659493077738857
993 994 0.5943316440541206
993 1008 -0.7765995517607216
993 3426 0.3269608263386483
993 3441 0.09838574482638474
993 3456 0.04970998177720043
993 3471 0.10035474920760135
993 3486 -0.7982747433916115
993 3501 0.7953452166624131
993 3516 -0.6719816042750242
993 3531 -0.19782471518130618
993 3545 -0.8314380820390785
993 3560 -0.1781732074107849
993 3395 0.6283147590730758
993 3410 -0.452405352535034
994 995 -0.6766317968898736
994 1009 0.29957494571809273
994 3606 0.7149491763128122
994 3621 0.09435599438339093
994 3636 0.24794610544492257
994 3651 0.9658632427306655
994 3666 0.054419747326630796
994 3681 -0.9235856746043969
994 3696 0.0523168962555467
994 3711 -0.49411469657123197
994 3725 -0.41747454554547136
994 3740 0.23601059506978483
994 3575 0.0017204768237193413
994 3590 0.2954404306004028
995 1010 -0.8915137988528377
995 3786 0.4431055912214179
995 3801 0.02133136160159199
995 3816 -0.23582027956022844
995 3831 -0.03419939361608226
995 3846 -0.9057288824498997
995 3861 -0.9216151987047629
995 3876 0.8720934515102452
995 3891 0.17499891454577154
995 3755 0.21369459743546448
995 3770 0.6042309416055633
1008 1009 -0.11957653373176602
1008 3426 0.5678244260453793
1008 3441 -0.7796283732031812
1008 3456 -0.7740643856927065
1008 3471 -0.3820880870436725
1008 3486 0.8392929130200166
1008 3501 0.5660367123343093
1008 3516 0.3476886340794003
1008 3531 -0.1574654466945431
1008 3545 0.2242764376073223
1008 3560 0.25468044820396774
1008 3395 -0.7148801553359403
1008 3410 -0.6579044686314175
1009 1010 -0.8458290874410308
1009 3606 -0.6696603052040517
1009 3621 0.5273468336963079
1009 3636 0.13691936101475166
1009 3651 -0.723890545589029
1009 3666 0.9871715438537978
1009 3681 -0.4011161203410669
1009 3696 0.859308710834388
1009 3711 0.7442150894984927
1009 3725 -0.6995560203421423
1009 3740 0.9029829893596839
1009 3575 0.5324024978310948
1009 3590 -0.5539460195221118
1010 3786 -0.04570530435860021
1010 3801 0.16918546889102037
1010 3816 0.1064108914243942
1010 3831 -0.3887155788998682
1010 3846 -0.19985773929762884
1010 3861 0.025276371414484577
1010 3876 0.10627304096283319
1010 3891 0.47957277398877185
1010 3755 0.7323810706908449
1010 3770 -0.6191817535040594
1023 1024 -0.24127236490266313
1023 1038 -0.88596775209473
1023 3426 0.2694068985193341
1023 3441 0.24124039655461238
1023 3456 -0.7908479429421806
1023 3471 0.8155149455484811
1023 3486 -0.3035804359423069
1023 3501 -0.29782004896109027
1023 3365 -0.7097435724539936
1023 3380 -0.5900815895554545
1023 3395 -0.045580403573351136
1023 3410 -0.49303606263301525
1024 1025 -0.9435635545268852
1024 1039 0.7762717110648907
1024 3606 -0.9866475452129371
1024 3621 -0.9573798982412454
1024 3636 0.06749007546138142
1024 3651 -0.6967063788672918
1024 3666 -0.8089826865267105
1024 3681 -0.26511615868306637
1024 3516 -0.04924675324956462
1024 3531 0.6505297605709739
1024 3545 -0.36186788274600556
1024 3560 0.3290257684809008
1024 3575 0.3441414497332911
1024 3590 0.34977054287009524
1025 1040 -0.19316152400844433
1025 3786 0.5742943614644775
1025 3801 -0.8811537973529366
1025 3816 -0.7105196484163121
1025 3831 -0.09732734972577206
1025 3846 -0.35220164260029985
1025 3861 0.20556761213570418
1025 3696 0.16837251776714446
1025 3711 0.12466739152441364
1025 3725 0.3174919661938529
1025 3740 0.5274280920824359
1025 3755 0.18278273879586426
1025 3770 0.19223205365481189
1038 1039 -0.6557146087353198
1038 3426 0.5635086036841048
1038 3441 0.908708379536679
1038 3456 0.6894809464091085
1038 3471 -0.023472558093588836
1038 3486 0.4440933735256096
1038 3501 0.5346927589602035
1038 3365 -0.9725021625280226
1038 3380 -0.12880781260113627
1038 3395 0.7331343830483412
1038 3410 0.057721179586385896
1039 1040 0.22043957289194416
1039 3606 -0.6658411563660269
1039 3621 -0.9233918656202569
1039 3636 -0.10432152473028644
1039 3651 -0.13893081439898425
1039 3666 0.07463206075043982
1039 3681 -0.28121769081849535
1039 3516 0.4731094030759735
1039 3531 0.674838181753731
1039 3545 0.7260216743420298
1039 3560 -0.24776384816080066
1039 3575 -0.9139207061306309
1039 3590 -0.20676620706211213
1040 3786 0.04504402246488004
1040 3801 -0.16388208792631676
1040 3816 -0.9458294840797477
1040 3831 0.3426338619942795
1040 3846 0.9472638829935593
1040 3861 -0.5381581609865367
1040 3696 0.7862851080159281
1040 3711 -0.8972460207841753
1040 3725 -0.960669869241684
1040 3740 -0.929534193457364
1040 3755 -0.9027464474071805
1040 3770 -0.6269359753427461
1053 1054 -0.03726011447907318
1053 1068 0.6230921555989661
1053 3426 -0.009174240855919447
1053 3441 -0.18970308971824013
1053 3456 -0.8627950691875454
1053 3471 0.05144113318815924
1053 3486 -0.16586473171040073
1053 3501 0.30988109865221314
1053 3366 -0.35562783567601053
1053 3381 -0.6460354689025452
1053 3396 0.16893123630703677
1053 3411 0.5780349928363511
1054 1055 0.08508870088355636
1054 1069 -0.3471928805473292
1054 3606 -0.6580430184928625
1054 3621 -0.4244696629982705
1054 3636 0.8559212735654149
1054 3651 -0.7346281200196014
1054 3666 0.3385876254193261
1054 3681 0.7501664578473324
1054 3516 -0.66583153360341
1054 3531 0.49492947321879344
1054 3546 -0.3439134110023838
1054 3561 0.9069333610243557
1054 3576 0.7427897592581887
1054 3591 0.7742705349556938
1055 1070 -0.8118327157519467
1055 3786 0.19470649009247043
1055 3801 -0.5284645641002605
1055 3816 0.21698188890892545
1055 3831 -0.9326762039819554
1055 3846 -0.2641643471450008
1055 3861 0.03589977075478634
1055 3696 0.9969092595905129
1055 3711 -0.5548326264311791
1055 3726 -0.6135184959008149
1055 3741 -0.7562527576734315
1055 3756 0.2240008448659736
1055 3771 -0.5202663698064025
1068 1069 -0.05094823689500094
1068 3426 0.2919322888390954
1068 3441 -0.3728283691436918
1068 3456 0.7427536506150494
1068 3471 0.4684744019494922
1068 3486 0.22050132087081042
1068 3501 -0.9808767607713142
1068 3366 0.5714813699266033
1068 3381 -0.019013485769405758
1068 3396 0.2686915888981418
1068 3411 0.8863835390470356
1069 1070 -0.7402440744494294
1069 3606 0.060085909199291354
1069 3621 -0.5848428061676414
1069 3636 0.35098210535751506
1069 3651 0.05900436523890962
1069 3666 -0.25195134662285135
1069 3681 -0.11127274079963767
1069 3516 0.583674344303577
1069 3531 -0.03228499249752281
1069 3546 -0.3348366642102525
1069 3561 0.37205143551510145
1069 3576 -0.3633316536401885
1069 3591 -0.8705230856063195
1070 3786 -0.3654370467644883
1070 3801 0.6331465231315454
1070 3816 -0.4005484410054456
1070 3831 -0.6474649499425134
1070 3846 0.8458489127582969
1070 3861 -0.5492457139955844
1070 3696 -0.5355208946597352
1070 3711 -0.914158660282772
1070 3726 -0.3607726265268816
1070 3741 0.3598793404017635
1070 3756 0.3135776566203192
1070 3771 -0.5183931604525269
1083 1084 0.6130484125519704
1083 1098 0.3508176996549366
1083 3426 0.4540223918092623
1083 3441 -0.10188216257613458
1083 3366 0.8562173035313954
1083 3381 0.10283784085757874
1083 3396 0.9573486669587674
1083 3411 0.6530828284958168
1084 1085 0.005131886162151655
1084 1099 0.15135201878330395
1084 3606 0.9079922322894132
1084 3621 -0.24783304955963192
1084 3456 0.43917655903043307
1084 3471 -0.33631972611842587
1084 3486 -0.525916741018472
1084 3501 -0.9802455031385608
1084 3516 0.3648146615996106
1084 3531 -0.8691251261820725
1084 3546 0.9534631679280106
1084 3561 -0.32500430142571335
1084 3576 0.7996448653681247
1084 3591 0.7069194236959648
1085 1100 0.35077196413447886
1085 3786 0.450349999467774
1085 3801 0.37618517786909234
1085 3636 -0.18707005342705352
1085 3651 -0.9888330714362128
1085 3666 -0.6900288252208677
1085 3681 -0.21947344125013224
1085 3696 0.19496018944279103
1085 3711 0.5270319611874086
1085 3726 0.5164775740757679
1085 3741 0.8991529964850651
1085 3756 -0.09436878407875637
1085 3771 -0.35566310218777253
1098 1099 0.6464630363620856
1098 3426 -0.11261453733115556
1098 3441 0.1745221727416928
1098 3366 0.44311180607313005
1098 3381 -0.7581218400763279
1098 3396 0.5368194029320181
1098 3411 0.342044891266432
1099 1100 0.02694396378818098
1099 3606 0.32855981072453533
1099 3621 0.7278138338171556
1099 3456 -0.5995094426900898
1099 3471 -0.4776695591164537
1099 3486 0.38125583936488083
1099 3501 -0.34017948823940447
1099 3516 -0.8120127490102347
1099 3531 -0.21513967768526232
1099 3546 0.5501650683249315
1099 3561 -0.23601694207848967
1099 3576 0.21482124136405778
1099 3591 -0.8318862978378028
1100 3786 0.07798828870650065
1100 3801 -0.6614957122672418
1100 3636 -0.3756921859233209
1100 3651 0.4015694775244347
1100 3666 -0.6676955072792579
1100 3681 -0.04291153910970058
1100 3696 0.8147629997548305
1100 3711 -0.2574916905612863
1100 3726 0.1767305965376924
1100 3741 -0.6650688674992757
1100 3756 -0.46161105914348166
1100 3771 -0.295698763454465
1113 1114 -0.3797791892622766
1113 1128 0.8017859549545108
1113 3426 0.067997959575536
1113 3441 -0.7933137483407968
1113 3366 -0.5541174607853565
1113 3381 -0.24100634368605034
1113 3396 0.8014728512531581
1113 3411 -0.6163748607256776
1114 1115 -0.05834992126344418
1114 1129 0.5813050059243252
1114 3606 -0.1934930440000031
1114 3621 -0.3672061808885698
1114 3456 -0.46822922100002096
1114 3471 0.6112234516507082
1114 3546 0.7775395679710049
1114 3561 0.5374518862824134
1114 3576 0.6842352628410906
1114 3591 -0.6629726025542984
1115 1130 0.9269678305062758
1115 3786 0.1741382203858841
1115 3801 -0.07046392504371557
1115 3636 -0.4750610854901576
1115 3651 -0.7478806437999141
1115 3726 0.7638770055548216
1115 3741 0.6683497904557927
1115 3756 0.4325551686209992
1115 3771 -0.252998467658786
1128 1129 -0.24028751921126634
1128 3426 0.13774575595202254
1128 3441 -0.5012075493869881
1128 3366 0.08943304393037721
1128 3381 -0.635983427500183
1128 3396 0.2717337175875534
1128 3411 -0.5962427704535571
1129 1130 -0.475915319963778
1129 3606 0.8852988049066048
1129 3621 0.6171149511982126
1129 3456 -0.5508974406140197
1129 3471 -0.7136150034151696
1129 3546 -0.42097252986918
1129 3561 0.5306092328909038
1129 3576 -0.28290229709771
1129 3591 0.6022969067189594
1130 3786 0.661925766075141
1130 3801 0.2913562658205462
1130 3636 -0.3948671860606259
1130 3651 0.4680242847195357
1130 3726 -0.6722239808106663
1130 3741 0.4886014988740326
1130 3756 0.045899531840819074
1130 3771 0.02958769026057073
3364 3365 -0.5469468947135052
3364 3379 -0.13169737080430588
3365 3366 0.9955779567534309
3365 3380 0.20911476770088733
3366 3381 0.78549779888613
3379 3380 0.5215685706013617
3380 3381 -0.33562032484244453
3394 3395 0.15726694446554146
3394 3409 0.11921858852677802
3395 3396 -0.6423555739377205
3395 3410 -0.9892139710528611
3396 3411 -0.18543974158920573
3409 3410 0.6756973408534708
3410 3411 0.18634471329685254
3424 3425 -0.869810419798394
3424 3439 -0.58299978344286
3425 3426 -0.9611313447256113
3425 3440 0.002946768265875921
3426 3441 0.348097731183622
3439 3440 -0.25409564947549224
3440 3441 0.7374668257375048
3454 3455 0.2755103843034721
3454 3469 0.9756853336132831
3455 3456 -0.0830242047293075
3455 3470 0.28731439097407874
3456 3471 -0.15792396171179268
3469 3470 0.2944173514342687
3470 3471 -0.4734835515731479
3484 3485 0.6522188989622264
3484 3499 0.6183268929350796
3485 3486 -0.14129569365899775
3485 3500 0.39250985250170345
3486 3501 -0.47249095064803703
3499 3500 0.14856148340407316
3500 3501 0.03855089425960667
3514 3515 0.9829990549425205
3514 3529 0.1898874907496526
3515 3516 -0.2917578791077071
3515 3530 0.36915714881397443
3516 3531 0.5114303654731369
3529 3530 -0.2521523468615552
3530 3531 -0.05490541908081026
3544 3545 0.15218769943073163
3544 3559 -0.7346874065737241
3545 3546 -0.7245038759054059
3545 3560 -0.9093045592972959
3546 3561 0.7604618866158006
3559 3560 -0.7166489451526268
3560 3561 0.49685493154743643
3574 3575 -0.42892774120579746
3574 3589 -0.82262572206167
3575 3576 0.8695506574770147
3575 3590 0.5852081248228633
3576 3591 0.6843770102907392
3589 3590 0.09144513356382422
3590 3591 -0.7450862034157313
3604 3605 -0.9055970812852789
3604 3619 -0.2584226617307699
3605 3606 0.3329131344094658
3605 3620 0.6978959305215611
3606 3621 4.879418654324397e-05
3619 3620 0.7006756589119552
3620 3621 0.3774268828705929
3634 3635 -0.8209244669556124
3634 3649 0.3995022818927465
3635 3636 -0.7591225864333067
3635 3650 0.09711673091482775
3636 3651 -0.6031337203341933
3649 3650 -0.14038370227715657
3650 3651 0.5541849464741215
3664 3665 -0.008232388738488305
3664 3679 -0.2353060666331419
3665 3666 -0.23020139933534667
3665 3680 0.1777859057844975
3666 3681 0.6853362745113878
3679 3680 0.005454357169120794
3680 3681 -0.0948263049150262
3694 3695 -0.170546647139866
3694 3709 -0.6188974259935485
3695 3696 -0.7322735972579522
3695 3710 0.3498546995504017
3696 3711 -0.46764181726245146
3709 3710 0.1119148867279165
3710 3711 -0.9875472065576187
3724 3725 0.1877625972958501
3724 3739 -0.8051778672817174
3725 3726 -0.42318761750785283
3725 3740 0.4728912441389783
3726 3741 0.3223911425054402
3739 3740 -0.6297238284628945
3740 3741 -0.7472269164594607
3754 3755 0.3900492545957537
3754 3769 0.7042815745434379
3755 3756 0.5729835407217152
3755 3770 0.03615716894350962
3756 3771 0.42492860229161633
3769 3770 -0.49545377994613093
3770 3771 0.8841280657507198
3784 3785 -0.829225014398429
3784 3799 -0.5854345249942483
3785 3786 0.23179834589898052
3785 3800 0.9291316662478704
3786 3801 -0.5844653892534029
3799 3800 0.006187063735721532
3800 3801 -0.5267301841546763
3814 3815 -0.11006254625139444
3814 3829 0.39637548053489313
3815 3816 0.37464429194938753
3815 3830 0.8135731154042367
3816 3831 0.8493881512773065
3829 3830 -0.2865313351412364
3830 3831 0.7941247040430723
3844 3845 -0.2898408498367835
3844 3859 -0.68446809119682
3845 3846 -0.749700228283152
3845 3860 0.16891168076945728
3846 3861 -0.05325206879267386
3859 3860 -0.5927049365485164
3860 3861 0.8673938134532586
3874 3875 -0.7940714217430664
3874 3889 -0.22283843773416057
3875 3876 -0.9447610165482072
3875 3890 -0.6969692538651264
3876 3891 -0.17479339846051167
3889 3890 -0.711388650594236
3890 3891 -0.05829981991853517
