# 
603 603 -2.852054836235511
604 604 -1.469215978464823
605 605 -3.747871049008004
618 618 -0.8887367297274089
619 619 3.8195117532183414
620 620 1.7708829761049643
633 633 -0.723298883790708
634 634 -0.7920123846966645
635 635 3.9034008474238844
648 648 -2.392361719293426
649 649 1.9629339136717352
650 650 3.9676631811807495
663 663 1.0281072019205721
664 664 1.4534301278723243
665 665 -3.503566576967488
678 678 0.7366430526969232
679 679 2.047046860548585
680 680 -3.062924820171232
693 693 2.376191634016106
694 694 2.2527163434413993
695 695 -2.1934785821931992
708 708 2.4952720622424662
709 709 -1.0189641636498967
710 710 -2.853517732100096
723 723 0.41286226095140677
724 724 -3.735327024919248
725 725 -0.9189620439751378
738 738 -2.5098136724144915
739 739 -3.078475644144179
740 740 1.4844375321754493
753 753 1.2731759654241532
754 754 2.805763427805906
755 755 3.9033446693820713
768 768 -1.07073137621133
769 769 2.1958416458357437
770 770 1.0045415426647377
783 783 2.0082894699050478
784 784 2.6786348634125208
785 785 0.5948809489675932
798 798 3.5239833993148135
799 799 -2.940359603529922
800 800 2.7768856463558143
813 813 1.961069324156024
814 814 -1.5078649749542476
815 815 -1.530761110924753
828 828 2.5801019929059823
829 829 -2.797797531633858
830 830 2.8972185279515132
843 843 2.81644419336508
844 844 -0.23654033280780773
845 845 -1.7253357158730003
858 858 3.576523193812494
859 859 1.8146980044337155
860 860 -0.3238207927221479
873 873 3.4610624653754822
874 874 2.0345346879215223
875 875 -2.034085353407815
888 888 0.987922632838468
889 889 -0.009977629766830809
890 890 2.5381018984176302
903 903 0.3660368889293206
904 904 -2.6982864873755465
905 905 1.4236073934718831
918 918 -3.1805063039974106
919 919 -3.500706304176826
920 920 -2.7023759586971012
933 933 -2.967250425728528
934 934 1.6032711007510585
935 935 1.736073429987405
948 948 -0.02286928458645754
949 949 1.2502187382676615
950 950 0.12043154721472238
963 963 -1.436792313274018
964 964 0.05150484249009324
965 965 -2.027887410945815
978 978 -2.560139826043806
979 979 1.772747896404085
980 980 2.812377641398715
993 993 -0.6145530433583701
994 994 -0.45442016590335754
995 995 -3.4874233354991553
1008 1008 -0.12989460434402034
1009 1009 -3.209950137472206
1010 1010 1.0016097434763962
1023 1023 -1.2988690921406212
1024 1024 3.612196620141458
1025 1025 0.21962278728347062
1038 1038 -3.0581920374710245
1039 1039 1.0326301931057502
1040 1040 -0.6733838835540435
1053 1053 2.7370227509049165
1054 1054 -0.6652772049158635
1055 1055 3.7265510771455572
1068 1068 1.2378376040606014
1069 1069 -0.42922181459071407
1070 1070 -3.017036315209384
1083 1083 -0.9315993932990434
1084 1084 -3.259186360770747
1085 1085 -0.7988580671071253
1098 1098 -0.5214599855572759
1099 1099 2.586871555840344
1100 1100 -1.021709984145101
1113 1113 3.3420510346223384
1114 1114 -2.307032765895886
1115 1115 -2.941827460851714
1128 1128 3.4864827148553585
1129 1129 1.0348053700920197
1130 1130 0.1955999007083431
3364 3364 -1.9005458025382458
3365 3365 0.446449290131282
3366 3366 -3.844871008152257
3379 3379 -1.92464999938748
3380 3380 -1.8174460329294924
3381 3381 2.5399197976602688
3394 3394 -2.8813611629195934
3395 3395 0.8436787313281
3396 3396 0.48971492707911235
3409 3409 -3.0953768655683582
3410 3410 1.1589000906231774
3411 3411 -2.4176900644863943
3424 3424 3.9629180753981075
3425 3425 -1.4114072242807323
3426 3426 -1.189645296229795
3439 3439 1.6417915565235246
3440 3440 3.053590641460681
3441 3441 1.5016419780736978
3454 3454 -0.16156447265292684
3455 3455 -1.9023098720626512
3456 3456 3.113724775306925
3469 3469 3.890682616670773
3470 3470 -1.1629921531730645
3471 3471 2.204367379048648
3484 3484 -2.627968986705075
3485 3485 2.2218281757822673
3486 3486 -0.3550857962606466
3499 3499 3.016218731417256
3500 3500 0.5406377358831609
3501 3501 -3.696818577439811
3514 3514 1.6289648593503285
3515 3515 -2.9857491156529603
3516 3516 0.29263301345300174
3529 3529 0.5944713602306795
3530 3530 -1.1390684064441823
3531 3531 0.08378176044921748
3544 3544 2.0684854996170943
3545 3545 -2.765017686301575
3546 3546 -2.52803828764842
3559 3559 3.4175272822456835
3560 3560 -3.7294077705978497
3561 3561 -1.4327851109305412
3574 3574 1.1916689447416307
3575 3575 3.4521923414502034
3576 3576 2.071450686445651
3589 3589 3.0486166034705438
3590 3590 3.0161404234239253
3591 3591 1.8675097108784442
3604 3604 -0.7110681128615015
3605 3605 3.102008181228989
3606 3606 0.1932575439444335
3619 3619 -0.0898465383937328
3620 3620 1.3554841025768898
3621 3621 2.5724027460698125
3634 3634 -1.52297115140136
3635 3635 2.6578449987985886
3636 3636 -0.6317655809322895
3649 3649 -2.3991631812330025
3650 3650 3.173615716929426
3651 3651 -1.5940178013857231
3664 3664 -1.5714297396370451
3665 3665 2.3706618601712623
3666 3666 2.830820530651776
3679 3679 0.23072541745701258
3680 3680 2.479750027185795
3681 3681 -0.8385229567991166
3694 3694 -3.791117194053493
3695 3695 1.0148480996945324
3696 3696 -1.455760106283547
3709 3709 -2.4052648372707024
3710 3710 0.8612396664435433
3711 3711 -1.0048467806023664
3724 3724 -1.5108141248507954
3725 3725 -1.2765371086877737
3726 3726 -3.988293808684925
3739 3739 2.792427248485885
3740 3740 0.03501910300874833
3741 3741 -1.495007396889461
3754 3754 3.848208626352794
3755 3755 -2.40197624213424
3756 3756 -3.817646853364012
3769 3769 -0.48250827133722574
3770 3770 2.2755305136001986
3771 3771 -3.400267824266648
3784 3784 2.306542382618706
3785 3785 -0.4062155021560807
3786 3786 1.0315874094024116
3799 3799 3.709447892725917
3800 3800 -0.22201985027707405
3801 3801 3.6029948589766967
3814 3814 -0.20927931252335785
3815 3815 1.962743109251095
3816 3816 -1.3416433362059497
3829 3829 2.1774893208320085
3830 3830 2.364805934356104
3831 3831 -2.693580255138488
3844 3844 -3.701271016589427
3845 3845 1.5372526448063626
3846 3846 -1.873516986624968
3859 3859 -0.030917611462184524
3860 3860 3.886354298701579
3861 3861 -2.6719128108529686
3874 3874 0.9948451937948253
3875 3875 2.3401871514068473
3876 3876 0.9287528459942012
3889 3889 3.6616505130583574
3890 3890 -3.8756615301532698
3891 3891 -1.3208191136841005
603 604 -0.9196108071398577
603 618 -0.4728575805345969
603 3484 -0.40063797050061356
603 3499 0.6912082723890445
603 3514 0.29840384097372197
603 3529 0.7580089218542727
604 605 0.9585194123727256
604 619 -0.7769637464112977
604 3664 0.7587387228657263
604 3679 -0.2718153967300909
604 3694 -0.6668928629985129
604 3709 0.18035803508860826
605 620 0.15551865607675053
605 3844 0.18639897911433323
605 3859 -0.05189051198677119
605 3874 0.44777532998307934
605 3889 -0.2317403541353782
618 619 -0.6716884360577731
618 3484 0.9945870311078127
618 3499 -0.5713691664142411
618 3514 -0.2549238420788158
618 3529 0.3189633290187379
619 620 -0.15433019794812686
619 3664 0.9757788160735414
619 3679 -0.10748884284697624
619 3694 -0.35625306872574436
619 3709 -0.8993128034444449
620 3844 -0.44463258657792815
620 3859 0.93906010302286
620 3874 -0.8771176258482356
620 3889 -0.21073730049905648
633 634 0.6100792097969971
633 648 0.7871793664080506
633 3424 -0.6767052305292578
633 3439 -0.3655824641495735
633 3454 -0.960510999731244
633 3469 0.46815243259082884
633 3484 -0.5664765493727066
633 3499 -0.05389887443338326
633 3514 0.29094479584599897
633 3529 0.06842312930381644
634 635 -0.6152030750324813
634 649 -0.30964760916297274
634 3604 -0.6617418700493538
634 3619 -0.5486644128631073
634 3634 0.9731783335568036
634 3649 -0.21610202521606703
634 3664 0.15959605919557474
634 3679 0.3265570534199862
634 3694 -0.3441606436557201
634 3709 0.8893938394757452
635 650 -0.9188996356431256
635 3784 -0.10420184808150212
635 3799 -0.8702291132949906
635 3814 0.8757984189947476
635 3829 0.5460793902241121
635 3844 0.48108543771119794
635 3859 -0.49566250614277907
635 3874 0.20314970861743276
635 3889 0.659540503267138
648 649 -0.8204502437789338
648 3424 -0.7608632655086895
648 3439 -0.6880446031679592
648 3454 0.6673034867678311
648 3469 0.45709117418745304
648 3484 0.19395659723598513
648 3499 -0.7782942327688032
648 3514 0.06410200473212302
648 3529 0.26807363309774357
649 650 -0.9239507277640777
649 3604 -0.6672451478312085
649 3619 0.41736455527964345
649 3634 -0.1622513030946695
649 3649 -0.45288231674160495
649 3664 0.5306182146292622
649 3679 0.18364459271330102
649 3694 -0.8621465932228649
649 3709 0.14293303485589104
650 3784 -0.10657161693066808
650 3799 -0.47923016877803915
650 3814 0.3603169098462944
650 3829 0.8451001934431455
650 3844 0.38544635204678634
650 3859 0.029119554646505286
650 3874 0.4583145728706157
650 3889 0.5330778439733423
663 664 0.9038439278912951
663 678 -0.6649043055679278
663 3424 -0.7683234982810003
663 3439 -0.11882808753679286
663 3454 0.5557863942861312
663 3469 0.8866293180288745
663 3484 0.00571587493692105
663 3499 -0.763607472808804
664 665 0.13636663133161742
664 679 0.44541662141553195
664 3604 0.8558505530115976
664 3619 0.8725335198569169
664 3634 -0.31279042073693275
664 3649 0.8547603095165435
664 3664 -0.5775532180479304
664 3679 0.21159186396991858
664 3514 -0.8122012605521809
664 3529 -0.6587913217433796
665 680 -0.0543652845903404
665 3784 -0.8989182382985312
665 3799 -0.7507360199285884
665 3814 -0.5380573897560768
665 3829 -0.3622681417293201
665 3844 0.1217465542082683
665 3859 -0.8617413391426405
665 3694 -0.32563276819044895
665 3709 -0.981499525812713
678 679 -0.8502931784837369
678 3424 -0.18975589692065853
678 3439 -0.17687660069988986
678 3454 -0.990358433820518
678 3469 0.9473258184859672
678 3484 -0.34568776382238786
678 3499 -0.7360399831557567
679 680 -0.5967872029226375
679 3604 0.9973430857282866
679 3619 -0.8051311628770084
679 3634 -0.8207911014989602
679 3649 0.9766005529998119
679 3664 -0.29171736905343937
679 3679 0.9728451257406472
679 3514 -0.22966061301692764
679 3529 -0.735525751678453
680 3784 -0.07732637200151138
680 3799 0.6504892892148522
680 3814 -0.12456340181159464
680 3829 0.7151521089985284
680 3844 0.25364216565463105
680 3859 -0.5961576122854353
680 3694 -0.030647907833223798
680 3709 0.12083915862267292
693 694 0.2581423718763074
693 708 -0.05451570632081326
693 3424 -0.01226720265944814
693 3439 0.8497245158469346
693 3454 -0.011193040601154891
693 3469 0.5285754905701558
693 3484 0.6772910484752457
693 3499 -0.6383468790733471
693 3364 0.9602360421761729
693 3379 -0.9984183697331028
693 3394 -0.955883214732627
693 3409 0.057276531065975966
694 695 0.8041474647231714
694 709 -0.5868099602819428
694 3604 0.2777257935700137
694 3619 -0.8449797069491205
694 3634 0.9867351888596281
694 3649 0.45915910577510743
694 3664 -0.679964699255061
694 3679 -0.1557188574581283
694 3514 0.658823229436293
694 3529 0.08862933319832034
694 3544 -0.44393416533041585
694 3559 -0.9394310284746514
694 3574 0.9852117865281307
694 3589 0.17011118479873422
695 710 -0.22929600817919638
695 3784 0.75408798117903
695 3799 -0.3627864204643878
695 3814 -0.9726320140371119
695 3829 0.3932613097985136
695 3844 -0.08920791103735759
695 3859 0.710958512939825
695 3694 0.8058886897689976
695 3709 -0.6158800150708941
695 3724 0.41948539278012165
695 3739 0.4549022276289052
695 3754 0.6406933482028037
695 3769 -0.8961249084914882
708 709 0.153362046572604
708 3424 0.009785096946298255
708 3439 -0.12253358805418957
708 3454 0.4361547131166652
708 3469 -0.25389457479929445
708 3484 -0.4611567188326
708 3499 0.057142862871042865
708 3364 -0.9049255062299197
708 3379 -0.9694364328152285
708 3394 -0.44986806339294616
708 3409 -0.6996074089747524
709 710 -0.10712719137568816
709 3604 0.7368433116085467
709 3619 0.30886876641860805
709 3634 -0.5222706913845245
709 3649 -0.4390411156821552
709 3664 0.025372461652202638
709 3679 -0.004861139237683387
709 3514 0.15548214513922143
709 3529 0.7206671967002964
709 3544 0.7442429690358092
709 3559 -0.2808276014401183
709 3574 -0.906100193411874
709 3589 0.9725909618499953
710 3784 -0.6163304541626364
710 3799 -0.6884336686530557
710 3814 0.7812911779179772
710 3829 0.6097191866425256
710 3844 -0.008147821866183902
710 3859 -0.6971491713985076
710 3694 0.4694240131641374
710 3709 -0.5240195610731839
710 3724 -0.9198782195442985
710 3739 -0.23919935143696303
710 3754 -0.9366681568628619
710 3769 0.27300957458894537
723 724 -0.1732162329448521
723 738 0.7787561174296536
723 3424 -0.5895243273187656
723 3439 -0.4511714254415604
723 3364 -0.013875017439346937
723 3379 0.11650961461884601
723 3394 0.6819149627374959
723 3409 -0.48436615067968636
724 725 0.3195210727742923
724 739 0.8410242852690637
724 3604 -0.7962653085981948
724 3619 0.18537516470244064
724 3454 -0.20512881444992925
724 3469 -0.7709091497542209
724 3484 0.36567722570078764
724 3499 0.22977684910691343
724 3514 0.983195147995714
724 3529 0.9356312220871521
724 3544 0.45508843475768024
724 3559 -0.5844220976451229
724 3574 -0.21003327463329757
724 3589 0.9737214582699771
725 740 -0.17326267174853172
725 3784 -0.0764880301079367
725 3799 -0.8423172261717824
725 3634 -0.3032595362281292
725 3649 -0.27685085947725896
725 3664 0.2729208687869422
725 3679 -0.8042222619925217
725 3694 -0.37700942206689514
725 3709 -0.06474232449212969
725 3724 -0.7797865916729712
725 3739 0.6754803484282572
725 3754 0.6263969984607913
725 3769 0.8997740855308791
738 739 -0.9433266334495358
738 3424 0.5748202337671182
738 3439 -0.39947638730071877
738 3364 0.8018647031509114
738 3379 0.13983385444974683
738 3394 0.15106840534140997
738 3409 0.4149392009852011
739 740 -0.9100804960230575
739 3604 0.31126143592208044
739 3619 0.21595054585977813
739 3454 -0.6211578129197748
739 3469 0.9721723057967888
739 3484 0.8238147727510567
739 3499 -0.41897829752478355
739 3514 -0.9927048604860482
739 3529 -0.6056899658641002
739 3544 -0.20040843786948415
739 3559 -0.45370920075816157
739 3574 -0.12932996228260207
739 3589 -0.18181577709701235
740 3784 0.23928129648030527
740 3799 0.9903762617961862
740 3634 0.7377237789106339
740 3649 -0.8081778737116787
740 3664 0.3056737447156752
740 3679 0.6970995446325257
740 3694 -0.11484693578127869
740 3709 0.09335239452326949
740 3724 -0.6895248829576452
740 3739 0.5098719822475533
740 3754 0.2510310718886639
740 3769 -0.4491389627397657
753 754 0.039295833604781505
753 768 -0.3325304660091841
753 3424 -0.9341392441162564
753 3439 0.5725317491758304
753 3364 -0.7083832633717269
753 3379 -0.884770136416611
753 3394 0.23213513197117575
753 3409 0.9046193044850195
754 755 -0.5611674442624022
754 769 -0.8941157074863917
754 3604 0.8288161971809425
754 3619 -0.38705915365736
754 3454 0.9295521015615156
754 3469 -0.46454505464501294
754 3485 0.5491515706521568
754 3500 0.5692380814011204
754 3515 0.40916889656118416
754 3530 -0.2619807185534804
754 3544 -0.9073443266128889
754 3559 0.7274073348144161
754 3574 0.8339389321180581
754 3589 0.7677374146890996
755 770 0.05324735764873534
755 3784 0.3859195563029254
755 3799 -0.058572016288564566
755 3634 0.18097580772776234
755 3649 -0.7687770791669315
755 3665 -0.1818126975521981
755 3680 0.4986285953151086
755 3695 0.23565723088005774
755 3710 -0.6981286064703753
755 3724 0.054947680761890716
755 3739 -0.8553268519374011
755 3754 -0.7667871857185358
755 3769 0.2208377419608063
768 769 -0.97880586646429
768 3424 0.5058715913681044
768 3439 -0.026260648897076466
768 3364 -0.5873297761416749
768 3379 -0.6631628715250919
768 3394 0.005749614650466972
768 3409 0.6097079870674251
769 770 -0.9960627511925721
769 3604 0.7632368781173433
769 3619 0.824402654277427
769 3454 -0.30768924532693465
769 3469 -0.6228588898228187
769 3485 0.28814776336511394
769 3500 0.6437899202521138
769 3515 -0.35770513595307785
769 3530 -0.10424571930326243
769 3544 -0.28734479238134303
769 3559 0.429163091674293
769 3574 -0.8407830940723864
769 3589 -0.5561366524647084
770 3784 -0.7071374185641244
770 3799 0.25714137769381695
770 3634 -0.6111784017881166
770 3649 0.44849060026682763
770 3665 -0.4692231593438325
770 3680 0.7224505048065111
770 3695 -0.6247243654401959
770 3710 -0.7396190030982792
770 3724 -0.08864540525026565
770 3739 -0.7236179944759318
770 3754 -0.44348527812302163
770 3769 -0.15976567962443644
783 784 -0.026843985642409862
783 798 0.6877768319814372
783 3424 -0.5840335095322013
783 3439 0.8866994274664226
783 3454 -0.3141477439892464
783 3469 0.4739572918154189
783 3485 -0.8146645736017046
783 3500 -0.6289989624249257
783 3515 -0.6483320579725549
783 3530 -0.4830477881329427
783 3544 -0.508928604688486
783 3559 -0.9177475577095435
783 3394 0.19668864641420658
783 3409 -0.9026432216646434
784 785 0.6483842964095741
784 799 0.6366243348538465
784 3604 -0.32058952535404295
784 3619 0.8992318294088013
784 3634 0.2613548311866156
784 3649 -0.9766465493280847
784 3665 -0.9661443520829707
784 3680 0.8455673263156727
784 3695 -0.006689665307038517
784 3710 -0.9644126751670481
784 3724 -0.4231131287438492
784 3739 -0.13559187752255952
784 3574 0.19832619383572214
784 3589 -0.45318140110329885
785 800 0.03736105904856846
785 3784 0.39290812378080986
785 3799 -0.9659540826299406
785 3814 0.995023469494813
785 3829 0.9880348872267781
785 3845 -0.35497021660056594
785 3860 0.9585170185697782
785 3875 0.7711448361500344
785 3890 -0.19603644968759038
785 3754 0.7503620846184231
785 3769 -0.6747907713477301
798 799 0.18232630230802993
798 3424 0.5272267198305316
798 3439 0.16205760168435068
798 3454 0.9848663477731328
798 3469 -0.45126961293586954
798 3485 0.39333428178472274
798 3500 0.31461856186364057
798 3515 0.793320588485374
798 3530 -0.961962560460472
798 3544 -0.7833186548970663
798 3559 -0.5670749778396542
798 3394 0.636882421179847
798 3409 0.26558732003597396
799 800 -0.611714191670796
799 3604 0.373986632341085
799 3619 -0.7432702598377114
799 3634 -0.8085594309463802
799 3649 0.8246068927910741
799 3665 0.8902613627329383
799 3680 0.7323567219856764
799 3695 0.13727445117486026
799 3710 -0.7847706005741601
799 3724 -0.5484106949257459
799 3739 -0.3766501214786644
799 3574 -0.26164047972956617
799 3589 0.4053153209642586
800 3784 -0.19129175699237688
800 3799 0.150046694721075
800 3814 -0.4159118242064803
800 3829 -0.7412269087248808
800 3845 0.027541288809536324
800 3860 -0.8780386880031599
800 3875 0.8236159275316493
800 3890 0.36111494700722857
800 3754 -0.28911047433498904
800 3769 0.9672123214953419
813 814 0.8752915742913054
813 828 -0.11854179605176896
813 3425 0.9415417457356243
813 3440 0.9144859649484167
813 3455 -0.8376381657840042
813 3470 0.9772325093928895
813 3485 -0.19819770494209776
813 3500 -0.9093088420650985
813 3515 -0.511733461436922
813 3530 -0.8590094868497633
813 3544 0.48189516225195006
813 3559 -0.20633365862498643
813 3394 -0.09141291417600783
813 3409 0.9267756231091124
814 815 -0.6486553758011548
814 829 -0.646021060222602
814 3605 -0.6095405938870717
814 3620 0.44312841823295135
814 3635 0.9689171181411707
814 3650 -0.11908317830235848
814 3665 0.911547194694436
814 3680 0.36599152548884906
814 3695 -0.24664134688401118
814 3710 0.8321629061109399
814 3724 -0.07357836019148034
814 3739 0.816158917660428
814 3574 0.5906993608513369
814 3589 -0.08596711943678481
815 830 -0.8212218340412989
815 3785 0.4080362893441827
815 3800 0.6229772064240395
815 3815 -0.8490461514608374
815 3830 0.48826567380068564
815 3845 0.1366634224171821
815 3860 -0.10571021013102633
815 3875 0.29524501567644856
815 3890 -0.502495049314333
815 3754 0.7055086772198864
815 3769 -0.9636567099106059
828 829 -0.809203414732
828 3425 -0.1631372099760071
828 3440 -0.4077848473097976
828 3455 -0.3123449847721127
828 3470 -0.5805079542735285
828 3485 -0.3417013265934341
828 3500 -0.16503699354115042
828 3515 0.3489593437590537
828 3530 -0.04856865770390839
828 3544 -0.713833095084464
828 3559 -0.8673908962957859
828 3394 -0.7268565258487312
828 3409 0.879655842687195
829 830 -0.24399318641821677
829 3605 0.5763528334550772
829 3620 -0.8596333049044851
829 3635 0.15108588871423168
829 3650 -0.4988369688660008
829 3665 -0.5654480858258042
829 3680 0.8134762881030959
829 3695 -0.5892450888880416
829 3710 -0.9162548064669818
829 3724 -0.7301799230943538
829 3739 0.263797558677467
829 3574 -0.20579689622163455
829 3589 -0.36141411194828676
830 3785 -0.35263509029419793
830 3800 0.259780157856478
830 3815 0.9349612342746996
830 3830 0.07352796498655101
830 3845 -0.8647895447500167
830 3860 0.7809797514542238
830 3875 0.040691134033240095
830 3890 0.8941453580166636
830 3754 0.6287487899784412
830 3769 -0.8503946449694713
843 844 -0.7013963363415077
843 858 -0.9834147391741199
843 3425 -0.2839713843076235
843 3440 -0.8680531406304395
843 3455 -0.551443931880818
843 3470 0.3078988738224666
843 3485 0.20808998907529852
843 3500 0.47565761624510916
843 3364 0.3254981111167239
843 3379 -0.27781378484266184
843 3394 -0.5858796509788029
843 3409 -0.056171973738758485
844 845 -0.18698055930369661
844 859 -0.9531888484857416
844 3605 0.6194933481295524
844 3620 -0.3239867162531498
844 3635 -0.3565234331422562
844 3650 0.5037513524969777
844 3665 0.42148833155808396
844 3680 -0.12455070911681099
844 3515 0.2765187771140225
844 3530 0.41314397374245515
844 3544 -0.022736859217007632
844 3559 -0.33103129478552606
844 3574 -0.6703842741725792
844 3589 0.3161998769389953
845 860 0.9351185585121198
845 3785 0.22084901390155465
845 3800 -0.32402868159658227
845 3815 0.12992425559917264
845 3830 -0.7790609600791727
845 3845 -0.16407377934038903
845 3860 -0.06637280733303719
845 3695 0.3645104128298895
845 3710 0.6340223059056762
845 3724 0.4033912158584181
845 3739 -0.8116504716880846
845 3754 0.03646798073249369
845 3769 -0.2890845559602373
858 859 -0.12143505837120228
858 3425 0.2491636087087854
858 3440 -0.20277534869118852
858 3455 0.014617323614401823
858 3470 -0.2868003364436065
858 3485 -0.14233502332915982
858 3500 -0.049621329184113216
858 3364 0.27250136440783823
858 3379 -0.2293537568067754
858 3394 -0.4185844921235027
858 3409 -0.2977035524494889
859 860 -0.13637494069449718
859 3605 -0.8473103523825007
859 3620 0.08094841280196974
859 3635 -0.05263499600756916
859 3650 -0.21086821549811763
859 3665 -0.8063700535937972
859 3680 0.7065257543767183
859 3515 0.3710052535087651
859 3530 -0.6584968768098078
859 3544 -0.11851705790015488
859 3559 -0.7746208488304045
859 3574 -0.26734215394632055
859 3589 0.3908808301938387
860 3785 -0.6280452075616989
860 3800 -0.5439443447759689
860 3815 -0.15184762533010998
860 3830 0.9167893829400018
860 3845 0.8042130415342905
860 3860 0.5608500145496051
860 3695 -0.6736851480850963
860 3710 0.6581303201421629
860 3724 0.07725187974229453
860 3739 -0.43825134541312605
860 3754 -0.5875880598513785
860 3769 0.6941325416063093
873 874 0.3840198439094824
873 888 0.9604356454106946
873 3425 0.6074149048309287
873 3440 -0.473865248048283
873 3455 -0.3403634658263155
873 3470 -0.15306541768614057
873 3485 -0.9674782591880977
873 3500 -0.039318440462341675
873 3365 0.46680682030086285
873 3380 0.882727509488813
873 3395 -0.6607803595802602
873 3410 0.19805131781480445
874 875 -0.6905297640149481
874 889 0.24556324237535088
874 3605 0.5804593211702287
874 3620 0.17086540035245568
874 3635 -0.5967860195428958
874 3650 -0.635896633675038
874 3665 -0.3432177431731347
874 3680 0.9105919868959766
874 3515 -0.7855758232887626
874 3530 -0.6001371313570341
874 3545 -0.6359602233350221
874 3560 0.355865719495698
874 3575 -0.9445080985965646
874 3590 0.25222710726253594
875 890 0.2629678939258262
875 3785 0.44361640581190565
875 3800 -0.6182107419757794
875 3815 -0.7551104411444693
875 3830 0.6563918142116751
875 3845 -0.3817675836448762
875 3860 0.2368578770152887
875 3695 -0.3660620628592721
875 3710 0.5187131328996213
875 3725 0.7237123895866115
875 3740 -0.14812666875102298
875 3755 0.03549290139146799
875 3770 -0.19824628549170242
888 889 0.8015922475776538
888 3425 0.08108850914291588
888 3440 0.8393639698584843
888 3455 -0.2286021345924636
888 3470 0.5953471383786673
888 3485 0.011385300260853715
888 3500 0.37216958769601693
888 3365 -0.44548796353366327
888 3380 -0.27005212359623654
888 3395 -0.7969352662574813
888 3410 0.28199005979886294
889 890 0.9460285903255206
889 3605 -0.6405672560904374
889 3620 -0.12528004962279482
889 3635 -0.028834515069227074
889 3650 0.11216236343256525
889 3665 0.8478647653499791
889 3680 0.1438937025818987
889 3515 -0.11648983039984118
889 3530 0.11901961457952503
889 3545 -0.2831260932425501
889 3560 0.7019542969100401
889 3575 0.16481739899356262
889 3590 -0.9306744084675693
890 3785 0.9909348325682112
890 3800 -0.43003110275762424
890 3815 -0.517269242472149
890 3830 0.4119696952616454
890 3845 -0.4939175126466009
890 3860 -0.7296200429483393
890 3695 -0.4040402443059372
890 3710 0.4201284362886486
890 3725 0.5331138091486709
890 3740 -0.09952527201945238
890 3755 -0.279815056342376
890 3770 -0.2073720552193512
903 904 -0.031111403062865195
903 918 0.36971636833503174
903 3425 0.44226186369631604
903 3440 0.7244713628367101
903 3365 0.16827252594877828
903 3380 -0.24179012672818767
903 3395 0.8255624343925856
903 3410 -0.037776231258273896
904 905 -0.40365558292627735
904 919 0.4029233208926819
904 3605 0.6198454134642295
904 3620 0.43017353228264654
904 3455 0.6175005951422243
904 3470 0.9587497344989906
904 3485 0.22238749248404055
904 3500 0.3921033717908331
904 3515 0.6870330715692019
904 3530 0.6093099678666067
904 3545 -0.9325802867651678
904 3560 -0.5835551361530313
904 3575 0.4231067540702931
904 3590 -0.5692670813916636
905 920 0.886327106347601
905 3785 0.6754442853418665
905 3800 -0.8147158113293382
905 3635 0.6823556209976285
905 3650 -0.8747989176921673
905 3665 -0.5463364381497002
905 3680 -0.7523415843645298
905 3695 -0.7310546619554041
905 3710 -0.4104434098833192
905 3725 -0.018174819520188956
905 3740 -0.5749771306931493
905 3755 -0.5917699855060989
905 3770 -0.8436298019244461
918 919 -0.6598443535858305
918 3425 -0.5582497136658302
918 3440 0.36226236973291903
918 3365 -0.704411013744191
918 3380 -0.7376517280093478
918 3395 0.5619507222461613
918 3410 0.8636249914730856
919 920 0.6098072279966182
919 3605 -0.03774964267087766
919 3620 -0.19624761736033136
919 3455 0.7235798023296414
919 3470 0.35401763006578757
919 3485 -0.025111099315412888
919 3500 0.8225076783143919
919 3515 0.05356085713503833
919 3530 0.07978858515431964
919 3545 -0.8704084827501162
919 3560 -0.9555257737327156
919 3575 0.06094934724973222
919 3590 -0.29151686584610137
920 3785 0.0015083917715132955
920 3800 0.3733991792848923
920 3635 -0.47979411019947915
920 3650 -0.17831289669825168
920 3665 -0.6875428531731647
920 3680 -0.27284954487740665
920 3695 0.45861559210758096
920 3710 -0.21163912083513625
920 3725 0.01418264288570037
920 3740 -0.7261447397212171
920 3755 0.7294675554565142
920 3770 -0.5419220027773974
933 934 -0.8198238763035746
933 948 -0.827704413538227
933 3425 -0.5341235231996768
933 3440 0.8487253671965793
933 3365 -0.6156476741063166
933 3380 -0.5470221828149624
933 3395 0.4784839597392898
933 3410 0.21538686077460234
934 935 -0.2533957194780765
934 949 0.32215995261143937
934 3605 0.3713510647025826
934 3620 0.5676095357552904
934 3455 -0.4452398313362833
934 3470 0.29604011372324424
934 3486 -0.32371695719310667
934 3501 -0.6020921469625247
934 3516 0.020245413756735164
934 3531 -0.345677374805462
934 3545 0.8688162734158471
934 3560 0.23989936314365923
934 3575 -0.4168175990045908
934 3590 0.4670086016902759
935 950 0.21439668014750235
935 3785 -0.5860644948280054
935 3800 -0.09507379701264607
935 3635 0.8655429972320006
935 3650 -0.5831547341051497
935 3666 -0.13151602276233065
935 3681 -0.754803661037593
935 3696 0.48232755901871216
935 3711 -0.3014207385029297
935 3725 -0.3898149206535939
935 3740 -0.873529831970058
935 3755 0.286183466798408
935 3770 -0.7858263671006331
948 949 -0.9084069140180937
948 3425 -0.07884415752347573
948 3440 -0.19987605387535567
948 3365 -0.05617460797158258
948 3380 0.05793361068329217
948 3395 0.530968433997338
948 3410 -0.4715844958799129
949 950 -0.25534136138057484
949 3605 0.23036537854538008
949 3620 -0.8298351395779675
949 3455 -0.4313249720410519
949 3470 -0.1863603602955337
949 3486 0.7552448316293847
949 3501 -0.6950244901208706
949 3516 0.987582650957062
949 3531 -0.9307887478720667
949 3545 0.9144295417498507
949 3560 0.16423856515919533
949 3575 0.4531765677813757
949 3590 0.049085476283191376
950 3785 -0.41418932717938084
950 3800 -0.13460644589945114
950 3635 -0.09105248307084257
950 3650 0.05810734467434764
950 3666 0.5913837289321282
950 3681 -0.6410341801869568
950 3696 0.40217156802236564
950 3711 0.06767449712239881
950 3725 0.6826320647952684
950 3740 -0.9736905695938574
950 3755 -0.36795559565978797
950 3770 0.49952151118129007
963 964 0.632758286842303
963 978 -0.3499915555723554
963 3425 -0.3741311236997835
963 3440 -0.1816354098208388
963 3455 0.5606661671171331
963 3470 0.19552803287507325
963 3486 -0.5548687713484695
963 3501 -0.43735959356775034
963 3516 -0.20936683269916134
963 3531 0.24653243433091365
963 3545 -0.5823903379424524
963 3560 0.22783239173678593
963 3395 -0.3477847654608981
963 3410 0.7894829367527012
964 965 0.8346278021754356
964 979 -0.4193726612520643
964 3605 -0.4962515930686542
964 3620 -0.6956106071123473
964 3635 -0.507448714078063
964 3650 -0.15611546038654667
964 3666 -0.48360431653221725
964 3681 0.8483833576692765
964 3696 -0.13755242587079963
964 3711 -0.3529368477543129
964 3725 0.5257897485810046
964 3740 0.8676965684655931
964 3575 0.03319962100641605
964 3590 0.5697163113446206
965 980 -0.8620335635319811
965 3785 -0.5772665588252455
965 3800 0.671768979428496
965 3815 -0.36574490562808015
965 3830 0.7727424237024325
965 3846 -0.42515271066042626
965 3861 -0.3946594952318492
965 3876 0.6814704100603164
965 3891 -0.1378191311184216
965 3755 0.8737713984570943
965 3770 0.6964388155917325
978 979 0.8218308458497714
978 3425 -0.47608154467107267
978 3440 0.24331349192152474
978 3455 -0.8630323987881015
978 3470 0.2579405822084311
978 3486 0.5832702280077102
978 3501 -0.7762463047601318
978 3516 0.7355509851163231
978 3531 0.5822067443761427
978 3545 -0.28206526398364784
978 3560 -0.6550675196750002
978 3395 0.6805075377721554
978 3410 0.04523304333513112
979 980 0.4352372962404294
979 3605 0.481734780603543
979 3620 -0.9670262121039361
979 3635 -0.3488682883834464
979 3650 -0.8797667984714028
979 3666 0.47959775888051226
979 3681 0.7311411630148983
979 3696 -0.6624125934528176
979 3711 0.583470349553963
979 3725 -0.4611994040738714
979 3740 -0.19264583400028878
979 3575 0.166453012133694
979 3590 -0.05028685446141412
980 3785 -0.8719197121107267
980 3800 -0.053881162077678235
980 3815 -0.9182846100226647
980 3830 -0.5402701705271935
980 3846 -0.23255029626499835
980 3861 -0.5777961664016265
980 3876 -0.6778304354154787
980 3891 -0.5362233597475123
980 3755 -0.42797574419534357
980 3770 0.48597687384039245
993 994 0.9082586253809561
993 1008 0.2627104574835688
993 3426 0.3180741362612258
993 3441 -0.4128320420887406
993 3456 0.7638730267877201
993 3471 -0.13728750639676646
993 3486 0.5569359358913231
993 3501 0.25854820384603605
993 3516 -0.00018099418784922605
993 3531 0.7865188483847447
993 3545 -0.4685343390217662
993 3560 0.9342529776480137
993 3395 -0.8891493790102267
993 3410 0.8044080663631759
994 995 -0.02004058644609219
994 1009 -0.4678905283832042
994 3606 0.7283502375713196
994 3621 -0.3198302701977058
994 3636 -0.20797485578230912
994 3651 -0.12332192612648685
994 3666 -0.3288401483580332
994 3681 0.7608839619863212
994 3696 0.40242400375436205
994 3711 0.2820704447435214
994 3725 0.9868394804218161
994 3740 0.2140196555528846
994 3575 -0.8905502855695389
994 3590 -0.6308257257013126
995 1010 -0.7313225354830213
995 3786 -0.2647335948359706
995 3801 -0.22732385256424248
995 3816 0.13732553186664775
995 3831 -0.9802485681565931
995 3846 -0.2497936371044156
995 3861 -0.41554335406035925
995 3876 -0.8511841159468836
995 3891 0.6277269263490366
995 3755 0.8325437288138802
995 3770 -0.2830698539933518
1008 1009 0.5214480039391123
1008 3426 0.6619367148935675
1008 3441 0.688536112993541
1008 3456 -0.9933422539950909
1008 3471 0.8791664863304653
1008 3486 0.8372054358284566
1008 3501 -0.24117742990731061
1008 3516 0.9749885359889134
1008 3531 0.8322875058269368
1008 3545 -0.48816028768581377
1008 3560 -0.7545821909815373
1008 3395 0.7099569888750958
1008 3410 0.2620521827260167
1009 1010 -0.003900660215030438
1009 3606 -0.8680694978083157
1009 3621 -0.9895023774471521
1009 3636 -0.8392067639355858
1009 3651 0.625461850826637
1009 3666 0.8749392782643712
1009 3681 0.45730302539800993
1009 3696 0.664769489520447
1009 3711 0.07976273906609421
1009 3725 -0.5540867717906035
1009 3740 -0.8281098273258085
1009 3575 -0.3339571858096102
1009 3590 0.43464926029887363
1010 3786 0.8075280104985272
1010 3801 -0.3520844287564766
1010 3816 0.36618656071152134
1010 3831 -0.19324261487267447
1010 3846 -0.22766838150251578
1010 3861 -0.26133027260041564
1010 3876 0.3643050032358881
1010 3891 -0.5068693179515191
1010 3755 -0.8208986610902131
1010 3770 -0.3703391934828868
1023 1024 0.8194439463554759
1023 1038 -0.05112991434016756
1023 3426 -0.9850525035130624
1023 3441 -0.9515825223008434
1023 3456 0.20424594356595804
1023 3471 0.32426285550219225
1023 3486 -0.0779815761918119
1023 3501 -0.8513145532758244
1023 3365 -0.09675574214562932
1023 3380 -0.5877662771859093
1023 3395 0.30883116967760893
1023 3410 -0.546909240713122
1024 1025 -0.525751751909916
1024 1039 0.19931134476065226
1024 3606 -0.3282673660684825
1024 3621 -0.24650448048904372
1024 3636 -0.7379889929308989
1024 3651 -0.6110825094608736
1024 3666 -0.2698019329776995
1024 3681 0.5203455579897496
1024 3516 -0.1705655406721167
1024 3531 -0.11565870799880473
1024 3545 0.8735677610285562
1024 3560 -0.825893105348152
1024 3575 0.6872120718223989
1024 3590 -0.40829517234507007
1025 1040 -0.6883676105410224
1025 3786 0.6578716343461504
1025 3801 0.463271743876831
1025 3816 -0.5208225100743398
1025 3831 0.26400938184574874
1025 3846 0.6915358165699024
1025 3861 -0.7014411989026492
1025 3696 0.746026464876079
1025 3711 0.1005102848382109
1025 3725 0.6505202310282183
1025 3740 -0.34777997262963223
1025 3755 0.8657527147496733
1025 3770 0.43462643976224724
1038 1039 0.3360732865861884
1038 3426 -0.6013487231912027
1038 3441 0.21494316003049985
1038 3456 -0.6356468198837439
1038 3471 0.3027068565209985
1038 3486 -0.4736813363904693
1038 3501 0.9560191771481668
1038 3365 -0.6841206157370374
1038 3380 0.4195519118651634
1038 3395 -0.12968828345590788
1038 3410 0.16670522496055828
1039 1040 -0.38368529122857953
1039 3606 -0.9885574072983847
1039 3621 -0.2046550293054461
1039 3636 0.9561588343942917
1039 3651 -0.9103992004445542
1039 3666 0.9095816712540366
1039 3681 -0.18896594699246672
1039 3516 -0.5399982722337258
1039 3531 -0.7183950369672731
1039 3545 -0.21472679105235026
1039 3560 0.5803332186174417
1039 3575 -0.8215379171750714
1039 3590 0.026412521816599588
1040 3786 0.526002056122248
1040 3801 -0.9513289567126351
1040 3816 0.02060180367360598
1040 3831 -0.47019229928991413
1040 3846 -0.2689199299820977
1040 3861 -0.8295270478610302
1040 3696 0.1715606855953542
1040 3711 0.3666703888841627
1040 3725 -0.8325635809689209
1040 3740 -0.6488350682539599
1040 3755 -0.2678017742479979
1040 3770 -0.2005317020371784
1053 1054 -0.3398509925752544
1053 1068 0.6578054830237754
1053 3426 0.6121423684868048
1053 3441 0.48671544620485263
1053 3456 0.6249740903210992
1053 3471 0.7568500723170364
1053 3486 -0.16963704268898772
1053 3501 -0.06293964982677602
1053 3366 0.09771364925966486
1053 3381 0.956777576579062
1053 3396 0.7135126111905168
1053 3411 0.6676813814384814
1054 1055 -0.3865724527878567
1054 1069 0.6584576733734735
1054 3606 -0.8462960583256549
1054 3621 0.5636979726853895
1054 3636 0.34917574057838907
1054 3651 -0.6104244166207529
1054 3666 0.7699247717789106
1054 3681 -0.3217507180144368
1054 3516 -0.18621373379795303
1054 3531 -0.37424018225449385
1054 3546 -0.26413953861903794
1054 3561 -0.4057018151407399
1054 3576 -0.07641736503364194
1054 3591 -0.5932912242684516
1055 1070 -0.6000391354170838
1055 3786 0.6151235967778579
1055 3801 -0.30396715500271876
1055 3816 -0.643643072974065
1055 3831 -0.04570181395896733
1055 3846 0.5456471593926135
1055 3861 0.24752330765729846
1055 3696 0.9395674968032401
1055 3711 -0.9019904029572152
1055 3726 -0.8435035823508814
1055 3741 -0.5186813329551123
1055 3756 -0.967972319335412
1055 3771 0.04043392033825821
1068 1069 0.038693235658273206
1068 3426 -0.34227407973529433
1068 3441 -0.5015786419011878
1068 3456 -0.9151138045939082
1068 3471 -0.7231454080684891
1068 3486 -0.444073887462227
1068 3501 0.58531847377483
1068 3366 -0.8166014848046967
1068 3381 -0.9258546163224219
1068 3396 -0.8302503489489903
1068 3411 -0.27768033673758774
1069 1070 0.5195770027804565
1069 3606 0.729613188339838
1069 3621 0.0418607946728915
1069 3636 -0.7357938808646367
1069 3651 -0.7616354967391639
1069 3666 0.14085575767692537
1069 3681 0.612233198995378
1069 3516 0.5704388910410911
1069 3531 0.4159822628986245
1069 3546 -0.3639907614277309
1069 3561 0.3751284256238192
1069 3576 0.3158843568053755
1069 3591 0.21006794951405316
1070 3786 -0.05462113827240711
1070 3801 -0.08552752773305206
1070 3816 0.3696390255401829
1070 3831 -0.4238048413241384
1070 3846 0.48106686773646934
1070 3861 0.861929562092012
1070 3696 -0.5396162439469676
1070 3711 -0.023680089842726737
1070 3726 0.515566540299194
1070 3741 0.3660570626155102
1070 3756 -0.9437098403385493
1070 3771 0.4935227326696614
1083 1084 -0.9562269741803895
1083 1098 -0.6257011209450429
1083 3426 -0.1938717316606362
1083 3441 -0.2531237577424583
1083 3366 0.9658487321094813
1083 3381 -0.5442398081351141
1083 3396 0.5640535440927226
1083 3411 0.5195677295804673
1084 1085 -0.1634721630147984
1084 1099 -0.5172358768102339
1084 3606 0.8227263683817947
1084 3621 -0.33380889869553876
1084 3456 0.4970965922363193
1084 3471 -0.5571924548539411
1084 3486 0.5794689542085478
1084 3501 0.9412146556700951
1084 3516 0.32868666738317787
1084 3531 0.9345687527435831
1084 3546 -0.8517621708991157
1084 3561 0.5310625055179345
1084 3576 -0.49638220571168934
1084 3591 0.3088361642254529
1085 1100 0.974882606035171
1085 3786 0.6673958268479758
1085 3801 -0.7919421722708151
1085 3636 0.8376249735145347
1085 3651 0.06540665774740173
1085 3666 -0.400370023852606
1085 3681 -0.904635981200566
1085 3696 0.25686625915636774
1085 3711 0.23964272232925854
1085 3726 0.3036127355807634
1085 3741 -0.7117197189066604
1085 3756 -0.8050950354780657
1085 3771 0.7202535064740192
1098 1099 0.8403409128692945
1098 3426 -0.2695116285238979
1098 3441 0.8339699836790218
1098 3366 0.876138588804559
1098 3381 -0.4854933093792304
1098 3396 0.03515268469694055
1098 3411 0.3501436462090548
1099 1100 0.2888882109694999
1099 3606 -0.5388529975067271
1099 3621 0.8289742489623915
1099 3456 0.5817932281381737
1099 3471 -0.6209407123402482
1099 3486 0.6806353927300313
1099 3501 -0.12093296362834582
1099 3516 0.6304258925392339
1099 3531 0.8460761858240271
1099 3546 -0.03499273146499293
1099 3561 0.15390396688975283
1099 3576 0.5740298647414097
1099 3591 0.5695707553270428
1100 3786 -0.14304826940708448
1100 3801 0.7540052915683086
1100 3636 -0.7851061346491657
1100 3651 0.42663685053221956
1100 3666 -0.5340274731893784
1100 3681 -0.5576092918146471
1100 3696 0.3109832891814055
1100 3711 -0.2700775025287139
1100 3726 -0.45797948297741464
1100 3741 -0.09250117934716218
1100 3756 -0.46340981008799176
1100 3771 0.2981565036341034
1113 1114 -0.32397856536699443
1113 1128 -0.4671954271728822
1113 3426 -0.41838102453252035
1113 3441 0.8678933662407233
1113 3366 -0.5741567581557396
1113 3381 -0.13756220578586875
1113 3396 -0.4293840735909378
1113 3411 -0.28173120472418534
1114 1115 0.4157575235019184
1114 1129 -0.08550774606996825
1114 3606 0.9641188520290733
1114 3621 0.1528246716497479
1114 3456 0.7161808995975776
1114 3471 -0.5629487929832879
1114 3546 0.24409676846346806
1114 3561 -0.08828462132818293
1114 3576 -0.2612048069256452
1114 3591 -0.6432860300395322
1115 1130 0.9727625186572708
1115 3786 -0.8891897129611797
1115 3801 -0.6366323364819158
1115 3636 -0.10551566146051727
1115 3651 0.19654460739952673
1115 3726 0.035492931280230344
1115 3741 0.4035560398490192
1115 3756 0.7317674889237373
1115 3771 -0.7607114431057775
1128 1129 -0.3142269431540403
1128 3426 -0.5622582850260678
1128 3441 0.4957969186069906
1128 3366 -0.630702729723776
1128 3381 -0.9562968735541331
1128 3396 -0.5832726322110098
1128 3411 -0.6271791567658875
1129 1130 0.31477257393797453
1129 3606 -0.9429834875463132
1129 3621 -0.4252915514677378
1129 3456 -0.40137559837329206
1129 3471 -0.6069079358476945
1129 3546 -0.7659152687587809
1129 3561 0.17883413189587172
1129 3576 0.7761375528774845
1129 3591 0.8648637818154614
1130 3786 -0.43047653552528575
1130 3801 0.5541759878458303
1130 3636 -0.6108278202373894
1130 3651 -0.12546708703382192
1130 3726 -0.953775338486831
1130 3741 0.10076780004268904
1130 3756 -0.8530386612921168
1130 3771 -0.8486009138025126
3364 3365 -0.2584471646728068
3364 3379 -0.03910268599691791
3365 3366 0.1833602340708702
3365 3380 0.4014567908893498
3366 3381 0.7165866384912374
3379 3380 -0.2541071032734026
3380 3381 -0.09045314000896032
3394 3395 -0.81212586507145
3394 3409 -0.15470978021312987
3395 3396 0.9865726413757994
3395 3410 -0.18663980699382843
3396 3411 -0.1901150425812279
3409 3410 0.018867021314537435
3410 3411 0.7875758359867966
3424 3425 -0.6821291741293376
3424 3439 -0.1868596345356368
3425 3426 0.3398640933287145
3425 3440 -0.469085793520271
3426 3441 -0.5064028440116453
3439 3440 -0.3217486366333864
3440 3441 0.1495025140543178
3454 3455 0.9944903301332075
3454 3469 0.8616161814557839
3455 3456 -0.9767502940719921
3455 3470 0.8077177964566344
3456 3471 -0.40906129072970643
3469 3470 0.32895703603830695
3470 3471 0.5782706637486594
3484 3485 -0.5358148189736103
3484 3499 -0.3283262358089811
3485 3486 0.053009141034965124
3485 3500 0.20877653627072434
3486 3501 0.3828955822146576
3499 3500 0.9659327352099079
3500 3501 0.32286324365210617
3514 3515 0.3136575481113255
3514 3529 0.5057841106871068
3515 3516 0.5855428691037288
3515 3530 -0.0510787637897383
3516 3531 0.09470943015838196
3529 3530 -0.6029319990599928
3530 3531 -0.7152406967571783
3544 3545 -0.9943517761410334
3544 3559 0.8746312663035429
3545 3546 -0.09298626344288663
3545 3560 0.569034525008254
3546 3561 0.5460662588376162
3559 3560 -0.7978634308993744
3560 3561 -0.42723265395766696
3574 3575 0.03887265105608351
3574 3589 -0.9249525632847362
3575 3576 -0.8586833367202649
3575 3590 -0.7546175027588355
3576 3591 0.1788921438805957
3589 3590 -0.17569467137401418
3590 3591 -0.6591387748366169
3604 3605 0.602778439803066
3604 3619 0.9448806910041414
3605 3606 -0.39501831798671483
3605 3620 0.5190160844782219
3606 3621 0.47162556072077244
3619 3620 0.969207066681363
3620 3621 -0.3821734535213317
3634 3635 -0.19345775775752982
3634 3649 -0.9014594049138307
3635 3636 0.801736154102844
3635 3650 -0.7171215610527537
3636 3651 -0.39320684156476693
3649 3650 -0.24181375384182435
3650 3651 -0.1888484289740986
3664 3665 0.1032923058007773
3664 3679 0.6574010864790818
3665 3666 0.9197607712105644
3665 3680 0.11580197555176852
3666 3681 0.9687664879924656
3679 3680 0.9568746698173716
3680 3681 0.13781389305275105
3694 3695 0.8296562393193765
3694 3709 0.18041476308655913
3695 3696 -0.8785936522230151
3695 3710 0.7384175857406223
3696 3711 -0.4914231170090355
3709 3710 -0.407974402109226
3710 3711 -0.3158160417910574
3724 3725 0.270594906651328
3724 3739 0.9332989833603449
3725 3726 -0.0037796604046649307
3725 3740 -0.9561081870568284
3726 3741 -0.4983529639491089
3739 3740 -0.5597446405615316
3740 3741 0.675592438512904
3754 3755 0.766353701642994
3754 3769 0.9988652512485074
3755 3756 -0.6062020244091049
3755 3770 0.9451230214454505
3756 3771 -0.5705972368235959
3769 3770 0.04306819925844452
3770 3771 0.38583307976361114
3784 3785 0.7439756289666108
3784 3799 -0.31916302391607565
3785 3786 0.36823615767621165
3785 3800 0.25277774487810345
3786 3801 -0.2538569827196344
3799 3800 0.9871422806663268
3800 3801 -0.05653525755665756
3814 3815 -0.4625657435347601
3814 3829 -0.7969677219133351
3815 3816 -0.4669159354746155
3815 3830 0.2804199737775912
3816 3831 0.6347723276837489
3829 3830 -0.28126708154322744
3830 3831 0.15162239352454465
3844 3845 -0.9060271291212274
3844 3859 -0.9434142627241473
3845 3846 -0.059729208520263644
3845 3860 -0.6521757987465993
3846 3861 0.26961827170094743
3859 3860 -0.4372502641326357
3860 3861 0.9037840525498466
3874 3875 -0.24453959124366254
3874 3889 0.4320240660060479
3875 3876 -0.8082921477414688
3875 3890 0.26248203469563736
3876 3891 -0.8748737965398801
3889 3890 -0.9365199179144152
3890 3891 0.85978274388736
