# 
603 603 1.5687412573220527
604 604 0.5420906943538224
605 605 -3.212205405132776
618 618 3.7758710852950994
619 619 3.817210987703702
620 620 -3.954893523879438
633 633 2.390616289728487
634 634 2.6153703348836927
635 635 1.2058107302288397
648 648 -0.6539876084514447
649 649 -1.7266083560565093
650 650 -2.903110629275563
663 663 1.648451086704938
664 664 0.8110795352410092
665 665 -1.8218201042632094
678 678 -3.304350078653302
679 679 -3.5078390915520536
680 680 -2.4330193620873137
693 693 -3.5179213071085647
694 694 2.402483662579515
695 695 -0.41259815780924924
708 708 -1.581026453104931
709 709 3.4742678574266055
710 710 1.1710894701499992
723 723 -3.4778462769234197
724 724 3.8929989834651755
725 725 -1.3220728300937692
738 738 2.065946995648785
739 739 -2.787252523140224
740 740 -2.432636273210832
753 753 -3.937230035919244
754 754 2.7837057302253845
755 755 1.1549592583042756
768 768 -0.3471766488907013
769 769 0.487459032240368
770 770 -3.5490444502275578
783 783 2.1810049894054524
784 784 3.8270441065374916
785 785 1.3249758431514733
798 798 2.2624923196602866
799 799 3.2211283298283133
800 800 -3.481449641365696
813 813 2.5804156129024545
814 814 3.783605214256762
815 815 3.9923172145180885
828 828 -1.2604414835583126
829 829 -3.68788733624873
830 830 -3.450042307303095
843 843 -2.5127981382283204
844 844 -3.0586932797169393
845 845 0.919432083761869
858 858 -2.6355018860864883
859 859 1.3804421711515271
860 860 -0.8853395780288169
873 873 -0.576067723044047
874 874 -3.978544513770534
875 875 -3.479824462177552
888 888 -1.8935934162217904
889 889 0.8935212630881129
890 890 3.8841376404230274
903 903 -1.5972168811896656
904 904 -0.7961156554748321
905 905 -3.1289734032145526
918 918 -3.0452738788841227
919 919 3.868012868160532
920 920 -3.2405060437676987
933 933 2.8931183500668984
934 934 1.067551692917272
935 935 -0.8284505914345672
948 948 2.182292797430139
949 949 -2.377562088773214
950 950 2.9699027898076515
963 963 -0.1642944467664833
964 964 -3.9203446243690143
965 965 2.810119320028873
978 978 0.033063844668505205
979 979 0.20896388500240537
980 980 0.7800318976093319
993 993 0.20738115428535941
994 994 -1.4298376345084112
995 995 1.8236800434088423
1008 1008 2.1174368073464667
1009 1009 -2.871907776634525
1010 1010 -0.3441161101620267
1023 1023 -0.44261659948189536
1024 1024 -1.1053065770268926
1025 1025 1.0851979437622443
1038 1038 2.558843799021248
1039 1039 -2.0468375749149175
1040 1040 -3.146228629990519
1053 1053 -2.8793843971209325
1054 1054 2.0511458362985246
1055 1055 -2.387112131858361
1068 1068 1.4783118311651302
1069 1069 2.1213656313160083
1070 1070 -1.2404174568213513
1083 1083 -1.0995594245246663
1084 1084 -1.1948193314676425
1085 1085 -2.8460895943568403
1098 1098 0.016750653430793072
1099 1099 2.0407853939815235
1100 1100 -2.2615458519808174
1113 1113 2.3069968113711
1114 1114 -3.3319141473831113
1115 1115 0.029203540220660074
1128 1128 2.189945443416482
1129 1129 1.38609113278304
1130 1130 -2.3862600923563733
3364 3364 -0.30511632078845086
3365 3365 0.18103664865971858
3366 3366 1.9028826165991575
3379 3379 -1.795991970502727
3380 3380 -2.061227766410574
3381 3381 -3.081494960151484
3394 3394 2.5586029587234913
3395 3395 -1.3055634652565455
3396 3396 -2.2127160617744694
3409 3409 0.47159635800902944
3410 3410 -1.066978761255192
3411 3411 3.9166267013592337
3424 3424 -1.6876903773354632
3425 3425 -2.594491027889214
3426 3426 2.861447087924396
3439 3439 0.11417239047368977
3440 3440 -1.600534009761673
3441 3441 -0.7042381498318289
3454 3454 0.4222021608602402
3455 3455 3.3257535503898827
3456 3456 0.4848500039497754
3469 3469 2.9616554381581937
3470 3470 -3.503134705291366
3471 3471 -3.6023131267231676
3484 3484 -3.5606059872022886
3485 3485 0.3708936389573516
3486 3486 3.4310967985308833
3499 3499 3.5683496101484096
3500 3500 3.391076651438506
3501 3501 -2.1955913413559465
3514 3514 -0.6066560401839931
3515 3515 -2.7266133388898384
3516 3516 -0.8154537725494988
3529 3529 -2.5874584429783694
3530 3530 -0.15631493475727076
3531 3531 1.7366330576364977
3544 3544 -1.8268848337392827
3545 3545 -0.6694493258528782
3546 3546 -3.289420738138361
3559 3559 1.115620637002423
3560 3560 -3.1902538045882487
3561 3561 1.9936227990079578
3574 3574 -3.0646272716538254
3575 3575 -1.8171167283379965
3576 3576 -0.39169658105820915
3589 3589 -2.437820308753744
3590 3590 -0.4172153741505449
3591 3591 3.18994093260958
3604 3604 -2.7685835739211475
3605 3605 -1.9824809999029709
3606 3606 -0.060496093601782874
3619 3619 -0.8295499261263499
3620 3620 0.038055822001061834
3621 3621 0.7738047641609489
3634 3634 0.1165892205865493
3635 3635 -2.2903550056898085
3636 3636 0.661834915298531
3649 3649 3.239237581039241
3650 3650 1.5477976568499567
3651 3651 -3.153352415753581
3664 3664 -0.1449719170847823
3665 3665 2.465629347578889
3666 3666 -0.4010712893477777
3679 3679 -1.686217735736113
3680 3680 -3.2774926783130107
3681 3681 -0.13829622941361208
3694 3694 2.6243867097316125
3695 3695 -2.9566786335964075
3696 3696 -1.5998458246107052
3709 3709 -0.2518690277557063
3710 3710 -1.7270376842556159
3711 3711 1.573426115877707
3724 3724 -1.2022659175342119
3725 3725 0.32598610911783954
3726 3726 -2.122831297408595
3739 3739 -3.354973396226179
3740 3740 -3.976596028527479
3741 3741 -2.4388694167951614
3754 3754 2.438866451133533
3755 3755 -2.5698158464121317
3756 3756 -3.768177647585113
3769 3769 2.5369077140913694
3770 3770 3.970196722489235
3771 3771 -1.7979297900464042
3784 3784 -0.017520747555307636
3785 3785 2.504568146375169
3786 3786 -0.6599456266486028
3799 3799 2.307802411455416
3800 3800 -2.2807766931626903
3801 3801 -3.4054963068748796
3814 3814 -0.7001906742147188
3815 3815 -0.09100646140237512
3816 3816 0.14267168798178087
3829 3829 -2.123370127691663
3830 3830 -2.384197002726898
3831 3831 2.2232795861884203
3844 3844 -3.6503182108320553
3845 3845 -0.07539744093193601
3846 3846 -1.3807419749864094
3859 3859 -2.519238291819982
3860 3860 -3.793495258317699
3861 3861 -2.887018925247924
3874 3874 2.991851797472483
3875 3875 3.514305419877549
3876 3876 -2.2065220852108087
3889 3889 -3.7328449419395024
3890 3890 0.820530595728922
3891 3891 -0.02608767376120369
603 604 0.9848456653946154
603 618 -0.5999253303935661
603 3484 0.22233140945068652
603 3499 0.8410419248846006
603 3514 0.6943356979893178
603 3529 -0.7402198420742514
604 605 0.5074822523483256
604 619 -0.7304380742086456
604 3664 -0.6608631968582497
604 3679 0.95523690765669
604 3694 0.7821729585974717
604 3709 0.6330561439375926
605 620 0.0389484131435649
605 3844 -0.7667507400729217
605 3859 -0.17297110548687367
605 3874 -0.37550103273864277
605 3889 0.5188329249097905
618 619 0.5176314321684077
618 3484 0.5683869039526748
618 3499 -0.39244277334726085
618 3514 0.8739798799039464
618 3529 0.6492647416140613
619 620 -0.9173284854227128
619 3664 -0.24154036638595344
619 3679 -0.016455907998301544
619 3694 -0.9736976820437988
619 3709 0.1758802437813718
620 3844 0.26617393261603417
620 3859 0.5291070888043969
620 3874 0.935869915148922
620 3889 0.06978420624566972
633 634 0.3148281635799184
633 648 -0.08044345768486316
633 3424 -0.29125050257294993
633 3439 -0.4797014283299059
633 3454 -0.6566374192111839
633 3469 0.7862973237942672
633 3484 0.008391099304416505
633 3499 0.9576118799805087
633 3514 -0.5849977710044483
633 3529 0.15155198725484142
634 635 0.1887570630429296
634 649 -0.33557824607821685
634 3604 -0.6092352789037538
634 3619 0.36120525919876245
634 3634 0.4266771392101907
634 3649 0.3137535004790497
634 3664 0.7567148346325079
634 3679 0.3353877750191323
634 3694 0.2656625419074059
634 3709 -0.5547911472598808
635 650 0.7589184420619715
635 3784 0.008390060364245722
635 3799 -0.298330454767594
635 3814 -0.6271564603096844
635 3829 0.6225982847147802
635 3844 -0.3130020669832616
635 3859 -0.6817960753847596
635 3874 0.03510034102677917
635 3889 -0.507932526117362
648 649 -0.22064376007365594
648 3424 -0.2142248840377674
648 3439 -0.09915081778074897
648 3454 -0.02791055099862505
648 3469 -0.7533772581287186
648 3484 0.6563028373784656
648 3499 0.11396676504824033
648 3514 -0.8958342255812797
648 3529 0.27979911785956935
649 650 0.9317393505613094
649 3604 -0.08352288905393235
649 3619 0.10276249466356768
649 3634 -0.6049550113539348
649 3649 -0.9228193840023133
649 3664 0.2051501065136092
649 3679 -0.3866897033536607
649 3694 -0.3807231607112871
649 3709 0.8347711108835234
650 3784 0.6212355851472668
650 3799 -0.6526184498386722
650 3814 -0.06743651727203237
650 3829 -0.5508932165233948
650 3844 -0.724139949850372
650 3859 0.9173531096267302
650 3874 -0.8371936813523895
650 3889 0.2897658118104103
663 664 -0.934863998113376
663 678 0.0017983507037864221
663 3424 -0.26315547859472077
663 3439 -0.20425728189543912
663 3454 -0.02096627708149157
663 3469 -0.39619453158137996
663 3484 0.1628231503076838
663 3499 0.7262107023400977
664 665 0.126436199232145
664 679 -0.7311695753911214
664 3604 -0.9593310384434033
664 3619 0.6389437709758266
664 3634 0.8976160989877167
664 3649 0.7829181777508456
664 3664 -0.7155996723125304
664 3679 -0.5317922119656682
664 3514 0.6093355561460025
664 3529 -0.7215243279021275
665 680 0.2055557104306498
665 3784 -0.2857437676467802
665 3799 0.36296655172046344
665 3814 -0.5283344376678138
665 3829 0.9322741944337156
665 3844 0.850661517185612
665 3859 0.13810041160529263
665 3694 -0.7600831452808448
665 3709 0.6153119480090994
678 679 -0.2584307691319345
678 3424 0.31271309025670724
678 3439 -0.8525356267195516
678 3454 0.6473404051084599
678 3469 0.596065198514621
678 3484 -0.8508963350233485
678 3499 0.9053229278823589
679 680 0.5255624065492781
679 3604 0.4917060443932859
679 3619 0.692439850854667
679 3634 0.399782601387906
679 3649 -0.6223005170171376
679 3664 -0.12719567167943668
679 3679 0.5622307948732213
679 3514 -0.5339655474772953
679 3529 0.6060658782497337
680 3784 -0.22664636336874633
680 3799 0.05168160651966769
680 3814 -0.7855774559381801
680 3829 0.15399267511474446
680 3844 -0.08189973970865516
680 3859 0.607631168309303
680 3694 -0.5818805383072716
680 3709 -0.29431940561398773
693 694 0.9211702848817267
693 708 0.3343735330702564
693 3424 0.5165481416704807
693 3439 0.9268830589398167
693 3454 0.6091461478379487
693 3469 0.4433701088599935
693 3484 0.20391758233662527
693 3499 0.6483238457909546
693 3364 0.6994615422977764
693 3379 -0.2731790769926865
693 3394 0.6838904409903128
693 3409 -0.24924715799740094
694 695 -0.13007511921887716
694 709 0.0006269256956714653
694 3604 -0.5074776329903012
694 3619 0.2464988577304894
694 3634 0.3271648301562393
694 3649 -0.8106933061152677
694 3664 -0.7278257823607597
694 3679 0.27555056905639175
694 3514 0.0719134983679377
694 3529 0.37655987943912406
694 3544 -0.7908488009634707
694 3559 0.8029958383455214
694 3574 0.8327759022834667
694 3589 0.10366022303052991
695 710 0.28527730716398736
695 3784 0.2906417593009365
695 3799 -0.09284310062769019
695 3814 -0.2692181313772988
695 3829 -0.8276341781357204
695 3844 0.521194034403911
695 3859 -0.6013059261263467
695 3694 0.48323162748201876
695 3709 0.31276475620962074
695 3724 0.6779344403068577
695 3739 0.2623872143385382
695 3754 -0.2090658637567484
695 3769 0.4256019837540128
708 709 -0.5385595711334941
708 3424 -0.2519844422418427
708 3439 -0.3472542857878218
708 3454 -0.39325120595798513
708 3469 -0.20627728378445687
708 3484 -0.6742053820221563
708 3499 -0.2232232911975447
708 3364 -0.6823844180938623
708 3379 0.8933534900786921
708 3394 -0.6458648055222398
708 3409 -0.06846108924616501
709 710 0.1915192662758125
709 3604 -0.43353096631796717
709 3619 0.6208643920014654
709 3634 0.6731262374022575
709 3649 0.8716156048192507
709 3664 0.5384783975514105
709 3679 -0.654201567032693
709 3514 -0.6176091401991939
709 3529 0.14230929419470084
709 3544 -0.1655667073434246
709 3559 0.7236005834401555
709 3574 -0.571861671741059
709 3589 0.40495694518272973
710 3784 -0.037116950631860934
710 3799 -0.5230740245551739
710 3814 -0.40700351558251024
710 3829 0.6674905535726652
710 3844 0.3839603707182948
710 3859 0.2641871596826231
710 3694 -0.33111413793237743
710 3709 -0.6132721872005162
710 3724 0.748616800788066
710 3739 -0.41643318646793115
710 3754 0.5724208469808785
710 3769 0.09383097569855026
723 724 0.32440679287809493
723 738 0.0888441687326944
723 3424 0.32408230305701324
723 3439 0.2691349519727506
723 3364 0.5918240514226996
723 3379 -0.5576862379919449
723 3394 0.4700837474701671
723 3409 0.5165351325681233
724 725 -0.752130163553387
724 739 0.7542429119765437
724 3604 -0.121015270675628
724 3619 0.0937617047059236
724 3454 -0.25694185348532783
724 3469 -0.1794763177002634
724 3484 -0.43605665978849073
724 3499 -0.6307399773473052
724 3514 -0.24958820756751154
724 3529 -0.24442875198328817
724 3544 0.9771604559622449
724 3559 -0.5687843583749734
724 3574 0.02494309214257684
724 3589 -0.6058240858969917
725 740 0.47299061172555557
725 3784 0.22537109420335244
725 3799 -0.7866392137174842
725 3634 0.6083517394131321
725 3649 -0.7710520518292685
725 3664 0.6831921564804242
725 3679 -0.2615951690931042
725 3694 0.4146753902110627
725 3709 -0.46768541756721005
725 3724 0.12191638215304756
725 3739 -0.6037234364824615
725 3754 0.40503869457380115
725 3769 0.7145033466079962
738 739 -0.7854193326002445
738 3424 -0.08443865226559
738 3439 -0.6891386291295736
738 3364 0.02845225399937301
738 3379 -0.8359086818015495
738 3394 -0.051523623096511484
738 3409 0.6916626556280538
739 740 -0.9066366998109734
739 3604 -0.3638114541279338
739 3619 0.08828525985718416
739 3454 0.4895421130058053
739 3469 0.6888534539057636
739 3484 0.294483205108252
739 3499 -0.07375371474921044
739 3514 -0.6748782355953447
739 3529 0.860761748691232
739 3544 -0.25454288132878067
739 3559 -0.5803786682242951
739 3574 -0.6254401393249063
739 3589 0.7957030597628159
740 3784 -0.2473580248014311
740 3799 -0.22197991145982843
740 3634 -0.21245339250823414
740 3649 -0.640968904167063
740 3664 0.03819841376758837
740 3679 0.7603927674863942
740 3694 0.8534405853774489
740 3709 0.9490591213688002
740 3724 -0.4263556798090533
740 3739 0.4372389598837132
740 3754 -0.9947065961707091
740 3769 -0.21616986867716426
753 754 -0.718651431614252
753 768 -0.6410743798976346
753 3424 0.7784013001477899
753 3439 0.17264825903763836
753 3364 -0.7439069811979968
753 3379 0.5597376676139612
753 3394 -0.16437058996621645
753 3409 -0.42014468704617003
754 755 0.6913057019742221
754 769 -0.6858885009248112
754 3604 -0.2724115972313019
754 3619 0.5751194915135878
754 3454 0.761757318454384
754 3469 0.6838595307093083
754 3485 -0.35384849531843954
754 3500 -0.7206722157051346
754 3515 -0.7775553711943066
754 3530 -0.3689048258373875
754 3544 -0.2413052130981561
754 3559 0.4905114857702102
754 3574 0.884901001677382
754 3589 0.49293789414307376
755 770 -0.35696357843651794
755 3784 0.8826705825294308
755 3799 -0.642447968779388
755 3634 -0.05696985688941503
755 3649 0.3313988763369351
755 3665 -0.47803440078990644
755 3680 0.1973898494794437
755 3695 -0.44252603171514027
755 3710 -0.6346172953700782
755 3724 0.37705318134632404
755 3739 0.17080733081259436
755 3754 0.01570938832119939
755 3769 0.09467184355501668
768 769 0.7238269104934734
768 3424 0.2849545352588254
768 3439 0.8678306854198863
768 3364 0.531467268280404
768 3379 0.01456903911216445
768 3394 0.5093254708712742
768 3409 -0.9119518777484461
769 770 0.26466295030701725
769 3604 -0.32113649206514605
769 3619 0.5857176817934855
769 3454 -0.8731351827240288
769 3469 0.960736759391954
769 3485 -0.5390314620573509
769 3500 0.4545882675355153
769 3515 0.6469216415946057
769 3530 -0.16443974804740402
769 3544 0.23667357555030355
769 3559 -0.4177298875487996
769 3574 0.311185573471195
769 3589 0.18115184835937548
770 3784 -0.2532144812309587
770 3799 0.56383744465844
770 3634 0.2635904493372354
770 3649 -0.626270745307886
770 3665 0.9043516744625217
770 3680 0.860463380191097
770 3695 -0.6196035866709746
770 3710 0.2938621358711462
770 3724 0.008607087640261302
770 3739 0.5901889522590247
770 3754 -0.8352958392816932
770 3769 0.09516604526452865
783 784 0.8557039121109355
783 798 -0.23681724286671857
783 3424 0.9346081474548023
783 3439 0.22344245298829235
783 3454 0.9249344359320686
783 3469 -0.7276235751477045
783 3485 0.576798028791216
783 3500 -0.8384287611575754
783 3515 0.8711339478777542
783 3530 0.5357422183731693
783 3544 -0.062418371381733895
783 3559 0.5072286733881579
783 3394 -0.17078633878021532
783 3409 -0.3369884790335793
784 785 -0.9241878444374358
784 799 -0.031730710707267296
784 3604 -0.6849417146093757
784 3619 -0.1875036875226972
784 3634 -0.9038142966806775
784 3649 0.8158254743053752
784 3665 0.02784540638795363
784 3680 0.1546240387140354
784 3695 -0.7154608560963991
784 3710 -0.8431702723753582
784 3724 -0.6670629404129831
784 3739 0.556186342871327
784 3574 -0.9784033008443707
784 3589 0.5575531513582999
785 800 -0.9961803563250169
785 3784 -0.06866253218817753
785 3799 -0.13632617585475826
785 3814 -0.5665034744985624
785 3829 -0.009440780298931362
785 3845 -0.99773891643401
785 3860 -0.2673852238409018
785 3875 0.3542980375381344
785 3890 0.3966915740550325
785 3754 0.6837147779978521
785 3769 0.18435950641324395
798 799 0.8030891523023
798 3424 -0.7691814512694002
798 3439 -0.07511106735385331
798 3454 0.7271648881174488
798 3469 0.9710481227679382
798 3485 -0.3159789153636028
798 3500 0.89464568176715
798 3515 0.7309947475532348
798 3530 -0.2679203390722933
798 3544 0.7669518559951984
798 3559 0.2366967573820833
798 3394 -0.7549660371681408
798 3409 -0.9013798912774089
799 800 0.5410565269619854
799 3604 0.3164876686332079
799 3619 0.19379639661827497
799 3634 -0.9991219832946598
799 3649 0.27977349428646603
799 3665 0.6451302992033461
799 3680 -0.41444215053521183
799 3695 -0.9890151745246358
799 3710 -0.05881295753615934
799 3724 0.5689135023969185
799 3739 0.395641258094106
799 3574 0.3569156115122081
799 3589 -0.11117216413433817
800 3784 0.08525619400312934
800 3799 0.9513421586803468
800 3814 -0.30293514382555586
800 3829 0.5022454788002952
800 3845 0.25323375130203063
800 3860 -0.6851173525870873
800 3875 0.328470104667963
800 3890 0.22842008856767704
800 3754 0.545593017254377
800 3769 0.27535295285691674
813 814 0.9991625125255594
813 828 0.8213029104304108
813 3425 -0.8144130247040586
813 3440 -0.9898608157198079
813 3455 0.06339788038082239
813 3470 0.4548758989503481
813 3485 0.08017868982796661
813 3500 -0.43191741711846365
813 3515 -0.3310950931743588
813 3530 0.46742855098159364
813 3544 -0.999378357868363
813 3559 0.6160141005891626
813 3394 -0.6151950028176254
813 3409 -0.9105860236355436
814 815 -0.9890352909041309
814 829 -0.43939075090725943
814 3605 0.9097679133730063
814 3620 -0.6487493161922282
814 3635 0.8540433601783533
814 3650 -0.6767828991085181
814 3665 0.6568123557515537
814 3680 0.7837685893939565
814 3695 -0.4083513187033425
814 3710 -0.02176119520046904
814 3724 0.7968115247019998
814 3739 -0.5811790757121782
814 3574 0.47675524140073877
814 3589 -0.6981433403726407
815 830 -0.3258077482179871
815 3785 0.6571009725493921
815 3800 -0.6218141811254234
815 3815 -0.2158024554032949
815 3830 -0.6752710691320432
815 3845 0.40480291278598957
815 3860 0.4912730567613397
815 3875 -0.6880639607005432
815 3890 -0.5685651642927538
815 3754 -0.9551264017358887
815 3769 0.7766487407389502
828 829 0.30674396189801656
828 3425 -0.04485054325060189
828 3440 -0.9012777753172936
828 3455 -0.9790575856570416
828 3470 0.5840334943546468
828 3485 -0.37383741592674347
828 3500 -0.9653522713701557
828 3515 -0.10097290031016315
828 3530 -0.262793017484656
828 3544 0.7231285609052933
828 3559 -0.17711354352284725
828 3394 -0.4546698019633022
828 3409 -0.3310647407765921
829 830 0.920363316261612
829 3605 -0.8121991642954087
829 3620 0.17390277446820002
829 3635 -0.6667903514252225
829 3650 -0.29109287181845644
829 3665 -0.9827497991056966
829 3680 0.45266633926950406
829 3695 -0.18668275827888592
829 3710 0.7755394621352945
829 3724 0.2974825033763535
829 3739 0.2647278554369539
829 3574 0.7512017907923914
829 3589 0.6561788116012015
830 3785 -0.8821795200985822
830 3800 0.8374020605145425
830 3815 -0.6430230577646905
830 3830 0.8620419489530748
830 3845 -0.631624398470308
830 3860 0.912931160808133
830 3875 -0.6728156655294513
830 3890 0.718299176433915
830 3754 -0.5337293823370481
830 3769 -0.3255745758044568
843 844 -0.3440833632373794
843 858 0.5268665301452322
843 3425 0.6749542722643596
843 3440 -0.040722553123194505
843 3455 -0.7873814635075183
843 3470 -0.18361636559435834
843 3485 0.7941492140973725
843 3500 -0.599121948576687
843 3364 -0.7062235290580305
843 3379 -0.023595515163388425
843 3394 -0.6230446556507976
843 3409 -0.4994057356976558
844 845 -0.9756249122973346
844 859 -0.17079685478217077
844 3605 0.45551859394559413
844 3620 -0.8563942894760037
844 3635 -0.3232961832319272
844 3650 -0.6392137064570582
844 3665 -0.2528404979376564
844 3680 0.8671613367784834
844 3515 -0.26206128502398607
844 3530 0.9224394371255173
844 3544 0.2868495300857019
844 3559 -0.04020025500190583
844 3574 -0.8330053660791144
844 3589 0.23979069655428598
845 860 0.3336752512388792
845 3785 0.978254460775309
845 3800 -0.4300253257341866
845 3815 0.7760450033580273
845 3830 -0.9232600050672768
845 3845 0.7672005372521222
845 3860 0.35125452690444314
845 3695 -0.6583696692281402
845 3710 0.3666813489654228
845 3724 0.6882219046718243
845 3739 0.2924610120194273
845 3754 -0.847149616810237
845 3769 -0.3885941768547245
858 859 -0.754349219844763
858 3425 0.8410321463426615
858 3440 0.9609934481278908
858 3455 0.43773197487440996
858 3470 0.3340686953836072
858 3485 0.8595633490933823
858 3500 -0.35787885235109473
858 3364 -0.4343714752921797
858 3379 0.5751967372203444
858 3394 -0.772920828852937
858 3409 0.7846008335070802
859 860 -0.9120987062978418
859 3605 -0.28524741192282166
859 3620 0.15217961715584605
859 3635 -0.11320812011907444
859 3650 0.23390869634985645
859 3665 -0.9980790678837625
859 3680 0.7228360321293377
859 3515 -0.11403641575535617
859 3530 0.35381974460572496
859 3544 0.1231397492117301
859 3559 -0.6341827973432628
859 3574 0.6474595631114328
859 3589 0.5403441371174793
860 3785 0.5177201591424869
860 3800 0.5443757392990143
860 3815 0.9172439334960012
860 3830 0.8889983323227768
860 3845 -0.5780548022342771
860 3860 0.7200755439852773
860 3695 -0.6820619960730843
860 3710 0.32854931117982766
860 3724 -0.8063332899109688
860 3739 -0.594284237042332
860 3754 0.21098678450067032
860 3769 0.3584210777789518
873 874 -0.8923850376570637
873 888 0.35574502580906175
873 3425 -0.14293983405725053
873 3440 0.8771937304465358
873 3455 -0.18804597465898665
873 3470 -0.3294367196854775
873 3485 -0.5060207627851085
873 3500 0.11757420173669297
873 3365 0.3928820173672922
873 3380 -0.794732741785064
873 3395 0.6288876215328527
873 3410 0.22757079728243124
874 875 -0.15315055705250558
874 889 0.4160976517087984
874 3605 -0.845930849147146
874 3620 -0.6124520279992038
874 3635 0.9061245488865157
874 3650 -0.9404296567803516
874 3665 -0.3790470176414955
874 3680 -0.2776767134753877
874 3515 -0.9563776127579011
874 3530 0.751157577676705
874 3545 -0.8217535270340737
874 3560 0.20932100683693244
874 3575 -0.9183029781067946
874 3590 0.1270951332021668
875 890 0.6238738442904466
875 3785 0.2240002620094903
875 3800 0.11319920243471682
875 3815 0.5195233075670762
875 3830 -0.028080689235481904
875 3845 0.8808222871067772
875 3860 0.22872186534220895
875 3695 -0.18560012213109722
875 3710 -0.8102243914156639
875 3725 -0.8264349183156035
875 3740 -0.14780098899463168
875 3755 0.8594496766382611
875 3770 0.31952396113700865
888 889 0.16558750260980748
888 3425 0.8478792074272357
888 3440 -0.9084175546397826
888 3455 0.5660183713082092
888 3470 0.21372372012778706
888 3485 -0.8179661051373885
888 3500 -0.9221584509562486
888 3365 0.07862157884942134
888 3380 -0.03007411363400081
888 3395 -0.836486295135904
888 3410 -0.9812352272966436
889 890 -0.31603156608148475
889 3605 -0.44789946636567324
889 3620 -0.1218846610597959
889 3635 -0.01550825171979242
889 3650 0.33906294837021944
889 3665 0.21487819058347557
889 3680 -0.595165851762284
889 3515 0.4778266596082017
889 3530 0.654204403610162
889 3545 -0.9377965909678156
889 3560 0.4185751664865849
889 3575 -0.5319947478049769
889 3590 0.44391488073374563
890 3785 0.8687779773027626
890 3800 -0.9521199582317712
890 3815 -0.857961619432448
890 3830 -0.19947951413547882
890 3845 -0.8137222634709484
890 3860 -0.3347600269993949
890 3695 0.48930638430940143
890 3710 -0.17489469482590358
890 3725 0.32087836693073335
890 3740 0.37581342857878197
890 3755 0.5462394628631555
890 3770 0.6054674364048716
903 904 0.8956234433443293
903 918 -0.7112036236743042
903 3425 -0.4817518206238014
903 3440 -0.3357113861984067
903 3365 -0.2777582560289402
903 3380 -0.11722082385859234
903 3395 -0.1754889119611056
903 3410 -0.8207239134921354
904 905 0.6359873910321356
904 919 -0.12586614732107293
904 3605 0.504842313990199
904 3620 0.6794087799658879
904 3455 0.32174140095553994
904 3470 -0.1402818101596215
904 3485 0.6133420121587745
904 3500 0.7806717682567859
904 3515 -0.8211816071487601
904 3530 -0.08517186831859513
904 3545 0.3149433864635103
904 3560 -0.18033002135117115
904 3575 0.5704016027031575
904 3590 0.7940644232195333
905 920 0.5356326950819841
905 3785 -0.13628859463294263
905 3800 0.7501310983256229
905 3635 0.5113267067299574
905 3650 0.09962783204084213
905 3665 0.19589339529233407
905 3680 0.9930656707156253
905 3695 -0.15660145931432012
905 3710 -0.331179551359313
905 3725 -0.21142288353675665
905 3740 0.05435471716993212
905 3755 -0.31192441369237
905 3770 -0.20695369534401564
918 919 -0.7471317185243331
918 3425 0.27190265996270413
918 3440 0.008441831445023418
918 3365 -0.2832429028370804
918 3380 -0.3423392249749859
918 3395 -0.6296895912865323
918 3410 -0.5172569857221156
919 920 0.2804545447645346
919 3605 0.5745263803369771
919 3620 0.40177651451295304
919 3455 0.8307486636725994
919 3470 -0.07522871737010584
919 3485 -0.43957899906196274
919 3500 -0.5834052979093394
919 3515 -0.10829687415486466
919 3530 0.7439213500989104
919 3545 -0.3673622100519571
919 3560 0.20419756443183945
919 3575 -0.07314229143529749
919 3590 -0.13991514259716253
920 3785 0.47000140269474655
920 3800 -0.8776302759202304
920 3635 -0.26490024455897876
920 3650 0.8434791254168692
920 3665 0.6094507608419479
920 3680 -0.06521322841923682
920 3695 -0.43482973015076776
920 3710 0.8898863258183902
920 3725 0.027367703023459367
920 3740 -0.7773675510808493
920 3755 -0.4626008338096774
920 3770 -0.37428210860438305
933 934 -0.34994488159399606
933 948 -0.5445211363173079
933 3425 0.6857274650381593
933 3440 0.7637467951265748
933 3365 0.3441452009309913
933 3380 -0.6441838532780031
933 3395 -0.43297721113294285
933 3410 -0.9057963990322999
934 935 0.8913214389005248
934 949 0.7188507188547255
934 3605 -0.2703426813328682
934 3620 -0.8420561952978189
934 3455 -0.742374106504547
934 3470 -0.730844866138729
934 3486 -0.5379515119519693
934 3501 0.509120834991655
934 3516 0.21956074143724602
934 3531 0.7460382919981481
934 3545 -0.679321069794363
934 3560 0.5076018681798562
934 3575 0.22287002597235528
934 3590 -0.9280434103217534
935 950 0.4151238928977421
935 3785 0.7250327982032232
935 3800 0.6094980874281419
935 3635 -0.8801661097705047
935 3650 0.3798799637777306
935 3666 -0.2468977755767099
935 3681 -0.1347880220478226
935 3696 -0.6078732090998273
935 3711 -0.6188108087085944
935 3725 0.5887765520938606
935 3740 0.5441341617345226
935 3755 -0.9750711955743938
935 3770 -0.20030099146100477
948 949 -0.1412900299370854
948 3425 -0.1849588415876524
948 3440 -0.6309676079488551
948 3365 0.04070898236859777
948 3380 0.6279546949526469
948 3395 0.008200157235240813
948 3410 0.6775365338400976
949 950 0.38672085535033385
949 3605 -0.7821297375408114
949 3620 -0.3917027717846391
949 3455 0.22055293278758614
949 3470 0.6221978693834149
949 3486 -0.8975400658628827
949 3501 0.5402625194473973
949 3516 0.3160445328671615
949 3531 0.6353685801274596
949 3545 -0.7776278780026182
949 3560 0.07354734631967275
949 3575 -0.11592907343014591
949 3590 -0.17353346197667996
950 3785 -0.0506391477668906
950 3800 -0.6835727710975037
950 3635 0.3890668156160155
950 3650 0.2137719278564898
950 3666 0.91043385424737
950 3681 0.6246144415884118
950 3696 0.3067052389175393
950 3711 -0.06699467345522025
950 3725 0.3028761065770291
950 3740 -0.5196993230258355
950 3755 0.08601036951969854
950 3770 -0.050866733595805735
963 964 0.29580281007412235
963 978 -0.8012892249289125
963 3425 0.39734844281617754
963 3440 -0.23877819732671157
963 3455 0.4192527343584176
963 3470 -0.5468360892974662
963 3486 0.41701866433865886
963 3501 -0.606027925742761
963 3516 0.1763710013620674
963 3531 0.34927193248541766
963 3545 0.9633934660629377
963 3560 0.155432813732443
963 3395 0.439450737624163
963 3410 -0.5082077407924452
964 965 0.7120536759857623
964 979 -0.6023600989715592
964 3605 -0.7989484173261747
964 3620 0.6911359672549129
964 3635 0.23739221344629402
964 3650 -0.9771142396303762
964 3666 0.63514093297585
964 3681 -0.6990102583815774
964 3696 0.37572615233708295
964 3711 -0.5542456219873646
964 3725 0.9553583013660738
964 3740 0.8721050424215488
964 3575 0.2463055187742622
964 3590 -0.7307287891500271
965 980 -0.2294612311306634
965 3785 -0.7823197436356264
965 3800 -0.09171687215196811
965 3815 0.3777295279503281
965 3830 -0.5085088088555589
965 3846 0.01934423101160876
965 3861 -0.9323251384765165
965 3876 -0.7721242846900824
965 3891 0.6851252154207266
965 3755 -0.5132760317617062
965 3770 0.5658273808150898
978 979 0.2133220088848815
978 3425 0.19964303111432824
978 3440 -0.5947064025532749
978 3455 -0.8397561686002926
978 3470 -0.7560077019973281
978 3486 -0.438811800296683
978 3501 0.25714520533587093
978 3516 -0.6001807697786194
978 3531 0.9426456568199442
978 3545 0.4955942599277008
978 3560 0.25472048764711186
978 3395 0.23742690160813962
978 3410 0.06084599124050816
979 980 0.23759885483217613
979 3605 0.6327840246051835
979 3620 0.19238096958172446
979 3635 -0.6080023263631817
979 3650 -0.7958818620943302
979 3666 -0.29587397469568577
979 3681 0.48635282427362814
979 3696 -0.520562324624757
979 3711 0.9811452542890648
979 3725 -0.649246520624525
979 3740 -0.26123318371521465
979 3575 0.894688996919319
979 3590 0.21905254248740702
980 3785 -0.6081386977664216
980 3800 -0.08627973057666005
980 3815 -0.9992196132509974
980 3830 -0.3837772872188321
980 3846 -0.14792312416991682
980 3861 -0.2635516657615744
980 3876 -0.04875249362585299
980 3891 0.8395098952666935
980 3755 0.6882168541630571
980 3770 0.3683107737446616
993 994 -0.48164697204468654
993 1008 -0.007122130710538244
993 3426 0.8493749450688801
993 3441 0.7588874344547343
993 3456 -0.5644126566891878
993 3471 -0.5573386686805142
993 3486 -0.9088206157885133
993 3501 -0.5073478081435734
993 3516 -0.5506351831908791
993 3531 -0.38440709578962684
993 3545 -0.2749961775524816
993 3560 -0.8676922395115292
993 3395 -0.4204043379436173
993 3410 -0.17126128610468072
994 995 0.2647751748067888
994 1009 0.5475163015529443
994 3606 -0.007375700184769185
994 3621 0.08532555397459474
994 3636 -0.9075169486371069
994 3651 0.06570487847862272
994 3666 0.9549084473445741
994 3681 0.3035504399319624
994 3696 -0.7172679836189628
994 3711 -0.6212838234568077
994 3725 -0.2256499542171604
994 3740 0.7180593898086483
994 3575 0.46517396925189436
994 3590 -0.23422337484175482
995 1010 -0.9932340816762768
995 3786 -0.360258845861007
995 3801 0.5959666693630212
995 3816 0.9936125460076377
995 3831 -0.1593952006340711
995 3846 0.1873986596721764
995 3861 0.8270098526237706
995 3876 0.40553989829761683
995 3891 -0.4524564955859245
995 3755 0.08607884415492983
995 3770 0.5144994981756936
1008 1009 -0.8886247739906952
1008 3426 0.11670026631961106
1008 3441 -0.7189841532386265
1008 3456 0.6492760333180725
1008 3471 0.38341463571418166
1008 3486 0.8094601904645136
1008 3501 0.21587836845628172
1008 3516 0.2894091501798586
1008 3531 -0.5132903807054086
1008 3545 -0.813655014436935
1008 3560 0.8392253829713177
1008 3395 0.6692128762467513
1008 3410 0.5654049889249619
1009 1010 0.8708918527190255
1009 3606 -0.43536748718686313
1009 3621 -0.2882547830270088
1009 3636 0.40302012138647614
1009 3651 0.5906626357578131
1009 3666 0.7594203746868018
1009 3681 0.22341164421355986
1009 3696 -0.6890741985748381
1009 3711 -0.634018981397394
1009 3725 -0.17014129222032048
1009 3740 0.8639606842696312
1009 3575 -0.3052872885010358
1009 3590 -0.3092035513771172
1010 3786 -0.33372677758733005
1010 3801 0.37096404974507124
1010 3816 0.08037945444343464
1010 3831 0.4293860510900196
1010 3846 -0.8574974322590156
1010 3861 -0.23368260065017687
1010 3876 -0.9209259492913935
1010 3891 -0.3106505455037851
1010 3755 -0.2118745405000928
1010 3770 -0.8141228689590929
1023 1024 0.7818978567150123
1023 1038 0.3127091039474339
1023 3426 0.607383475033701
1023 3441 0.5772376591082151
1023 3456 0.49360821622154694
1023 3471 -0.6901451357470687
1023 3486 0.5210753976327318
1023 3501 0.20536404433994715
1023 3365 0.5608905061942824
1023 3380 0.2046902640701478
1023 3395 -0.2679501915002249
1023 3410 -0.08675143024549725
1024 1025 -0.22158672691183212
1024 1039 -0.4884161362652897
1024 3606 0.7811051598315508
1024 3621 -0.9764665012540177
1024 3636 -0.40171431783223355
1024 3651 -0.12988291660950502
1024 3666 0.2302917278256742
1024 3681 0.19118551947402285
1024 3516 -0.6560247068771641
1024 3531 -0.2676863637973719
1024 3545 0.05617696384431503
1024 3560 0.024401181710137942
1024 3575 0.19946612204730818
1024 3590 0.5715748498127178
1025 1040 0.7607123681211772
1025 3786 0.00747386762784652
1025 3801 0.37772807115116014
1025 3816 -0.37488979808143097
1025 3831 -0.6828184011809113
1025 3846 0.3253687590320229
1025 3861 0.17804946975682
1025 3696 0.22312317689716865
1025 3711 -0.8015925751787372
1025 3725 -0.11631587979117497
1025 3740 -0.5539638541651133
1025 3755 0.5658453020818923
1025 3770 0.8873416908823519
1038 1039 -0.5050287741880599
1038 3426 -0.4266821883195877
1038 3441 0.5855222192353611
1038 3456 -0.3746711814174768
1038 3471 -0.41005941297291915
1038 3486 -0.4314073733885728
1038 3501 -0.3661260235212431
1038 3365 0.5774511661958583
1038 3380 -0.7173555123686706
1038 3395 0.22469487527863663
1038 3410 -0.5998626765596919
1039 1040 0.4730578541508019
1039 3606 0.5990836622238989
1039 3621 0.4333168836440957
1039 3636 -0.33067028982134516
1039 3651 -0.12074945958223648
1039 3666 0.49609467850417777
1039 3681 0.27482048558352457
1039 3516 0.26719326785514275
1039 3531 0.9988408004796152
1039 3545 -0.22062440860267496
1039 3560 -0.8780217754497839
1039 3575 0.24073878663174297
1039 3590 -0.8370749800385926
1040 3786 0.06008754713599229
1040 3801 0.6026810451195064
1040 3816 0.9722778492614756
1040 3831 -0.4520008454443931
1040 3846 0.38393278987907453
1040 3861 0.5196726124903288
1040 3696 -0.026452268363883702
1040 3711 0.6720684024977812
1040 3725 -0.8514780033295575
1040 3740 0.7849302679892598
1040 3755 0.7626119703569154
1040 3770 -0.8576894077941097
1053 1054 0.3103642145345713
1053 1068 0.7344720976517869
1053 3426 0.8593514017992232
1053 3441 0.18055725375096587
1053 3456 0.21100311195769716
1053 3471 0.21847608656150808
1053 3486 0.3226035409195913
1053 3501 -0.1768884602219558
1053 3366 -0.2723803770115423
1053 3381 -0.9282502126435064
1053 3396 -0.27961590463208474
1053 3411 0.740962690354162
1054 1055 0.7466228403824566
1054 1069 0.7297347132709187
1054 3606 -0.174094262512837
1054 3621 0.3664488202489884
1054 3636 0.8048677306397996
1054 3651 -0.19455499640178786
1054 3666 0.9905030730877298
1054 3681 0.01734588572991913
1054 3516 0.5253564001041415
1054 3531 -0.2032789633962484
1054 3546 -0.48516178419153966
1054 3561 0.9834123028185497
1054 3576 0.36743197448241105
1054 3591 -0.06595482969610167
1055 1070 -0.4657657356776961
1055 3786 0.4678917511341816
1055 3801 0.834504824137001
1055 3816 0.36179309132048276
1055 3831 -0.6501240188952162
1055 3846 0.7860384237687064
1055 3861 -0.2704520388055547
1055 3696 0.4227313055415858
1055 3711 0.8508427210316265
1055 3726 0.7755282575725502
1055 3741 0.780745941393405
1055 3756 -0.23277275438389777
1055 3771 0.872908216191997
1068 1069 -0.5114715514344985
1068 3426 -0.6898676200858251
1068 3441 0.4747882563866972
1068 3456 -0.8546730540954433
1068 3471 0.6758725862614685
1068 3486 0.5589610305373014
1068 3501 0.3729709165807553
1068 3366 -0.43738745943928725
1068 3381 -0.9648178461712176
1068 3396 -0.3137691054326852
1068 3411 0.06409911480653752
1069 1070 0.5281318451246266
1069 3606 0.15362072760738554
1069 3621 0.05357095567044445
1069 3636 0.13661596447565527
1069 3651 -0.7331853039566825
1069 3666 -0.849018173795735
1069 3681 -0.7919094361565036
1069 3516 0.553254301635395
1069 3531 0.14176362280410282
1069 3546 0.8755708065876433
1069 3561 0.46972262755135863
1069 3576 -0.501531075012047
1069 3591 -0.32593872347075425
1070 3786 -0.7536259670416723
1070 3801 -0.39414938529321875
1070 3816 -0.8413618644428349
1070 3831 0.3150604872966529
1070 3846 0.8243618173720497
1070 3861 -0.6167996688994339
1070 3696 -0.057327090546622106
1070 3711 0.4017507514313452
1070 3726 0.10941085613212187
1070 3741 0.18908132644612108
1070 3756 0.21655401416442732
1070 3771 0.28539889341127145
1083 1084 0.16935956964222187
1083 1098 -0.6576417096681759
1083 3426 0.6788297685731677
1083 3441 -0.07894747418912718
1083 3366 0.10647740350912449
1083 3381 -0.23130184501295115
1083 3396 0.08000665073496505
1083 3411 -0.015003574333369851
1084 1085 -0.256384806471307
1084 1099 -0.3064437971975891
1084 3606 -0.7631610506406292
1084 3621 -0.9273396741884632
1084 3456 -0.4922086296888326
1084 3471 0.8580048181008126
1084 3486 0.7170559480800927
1084 3501 0.38155328878090744
1084 3516 -0.7537717778867374
1084 3531 -0.9425918983133021
1084 3546 -0.11178055475362969
1084 3561 0.8376163121778166
1084 3576 0.1721023474732042
1084 3591 0.18819769107575235
1085 1100 -0.3426057475393456
1085 3786 0.07420514756195962
1085 3801 0.7944106571700174
1085 3636 0.35306468883354536
1085 3651 0.02305590218196585
1085 3666 0.861692482477465
1085 3681 0.2111401265567805
1085 3696 -0.9935114365371742
1085 3711 -0.6312291337253131
1085 3726 -0.529223086141763
1085 3741 -0.7905577083009008
1085 3756 0.4890718337121327
1085 3771 0.7073285171146644
1098 1099 0.5509828807075334
1098 3426 0.1183279189556472
1098 3441 0.39352312761457164
1098 3366 0.20533678177259906
1098 3381 -0.2894404698824784
1098 3396 0.8168068905295587
1098 3411 -0.16990778090789083
1099 1100 0.6168226474704912
1099 3606 0.06376673692400803
1099 3621 -0.07799033425076418
1099 3456 -0.033172331369691443
1099 3471 0.22076267969952879
1099 3486 -0.6112852036810419
1099 3501 -0.28634380702730966
1099 3516 -0.2875672735606236
1099 3531 -0.7240462468739124
1099 3546 -0.9791689548693623
1099 3561 -0.5062799788274812
1099 3576 -0.11999509048907475
1099 3591 0.901602739547757
1100 3786 0.3571986232955271
1100 3801 0.9926853586478619
1100 3636 -0.8820764086054877
1100 3651 -0.3542873105591595
1100 3666 -0.3351440783216115
1100 3681 -0.5168805593147667
1100 3696 0.4712060197244381
1100 3711 -0.8514204887090027
1100 3726 0.6263635955388647
1100 3741 0.12230430984698759
1100 3756 -0.3918959547542611
1100 3771 -0.1617365899544272
1113 1114 0.3451953903699403
1113 1128 -0.48425990371211314
1113 3426 0.6417870780072983
1113 3441 -0.5649390357237722
1113 3366 0.21004164304192807
1113 3381 -0.5395050036346327
1113 3396 0.3071086316554714
1113 3411 0.03757681376071642
1114 1115 0.09931474890935532
1114 1129 -0.7475192033100457
1114 3606 -0.8060679034185396
1114 3621 0.3632780337508521
1114 3456 0.9028389366746605
1114 3471 0.9857497340798067
1114 3546 1.5701187229488767e-05
1114 3561 0.7873432126154816
1114 3576 0.5925107982034898
1114 3591 0.002614032370123587
1115 1130 0.9734350286384257
1115 3786 0.7394759264596553
1115 3801 -0.20153276257183794
1115 3636 -0.36865706858833547
1115 3651 -0.4129661587934661
1115 3726 -0.6563171362022464
1115 3741 -0.16010122006657612
1115 3756 -0.8492162138868331
1115 3771 -0.25816314961589804
1128 1129 0.4099458908066329
1128 3426 -0.8972597958409971
1128 3441 -0.5533315467832853
1128 3366 -0.009804924184347419
1128 3381 0.6514289047243345
1128 3396 -0.040285177052107546
1128 3411 -0.2648615572714679
1129 1130 -0.7728938557326028
1129 3606 -0.4082538470850776
1129 3621 0.3934592460608415
1129 3456 -0.7498587131364955
1129 3471 -0.8303523278588589
1129 3546 -0.2024521269085755
1129 3561 -0.4684602695832498
1129 3576 -0.17319401655581013
1129 3591 0.8135052318064995
1130 3786 -0.8202957506017146
1130 3801 -0.26720636375007945
1130 3636 -0.322375643561416
1130 3651 0.7029031275315389
1130 3726 0.8659619355342616
1130 3741 0.11884665168072539
1130 3756 0.8553990140934193
1130 3771 0.8208095793416816
3364 3365 -0.6656274046055857
3364 3379 0.35444605927782513
3365 3366 -0.9883980399193757
3365 3380 0.7388917212065185
3366 3381 0.8365325564119912
3379 3380 0.26524844344425214
3380 3381 0.7235928206091482
3394 3395 -0.4371296281012298
3394 3409 0.8756185835422676
3395 3396 0.7418823800557652
3395 3410 0.4983986889696872
3396 3411 -0.3904730255582536
3409 3410 0.6019590894341857
3410 3411 0.5138239922542072
3424 3425 -0.26731451427497643
3424 3439 0.6911534276583442
3425 3426 -0.013067688041104475
3425 3440 0.6562495521287255
3426 3441 -0.27293439564377175
3439 3440 -0.7185582515780826
3440 3441 -0.8977286915529901
3454 3455 -0.5896504981482247
3454 3469 -0.768352192603659
3455 3456 0.3306298713549385
3455 3470 0.7939658878315505
3456 3471 -0.3118591848616237
3469 3470 0.7514749229166706
3470 3471 0.3914149408760057
3484 3485 0.7840438026691567
3484 3499 0.8608248686235753
3485 3486 0.20293341960939792
3485 3500 -0.5093167758864143
3486 3501 0.013078877809494127
3499 3500 0.6381638518949608
3500 3501 -0.5240369027032274
3514 3515 -0.3446414300097804
3514 3529 -0.05835305381255296
3515 3516 0.6338194930855425
3515 3530 0.17915622151747734
3516 3531 0.23279601017772178
3529 3530 -0.8693713587290075
3530 3531 -0.15007416263428852
3544 3545 0.7428333245938901
3544 3559 0.7755142070291681
3545 3546 0.09616379171351408
3545 3560 -0.7117762955408553
3546 3561 0.484219863379199
3559 3560 -0.45884734027943286
3560 3561 -0.2706632897262342
3574 3575 0.8526225854177913
3574 3589 -0.6802257573504844
3575 3576 0.15205073966660576
3575 3590 0.2084709293414606
3576 3591 0.7717714440743804
3589 3590 0.8767557640049497
3590 3591 -0.03776663762850796
3604 3605 -0.8047054308726518
3604 3619 -0.8192162406522845
3605 3606 -0.9918155378892106
3605 3620 -0.8238127604661487
3606 3621 0.8438925771318162
3619 3620 -0.9160598476251627
3620 3621 -0.3812370895911943
3634 3635 -0.6351904777419575
3634 3649 0.23427863414695693
3635 3636 0.6513406775290651
3635 3650 0.47630023841441527
3636 3651 -0.6048666253501094
3649 3650 0.23569228809350018
3650 3651 0.33941171839252693
3664 3665 -0.95688972744438
3664 3679 -0.6216139714790456
3665 3666 -0.18378092333046414
3665 3680 -0.14309404140754278
3666 3681 0.5214692579940488
3679 3680 0.5033788849790983
3680 3681 0.3288385086332448
3694 3695 0.377471918752053
3694 3709 -0.15915593010020457
3695 3696 0.8236673016445872
3695 3710 -0.6362856387719613
3696 3711 -0.8513501620520265
3709 3710 0.39730769034546
3710 3711 0.2786383396795853
3724 3725 -0.6712481304673406
3724 3739 -0.41630038587446316
3725 3726 0.20999338481049135
3725 3740 0.5341450673872188
3726 3741 0.8447954024248419
3739 3740 -0.2160082595121826
3740 3741 0.7107581516726378
3754 3755 0.086854375360222
3754 3769 0.5774930441907089
3755 3756 -0.07070894583892606
3755 3770 -0.17959605640940324
3756 3771 0.4559677585998545
3769 3770 -0.9464410288297092
3770 3771 -0.17020736611459686
3784 3785 0.7610437174593645
3784 3799 -0.07620473426815932
3785 3786 0.5533901990184875
3785 3800 0.8678379783817707
3786 3801 -0.3081082884832962
3799 3800 0.7524749533546455
3800 3801 0.8504573348642113
3814 3815 0.8052457287424499
3814 3829 -0.8458396468524514
3815 3816 -0.5091278518153393
3815 3830 -0.002129553551178942
3816 3831 0.8460961485900031
3829 3830 -0.31245907283534247
3830 3831 -0.3847489741051642
3844 3845 -0.9467760038233044
3844 3859 -0.36455821989390746
3845 3846 0.9335610040056579
3845 3860 0.723958705825394
3846 3861 0.2750434182762431
3859 3860 0.7628050362115686
3860 3861 -0.9029074988387416
3874 3875 0.6202249850245776
3874 3889 -0.738461707083309
3875 3876 -0.5116489725571245
3875 3890 -0.5778037852904523
3876 3891 0.7945160029130143
3889 3890 0.7339139261250671
3890 3891 -0.21883015076829904
