# 
603 603 3.8890431039595903
604 604 -1.7975531426244977
605 605 0.5770992259386816
618 618 0.2214918889535431
619 619 1.2594080104755063
620 620 0.10217750531475378
633 633 -0.020085664384538404
634 634 1.0417597566635441
635 635 -3.8228436401606434
648 648 2.262490356279778
649 649 1.620969531152281
650 650 3.1746369855192524
663 663 -3.6942124613529232
664 664 2.410777104316085
665 665 -1.502509306383848
678 678 -1.6486372854049067
679 679 -1.7055613592070902
680 680 1.2507244922630196
693 693 0.8965379935412141
694 694 -0.7494328950295381
695 695 -2.04886120924946
708 708 -0.15618933526615475
709 709 0.04241133601699243
710 710 2.302837165691475
723 723 -0.7009642464834824
724 724 3.6132681127884316
725 725 1.3733773668720888
738 738 1.0254368346759994
739 739 1.8388159276499847
740 740 3.1464171240258105
753 753 3.111217160772064
754 754 -0.550990796635566
755 755 1.515604493758799
768 768 0.6448367095434779
769 769 -2.570523393971569
770 770 -2.223194736817006
783 783 3.0657238072331605
784 784 1.8840804817883798
785 785 -3.635599112161329
798 798 -2.0403239707538567
799 799 -0.9511247755848773
800 800 -1.3193722335084104
813 813 1.9118164950934675
814 814 1.2045937727652678
815 815 3.750239584647864
828 828 -2.1379688453109305
829 829 1.6677184098629585
830 830 -0.5957328078851623
843 843 -3.3954185460351436
844 844 -1.351744524937902
845 845 -0.27700274189562446
858 858 -3.4087507017679908
859 859 -1.6604029503871969
860 860 -3.3960936040533323
873 873 -0.8420283333920437
874 874 -1.0780142762107952
875 875 1.5273611316636506
888 888 -0.6467354044699389
889 889 -0.3975718882610968
890 890 -0.38106320443082353
903 903 1.4919855616776658
904 904 -3.312847933057916
905 905 -2.3256591302362946
918 918 2.4955511739272787
919 919 0.4934298664896799
920 920 1.5730879368150683
933 933 1.2445176059817582
934 934 -2.947255490650239
935 935 2.7331980987351603
948 948 -1.6068034771542052
949 949 -1.5407693978082992
950 950 3.97035974201132
963 963 1.3823615341756694
964 964 0.4771534383423983
965 965 3.966267208623237
978 978 1.6390792445750453
979 979 0.4374679553680325
980 980 1.4819678867650419
993 993 0.43303542470737977
994 994 -0.274835233345323
995 995 -1.8161777647972386
1008 1008 -1.726641503095272
1009 1009 -3.185581821943374
1010 1010 0.9994672528891702
1023 1023 -1.7527061826574002
1024 1024 -2.761406727003016
1025 1025 2.682197648596051
1038 1038 -1.2411342675015238
1039 1039 0.8928462624409548
1040 1040 -0.2130071818270851
1053 1053 -1.046700095679932
1054 1054 -2.2573643539599786
1055 1055 -0.4336108760144741
1068 1068 -2.9835090114682776
1069 1069 3.8129464988175013
1070 1070 2.9255326444897465
1083 1083 -3.6729548303451507
1084 1084 -2.875417309498637
1085 1085 2.932539847609581
1098 1098 -1.2745084159423818
1099 1099 0.1332263800205391
1100 1100 0.613087720948295
1113 1113 -3.3126408140612176
1114 1114 3.3794892642923857
1115 1115 1.6488849274472672
1128 1128 -0.08164456371784024
1129 1129 3.921989157051466
1130 1130 3.1131879434989935
3364 3364 0.5323313463096593
3365 3365 2.8093152836724657
3366 3366 -1.0883118610737874
3379 3379 -1.350533372579962
3380 3380 1.0709331369316777
3381 3381 -2.6893183201899005
3394 3394 -1.7932696751093387
3395 3395 2.9656906239217378
3396 3396 -1.804948336207004
3409 3409 -1.7732081939559183
3410 3410 1.028230129500022
3411 3411 -0.2717979823249017
3424 3424 0.4245759964801845
3425 3425 -0.05378081213639874
3426 3426 -2.541515646716258
3439 3439 0.0857549198455887
3440 3440 3.9001903277895105
3441 3441 1.7814785033813445
3454 3454 -0.027799101280950644
3455 3455 -0.5126336655834223
3456 3456 0.47969791615050905
3469 3469 0.6776134790102057
3470 3470 -3.6676844357942926
3471 3471 -3.562778973688008
3484 3484 -1.534446016166819
3485 3485 -1.7374781623906808
3486 3486 -1.3998250113111013
3499 3499 1.7807293341011388
3500 3500 1.6602822333585339
3501 3501 3.141480109133818
3514 3514 -1.4756527776173893
3515 3515 -1.2437555004049603
3516 3516 -2.0338874467313897
3529 3529 -3.818229268598638
3530 3530 0.8697559373316759
3531 3531 3.317359517142492
3544 3544 -2.7731711752775077
3545 3545 0.2044310436560215
3546 3546 0.06875833604691639
3559 3559 2.260816774016514
3560 3560 -1.9500269566959538
3561 3561 3.4334323889789804
3574 3574 -1.391789185338995
3575 3575 -2.8332459448058493
3576 3576 -0.8284967569440154
3589 3589 -0.015683309983042903
3590 3590 0.017665907746970966
3591 3591 -3.034476807949095
3604 3604 0.9955926321452679
3605 3605 -1.6101840503944915
3606 3606 0.8419036465800023
3619 3619 -2.572666538827459
3620 3620 1.2749325604443094
3621 3621 2.5803102500026505
3634 3634 -3.5192500268009477
3635 3635 3.6734187697113665
3636 3636 -3.8123585575362844
3649 3649 1.9179146256056185
3650 3650 -0.43434297288275747
3651 3651 3.4962529172447887
3664 3664 1.319074638422224
3665 3665 -0.038365108298002326
3666 3666 -2.940943875100067
3679 3679 -3.8678011614116237
3680 3680 -2.316280891573708
3681 3681 -2.0944116458664945
3694 3694 -1.8487357395075676
3695 3695 -3.1296504310289617
3696 3696 -2.2572509290739147
3709 3709 1.5263062238342568
3710 3710 -1.277267591866937
3711 3711 -0.03119718478623934
3724 3724 2.694860982797592
3725 3725 3.4579417608671985
3726 3726 -1.093066625810592
3739 3739 -1.8485520607166652
3740 3740 0.5276853904243977
3741 3741 0.1524482658774815
3754 3754 -1.9340965539165618
3755 3755 0.21984493379565961
3756 3756 -3.320945145972262
3769 3769 -0.7058221342021378
3770 3770 -0.48716932064457996
3771 3771 0.4627132781754506
3784 3784 3.4696352176005494
3785 3785 -1.7189965490440429
3786 3786 -3.8146087750704414
3799 3799 2.891409687409346
3800 3800 3.057184982687045
3801 3801 -3.5929942920688758
3814 3814 -1.8085421378822302
3815 3815 -2.06096014700271
3816 3816 -3.7246769119362977
3829 3829 1.194276726435569
3830 3830 -0.9407307801879803
3831 3831 2.6153435048043336
3844 3844 -1.4347028180078363
3845 3845 -1.7218214940667416
3846 3846 -1.948523441008943
3859 3859 -0.16451630065379597
3860 3860 0.5026643979426364
3861 3861 1.5024092081407288
3874 3874 -3.9285022292981546
3875 3875 -2.302579625118822
3876 3876 3.809854773794556
3889 3889 -0.7244719596549531
3890 3890 -0.8929709464233655
3891 3891 2.065794545786706
603 604 0.44990915022106526
603 618 0.9730511447089447
603 3484 -0.41578340361833255
603 3499 -0.21530069982630828
603 3514 -0.029602515532278995
603 3529 0.6907596042974007
604 605 0.6955318649377944
604 619 0.10720816489056606
604 3664 -0.33237521187025365
604 3679 -0.07311187684217324
604 3694 -0.014586967444025323
604 3709 0.9683389906545201
605 620 0.9286192689955337
605 3844 -0.498486652078614
605 3859 -0.2925935294484554
605 3874 0.28528750166379724
605 3889 0.1044698366593051
618 619 0.7510817226933171
618 3484 0.7556320056335322
618 3499 -0.46043670247035773
618 3514 -0.8239040015117509
618 3529 -0.37426162684282005
619 620 0.3044544967167664
619 3664 -0.4506962034793256
619 3679 -0.2737637838409226
619 3694 0.4694303666479642
619 3709 0.24383637486487597
620 3844 -0.003930434838930408
620 3859 -0.12650738272234152
620 3874 -0.8699689179923646
620 3889 -0.9131091458646414
633 634 -0.06779702292644885
633 648 -0.6070659769661233
633 3424 -0.6510252158380663
633 3439 0.734794316072098
633 3454 0.974060708627452
633 3469 0.419136732711721
633 3484 -0.20555737596629342
633 3499 -0.3627526734654769
633 3514 0.6469987878322581
633 3529 -0.2835870642926259
634 635 0.39344840222857713
634 649 0.16801459683742426
634 3604 0.42789682114333116
634 3619 0.290446698561192
634 3634 -0.2661646952094605
634 3649 0.712742299919888
634 3664 0.9690717648861957
634 3679 -0.574059767528623
634 3694 -0.05880642003543879
634 3709 -0.43361129869656234
635 650 -0.750952700427229
635 3784 0.12697995260575445
635 3799 -0.2916439981830976
635 3814 0.29499696773577977
635 3829 -0.31819594562047837
635 3844 -0.097126587956466
635 3859 0.6895001067738047
635 3874 -0.44609924853790206
635 3889 -0.3853880429990342
648 649 -0.724856902724005
648 3424 0.03776850597788539
648 3439 0.938133415085352
648 3454 -0.6460703609420559
648 3469 0.7558247260387048
648 3484 -0.7534017986130777
648 3499 0.20235655716217615
648 3514 -0.05333726131460037
648 3529 0.03613027276984382
649 650 0.9326739937696691
649 3604 0.10315423184411232
649 3619 0.8597444787789381
649 3634 -0.6460836682438316
649 3649 -0.5818215531124744
649 3664 0.6811426746152283
649 3679 0.2373125209584499
649 3694 0.34859182660488264
649 3709 -0.8839250023300578
650 3784 -0.25128350155282053
650 3799 -0.8871033800136936
650 3814 -0.2515267680436464
650 3829 0.2486365768193768
650 3844 0.7997116034569753
650 3859 0.3202037259845496
650 3874 0.6558392533454265
650 3889 0.9910318023363776
663 664 0.3817611264923291
663 678 -0.9810152421315996
663 3424 0.06260414763251743
663 3439 0.5420258325954452
663 3454 0.6702217406312938
663 3469 0.7555059430767994
663 3484 0.8636608526773497
663 3499 0.19458169090846633
664 665 0.4467617507012116
664 679 0.6115746812464886
664 3604 -0.08090579350329863
664 3619 0.4185117862741874
664 3634 0.1821394307518791
664 3649 -0.8942738472814455
664 3664 0.18886910193514672
664 3679 -0.7185620538793744
664 3514 0.9147967683739016
664 3529 0.9571673035507433
665 680 0.6264750999012136
665 3784 0.12498427961678482
665 3799 0.9389753658324371
665 3814 0.5375820473258588
665 3829 0.13956576140127663
665 3844 0.5460005629725853
665 3859 0.8467938042407002
665 3694 -0.7402810946272982
665 3709 0.21909083676654295
678 679 -0.7587323039993206
678 3424 0.22709152748107808
678 3439 0.9328073945617328
678 3454 0.15593827673484073
678 3469 -0.6922279971866956
678 3484 -0.22176101626901978
678 3499 -0.9906495095025625
679 680 0.7847255316985609
679 3604 0.6233748188028561
679 3619 0.3806157816683584
679 3634 -0.14603798526471246
679 3649 0.15407949160783807
679 3664 0.7896894853040242
679 3679 0.6701168340771786
679 3514 0.0013254007488701092
679 3529 -0.13652882032681535
680 3784 0.05199504880850969
680 3799 -0.3185359776927936
680 3814 0.7742341249351565
680 3829 -0.5093256209039896
680 3844 0.38732726839904474
680 3859 0.6702403724655135
680 3694 -0.8443620053766374
680 3709 -0.10332451333065018
693 694 -0.9357985499344426
693 708 -0.19835904893405787
693 3424 0.45305704317882034
693 3439 -0.5165702954891538
693 3454 -0.6725047901599357
693 3469 -0.5695600580835496
693 3484 0.7911914854418021
693 3499 0.8919458077297535
693 3364 -0.3808043629540152
693 3379 0.8026600863830662
693 3394 0.6463577815913906
693 3409 0.03069293443232679
694 695 0.7805155189316306
694 709 0.7327742818646283
694 3604 0.39146298735458207
694 3619 0.5552885886220689
694 3634 0.3715965809592001
694 3649 -0.8507988234513049
694 3664 -0.31458855716865
694 3679 -0.13303735624427215
694 3514 -0.7178638276775466
694 3529 0.5842605590179901
694 3544 0.7048210439591034
694 3559 -0.02024113280015105
694 3574 -0.13410989049873057
694 3589 0.27578625189421313
695 710 -0.8721446338264855
695 3784 0.6856499408663748
695 3799 -0.3013490349431529
695 3814 -0.5627544331904089
695 3829 0.44147639995505505
695 3844 0.9675837653377584
695 3859 -0.13191836319532713
695 3694 0.07916929796512973
695 3709 0.874415724923844
695 3724 -0.503055218335996
695 3739 0.41251436836044375
695 3754 -0.9450205169489159
695 3769 0.9068945609118126
708 709 0.49870497505371314
708 3424 0.3601392016027478
708 3439 -0.01162438556499601
708 3454 0.7232947452819714
708 3469 -0.8714028370178801
708 3484 -0.5151147235883144
708 3499 0.7348856390240377
708 3364 -0.39776587204778613
708 3379 0.2523938241364114
708 3394 -0.10412119659831265
708 3409 -0.4249449012530164
709 710 -0.9190114935717935
709 3604 0.9839074237603322
709 3619 -0.7905483490124758
709 3634 0.5805318576831819
709 3649 -0.2737141169190449
709 3664 0.9980052279559266
709 3679 0.6072562722486861
709 3514 -0.4721115129529081
709 3529 -0.3882946382881409
709 3544 -0.31265139813172493
709 3559 -0.8584432993391282
709 3574 0.6125348281066234
709 3589 -0.5066875283156282
710 3784 0.27941621388781956
710 3799 -0.30924884348439585
710 3814 0.5507005882700078
710 3829 -0.338078933029641
710 3844 -0.9691863235475986
710 3859 0.32481979272858785
710 3694 -0.3848515538395372
710 3709 0.4371680359390677
710 3724 0.6283080043176592
710 3739 -0.09689084615849808
710 3754 -0.4049891448195271
710 3769 -0.011333413183535423
723 724 -0.8196195218681646
723 738 -0.47485957305546367
723 3424 0.6654012320323976
723 3439 -0.6970160483204331
723 3364 -0.23933590675066174
723 3379 0.3791525835169447
723 3394 0.3626993075013989
723 3409 0.037499817093503696
724 725 0.8689600480685553
724 739 -0.8725022435233496
724 3604 0.1413037864186495
724 3619 0.2609944510205213
724 3454 0.21226242264167117
724 3469 -0.15639389038036633
724 3484 0.12581084130336628
724 3499 -0.04995887313955727
724 3514 -0.9186369200056403
724 3529 0.7406661863507247
724 3544 -0.5127030742579404
724 3559 0.19847224564575083
724 3574 0.04608605124247456
724 3589 -0.8194051637032576
725 740 -0.1744592457236609
725 3784 -0.9181879354572824
725 3799 -0.05019193506102515
725 3634 0.8181394002462801
725 3649 0.1410750268926413
725 3664 0.503969163475622
725 3679 -0.0029538426653159533
725 3694 -0.71726951138176
725 3709 0.5989597357936101
725 3724 -0.6960118387871528
725 3739 -0.7463537115688468
725 3754 0.273590943438736
725 3769 -0.08836875267473365
738 739 0.8687726846636348
738 3424 0.1122401166310909
738 3439 0.5565226231473153
738 3364 0.6008985322876483
738 3379 0.387124077320669
738 3394 0.9442147443445772
738 3409 0.7247816744533584
739 740 -0.4029059321289905
739 3604 0.2405073152888768
739 3619 -0.2819755923050782
739 3454 0.9171538317896961
739 3469 -0.08042913298885979
739 3484 -0.003426222225869413
739 3499 0.1553498778831084
739 3514 0.772557496264408
739 3529 0.5152584169090635
739 3544 0.6792399434764866
739 3559 0.42748647991977884
739 3574 0.46284743850840915
739 3589 -0.7504374522631669
740 3784 0.37446301677494365
740 3799 0.5425200038929019
740 3634 0.6992249425739383
740 3649 -0.2918346243564822
740 3664 -0.10384400903945457
740 3679 0.971586879655451
740 3694 0.7950322409325365
740 3709 0.17488492120618426
740 3724 0.11669738767095006
740 3739 0.3323846820861076
740 3754 0.0667421796855383
740 3769 0.9093730717636412
753 754 0.4341587141354959
753 768 0.5860335066878355
753 3424 0.5884231524813315
753 3439 0.808796666087017
753 3364 -0.1013327379091915
753 3379 -0.012079805602751126
753 3394 -0.3129751195895276
753 3409 0.17771797331255335
754 755 -0.8628270054449267
754 769 0.21964011838884145
754 3604 0.014067401903510746
754 3619 0.05944569173172476
754 3454 0.4604112040637405
754 3469 -0.2603363449414813
754 3485 0.5008144285051339
754 3500 0.22057425546685927
754 3515 -0.6557533805423152
754 3530 -0.03664904572529126
754 3544 0.9349183875295162
754 3559 -0.45215066791735214
754 3574 -0.27541240239215403
754 3589 -0.1573614533438672
755 770 -0.8188625180213098
755 3784 -0.5276854863104457
755 3799 0.5576040138551637
755 3634 -0.8612832963128996
755 3649 -0.4640587147488211
755 3665 -0.14838115798085583
755 3680 -0.8600630325503771
755 3695 0.39588450181218127
755 3710 -0.953865535163609
755 3724 -0.9405729794978206
755 3739 -0.35375052954092157
755 3754 0.14402499929377477
755 3769 0.9202058025908997
768 769 0.5347092452807494
768 3424 -0.24999045788276164
768 3439 -0.45262746884850946
768 3364 0.6843004991286961
768 3379 -0.03162270369705267
768 3394 -0.9752317703587767
768 3409 0.7352015695119059
769 770 -0.21626955892388322
769 3604 0.8067560551542934
769 3619 -0.7919587682159179
769 3454 0.8275247789065885
769 3469 -0.4137768376930875
769 3485 -0.8448033552567313
769 3500 -0.11444554093692583
769 3515 -0.7302220300799116
769 3530 -0.9774450217416475
769 3544 0.6725261053108631
769 3559 -0.4826984489356385
769 3574 -0.7016592585225736
769 3589 0.6047935992739593
770 3784 0.748650605737498
770 3799 0.5105277866043867
770 3634 -0.5361729802995157
770 3649 -0.8589454620941883
770 3665 -0.8524235445524182
770 3680 -0.16712918898393503
770 3695 0.6443055222582621
770 3710 0.9868286611633681
770 3724 -0.7347897495625877
770 3739 -0.19000249543389902
770 3754 0.15371056575617792
770 3769 0.6832843874281818
783 784 0.9114871284462438
783 798 0.4251346165146006
783 3424 -0.08442664670670941
783 3439 0.5483847767811383
783 3454 0.9108089217907243
783 3469 0.03676768623137994
783 3485 -0.3846203331592062
783 3500 -0.1987517508615264
783 3515 -0.0938118052596264
783 3530 0.5884039718941021
783 3544 -0.31332300006361624
783 3559 -0.30569711376836683
783 3394 -0.9936543887161458
783 3409 0.9795376752444342
784 785 0.4418489006968822
784 799 0.043472030585961274
784 3604 0.12673065830740393
784 3619 0.44718653545076026
784 3634 -0.662327702105562
784 3649 -0.16339917735816734
784 3665 0.5762792134819363
784 3680 -0.9361372201546938
784 3695 0.8178201210880311
784 3710 -0.6850791221011383
784 3724 0.6101931623790429
784 3739 -0.2866208153589438
784 3574 0.04514740583312138
784 3589 0.4018685971068323
785 800 0.09055995248534843
785 3784 0.3000917959519023
785 3799 0.6717976715704304
785 3814 0.05193098020668652
785 3829 0.7589801808073715
785 3845 0.5738277650852366
785 3860 0.08671873376860817
785 3875 -0.79029641697303
785 3890 0.9635193986571422
785 3754 -0.23529717677588713
785 3769 -0.8993781233960605
798 799 -0.4976683419580461
798 3424 -0.39393414684637573
798 3439 -0.017439454359916784
798 3454 0.8200068810791363
798 3469 -0.7440157594423136
798 3485 0.8496089248267169
798 3500 0.16889616135667262
798 3515 0.9490811592315145
798 3530 0.7310094651128993
798 3544 0.44814648908834354
798 3559 -0.446621284785663
798 3394 -0.3204803123660491
798 3409 0.776600147713258
799 800 0.2207352120627495
799 3604 0.7736703738880959
799 3619 -0.6536981580510834
799 3634 0.23210933682843748
799 3649 -0.5540586897631627
799 3665 0.6649620068441657
799 3680 -0.11874679129305066
799 3695 -0.1376936270243494
799 3710 -0.29598249884274574
799 3724 0.9224839273910534
799 3739 -0.3608820671102062
799 3574 0.168575260223206
799 3589 0.2974115359251128
800 3784 0.31692320239425076
800 3799 -0.4917006861121711
800 3814 0.3635933051948048
800 3829 0.740923948778933
800 3845 0.9311737424887929
800 3860 -0.05091678428300184
800 3875 0.5284291383688517
800 3890 0.22006636924207368
800 3754 0.5386781988703087
800 3769 -0.728754482965525
813 814 0.9030380949457646
813 828 -0.1881410089805191
813 3425 0.7185139659267026
813 3440 -0.2653830004124049
813 3455 0.34456440880892014
813 3470 0.9529369639998297
813 3485 -0.8399663253230303
813 3500 0.4386447247295602
813 3515 0.7017542649511141
813 3530 -0.47346295354679246
813 3544 -0.9699476716869999
813 3559 -0.9801190296411817
813 3394 0.37100221489781093
813 3409 0.9498070145220892
814 815 -0.5896353670649006
814 829 -0.7848047488770238
814 3605 0.8776816858494472
814 3620 -0.990956927862767
814 3635 -0.9310146174384553
814 3650 0.06231080797571642
814 3665 -0.5974207562446208
814 3680 -0.2622650974879006
814 3695 -0.8031023835956459
814 3710 0.3514603268749912
814 3724 0.9641470030608508
814 3739 0.8900926268930385
814 3574 -0.16746627046094686
814 3589 0.5061114635424426
815 830 0.9267208084770391
815 3785 -0.6743212245306349
815 3800 0.5306822258714305
815 3815 0.6936773338305089
815 3830 -0.9767136123689737
815 3845 -0.4010385168735695
815 3860 -0.6574782853483412
815 3875 -0.7192260637121768
815 3890 0.11210345246098918
815 3754 0.7648368647436574
815 3769 0.3740307589362091
828 829 -0.21367689950409452
828 3425 -0.44616608398604285
828 3440 -0.9274128252809644
828 3455 0.17715897501961364
828 3470 -0.6039764864256305
828 3485 -0.9036823060525407
828 3500 0.5644190464716698
828 3515 0.449261565447731
828 3530 -0.1732935488595706
828 3544 -0.05271170450305762
828 3559 0.8456409494241761
828 3394 -0.4772316707186173
828 3409 -0.520781326954012
829 830 -0.44213408312225666
829 3605 -0.5871130098251871
829 3620 -0.5902700860640493
829 3635 0.9929833451451413
829 3650 -0.2906398918836002
829 3665 0.051635776748837126
829 3680 0.11470898419385334
829 3695 -0.5416619618686436
829 3710 -0.5568135361449944
829 3724 0.04469035064052007
829 3739 0.6601531102822316
829 3574 0.8583939821397744
829 3589 0.9751371260831785
830 3785 0.0875613065743086
830 3800 0.48565372602625767
830 3815 0.4849963701713562
830 3830 0.1236054912039477
830 3845 -0.13391140410604785
830 3860 -0.9769727063704898
830 3875 -0.17652860562921613
830 3890 -0.12619509949263708
830 3754 0.4154149386835819
830 3769 0.09901224724523594
843 844 -0.001157747951946897
843 858 0.8798253853196971
843 3425 -0.09063154979877663
843 3440 0.8651054928262414
843 3455 -0.6420894330826525
843 3470 0.5002896395664362
843 3485 -0.4524585162610779
843 3500 0.6306204897620196
843 3364 -0.47178265450347445
843 3379 -0.9762109507939882
843 3394 -0.27301832148992466
843 3409 0.04351967541427326
844 845 0.5082378404342429
844 859 0.5814123197534962
844 3605 0.10957691433120975
844 3620 -0.8110488939327085
844 3635 0.4021441887699364
844 3650 -0.05864443234493999
844 3665 -0.36331374833275265
844 3680 0.2902775498192802
844 3515 -0.606957361919926
844 3530 -0.7470889039572728
844 3544 -0.5760446343679879
844 3559 -0.5735998940649596
844 3574 -0.7151250502298028
844 3589 -0.14679415616548042
845 860 0.05425966507006419
845 3785 -0.24943989369863573
845 3800 -0.8879403079950259
845 3815 0.23037415524144
845 3830 0.7420010005713251
845 3845 -0.21234933717858806
845 3860 0.336137879830114
845 3695 -0.9685329522925352
845 3710 0.5013343977995379
845 3724 0.007532831145148355
845 3739 0.38501464703540034
845 3754 0.9943247177220857
845 3769 0.6687243573736212
858 859 0.8434585957561698
858 3425 0.6395064469894085
858 3440 -0.48923172033275253
858 3455 0.23677472292183577
858 3470 0.702811811005303
858 3485 0.7146176316816439
858 3500 0.09973474393497694
858 3364 -0.16177802069266156
858 3379 -0.14370884904104786
858 3394 0.43926485937637016
858 3409 -0.9714933245294382
859 860 -0.8921432724292766
859 3605 0.12660277301447054
859 3620 -0.7564350863285936
859 3635 -0.48091013105097713
859 3650 -0.49797756446239116
859 3665 0.3449954111986351
859 3680 -0.2880173091536453
859 3515 0.99181741041382
859 3530 0.9413153264806757
859 3544 0.7490644253443686
859 3559 0.6820629366000082
859 3574 -0.6817004451689175
859 3589 -0.4426525242944839
860 3785 -0.9727728790598409
860 3800 0.5103370613791143
860 3815 -0.6696231477055292
860 3830 -0.6174949962122955
860 3845 0.19333809934181478
860 3860 0.9240385656940371
860 3695 0.9112498762089063
860 3710 0.8717010259370055
860 3724 -0.7912215900255737
860 3739 -0.454577989902464
860 3754 0.08355770081685043
860 3769 -0.6939068287089072
873 874 -0.770919245969345
873 888 -0.23995442763011066
873 3425 0.3489746038598567
873 3440 -0.9107390744655228
873 3455 0.11979215872390303
873 3470 -0.2891325788533443
873 3485 -0.16608258457032332
873 3500 -0.9950574298062078
873 3365 -0.25376069468946505
873 3380 0.42189949541838323
873 3395 0.27497315616040674
873 3410 -0.7273179986139522
874 875 0.42636750783415933
874 889 0.39440836389819744
874 3605 -0.6219872459053759
874 3620 -0.9098060762122708
874 3635 0.7952833142459286
874 3650 -0.15888612699100024
874 3665 -0.6948456659440694
874 3680 0.5232902623959952
874 3515 0.9742920978024077
874 3530 -0.5389815693053337
874 3545 -0.7350623290408618
874 3560 -0.04846222993939464
874 3575 0.7401255433098024
874 3590 -0.4380193688884355
875 890 0.06290255912489795
875 3785 0.9106663104104273
875 3800 0.05215924221901003
875 3815 -0.7606038138831943
875 3830 0.7975531253433357
875 3845 -0.28699957991402814
875 3860 -0.29450297693447736
875 3695 -0.601523347917789
875 3710 0.9630655569492734
875 3725 -0.9967981938167889
875 3740 -0.44135561136744195
875 3755 -0.3750229173406794
875 3770 0.27642660949083675
888 889 0.4877871129114528
888 3425 -0.33386436292160915
888 3440 -0.0339081613333696
888 3455 -0.9232408439017521
888 3470 0.448242083985128
888 3485 -0.1382648527813295
888 3500 -0.5373479788011681
888 3365 0.2405135743851452
888 3380 0.4880741962996529
888 3395 0.7205745153301417
888 3410 -0.06594416968286532
889 890 -0.8848268905681849
889 3605 -0.5044892247305846
889 3620 0.06581204195157686
889 3635 0.12969012872109453
889 3650 -0.16475648765011042
889 3665 -0.41194592915906747
889 3680 0.6932673688258155
889 3515 0.42156725656205296
889 3530 -0.6576640378412104
889 3545 -0.38422640706014044
889 3560 0.7604604374395549
889 3575 -0.4493289249659713
889 3590 0.7992074391586481
890 3785 -0.11359630907084717
890 3800 0.9811650917891688
890 3815 -0.8392751197501034
890 3830 0.28578725819643913
890 3845 -0.6619442687253891
890 3860 -0.5059234011156168
890 3695 0.019421433951731126
890 3710 -0.5273566731462445
890 3725 -0.17087784686610274
890 3740 -0.3895435497406896
890 3755 -0.08046699212166986
890 3770 0.26672722756012224
903 904 0.6957538372822303
903 918 -0.14818426244891914
903 3425 -0.8071269095194507
903 3440 0.4065956101264365
903 3365 0.9683605956660761
903 3380 0.40043629208992626
903 3395 -0.1268629486188657
903 3410 0.6907263682177922
904 905 -0.8134966858048154
904 919 -0.7602604689109822
904 3605 0.6590324883620284
904 3620 -0.27801193423247783
904 3455 0.4515862416835712
904 3470 -0.6127651018335392
904 3485 0.15107762825551285
904 3500 -0.8696468114942228
904 3515 0.9228681592737593
904 3530 -0.4459634996353221
904 3545 0.7338281393948929
904 3560 -0.8415268405906711
904 3575 -0.25201244171979487
904 3590 -0.689535718047326
905 920 0.24103260478883137
905 3785 0.004034430126576005
905 3800 -0.49706936574767435
905 3635 0.1051289593081377
905 3650 0.3931486070190717
905 3665 -0.512213427471268
905 3680 0.5142030431752971
905 3695 0.20251186156665257
905 3710 0.748104808650065
905 3725 -0.975656054044413
905 3740 0.11456298210008642
905 3755 -0.5215208973792869
905 3770 0.9747481844827877
918 919 -0.6606036232364911
918 3425 -0.38901183440384934
918 3440 0.24055225424449334
918 3365 0.2849755126244249
918 3380 -0.30140454270917183
918 3395 0.41539166936854377
918 3410 0.21854974512939362
919 920 -0.6906798063101687
919 3605 -0.6764283915506077
919 3620 -0.22653439228413963
919 3455 0.06255028708445454
919 3470 -0.783975616356889
919 3485 -0.5440808464416815
919 3500 0.8604352499119219
919 3515 0.8577303087024903
919 3530 -0.33536319762678857
919 3545 -0.6299347552616881
919 3560 -0.5954251073997452
919 3575 0.04136578226926946
919 3590 0.7116908639312314
920 3785 -0.29731597806480514
920 3800 0.6634435852739635
920 3635 -0.3584541070476306
920 3650 0.9643756060607296
920 3665 -0.699674808914005
920 3680 0.2060561930854239
920 3695 -0.5125569689505336
920 3710 -0.29246212249126224
920 3725 -0.16241973990450953
920 3740 -0.3646171133060385
920 3755 0.2828908325384152
920 3770 -0.05989389413192603
933 934 0.8211287833328935
933 948 0.8650056078924298
933 3425 -0.43134817479878507
933 3440 0.0724409885124091
933 3365 0.46836439862460666
933 3380 0.22386166155206477
933 3395 0.28172479882119794
933 3410 -0.8307946161503019
934 935 -0.4025952345882102
934 949 -0.09310270493145811
934 3605 -0.2612529664187926
934 3620 -0.5701626776914095
934 3455 0.48503978031798667
934 3470 -0.004571471344189781
934 3486 0.39628047555177903
934 3501 0.7400678691209579
934 3516 0.7825587785449217
934 3531 0.4942442134697811
934 3545 0.3201524825078004
934 3560 -0.5319539000320659
934 3575 -0.4805662243958908
934 3590 0.023632931467436613
935 950 -0.7627821295438151
935 3785 -0.6555326853590362
935 3800 -0.16092593670132138
935 3635 0.6298592180128626
935 3650 -0.17518281375621902
935 3666 -0.46288344915372637
935 3681 0.5085661152802043
935 3696 0.3655627027659145
935 3711 0.238534310243673
935 3725 0.6995564418550975
935 3740 -0.8079704493072364
935 3755 0.21720091492862004
935 3770 0.4458203928806952
948 949 -0.8051906793370904
948 3425 0.7500492290140963
948 3440 0.9088361902157314
948 3365 0.8780296934190013
948 3380 -0.9854219126377155
948 3395 0.5351385262891437
948 3410 -0.8084041970241849
949 950 -0.22517334770669395
949 3605 0.41201942296419913
949 3620 -0.9468346435919093
949 3455 0.10430081825907567
949 3470 -0.1373946680326399
949 3486 -0.5687106140342082
949 3501 -0.359444073701392
949 3516 -0.6180360555110134
949 3531 -0.040279929589054575
949 3545 0.19417145119122292
949 3560 0.7255358449116189
949 3575 0.6218310238505274
949 3590 -0.1104087120254389
950 3785 0.8816410796398193
950 3800 0.028246374556310627
950 3635 -0.1566415613226979
950 3650 -0.1463608723546561
950 3666 0.8674488711272237
950 3681 0.09411351787778233
950 3696 0.917489664517309
950 3711 0.9557255030438785
950 3725 0.2375846042736247
950 3740 0.5539660401663113
950 3755 0.29268951255243914
950 3770 0.9730574715306608
963 964 -0.4006484815113749
963 978 0.126693914121093
963 3425 0.8632342783134723
963 3440 0.9176080661506969
963 3455 -0.5051426359308273
963 3470 -0.706938738143674
963 3486 -0.24694541481539867
963 3501 -0.833941072665852
963 3516 0.5174260698323816
963 3531 0.011475022973944426
963 3545 0.43035678302244706
963 3560 0.12003424569202115
963 3395 -0.6324362920706799
963 3410 0.1917114875352921
964 965 -0.2142145667552191
964 979 0.46843753700010127
964 3605 -0.04782352385247646
964 3620 0.3314968287204527
964 3635 -0.03136161028292328
964 3650 0.29300969784481756
964 3666 -0.2660045735434571
964 3681 0.5180339492063479
964 3696 0.08624618266053519
964 3711 0.45790942243893307
964 3725 -0.7187781673638483
964 3740 0.33180490048012756
964 3575 0.8642904311764184
964 3590 -0.8408589870107368
965 980 0.21167139876796326
965 3785 -0.048073442911605424
965 3800 0.41520554811236865
965 3815 0.8619012198890152
965 3830 0.3771201366803878
965 3846 0.21498562590523407
965 3861 -0.08998041059914574
965 3876 0.5669508955791343
965 3891 0.3283019818868995
965 3755 0.0356362681193052
965 3770 -0.8205242183720183
978 979 0.5045749630973559
978 3425 -0.9607656685568366
978 3440 0.9786244717037242
978 3455 0.8630822193775809
978 3470 -0.7134461919767847
978 3486 0.6937703053363631
978 3501 0.5050457918461124
978 3516 0.9543182807534978
978 3531 -0.6959026413984739
978 3545 0.7089106796113918
978 3560 0.8251149902270098
978 3395 -0.17530822554574477
978 3410 -0.8983117889510976
979 980 -0.8880517550756617
979 3605 -0.9868685694730013
979 3620 -0.4305788659379328
979 3635 -0.05270520430155501
979 3650 0.6552263238793838
979 3666 -0.6973082223313638
979 3681 0.1999842082590393
979 3696 -0.17242762652614085
979 3711 0.04852343056429653
979 3725 0.22056517024401345
979 3740 0.6642674938063557
979 3575 -0.2898321232049528
979 3590 -0.7132872432885968
980 3785 0.16716279019330882
980 3800 -0.0049058930187375616
980 3815 0.9979745427249527
980 3830 0.15885437167756344
980 3846 0.28425892044421075
980 3861 -0.08905905979801343
980 3876 -0.8779649413551414
980 3891 0.8050522391066754
980 3755 0.7041888945701404
980 3770 0.17741566755326366
993 994 -0.20845751093263498
993 1008 0.018483045549598565
993 3426 0.47119017032157307
993 3441 -0.2704496650385093
993 3456 0.39827715937782093
993 3471 0.15814924035953548
993 3486 -0.28517689558917314
993 3501 -0.39917753781819076
993 3516 0.11816198636743391
993 3531 -0.6712281825001913
993 3545 -0.8757430865252456
993 3560 0.6397778539208661
993 3395 0.5078151914268905
993 3410 -0.5804744470223677
994 995 0.03932810903606154
994 1009 0.013428023561924851
994 3606 -0.7141742848555357
994 3621 -0.7432949688928314
994 3636 0.3564037008024248
994 3651 -0.13495535025634386
994 3666 0.06641900968781744
994 3681 -0.08433053400120816
994 3696 0.38367604495389185
994 3711 -0.9588900162928582
994 3725 0.5051454083784161
994 3740 0.9767936858625634
994 3575 0.7062255806825088
994 3590 -0.8063356603327674
995 1010 -0.5015937350144135
995 3786 -0.9699031392365896
995 3801 0.2507280261259066
995 3816 -0.6348132874288701
995 3831 -0.28241222692259815
995 3846 -0.26891534984079546
995 3861 -0.17338657047117634
995 3876 0.06535548227247068
995 3891 0.1587543174969348
995 3755 -0.176970669630913
995 3770 0.38218794462649086
1008 1009 0.23005862719845416
1008 3426 0.7637487548777409
1008 3441 0.9051306148539104
1008 3456 -0.8360622706213872
1008 3471 -0.9675297292101017
1008 3486 -0.3317499888173303
1008 3501 -0.026511221008574948
1008 3516 -0.43615846669921643
1008 3531 -0.7984778473730605
1008 3545 0.1334278419578081
1008 3560 0.1674518878026383
1008 3395 -0.662444115905241
1008 3410 0.7853383459579217
1009 1010 0.55510964087028
1009 3606 -0.7271468103875662
1009 3621 -0.9522381810012059
1009 3636 0.3949721474487351
1009 3651 0.5775837720990471
1009 3666 0.5471025473722952
1009 3681 0.014159007776194388
1009 3696 0.25045529160920044
1009 3711 -0.8553915730980977
1009 3725 0.9222734405783446
1009 3740 0.4757114023066231
1009 3575 -0.8421612813100252
1009 3590 -0.4541049193685227
1010 3786 -0.4945516438257409
1010 3801 0.908500553235466
1010 3816 -0.5817075039061692
1010 3831 0.6950380064619761
1010 3846 0.6025813483084206
1010 3861 -0.518847456042858
1010 3876 0.6869843031192426
1010 3891 0.6745901849852229
1010 3755 0.7382753121863688
1010 3770 -0.457703355753289
1023 1024 0.23633989711705894
1023 1038 -0.47786048264903846
1023 3426 -0.5109963470080383
1023 3441 -0.4996464360863757
1023 3456 0.755579492169528
1023 3471 0.9714760910991307
1023 3486 -0.7159020796159217
1023 3501 0.9824989680161857
1023 3365 0.011307092656296147
1023 3380 0.7395805146625134
1023 3395 0.6965540378139785
1023 3410 0.4196227593863744
1024 1025 0.7034133912923648
1024 1039 0.545568961882799
1024 3606 0.7109027782540802
1024 3621 0.7001117884822348
1024 3636 -0.6036758542466336
1024 3651 -0.6332463248431772
1024 3666 -0.18558810617829402
1024 3681 -0.13593437359899774
1024 3516 -0.613112355419478
1024 3531 0.36794746073514606
1024 3545 0.072536307921931
1024 3560 0.5922629815088452
1024 3575 0.6816372896681553
1024 3590 0.8952466685027733
1025 1040 0.9747574481423609
1025 3786 0.2924347746424645
1025 3801 0.6709273437357115
1025 3816 0.2928671445608113
1025 3831 0.2873204523323418
1025 3846 -0.6061821318747616
1025 3861 0.030827413568356388
1025 3696 0.6354325836806167
1025 3711 0.725783295854618
1025 3725 0.7028854725875582
1025 3740 0.021286538232573315
1025 3755 -0.6744079776360477
1025 3770 0.7623418017998176
1038 1039 0.6864125756330395
1038 3426 0.041894654260312914
1038 3441 -0.07568937611260163
1038 3456 0.8998137396378716
1038 3471 -0.9757433725864084
1038 3486 -0.08010309785957159
1038 3501 0.35248031791369705
1038 3365 0.25791366706583463
1038 3380 0.6010511391355404
1038 3395 -0.07780915030593616
1038 3410 -0.2908569847479492
1039 1040 -0.6344280060188234
1039 3606 -0.9535995918085036
1039 3621 -0.8623062248329993
1039 3636 0.7334692988564173
1039 3651 0.5832736019496148
1039 3666 -0.08211919665189837
1039 3681 0.8579421511328609
1039 3516 0.26650778662252117
1039 3531 0.8884238193336689
1039 3545 0.17100161229548805
1039 3560 0.7162745171909477
1039 3575 -0.9916871742770044
1039 3590 -0.9819636530822389
1040 3786 -0.17767191731535248
1040 3801 0.37476650430258807
1040 3816 0.4935957949054002
1040 3831 -0.16533393451841794
1040 3846 0.25536410760031036
1040 3861 -0.2525883803400413
1040 3696 0.042080012185790716
1040 3711 -0.4959346811288401
1040 3725 0.48750772493149186
1040 3740 -0.3529410498502057
1040 3755 -0.27473316760524136
1040 3770 -0.9502251746226247
1053 1054 -0.08714270873835206
1053 1068 -0.17205012978207113
1053 3426 -0.8953747335414848
1053 3441 0.77848067051615
1053 3456 0.3165061149061925
1053 3471 -0.0740028568725204
1053 3486 0.48177089132654505
1053 3501 -0.39202342201917806
1053 3366 0.14001873633932482
1053 3381 0.2868373972039393
1053 3396 -0.04397588239492878
1053 3411 0.20337968356600977
1054 1055 0.2934547966264396
1054 1069 -0.8480810967322898
1054 3606 0.9276576643497685
1054 3621 0.2227813511063852
1054 3636 0.5405946128771775
1054 3651 0.8747676086516705
1054 3666 0.48535458525619934
1054 3681 0.34042061287526315
1054 3516 -0.05099731629891213
1054 3531 0.30763709961232233
1054 3546 -0.9197049369683474
1054 3561 0.4434157121262743
1054 3576 0.38703766295461817
1054 3591 -0.9690139695605873
1055 1070 0.542238588404838
1055 3786 -0.782764199401119
1055 3801 0.3470074503936471
1055 3816 -0.6486660399485857
1055 3831 0.18270345506584373
1055 3846 0.9287883969880704
1055 3861 0.3445607278553977
1055 3696 0.5994403045687435
1055 3711 -0.20471962614176897
1055 3726 -0.7609805857269674
1055 3741 -0.4936215326160991
1055 3756 -0.7303366064411332
1055 3771 0.18944802963042107
1068 1069 -0.7690984511210484
1068 3426 0.9188879984377953
1068 3441 0.19744063732355754
1068 3456 -0.5618621824436776
1068 3471 -0.5921494389554471
1068 3486 0.4524515739014543
1068 3501 0.34745730490882343
1068 3366 -0.21542715771840393
1068 3381 0.9675156060289396
1068 3396 0.1687037864009615
1068 3411 0.6850486382872913
1069 1070 0.1699840354879869
1069 3606 0.9710434186520691
1069 3621 0.5164457791622084
1069 3636 -0.3996877069815148
1069 3651 0.8836649659979501
1069 3666 -0.8599201601717452
1069 3681 0.7620682580340998
1069 3516 0.06091961421543668
1069 3531 -0.5711597175472869
1069 3546 -0.08197497210280735
1069 3561 -0.4283425601812245
1069 3576 0.7267066069079096
1069 3591 0.7499592159383854
1070 3786 -0.22791783290313616
1070 3801 0.08748894587633482
1070 3816 -0.6734865073817902
1070 3831 0.1240569269928411
1070 3846 0.5374635065823699
1070 3861 -0.6169878308431547
1070 3696 -0.46185944211701013
1070 3711 0.6552167327264038
1070 3726 -0.6952812714183745
1070 3741 0.5429593116889408
1070 3756 -0.1541240596331428
1070 3771 -0.07283339670136235
1083 1084 0.6717879758411458
1083 1098 -0.8858980292282272
1083 3426 -0.8362208176099606
1083 3441 0.2069778124238595
1083 3366 -0.847032872383136
1083 3381 0.4560336428838889
1083 3396 0.3246036723601968
1083 3411 0.5392772851687175
1084 1085 -0.6383393270035653
1084 1099 -0.7953624727171975
1084 3606 -0.855965488184298
1084 3621 -0.18107004265231597
1084 3456 -0.6463857300259366
1084 3471 -0.15105532524900855
1084 3486 0.7985409536507762
1084 3501 -0.3525397140041675
1084 3516 -0.8277258355778698
1084 3531 -0.8597312332730715
1084 3546 0.7455748441589181
1084 3561 -0.05001770097045566
1084 3576 0.00886423130481373
1084 3591 -0.683229112592254
1085 1100 0.8950358624740147
1085 3786 0.5056565573636931
1085 3801 0.09795957031254221
1085 3636 0.1648864855316583
1085 3651 0.6514364072398973
1085 3666 0.7560012495866082
1085 3681 -0.7107382482259705
1085 3696 -0.03935579252686283
1085 3711 -0.37281093358461104
1085 3726 -0.8267152109295424
1085 3741 0.4643522096590682
1085 3756 -0.36933690525493534
1085 3771 0.46597269298368804
1098 1099 0.32777653161783804
1098 3426 0.3575660664884841
1098 3441 -0.5749427268277272
1098 3366 0.9432534198544313
1098 3381 0.2835099620890602
1098 3396 -0.5350312158452619
1098 3411 -0.8824541732772719
1099 1100 -0.3534889206968823
1099 3606 0.741724448000393
1099 3621 0.6847760819533653
1099 3456 0.019665618350444225
1099 3471 0.003008861560974241
1099 3486 0.25790726667481767
1099 3501 0.679256700700603
1099 3516 0.9963224725486559
1099 3531 -0.30886591545354025
1099 3546 0.6653874697399835
1099 3561 -0.24827462047932047
1099 3576 -0.938856081652663
1099 3591 0.8326644715612379
1100 3786 -0.4427319705460162
1100 3801 0.11838353573884253
1100 3636 -0.4514184483945374
1100 3651 -0.9639356842857376
1100 3666 0.7052979962840531
1100 3681 -0.5184352967239838
1100 3696 -0.5079453138585752
1100 3711 -0.8695626087473365
1100 3726 0.624656838925342
1100 3741 0.6086995167020195
1100 3756 0.7131098248815912
1100 3771 -0.9512354917711332
1113 1114 -0.8023424101603638
1113 1128 -0.6441918368522976
1113 3426 -0.2795844689674889
1113 3441 -0.538148331839104
1113 3366 0.6549811291752212
1113 3381 0.9929761983530108
1113 3396 0.29130983152076784
1113 3411 0.726874566484826
1114 1115 -0.33723584621009506
1114 1129 -0.3736643239634039
1114 3606 -0.3568783537410325
1114 3621 -0.29590222254178067
1114 3456 0.005486269860516257
1114 3471 0.659460105995388
1114 3546 0.16283702447703763
1114 3561 0.3296898650531792
1114 3576 -0.2491430447584042
1114 3591 0.9834567287154852
1115 1130 -0.5261620897076693
1115 3786 -0.6503170574746375
1115 3801 0.11879683229758387
1115 3636 0.11814476508160787
1115 3651 -0.08334803845806937
1115 3726 -0.223607955357509
1115 3741 -0.008654471490448845
1115 3756 0.1394150637728233
1115 3771 0.28523376246264265
1128 1129 0.947865359113284
1128 3426 0.8846891464720541
1128 3441 0.20182777690404308
1128 3366 -0.4189336880397656
1128 3381 -0.21077315431036925
1128 3396 -0.5790067596156001
1128 3411 0.8733663818331583
1129 1130 -0.4498091889168121
1129 3606 0.914812761138402
1129 3621 0.4197455309869649
1129 3456 0.7555320607450631
1129 3471 -0.009395631664920634
1129 3546 0.3480074882116986
1129 3561 0.7497399350435208
1129 3576 -0.17085972008627515
1129 3591 0.18671308120441243
1130 3786 -0.7658504582242363
1130 3801 -0.05324207061594732
1130 3636 0.9482123938059834
1130 3651 -0.6778606424627474
1130 3726 -0.257613946064142
1130 3741 0.39102572099199606
1130 3756 -0.2694970849936267
1130 3771 -0.7717672917755414
3364 3365 -0.4244174038530588
3364 3379 0.15471882085906108
3365 3366 0.8321095362989686
3365 3380 0.6187258320983289
3366 3381 0.4792364671696261
3379 3380 -0.7976654232848968
3380 3381 -0.5810228318214425
3394 3395 -0.42221835178095035
3394 3409 0.6845381858462867
3395 3396 -0.4403501107162231
3395 3410 -0.9255326911199979
3396 3411 -0.7521181366282799
3409 3410 0.2892384007156279
3410 3411 -0.1356626359872095
3424 3425 -0.9226342682883402
3424 3439 0.6973289202849033
3425 3426 -0.7657574069740134
3425 3440 -0.6829888410116565
3426 3441 -0.4929839742193778
3439 3440 -0.43317623068241207
3440 3441 -0.00015380777997986428
3454 3455 0.42661815657497826
3454 3469 0.8500937737479091
3455 3456 -0.08824551682975534
3455 3470 -0.72187754739736
3456 3471 -0.6691275426016479
3469 3470 0.057282675283577555
3470 3471 -0.08107740094990312
3484 3485 -0.38015895417087364
3484 3499 0.19995178111338618
3485 3486 -0.32970518452468345
3485 3500 0.3081425868384289
3486 3501 0.43190816732963055
3499 3500 0.6703773714924752
3500 3501 -0.6478363782344576
3514 3515 -0.9681533807335001
3514 3529 -0.4258974004473226
3515 3516 0.08889067953687868
3515 3530 0.6039355043029464
3516 3531 0.3344658354310468
3529 3530 0.8819132945458397
3530 3531 0.346415490371911
3544 3545 0.4645398010516135
3544 3559 -0.2838269447513473
3545 3546 0.6106649738885133
3545 3560 0.8127953177761049
3546 3561 -0.45561085890178954
3559 3560 -0.9608923399891047
3560 3561 -0.23535797121532132
3574 3575 -0.4728299952541408
3574 3589 0.24619625765039066
3575 3576 0.8104367947839435
3575 3590 -0.6358677458449926
3576 3591 0.8234935383277944
3589 3590 0.12503303374724606
3590 3591 0.13339016416690752
3604 3605 -0.08735178732926285
3604 3619 -0.9250328448539407
3605 3606 -0.5807445490349401
3605 3620 -0.5744339985939024
3606 3621 -0.3929287678792446
3619 3620 -0.08790134127992477
3620 3621 -0.7266069807819078
3634 3635 -0.6504314509334537
3634 3649 -0.24929280295470813
3635 3636 -0.9191927338028911
3635 3650 -0.4156348110601862
3636 3651 0.7816455336237438
3649 3650 0.6600971236209121
3650 3651 0.6902154764936226
3664 3665 0.38579250382155683
3664 3679 0.5890619585044752
3665 3666 -0.18300647968227102
3665 3680 0.9187286457416253
3666 3681 -0.7473393600086526
3679 3680 -0.29982798631138485
3680 3681 -0.7891357508661794
3694 3695 0.42207596966126903
3694 3709 -0.3955380992750279
3695 3696 0.5703445849033493
3695 3710 0.36004902885771206
3696 3711 -0.06960836648796231
3709 3710 0.6644426827841687
3710 3711 -0.5851296818084744
3724 3725 0.8854148714089116
3724 3739 -0.12060833522530179
3725 3726 -0.2920747808446942
3725 3740 0.556579715298271
3726 3741 -0.6474424050209844
3739 3740 0.2917856026635097
3740 3741 -0.9266601875613836
3754 3755 -0.49757839381709923
3754 3769 0.0796039184707924
3755 3756 0.6985104867662735
3755 3770 -0.5767570940269284
3756 3771 0.776046366834775
3769 3770 0.49057896552360414
3770 3771 -0.06613303092947076
3784 3785 -0.8719743470088794
3784 3799 -0.514894380602696
3785 3786 0.4796660144033438
3785 3800 -0.7248310560629752
3786 3801 -0.7047826879997632
3799 3800 -0.2986270067004648
3800 3801 -0.19783310579852098
3814 3815 0.4758073084370118
3814 3829 0.16723455689980438
3815 3816 0.4036180937113887
3815 3830 0.0390726701254549
3816 3831 -0.7348474307131749
3829 3830 -0.4721887112754086
3830 3831 -0.04790288109782348
3844 3845 0.4218415205671171
3844 3859 0.766498541569026
3845 3846 -0.9164387031612815
3845 3860 0.03898958615373549
3846 3861 -0.7578365737454638
3859 3860 0.3213016375436115
3860 3861 -0.6590313160202004
3874 3875 -0.1864775553136997
3874 3889 0.8295706312806761
3875 3876 0.40991561602538873
3875 3890 0.44347972354556653
3876 3891 -0.5112935357325887
3889 3890 -0.22674537819829554
3890 3891 -0.07441700531897455
