# 
603 603 1.705175096687845
604 604 2.9456123955524527
605 605 0.027055581787508665
618 618 -2.3457643992291084
619 619 1.5736637165477632
620 620 0.4312911090648299
633 633 -2.4337666882416036
634 634 -0.6200816299362453
635 635 -0.04809603816335972
648 648 -3.986964900462551
649 649 -0.1865755875922801
650 650 3.727873551101954
663 663 -3.7488004819816547
664 664 -0.13201405200398764
665 665 2.955638392938898
678 678 3.7081346196691065
679 679 3.6219174363869797
680 680 -2.15322564483729
693 693 1.9342082695845857
694 694 -1.4206905130842538
695 695 1.3398155105815164
708 708 1.7600337362186105
709 709 0.5567907979373707
710 710 3.400154047355314
723 723 -2.704271562643057
724 724 -3.1823639498386767
725 725 -0.21783070258066495
738 738 -0.3820456355761275
739 739 -2.0035232568231187
740 740 -3.619489195087189
753 753 2.0127517430149275
754 754 3.2225303520951236
755 755 1.9262424914937952
768 768 -1.5644030593156977
769 769 -0.04055760883800197
770 770 1.3329497169683258
783 783 -0.2923335053000278
784 784 -0.3669809476305561
785 785 -3.665304315884482
798 798 -0.5710562590484694
799 799 -1.445090613592022
800 800 1.3598070475361022
813 813 -0.17996632888207564
814 814 0.964418975820327
815 815 3.9492741099511477
828 828 -1.3684886797688467
829 829 -1.5833274002046709
830 830 3.1608721593340086
843 843 2.6785309316393384
844 844 -0.310198582423471
845 845 1.1054940615898525
858 858 -3.902003495021238
859 859 1.0875481246806862
860 860 1.2402550958385543
873 873 -2.452348323385136
874 874 -1.4322729398303338
875 875 -0.6016795181800125
888 888 3.0766685644232217
889 889 0.3673148586713513
890 890 -2.0825805149023724
903 903 -1.4866806108399198
904 904 2.49073517912206
905 905 0.8399856039423703
918 918 -1.8770178321954551
919 919 -2.1476125313419328
920 920 -1.6336969426664663
933 933 1.003677306463021
934 934 3.8423320216614867
935 935 -0.8907104023053423
948 948 0.45315936456440653
949 949 -1.223338316185604
950 950 -3.9944939925482634
963 963 -0.3224933212906125
964 964 -1.25703476514376
965 965 -1.5754709734737453
978 978 2.71478446117405
979 979 1.306581146150779
980 980 0.22973360778856478
993 993 -0.2526299047577707
994 994 0.36608294391863083
995 995 3.330712085306697
1008 1008 3.2261433288160726
1009 1009 1.9463367461075176
1010 1010 -2.4270735782911608
1023 1023 -0.15614440477005065
1024 1024 0.30974669291518
1025 1025 -0.5358361417117186
1038 1038 2.2368504341765503
1039 1039 -0.8217337162293408
1040 1040 1.0368701985737259
1053 1053 2.44889973504415
1054 1054 -1.8891704357098522
1055 1055 -1.1177338769642855
1068 1068 -2.3415264389476764
1069 1069 -0.6105219603365617
1070 1070 0.4677982796013911
1083 1083 2.715929979869734
1084 1084 1.3796591299322287
1085 1085 3.604520529088523
1098 1098 0.37567501121523517
1099 1099 -2.097428192531292
1100 1100 1.932653522944821
1113 1113 -1.6244991559188193
1114 1114 0.9218102392639977
1115 1115 -0.4332076236223994
1128 1128 -0.4134797930292873
1129 1129 2.319913306227239
1130 1130 0.7815923237872875
3364 3364 0.3022654740592161
3365 3365 3.8733520012880893
3366 3366 2.200819613061242
3379 3379 1.6250988316473114
3380 3380 -3.069912460463705
3381 3381 -2.447073651297348
3394 3394 1.899617527468977
3395 3395 -1.1427490593088967
3396 3396 -3.716390498321804
3409 3409 3.784093806389814
3410 3410 -0.5196772793030258
3411 3411 -0.42056800425675966
3424 3424 3.2945302185186147
3425 3425 -1.612936449679487
3426 3426 -1.412846241686161
3439 3439 1.1692161373762247
3440 3440 -3.8510754881641684
3441 3441 -1.2335884294661374
3454 3454 -3.9247418054225696
3455 3455 -1.08488259510026
3456 3456 0.45757616910847343
3469 3469 2.2905665563322017
3470 3470 -0.07393342570409978
3471 3471 -2.4027792317819197
3484 3484 3.045954351243121
3485 3485 2.5872496608815183
3486 3486 0.8552919809460793
3499 3499 0.1897566923978875
3500 3500 -3.105501975272051
3501 3501 -3.5313644223154794
3514 3514 0.3739916764937483
3515 3515 3.463260760281056
3516 3516 -1.0762862067404804
3529 3529 -1.0998264687365173
3530 3530 -3.5435574769030964
3531 3531 1.0650874362124618
3544 3544 -0.6337580652958863
3545 3545 -3.692334049216135
3546 3546 -1.8996354043479897
3559 3559 0.9575702432149678
3560 3560 2.4789831512496354
3561 3561 2.046639621285771
3574 3574 3.8616354298128375
3575 3575 2.560398437828617
3576 3576 3.025114746163367
3589 3589 -0.5940095895204305
3590 3590 -3.4670750329911337
3591 3591 0.14200634718298488
3604 3604 -2.5190944497248777
3605 3605 -2.4156702059259656
3606 3606 2.9234574821294856
3619 3619 -3.218799769999804
3620 3620 -1.1870597982024504
3621 3621 -0.6871609941084431
3634 3634 -2.2261778805160652
3635 3635 0.4284637391993229
3636 3636 2.4599306400800467
3649 3649 2.4618917385480747
3650 3650 -3.0448739795616904
3651 3651 -2.3154819321299582
3664 3664 -2.739471286967154
3665 3665 2.475895636584088
3666 3666 -1.4403314509182668
3679 3679 -3.5961298442466676
3680 3680 -0.35311823582655233
3681 3681 -1.1186153234141951
3694 3694 -1.9020453204556667
3695 3695 1.5763554711674805
3696 3696 -2.34172579912311
3709 3709 2.7611559803082537
3710 3710 3.7985487201429082
3711 3711 -2.842721459757934
3724 3724 0.009575777089210646
3725 3725 1.5031387005654375
3726 3726 2.2392389628000187
3739 3739 1.3386456488129772
3740 3740 -2.5577991829999496
3741 3741 1.8729091345165987
3754 3754 -0.6399855788136675
3755 3755 -2.3609086721634087
3756 3756 1.9518699565493485
3769 3769 0.4077132309573974
3770 3770 -0.7060587187059228
3771 3771 1.8384562577623553
3784 3784 3.1101721978616563
3785 3785 0.6420858870025477
3786 3786 2.28702937357271
3799 3799 0.777643014964303
3800 3800 0.9102579124245764
3801 3801 -1.4319831449925182
3814 3814 2.0731518361994477
3815 3815 -0.8276193647983785
3816 3816 -0.122010741303062
3829 3829 -0.2577675966325774
3830 3830 -0.9412960445495058
3831 3831 -2.5542066958267355
3844 3844 -1.3326055500219747
3845 3845 -2.414935223439687
3846 3846 0.21461351331823142
3859 3859 3.025870748495729
3860 3860 3.243122191463576
3861 3861 2.849895105876773
3874 3874 -2.59666653416743
3875 3875 -1.8740071752822889
3876 3876 2.3615052753785886
3889 3889 -0.6596409003141499
3890 3890 -3.7230350244569808
3891 3891 0.4926959239097739
603 604 0.15074573468977048
603 618 0.48568523745737147
603 3484 0.014138709923040782
603 3499 0.8776508655129607
603 3514 -0.6229759765158795
603 3529 0.9917912140439744
604 605 -0.9440685804611488
604 619 -0.8404970646584466
604 3664 0.2449109667941154
604 3679 -0.7232546343668749
604 3694 -0.8878958522987539
604 3709 -0.4738612203311303
605 620 0.5183563691132536
605 3844 0.9731699507892912
605 3859 0.5484702744009304
605 3874 0.39833353457667453
605 3889 0.7799264699323516
618 619 0.18549763784031148
618 3484 -0.3430186601537959
618 3499 0.9700068408217914
618 3514 0.7046745815042883
618 3529 -0.8862846866306491
619 620 0.626506521538428
619 3664 0.9811066829987711
619 3679 -0.007017667800928606
619 3694 0.03659556085815652
619 3709 0.7822879564055867
620 3844 -0.3706374462937694
620 3859 -0.8102548618880276
620 3874 0.9783889306507678
620 3889 -0.3585691624387688
633 634 -0.09571027742748983
633 648 -0.3981921835743274
633 3424 0.7447872658816166
633 3439 0.6843623936047569
633 3454 -0.05045475226694629
633 3469 0.6155821590991242
633 3484 0.5449935979362726
633 3499 0.9229596760645018
633 3514 0.12596694161750932
633 3529 -0.43069249387435815
634 635 0.8513209027967255
634 649 0.04985182569587243
634 3604 0.279788445761072
634 3619 -0.5000104150560287
634 3634 0.7683884348753947
634 3649 -0.23106446869877306
634 3664 0.024448310752238855
634 3679 -0.823079339140802
634 3694 0.317728140458706
634 3709 -0.6920776516086449
635 650 0.03791159767268826
635 3784 0.9259779552292733
635 3799 -0.4884431082190839
635 3814 0.13737771635781248
635 3829 0.1512196449404375
635 3844 -0.3622058607817913
635 3859 -0.19551859102309388
635 3874 0.04239651380141707
635 3889 0.8308474853259971
648 649 -0.9757660352377902
648 3424 -0.04562781618477807
648 3439 -0.1872804704206339
648 3454 0.8876235674511062
648 3469 0.8835939983592451
648 3484 -0.9977871137702354
648 3499 -0.4253803352796963
648 3514 0.9577706194795439
648 3529 0.7108333305118217
649 650 0.4819424395770595
649 3604 -0.04750585826635256
649 3619 0.20649809446275547
649 3634 0.3486689542721726
649 3649 0.7246525286189267
649 3664 -0.813078133051224
649 3679 0.4383138316895281
649 3694 0.5329716293059148
649 3709 0.9241636748425444
650 3784 -0.9476901365583554
650 3799 0.16091896231341263
650 3814 -0.40788112788024233
650 3829 0.4974418712311368
650 3844 0.8701205720706982
650 3859 -0.7829373081752689
650 3874 -0.18478563890133048
650 3889 0.676580511231142
663 664 0.4723491053043447
663 678 -0.0841309009903739
663 3424 -0.5030604476376179
663 3439 0.333268494368409
663 3454 -0.06973025951232659
663 3469 -0.4605833195205331
663 3484 -0.7864701569432355
663 3499 0.632880158373772
664 665 0.6485917623303055
664 679 0.3724354652633457
664 3604 0.7154938622157718
664 3619 0.17158675575408955
664 3634 -0.04018232131662858
664 3649 -0.3528589216551772
664 3664 0.8455131795342312
664 3679 0.9848012146505258
664 3514 0.3316343251909404
664 3529 -0.7823987873549938
665 680 -0.12624961934938073
665 3784 -0.9338719236807396
665 3799 -0.7679184164860264
665 3814 -0.1832070336966105
665 3829 -0.35705146070892213
665 3844 0.91548169687402
665 3859 -0.05560956775092074
665 3694 0.8820062910834612
665 3709 0.5368072845381746
678 679 0.008526246639356527
678 3424 -0.5187052066000153
678 3439 0.9224938497126394
678 3454 -0.2686521859210793
678 3469 0.3938901018621348
678 3484 0.7069066823257806
678 3499 0.5483546680625901
679 680 -0.19739835592271104
679 3604 -0.701392023984984
679 3619 -0.028765705742772374
679 3634 0.5371463343237997
679 3649 0.11412136852269161
679 3664 -0.37599169384400577
679 3679 -0.12358278966802128
679 3514 0.3264980128437709
679 3529 0.5348896817176809
680 3784 -0.7665682141151655
680 3799 -0.6568293307218709
680 3814 -0.3311854292421903
680 3829 0.7168849873445682
680 3844 0.8270334247335882
680 3859 -0.8670515866802506
680 3694 0.3079094828828992
680 3709 0.05063239699609223
693 694 0.6587329864951426
693 708 0.6803128184376428
693 3424 0.9340424448703368
693 3439 0.7802899407395034
693 3454 -0.9442356740029303
693 3469 0.9039789347540876
693 3484 0.28554869982810405
693 3499 -0.8770379165106414
693 3364 -0.5588881457800936
693 3379 -0.5815979480508568
693 3394 0.45583242661358025
693 3409 -0.6116163333873401
694 695 -0.785757404550288
694 709 0.8417721398527938
694 3604 -0.5098658164428524
694 3619 0.9839319758483451
694 3634 -0.6133831497884017
694 3649 0.2977520513137475
694 3664 -0.5586991481029218
694 3679 0.33440717273883314
694 3514 -0.42966120896335314
694 3529 0.17465508927406526
694 3544 0.8130940595592295
694 3559 0.1169522896436539
694 3574 -0.35407521267066944
694 3589 0.34178385451846593
695 710 -0.9595410614308186
695 3784 0.6502805465444959
695 3799 0.5309153423270865
695 3814 -0.17071492071500893
695 3829 0.29436332475286653
695 3844 -0.7752164642792927
695 3859 0.13517597195828057
695 3694 -0.6254232889599696
695 3709 -0.32467190301225024
695 3724 -0.018602742291607077
695 3739 -0.9553322932347241
695 3754 0.5200102788312424
695 3769 -0.8901576914297693
708 709 0.5158316115110992
708 3424 -0.34640720373170053
708 3439 0.029876309739526707
708 3454 -0.39117029520831714
708 3469 -0.24094905935600353
708 3484 -0.5824795791623492
708 3499 -0.4553747520584228
708 3364 0.43477259949488634
708 3379 -0.7730288162091445
708 3394 0.8950123949729041
708 3409 -0.4192695312345667
709 710 0.12161039261680284
709 3604 0.8169064798678098
709 3619 -0.3213362496260983
709 3634 0.5170513223564297
709 3649 0.10798757023778349
709 3664 -0.5883387124891029
709 3679 0.44768936300557094
709 3514 0.96372617255184
709 3529 -0.36911346912869636
709 3544 -0.42029119180451047
709 3559 -0.8642633871638117
709 3574 0.10581629434906037
709 3589 -0.27705957549470206
710 3784 -0.5772744648624573
710 3799 -0.7909158511754011
710 3814 -0.9141374399845643
710 3829 -0.6355718550186731
710 3844 0.3897761203097043
710 3859 0.6631696554069104
710 3694 -0.6625581524365296
710 3709 0.9642789241004315
710 3724 -0.8142409895170755
710 3739 0.2968836497555072
710 3754 0.8884089849948924
710 3769 0.5618663764336147
723 724 0.6662137158275145
723 738 0.7745663682803499
723 3424 0.2610318900911268
723 3439 -0.15855177572096846
723 3364 0.3256057177201048
723 3379 0.7420110319760813
723 3394 0.5855541938999362
723 3409 -0.2955929484225597
724 725 0.7507066890088214
724 739 0.23033769672996418
724 3604 0.22976853825745813
724 3619 -0.6120984121678668
724 3454 0.09562765943316687
724 3469 0.4374509038743579
724 3484 0.640697430694543
724 3499 0.8783501358891499
724 3514 0.7077183168421961
724 3529 0.9679753380498195
724 3544 -0.6635252197841042
724 3559 0.12728057958453176
724 3574 0.8151178847386704
724 3589 0.8927454698329145
725 740 -0.571500239006169
725 3784 -0.6430536822318027
725 3799 0.49454670466795614
725 3634 -0.02211858180989812
725 3649 0.5510812532481542
725 3664 -0.15999195349652084
725 3679 0.6539730898541816
725 3694 0.5624358306874793
725 3709 0.6964717178244675
725 3724 -0.8970097984586909
725 3739 -0.2032306892507596
725 3754 0.19623586008593774
725 3769 0.8028138749922047
738 739 0.9657720949386555
738 3424 -0.6008768956880362
738 3439 0.13380450370496666
738 3364 -0.15766273270373832
738 3379 0.7800153299038219
738 3394 0.7400959646074676
738 3409 0.5122640529624904
739 740 -0.40390415884442255
739 3604 0.09926573659511773
739 3619 0.21403616653682045
739 3454 0.09050021940405495
739 3469 -0.7264909306980183
739 3484 -0.31231307323890367
739 3499 0.4438663328094048
739 3514 -0.23835148749177693
739 3529 0.1977631529940853
739 3544 -0.5760014123257458
739 3559 -0.862553864852164
739 3574 -0.07795206829363965
739 3589 -0.07786757753110862
740 3784 0.8257637770138828
740 3799 0.821227093036778
740 3634 0.6482464064639031
740 3649 0.10670182231800807
740 3664 0.40651621938712124
740 3679 0.12790460267863946
740 3694 -0.3427739641654366
740 3709 -0.549669605573039
740 3724 -0.8722771414234416
740 3739 -0.3577386174301662
740 3754 -0.5350575866998875
740 3769 -0.2315971013204472
753 754 -0.2655107200822582
753 768 0.4339093142223076
753 3424 -0.596952161881547
753 3439 0.09691394378376539
753 3364 -0.7956615229053483
753 3379 -0.35501639961455456
753 3394 0.10839952553636079
753 3409 0.5538065819374802
754 755 0.7094685641091474
754 769 -0.5637786724524061
754 3604 0.522994411614311
754 3619 0.2560826497255031
754 3454 -0.4949427701258611
754 3469 0.1076388737228926
754 3485 -0.4258216688373515
754 3500 0.45412385668475297
754 3515 -0.05090148849713527
754 3530 0.6359181446860194
754 3544 0.6607605217485457
754 3559 -0.9689434216762649
754 3574 0.7144937728086538
754 3589 -0.07009696298474277
755 770 0.1254850698491914
755 3784 0.027304389795913542
755 3799 0.2336608552753916
755 3634 0.3348879637904407
755 3649 -0.22222416804221345
755 3665 0.3392310115439545
755 3680 0.9988633022595128
755 3695 0.15225838528338098
755 3710 -0.40080539930853987
755 3724 -0.11239836449764629
755 3739 0.07700295240753352
755 3754 -0.31238048342917724
755 3769 -0.9328104796239789
768 769 -0.7484818787134004
768 3424 0.09945914190309524
768 3439 -0.8867512058868323
768 3364 -0.9148389217267705
768 3379 0.865647060151308
768 3394 -0.4858581200951577
768 3409 0.3358238826354305
769 770 0.1528041313829065
769 3604 -0.6086841123431115
769 3619 0.8135383522943131
769 3454 0.7007644373906525
769 3469 -0.8785438432129438
769 3485 0.12377957828465935
769 3500 -0.1482853892963687
769 3515 -0.9722339121994867
769 3530 -0.4036737922437259
769 3544 -0.48307080219481335
769 3559 -0.9465866837454651
769 3574 -0.06743969564851482
769 3589 -0.9661197635881624
770 3784 0.6956738522482522
770 3799 0.08779255692520582
770 3634 -0.684009480981479
770 3649 0.78724498214728
770 3665 0.2672790925882036
770 3680 -0.4759171966256057
770 3695 -0.4300533683384382
770 3710 0.9601783011873455
770 3724 0.685679948142877
770 3739 0.900764827839577
770 3754 0.03040515423957535
770 3769 0.9755962854747606
783 784 -0.745691745417145
783 798 0.2227640463969769
783 3424 0.05579878912458036
783 3439 0.656037732833308
783 3454 0.9712907590385638
783 3469 -0.18291548915205635
783 3485 0.40269954702820576
783 3500 -0.11024816328666165
783 3515 0.2906207239529226
783 3530 -0.22856912617335978
783 3544 -0.35531789176764006
783 3559 0.7662359139202195
783 3394 0.370291033120526
783 3409 0.718635649656544
784 785 -0.2092177578589094
784 799 0.5453805730153949
784 3604 -0.4013414054441611
784 3619 0.09852275932445198
784 3634 -0.4462674070455408
784 3649 0.9780822751403129
784 3665 -0.562225352014837
784 3680 0.8178555533715555
784 3695 0.8131225331638747
784 3710 0.8203297884459633
784 3724 0.5364266517574716
784 3739 -0.463668703651946
784 3574 -0.9114233711244386
784 3589 0.28563689296099093
785 800 0.1371802189753375
785 3784 0.6872708082330343
785 3799 -0.5147157862266365
785 3814 -0.7751241554894857
785 3829 -0.7806302048188951
785 3845 0.16652773262459286
785 3860 -0.6963598490402205
785 3875 -0.17441686361112385
785 3890 0.9381184263399915
785 3754 -0.5454135781784719
785 3769 0.7994576302970664
798 799 0.2717124853427848
798 3424 0.48831834764951165
798 3439 0.21440396899713754
798 3454 0.24004619899702573
798 3469 -0.8870957247755551
798 3485 0.699220515863733
798 3500 0.18085037012973837
798 3515 -0.06248061792110282
798 3530 0.7111973571724064
798 3544 0.22295979085357942
798 3559 -0.746891667489018
798 3394 -0.8567301600995683
798 3409 0.5316866906099633
799 800 0.4559712996700094
799 3604 -0.03273588162830632
799 3619 -0.7202399991762163
799 3634 0.7938446466081559
799 3649 0.20189595705898467
799 3665 0.30061708498011863
799 3680 0.9308037407944518
799 3695 -0.31476866273549375
799 3710 -0.9331015346126603
799 3724 -0.14019644440577572
799 3739 -0.6924304456006605
799 3574 0.14007681575803654
799 3589 -0.6015219051986449
800 3784 0.5938156470279421
800 3799 -0.27094320313198117
800 3814 0.2462238976714919
800 3829 -0.1444771463103076
800 3845 -0.8830157264970848
800 3860 -0.6698319813893441
800 3875 0.27214819963837145
800 3890 0.22061102778395947
800 3754 0.03909949899165066
800 3769 -0.769881152810191
813 814 0.03794691233186609
813 828 0.5793505182868923
813 3425 -0.7239891293554421
813 3440 -0.5340536765998614
813 3455 0.8341113699350458
813 3470 -0.5996431768322059
813 3485 -0.8889433371904361
813 3500 0.538735503766641
813 3515 0.32798058952505915
813 3530 0.9528086734771823
813 3544 -0.05562772027445795
813 3559 -0.5832392821788188
813 3394 0.9854236785269164
813 3409 -0.6165312043070725
814 815 -0.902808760239308
814 829 -0.30825232789656787
814 3605 -0.07894585934904907
814 3620 0.6011525347003908
814 3635 -0.9988693152794628
814 3650 0.1344211146398433
814 3665 -0.5465251533650457
814 3680 0.9717076762624441
814 3695 -0.9332671915007034
814 3710 -0.9119984707086064
814 3724 0.7110514040980931
814 3739 -0.4118462123408162
814 3574 -0.18994569757943713
814 3589 -0.9335964395561211
815 830 -0.4557788789102426
815 3785 -0.6536045557393764
815 3800 -0.5713186541102988
815 3815 0.9093235800993471
815 3830 0.7031274617590688
815 3845 -0.06046353930376802
815 3860 -0.5367708966055666
815 3875 0.6907883253228722
815 3890 0.971040560060807
815 3754 -0.36270440819057637
815 3769 0.6312095666180293
828 829 0.32224634893562665
828 3425 -0.562335627623344
828 3440 0.8496840992036532
828 3455 0.16148467199417205
828 3470 0.2889319252904965
828 3485 -0.27430505500553415
828 3500 -0.018714538347434084
828 3515 -0.8633556272488045
828 3530 0.03518984758408217
828 3544 0.8950189260963319
828 3559 0.5417483959527614
828 3394 -0.905513861201382
828 3409 0.08200751752312074
829 830 -0.4324541445830494
829 3605 -0.955405846792905
829 3620 0.2785301445891144
829 3635 0.9889893375265262
829 3650 0.8847898631926703
829 3665 0.5364502263813586
829 3680 0.7993224571056685
829 3695 0.28168554328304785
829 3710 -0.09594742192778893
829 3724 -0.062380513501307355
829 3739 -0.2798902043312472
829 3574 -0.32055107616916834
829 3589 0.282561459185811
830 3785 0.6327859052664782
830 3800 0.46268190754602134
830 3815 0.5680434271104551
830 3830 -0.14972331500103575
830 3845 -0.3280575044935474
830 3860 0.09916458373789894
830 3875 -0.4081422702977868
830 3890 -0.8754027089797214
830 3754 0.8545177585799288
830 3769 -0.9159542567278547
843 844 0.1500512451021725
843 858 0.22076914340003073
843 3425 -0.22870881143143218
843 3440 -0.10554367770973427
843 3455 0.5191498162138071
843 3470 0.39689059285186556
843 3485 0.594887361548389
843 3500 -0.09756944901323217
843 3364 -0.8462859406575216
843 3379 -0.852664077479681
843 3394 0.6461382429154328
843 3409 0.4116477160149392
844 845 -0.48703902222886697
844 859 -0.4806805857802561
844 3605 0.5142611075422137
844 3620 0.576820129691981
844 3635 -0.219371481419949
844 3650 -0.2986567884820548
844 3665 0.0701180115166371
844 3680 -0.8218268069871693
844 3515 0.7143586948405538
844 3530 -0.582673053490224
844 3544 -0.5112240275809554
844 3559 0.46380197586177596
844 3574 0.45428749800774004
844 3589 0.2906799946376206
845 860 -0.9300977301820001
845 3785 -0.6820881642445413
845 3800 0.8475336154056075
845 3815 0.7786712692272368
845 3830 0.0866847102471322
845 3845 -0.7294120480175721
845 3860 0.7635985623946664
845 3695 0.333772022255588
845 3710 -0.06681594512776723
845 3724 -0.900715562666069
845 3739 0.769159391355992
845 3754 0.9170198822976547
845 3769 0.6357030832408477
858 859 -0.18035265474818774
858 3425 -0.898635022259431
858 3440 -0.4060859877811638
858 3455 -0.1714597549996455
858 3470 -0.35429477636733364
858 3485 -0.2797313734000473
858 3500 0.4399172304362098
858 3364 0.5595872544091143
858 3379 0.9117996760906404
858 3394 0.46352399898508856
858 3409 0.19471190815130535
859 860 -0.09844043569888483
859 3605 0.7301982564446661
859 3620 0.9016875269101599
859 3635 -0.3294244136072564
859 3650 -0.7756877654175172
859 3665 -0.29000428127865563
859 3680 0.48583137377739605
859 3515 0.018301624388464166
859 3530 0.6834201330090692
859 3544 0.727281394811677
859 3559 -0.5584560631954003
859 3574 -0.6172387065434881
859 3589 -0.038521037697113236
860 3785 -0.6640265716830351
860 3800 -0.7942490565040561
860 3815 -0.9631444320566038
860 3830 -0.015835973598012698
860 3845 0.9516446556524152
860 3860 0.495525417671717
860 3695 0.626773007038675
860 3710 0.9727676255656499
860 3724 0.8375951344284915
860 3739 -0.5366098522806528
860 3754 0.6650186124465249
860 3769 0.8845941286137942
873 874 0.42383272495266566
873 888 0.537001798007261
873 3425 -0.7106270911659855
873 3440 0.1056565288493494
873 3455 -0.6065203716393146
873 3470 0.9479393988926055
873 3485 0.508639527466147
873 3500 -0.7866788963193014
873 3365 -0.4991034663173737
873 3380 -0.200272565501866
873 3395 0.3479580861641003
873 3410 0.21021045724794485
874 875 0.4118342166039517
874 889 0.4543215476801372
874 3605 0.06551265489862579
874 3620 -0.799001144482645
874 3635 0.7517829989056959
874 3650 0.48774465496855846
874 3665 -0.3560472390181506
874 3680 0.10499214892596842
874 3515 -0.7803180591277195
874 3530 0.8940695439768513
874 3545 -0.2914091671014085
874 3560 -0.5343836206781827
874 3575 0.6229504628174296
874 3590 0.11151083581988708
875 890 -0.650315057559431
875 3785 -0.35994815180555095
875 3800 0.30183612760547307
875 3815 -0.2328460494965625
875 3830 -0.8651839141766626
875 3845 0.4823700696812814
875 3860 -0.15500836887355374
875 3695 0.3145894159493978
875 3710 -0.7459401103614787
875 3725 0.9186864479126455
875 3740 0.7468822099212737
875 3755 -0.6364305143745785
875 3770 0.8256183887718762
888 889 0.4267723820031344
888 3425 -0.8967408645137294
888 3440 -0.9971108250900358
888 3455 -0.8091211715160345
888 3470 -0.25323248368173323
888 3485 -0.7628409139788266
888 3500 0.06116830349253988
888 3365 -0.44083538886823326
888 3380 -0.7586689436580036
888 3395 0.5063256370194087
888 3410 0.5718621798607366
889 890 -0.09115481168878281
889 3605 0.9228026598060286
889 3620 -0.9361350451491817
889 3635 -0.2252937588971493
889 3650 0.9075385983715076
889 3665 0.6930754020820373
889 3680 -0.8635734685666494
889 3515 -0.26398900762347854
889 3530 -0.081009908835733
889 3545 -0.07425383240719641
889 3560 0.18025454594812795
889 3575 0.017352347411545788
889 3590 0.8153118142980194
890 3785 0.7379441297868472
890 3800 -0.9417336537498633
890 3815 0.2954457074244785
890 3830 -0.8293130183744843
890 3845 -0.4312336931227234
890 3860 0.35736910377604825
890 3695 0.17578425022706723
890 3710 -0.36944070156540354
890 3725 -0.9447086201060806
890 3740 0.5283066198127466
890 3755 -0.35919304632966775
890 3770 0.10454865048760231
903 904 0.4162344316222031
903 918 -0.19343138903193768
903 3425 0.3971180449957934
903 3440 -0.2966844665382029
903 3365 0.6698677971086795
903 3380 -0.07022273518327293
903 3395 -0.15545341987039651
903 3410 -0.48988705021005075
904 905 -0.11462099777410995
904 919 -0.7391662102823158
904 3605 -0.09351435497643945
904 3620 -0.30483234228487666
904 3455 0.46205827232503416
904 3470 0.22455660670371835
904 3485 0.21525841256049394
904 3500 0.4245166476105273
904 3515 -0.8995627904888552
904 3530 0.845871336235811
904 3545 0.7621284029325703
904 3560 -0.21229687267265795
904 3575 -0.8838008344115376
904 3590 -0.5200425357878606
905 920 -0.24742990695200384
905 3785 -0.7519573833705686
905 3800 -0.9607427431752611
905 3635 0.12905650475115005
905 3650 -0.3023406396974062
905 3665 0.06861925185877693
905 3680 0.732345543256296
905 3695 -0.7520783776699504
905 3710 0.9297426816942134
905 3725 -0.031094136305774844
905 3740 0.6747232960210523
905 3755 -0.27364731693720445
905 3770 0.7523926733191011
918 919 0.6914831607722045
918 3425 0.10252210902832593
918 3440 -0.22950309898318588
918 3365 0.8717499435455622
918 3380 0.16833988460245664
918 3395 0.7619456333967214
918 3410 -0.052640226736700546
919 920 -0.5453509841661566
919 3605 -0.7994867906653027
919 3620 -0.9553742970365504
919 3455 -0.919383865485679
919 3470 0.5026078664968441
919 3485 0.045297456806818515
919 3500 -0.5083869707385777
919 3515 0.9380574646169246
919 3530 0.8921600187042193
919 3545 0.4608973724839147
919 3560 0.2704721075488079
919 3575 -0.24278915171557314
919 3590 0.33271792908252396
920 3785 0.007242422804672133
920 3800 -0.7948531839701463
920 3635 0.8994823248206625
920 3650 -0.504946493809828
920 3665 -0.1318400995650777
920 3680 0.03694110187053212
920 3695 -0.09579467120927787
920 3710 -0.15269880331965724
920 3725 0.3657710679558035
920 3740 -0.9662384088034204
920 3755 -0.1925798970059649
920 3770 -0.04949474650403429
933 934 0.4222644056524798
933 948 0.960148500902889
933 3425 0.5488559424789734
933 3440 0.5225853417082618
933 3365 -0.9829884918143557
933 3380 0.7924591514084705
933 3395 -0.06111076257008552
933 3410 -0.34352048860519746
934 935 0.6889621825112406
934 949 -0.9684663801420281
934 3605 0.7017397758265893
934 3620 -0.36280006175142443
934 3455 0.48992387788064473
934 3470 -0.796605187816696
934 3486 0.023277445092511506
934 3501 -0.8853091855040385
934 3516 0.48436805471899413
934 3531 -0.609529467949929
934 3545 -0.04512491310103006
934 3560 -0.019993898862739723
934 3575 -0.27665571437205116
934 3590 0.8843337626818175
935 950 0.6983214575479006
935 3785 -0.5735303902040154
935 3800 0.12831555087923685
935 3635 -0.04579303331280693
935 3650 0.8433213175660923
935 3666 -0.3763127161567419
935 3681 0.6733639012291821
935 3696 0.8514316796103263
935 3711 -0.4745404082824245
935 3725 -0.046689799213385896
935 3740 -0.140458492835019
935 3755 0.1910171902072284
935 3770 0.513648776322283
948 949 0.9326761597198288
948 3425 0.28777201511840467
948 3440 0.08265216668200326
948 3365 -0.6544499284812098
948 3380 -0.05959436497005588
948 3395 0.21388447600585136
948 3410 -0.878555212765342
949 950 -0.6989636397332073
949 3605 -0.6927506228703073
949 3620 0.49951560051565136
949 3455 -0.3644080509870351
949 3470 -0.7002064274907709
949 3486 0.595780775389134
949 3501 0.7100098562118737
949 3516 -0.4813926033096281
949 3531 -0.3108641985992553
949 3545 -0.8776604245692936
949 3560 0.6530201569472873
949 3575 -0.8584542204322614
949 3590 0.5964345845951473
950 3785 -0.25980560970796707
950 3800 -0.8922729956784137
950 3635 0.9647450368098831
950 3650 0.9845371248509258
950 3666 -0.946321530145573
950 3681 0.33417490772780534
950 3696 -0.0031439607921881496
950 3711 0.3834189100929484
950 3725 0.8956360150317111
950 3740 0.500020954498898
950 3755 0.0566698348300636
950 3770 -0.14810592056133953
963 964 -0.37327675878445654
963 978 -0.05522161571405726
963 3425 0.38205453220949903
963 3440 -0.6841958405504902
963 3455 -0.725285082483345
963 3470 0.9690918794660215
963 3486 -0.4816718446160022
963 3501 0.7438173314545824
963 3516 0.6641869446451658
963 3531 0.30442505083417304
963 3545 0.41501800377519715
963 3560 -0.9279257900118656
963 3395 0.9688959717125951
963 3410 0.33600522144918954
964 965 0.789240459661388
964 979 -0.6845099987651218
964 3605 -0.5509283986835296
964 3620 0.17982649101742698
964 3635 -0.8468614766548666
964 3650 0.7893063167414025
964 3666 0.2762628637492248
964 3681 -0.8666250330358543
964 3696 0.21330845712861146
964 3711 0.711101057641232
964 3725 0.44230531579632837
964 3740 0.7986435155477583
964 3575 -0.03533333259089377
964 3590 -0.8768541165627299
965 980 0.6234049850463326
965 3785 0.8677770310603361
965 3800 -0.9529693262449828
965 3815 -0.8572180373790705
965 3830 0.05276535076444566
965 3846 -0.9479544925271097
965 3861 0.5488018653991498
965 3876 -0.020265882714038286
965 3891 0.8765527286225312
965 3755 -0.8060612382143089
965 3770 0.31329669069031496
978 979 -0.6543616279990285
978 3425 -0.657792272765158
978 3440 0.17008233383914972
978 3455 0.2060276802982166
978 3470 -0.5721790084549319
978 3486 -0.14575231941618938
978 3501 0.6049979295436356
978 3516 -0.29221125754209676
978 3531 -0.08539029904913442
978 3545 -0.8913151869606519
978 3560 -0.6710949365470678
978 3395 -0.6353238559055128
978 3410 -0.05455887769482737
979 980 -0.2947519659783937
979 3605 -0.5876635825791481
979 3620 -0.6744854004791176
979 3635 0.14582368552581393
979 3650 0.02161732016858986
979 3666 -0.4845283142244907
979 3681 0.36513785737264537
979 3696 -0.9663814994747955
979 3711 -0.2000916405947073
979 3725 -0.6120879790575104
979 3740 -0.7204905583209031
979 3575 -0.43318908647032006
979 3590 0.6346373130496497
980 3785 -0.4032292544848375
980 3800 0.24592551653168204
980 3815 0.11446189986237032
980 3830 0.07107916042314821
980 3846 -0.16818158045893594
980 3861 -0.27436602640547436
980 3876 -0.7548890335057992
980 3891 0.44208626241359816
980 3755 -0.0981103680564186
980 3770 -0.33836995286064875
993 994 -0.14906511292531
993 1008 0.21059029748600877
993 3426 0.1606417083804219
993 3441 0.7326111675832612
993 3456 0.11235034463282689
993 3471 -0.5288628695911339
993 3486 -0.04638492018938667
993 3501 -0.8652824029860109
993 3516 0.3983852253067057
993 3531 -0.7010970023487422
993 3545 -0.8032693603347818
993 3560 0.6103150950331819
993 3395 0.5383226217295776
993 3410 0.998338026930774
994 995 0.39344856477819157
994 1009 -0.3621565978378527
994 3606 0.41357578443601684
994 3621 0.5118866062849579
994 3636 -0.959120972758227
994 3651 0.8800674226831793
994 3666 0.7825317060853243
994 3681 -0.49357323335215253
994 3696 -0.08276614086906098
994 3711 -0.9412589827379216
994 3725 0.5766984279294662
994 3740 -0.5890358799926876
994 3575 0.8673498283421395
994 3590 -0.44144444216842404
995 1010 -0.13599884261310113
995 3786 -0.8401301681309703
995 3801 0.30198242686118504
995 3816 -0.9851118984550784
995 3831 0.01233230287325493
995 3846 0.10708709408229211
995 3861 0.6482061794282779
995 3876 -0.8533771788724074
995 3891 -0.8811550745713832
995 3755 0.09835629129045786
995 3770 0.8271310121444326
1008 1009 -0.8892804873167328
1008 3426 -0.16910070511311814
1008 3441 -0.9001746991236275
1008 3456 -0.3327310937478687
1008 3471 -0.06696452147310006
1008 3486 0.7313180099295129
1008 3501 -0.4084280212618103
1008 3516 0.26683620848631984
1008 3531 0.6509118158326965
1008 3545 -0.2217356945687663
1008 3560 0.3859211755823142
1008 3395 -0.7866465925927979
1008 3410 -0.9767691634117956
1009 1010 0.6301378603378693
1009 3606 0.33663481486692337
1009 3621 0.8791456300298495
1009 3636 -0.08917258371228631
1009 3651 0.6207388035729706
1009 3666 0.7230640494149725
1009 3681 -0.9376968202064349
1009 3696 -0.9190901435519567
1009 3711 0.1937618698826784
1009 3725 0.14421787993539836
1009 3740 -0.6652007366502606
1009 3575 -0.16670632242120687
1009 3590 0.7444486649700064
1010 3786 -0.4358275449043365
1010 3801 -0.5792974063342355
1010 3816 -0.9389359036698164
1010 3831 -0.8982318154013174
1010 3846 -0.6069691894742346
1010 3861 0.6293835495309772
1010 3876 -0.2891791606284735
1010 3891 0.5019203228803002
1010 3755 -0.5608351536663181
1010 3770 -0.8331277288265762
1023 1024 -0.4585374999734495
1023 1038 0.08059888604830112
1023 3426 0.36416362899477894
1023 3441 -0.007550441923481088
1023 3456 0.8321147236963893
1023 3471 0.4689840522861348
1023 3486 -0.9256529640313635
1023 3501 0.8462564031466588
1023 3365 -0.23127135095284523
1023 3380 -0.4684785252616319
1023 3395 0.8739025648004335
1023 3410 -0.8672220010807041
1024 1025 0.7140736441397681
1024 1039 0.027029228382273285
1024 3606 -0.8039224342234303
1024 3621 -0.022232353490904355
1024 3636 -0.9143207904469872
1024 3651 0.6512822639111928
1024 3666 0.9621127269877876
1024 3681 0.9202445834921731
1024 3516 -0.5738051121326508
1024 3531 -0.34324985664636687
1024 3545 -0.4022629017580086
1024 3560 -0.581007588287108
1024 3575 0.9279453334225412
1024 3590 0.946303018944588
1025 1040 0.892688658389142
1025 3786 0.8040646900526061
1025 3801 -0.5478445836228456
1025 3816 -0.04110568145558524
1025 3831 -0.8168119617828211
1025 3846 0.6884215403865721
1025 3861 0.701366609454364
1025 3696 -0.7242122434406901
1025 3711 0.19180180406397196
1025 3725 -0.5976792634383556
1025 3740 0.05339368274883016
1025 3755 -0.024736035124981237
1025 3770 -0.4517098788809719
1038 1039 0.9241972870494599
1038 3426 0.8611241322401886
1038 3441 -0.038009058431923703
1038 3456 0.24474721422080314
1038 3471 -0.42547581461503614
1038 3486 -0.719311773258011
1038 3501 0.3321320309095863
1038 3365 0.7250152093046276
1038 3380 -0.6667896764011845
1038 3395 0.5726509434535827
1038 3410 0.8360021353230491
1039 1040 -0.17065605373901493
1039 3606 0.927803141582108
1039 3621 0.9959773267954377
1039 3636 0.852697372753243
1039 3651 -0.561479400607225
1039 3666 -0.5399453271579908
1039 3681 -0.46071087132706134
1039 3516 0.11107834019614704
1039 3531 0.6809142204230527
1039 3545 0.02988047191831833
1039 3560 0.5643649416640741
1039 3575 -0.6863446598727783
1039 3590 0.7956589883103371
1040 3786 0.8303295138148468
1040 3801 0.8491526636255102
1040 3816 0.17159576192159953
1040 3831 -0.12718081152147565
1040 3846 -0.5679535716899566
1040 3861 -0.02707866539121384
1040 3696 -0.17594584336105856
1040 3711 0.928492057339457
1040 3725 0.4831871706179862
1040 3740 0.3767890070054407
1040 3755 -0.39198507932691906
1040 3770 -0.4281305415825416
1053 1054 -0.691010578314222
1053 1068 -0.2763212757478082
1053 3426 -0.4878036269098509
1053 3441 -0.673547111455921
1053 3456 0.009566193690982328
1053 3471 -0.693275479782909
1053 3486 0.8640871556225289
1053 3501 0.6137528004487225
1053 3366 0.12867463140969382
1053 3381 0.008398568476526647
1053 3396 -0.6593422988253186
1053 3411 0.7574203123057313
1054 1055 -0.4244773630671017
1054 1069 0.094697363628792
1054 3606 -0.748617506793503
1054 3621 -0.3195640163606954
1054 3636 -0.5126213924377754
1054 3651 0.3901282476417043
1054 3666 0.5919408429310609
1054 3681 -0.26040850602339427
1054 3516 -0.4261884235973876
1054 3531 0.8377907461184739
1054 3546 -0.4213790610586088
1054 3561 -0.2676702795101811
1054 3576 -0.3633640468470365
1054 3591 -0.8555292967840984
1055 1070 -0.7192719304329229
1055 3786 -0.8490796482409171
1055 3801 -0.29303588986249984
1055 3816 0.7305748125022311
1055 3831 0.9813744624547056
1055 3846 -0.9952252232306102
1055 3861 0.3127260261371423
1055 3696 -0.23173206037769978
1055 3711 -0.7724539885278767
1055 3726 -0.29510365269300864
1055 3741 -0.1336626698416148
1055 3756 0.7349661275811477
1055 3771 0.05461185284911929
1068 1069 0.10522891778280341
1068 3426 -0.18771419914343834
1068 3441 0.20606189793896856
1068 3456 0.07664121041877436
1068 3471 -0.19113029266493275
1068 3486 -0.7276298811721487
1068 3501 0.3162456560471687
1068 3366 0.5658749957560809
1068 3381 -0.09996683719481037
1068 3396 0.7260577809993893
1068 3411 0.18943929269368187
1069 1070 0.636528106934539
1069 3606 0.20577323543386927
1069 3621 0.9277035660677246
1069 3636 -0.8285727644547465
1069 3651 -0.4932391440116701
1069 3666 0.641696785666267
1069 3681 0.04554944645309322
1069 3516 0.26257357147416527
1069 3531 0.36953330210518187
1069 3546 -0.9354698685088925
1069 3561 -0.014923256910342575
1069 3576 -0.9635773151187519
1069 3591 -0.5222345445222343
1070 3786 0.9187928064264357
1070 3801 0.42087842961159416
1070 3816 -0.8660229147984659
1070 3831 0.7836708593560981
1070 3846 -0.3153949211660938
1070 3861 0.4962134464345709
1070 3696 0.031991011349848275
1070 3711 0.18603969265334985
1070 3726 0.3416099017600893
1070 3741 -0.6089482920482303
1070 3756 -0.846530447131264
1070 3771 0.17385696841356446
1083 1084 -0.16907732045718338
1083 1098 -0.7847235086246547
1083 3426 0.8441321982362493
1083 3441 -0.12489424975443586
1083 3366 -0.6179791986934111
1083 3381 0.9102667883797892
1083 3396 -0.6648662426142327
1083 3411 0.5417256628748295
1084 1085 0.2293322679208698
1084 1099 0.26973966207417566
1084 3606 -0.3764703526934907
1084 3621 0.35241265590798054
1084 3456 -0.3746474575638694
1084 3471 0.4592012444816347
1084 3486 0.9707417017139981
1084 3501 -0.9357010111543402
1084 3516 -0.06288903647291044
1084 3531 -0.17630105947245944
1084 3546 0.3408671196016926
1084 3561 0.12115615327697937
1084 3576 0.9966301239315882
1084 3591 -0.827852454037296
1085 1100 0.617078731475478
1085 3786 0.535195066196078
1085 3801 0.7531681577029177
1085 3636 0.15638762707183562
1085 3651 0.36352181331615485
1085 3666 0.45447071517288773
1085 3681 -0.31980282163448837
1085 3696 -0.20796500991811473
1085 3711 -0.9640837092214736
1085 3726 -0.3118192639650903
1085 3741 -0.8433918284421069
1085 3756 0.07212686641410238
1085 3771 0.1785590402652446
1098 1099 0.0535057889594619
1098 3426 0.8164412132091066
1098 3441 0.9258955627065046
1098 3366 0.9890970882044716
1098 3381 -0.003929753843429529
1098 3396 0.9042668812452284
1098 3411 0.24454839882993906
1099 1100 0.733676867780916
1099 3606 -0.730512401249972
1099 3621 -0.27578610018836414
1099 3456 0.2526566012046181
1099 3471 -0.5705398456486237
1099 3486 0.28890761782965924
1099 3501 -0.5266585263153611
1099 3516 0.11062826551789895
1099 3531 -0.3453279336382331
1099 3546 0.8483553907276649
1099 3561 0.3388159864789011
1099 3576 0.8759129725269112
1099 3591 -0.7005059449367557
1100 3786 0.09180737474250367
1100 3801 -0.6268484816851254
1100 3636 0.7071024595654096
1100 3651 -0.406068226634275
1100 3666 -0.7124135222033958
1100 3681 -0.345584400367414
1100 3696 -0.9476651816047521
1100 3711 -0.2755144180444855
1100 3726 -0.892202486477131
1100 3741 0.2964446624288737
1100 3756 0.4137899941457821
1100 3771 -0.858709177168733
1113 1114 -0.7325577354673665
1113 1128 -0.2307455747929219
1113 3426 0.7067190787125848
1113 3441 -0.17456580574110792
1113 3366 -0.4164790110140999
1113 3381 -0.3700695843749129
1113 3396 0.8680081802210349
1113 3411 -0.022915656611667723
1114 1115 0.8629393086948278
1114 1129 -0.8827731509867176
1114 3606 -0.47830523180874174
1114 3621 -0.4019722714648235
1114 3456 -0.6849716502155807
1114 3471 0.19224254817019548
1114 3546 0.017751690007192567
1114 3561 0.03189584192325179
1114 3576 -0.7468464159542707
1114 3591 0.08456598303454332
1115 1130 0.4868869182862843
1115 3786 -0.24361183078321358
1115 3801 0.1139201973757733
1115 3636 0.47331512775245965
1115 3651 0.38684783616339913
1115 3726 0.10051556581724297
1115 3741 0.44443724006631324
1115 3756 -0.6337932897885112
1115 3771 -0.4584112019753861
1128 1129 0.2568486709303419
1128 3426 0.8695217697152722
1128 3441 -0.33318873879494304
1128 3366 -0.20739130874354839
1128 3381 0.9014719792276247
1128 3396 0.42594352606938846
1128 3411 0.5897657778128016
1129 1130 0.40973658886810016
1129 3606 -0.6996434155564295
1129 3621 0.9250573792450836
1129 3456 0.9440760464781377
1129 3471 -0.4037080545247955
1129 3546 -0.9194519111809056
1129 3561 0.28763226276744835
1129 3576 0.45202310164753534
1129 3591 0.44846892836751473
1130 3786 0.05221442452427327
1130 3801 0.8944016846655489
1130 3636 0.6785848275777355
1130 3651 -0.49664124048604563
1130 3726 -0.6449501318282986
1130 3741 -0.1929765507123704
1130 3756 -0.07901445330037227
1130 3771 -0.11741348837199994
3364 3365 -0.5785065170063699
3364 3379 -0.02432364521221908
3365 3366 -0.873164663542032
3365 3380 0.2965784982195756
3366 3381 -0.057792540813969895
3379 3380 -0.20899785825881856
3380 3381 0.12449820630339237
3394 3395 0.3072098797971101
3394 3409 -0.19477191170798913
3395 3396 -0.2859844934994551
3395 3410 -0.9401976080981111
3396 3411 0.11072374376194438
3409 3410 0.8283792795481513
3410 3411 0.21639388707931917
3424 3425 0.41945691287451803
3424 3439 0.7920017069749989
3425 3426 -0.3408890976113581
3425 3440 -0.8937382440713904
3426 3441 0.47497528618439877
3439 3440 -0.04170584078435624
3440 3441 -0.3331100311529458
3454 3455 -0.47896945962352233
3454 3469 0.7383732434618668
3455 3456 -0.8917201971159878
3455 3470 -0.7998837921659907
3456 3471 0.6809863769067832
3469 3470 0.5560158776883992
3470 3471 0.7030940390152565
3484 3485 0.4772586880235665
3484 3499 0.14464472443181942
3485 3486 0.5271978230900809
3485 3500 0.9581277915100614
3486 3501 0.7521965622881763
3499 3500 -0.7420874104708213
3500 3501 -0.3875952619148948
3514 3515 -0.16132744291469026
3514 3529 -0.8697631378601525
3515 3516 -0.4351015602677357
3515 3530 -0.8824639021231337
3516 3531 0.2657038442221378
3529 3530 -0.5550988501111651
3530 3531 -0.5667028415059572
3544 3545 -0.37808480872609884
3544 3559 0.05434268322712765
3545 3546 -0.7095564007566517
3545 3560 0.3517434699649995
3546 3561 0.07500407841692902
3559 3560 -0.820582881958206
3560 3561 -0.2206810132800423
3574 3575 -0.5673866280234741
3574 3589 -0.6533443748437091
3575 3576 0.9604335729529307
3575 3590 0.22218373609281294
3576 3591 -0.04084345484562424
3589 3590 -0.4840671367210385
3590 3591 0.4297101492395381
3604 3605 0.16473397558916503
3604 3619 -0.8241710782111928
3605 3606 -0.9870464253906657
3605 3620 -0.5658777902404768
3606 3621 0.08114910243327333
3619 3620 -0.01627583653757636
3620 3621 0.96972392140964
3634 3635 0.27139892350203265
3634 3649 -0.6177963597753613
3635 3636 -0.8906194221467083
3635 3650 -0.13155141730331388
3636 3651 -0.9745718510839052
3649 3650 -0.6527829615924192
3650 3651 -0.6041469003499611
3664 3665 -0.9819969743776142
3664 3679 -0.9262817410925777
3665 3666 0.37552570677745956
3665 3680 0.6135940524800161
3666 3681 -0.8685194348174354
3679 3680 0.2757764787513819
3680 3681 0.1933301878423912
3694 3695 0.39432119675927324
3694 3709 0.3298575862219384
3695 3696 -0.3509324834742469
3695 3710 -0.11365665921638124
3696 3711 0.24659736297416246
3709 3710 0.2827653321113821
3710 3711 0.1089029133599766
3724 3725 -0.7288458448926023
3724 3739 -0.3887700290784044
3725 3726 0.9708496347737541
3725 3740 -0.49505863021446084
3726 3741 -0.09472674872697939
3739 3740 -0.00810485950812434
3740 3741 -0.061677354563993925
3754 3755 -0.949543390222755
3754 3769 0.817880290595965
3755 3756 -0.1257379490508801
3755 3770 -0.37135890234597424
3756 3771 -0.6281172467596146
3769 3770 -0.0114740610611197
3770 3771 0.7469119435036815
3784 3785 -0.24603151202209372
3784 3799 0.7367485897221777
3785 3786 0.907950752413756
3785 3800 0.8764234939010092
3786 3801 0.6903903342307636
3799 3800 0.4536828271267077
3800 3801 -0.7925060634925338
3814 3815 0.7750268798872679
3814 3829 -0.6702236646490465
3815 3816 0.9869611600020385
3815 3830 -0.38820240594787947
3816 3831 0.586093477326384
3829 3830 -0.24950363493240313
3830 3831 -0.9822363546198758
3844 3845 0.9449277895683139
3844 3859 -0.9135318768266436
3845 3846 -0.13012804412080037
3845 3860 -0.9985876406192711
3846 3861 0.41808128409821443
3859 3860 0.6942536004145241
3860 3861 0.671552214358081
3874 3875 0.9474909959990605
3874 3889 0.37455952366424006
3875 3876 0.224097632345855
3875 3890 0.8283201645551692
3876 3891 0.6153102431492126
3889 3890 -0.7306649820976607
3890 3891 -0.3461348202270187
