# 
603 603 2.8320958186654517
604 604 -1.155401312147947
605 605 1.3166995422623877
618 618 -1.9068006913657616
619 619 0.43084062151551805
620 620 -0.8350262741786754
633 633 3.9749816026007334
634 634 -1.9065937614151744
635 635 0.22738661835502683
648 648 -2.5997531864120944
649 649 -0.31520401860832337
650 650 3.1134803857532365
663 663 1.6123063756780551
664 664 -3.929551017910594
665 665 1.6478512637820728
678 678 -0.4261130727909439
679 679 3.901534843047968
680 680 -3.031825320638638
693 693 -2.606338710342463
694 694 3.04110271795569
695 695 1.596316051495143
708 708 -3.079064971373179
709 709 -2.096826211762557
710 710 1.5728211919119364
723 723 3.7980294528017176
724 724 -1.6061324413801668
725 725 3.92578209090604
738 738 -1.2074306506802772
739 739 2.065059559518849
740 740 -1.3674992296471302
753 753 0.18089916567473985
754 754 -1.7450840589416527
755 755 -3.0118574673490457
768 768 0.7674370160034334
769 769 3.1056381891290066
770 770 -0.44770038444920157
783 783 -0.5787204328199822
784 784 -2.6150346286454846
785 785 3.0008353174245057
798 798 -0.5697037762849737
799 799 -0.9662904065913125
800 800 -0.6619038786726046
813 813 0.3683502452151286
814 814 -1.965267871623631
815 815 1.063449045120441
828 828 0.36459452263693937
829 829 -0.9147733279381072
830 830 1.5175706551461143
843 843 1.418173898185243
844 844 0.44235676480580466
845 845 0.8032556424331032
858 858 -2.2464813246584914
859 859 -1.3107989326304743
860 860 0.5393218369328938
873 873 -2.2178580250296536
874 874 -2.6195468026028506
875 875 -3.474113513981857
888 888 -3.687039459127509
889 889 -1.005987900597427
890 890 0.5398176532577681
903 903 -2.009562734638487
904 904 -3.818967395002571
905 905 2.854860669207155
918 918 0.4486707622874384
919 919 1.125872954500017
920 920 3.0089284281065067
933 933 1.8738857838961138
934 934 -3.771860903318272
935 935 -2.1383476993399633
948 948 1.5678533763144946
949 949 1.8697173338177535
950 950 -2.4098442689030355
963 963 2.670744976944521
964 964 3.682587273202147
965 965 2.9289525762904214
978 978 -1.5830103503352762
979 979 -2.3059019467373156
980 980 2.1181684464016257
993 993 1.5395842400798054
994 994 -3.8276712296189865
995 995 -2.357584318551785
1008 1008 1.988919216923204
1009 1009 -1.1724358358314158
1010 1010 3.0330300514540216
1023 1023 -3.734424464395227
1024 1024 -1.6516336915518481
1025 1025 -3.0350026986837246
1038 1038 3.9196113746265935
1039 1039 -3.0530210310178187
1040 1040 -2.1643044881574074
1053 1053 2.5589731470603496
1054 1054 -3.534128719226234
1055 1055 -2.1624431876582673
1068 1068 -1.281652910558364
1069 1069 2.2004054672099516
1070 1070 1.5031814205514555
1083 1083 0.37673515793209056
1084 1084 2.6760929073243824
1085 1085 2.902061652740196
1098 1098 3.4037132862859147
1099 1099 -1.1419489135729997
1100 1100 -1.966536820466259
1113 1113 3.9619193669257857
1114 1114 -2.313020032059221
1115 1115 2.872267828867421
1128 1128 0.16708306612175328
1129 1129 -1.81760044683765
1130 1130 -0.3373373209808932
3364 3364 1.4604719570018512
3365 3365 -3.059284548344701
3366 3366 -1.3350215859079482
3379 3379 -2.5049738098445946
3380 3380 -1.2021256553171549
3381 3381 3.5314546470066697
3394 3394 -1.1072938541728057
3395 3395 3.687554065220877
3396 3396 -3.6938856001653306
3409 3409 1.4148549940671469
3410 3410 1.9069142324896902
3411 3411 -2.6427398226366687
3424 3424 -3.706110048770908
3425 3425 2.138068068340278
3426 3426 -2.092598337831781
3439 3439 -2.947155477976139
3440 3440 0.15378293201446613
3441 3441 1.9988247752974164
3454 3454 3.6376391414041764
3455 3455 -3.2609876008588703
3456 3456 -2.247397533246221
3469 3469 0.9253906605171514
3470 3470 0.5705043730648107
3471 3471 -0.04610530907470878
3484 3484 -0.666675109369244
3485 3485 0.9086261533470292
3486 3486 -2.3037661443336637
3499 3499 3.2287360605399282
3500 3500 -1.661871969027377
3501 3501 -3.6525027449157177
3514 3514 3.533695306714468
3515 3515 -2.9920271526973776
3516 3516 -0.23860102655447868
3529 3529 -0.30370443056214746
3530 3530 0.3599262798562268
3531 3531 1.2639172502500235
3544 3544 -3.7779002444933285
3545 3545 0.42179378702387815
3546 3546 -3.468595531812886
3559 3559 -3.6337925699172837
3560 3560 -2.3914390818429077
3561 3561 -2.5377781979433625
3574 3574 -0.5507517289599555
3575 3575 2.7171993423895007
3576 3576 1.0265141467978163
3589 3589 2.0335090779412406
3590 3590 -0.8381200123925332
3591 3591 -0.5509586997406446
3604 3604 -0.3718773719662751
3605 3605 3.228831969328355
3606 3606 -0.14104868144399507
3619 3619 -3.5504476530753664
3620 3620 -1.6484707604374664
3621 3621 3.8019404782147888
3634 3634 0.3279886598977395
3635 3635 -2.205457850431449
3636 3636 -1.6385920980956143
3649 3649 0.8180623893134822
3650 3650 -1.9380337552042448
3651 3651 2.930027206409429
3664 3664 -0.9759948951178004
3665 3665 3.9804146839800767
3666 3666 2.79669364315515
3679 3679 1.1620628666089559
3680 3680 -0.008623354354519108
3681 3681 3.0892094354372226
3694 3694 -3.857827344385048
3695 3695 -3.9742715490873577
3696 3696 3.0551353609333027
3709 3709 1.8864538317350563
3710 3710 -2.729572488442802
3711 3711 -0.9046646281321777
3724 3724 -1.612955286882273
3725 3725 -2.8506072784792
3726 3726 2.019362652275877
3739 3739 -0.47976779513216083
3740 3740 0.10120965220976874
3741 3741 0.4153552764514252
3754 3754 -0.4234963685280979
3755 3755 -2.9997249725065007
3756 3756 3.7827071365208127
3769 3769 -3.774918739536214
3770 3770 0.003445205084304348
3771 3771 -0.055720575389386795
3784 3784 -3.272639063728044
3785 3785 -0.29847211755217096
3786 3786 -0.4344216154108702
3799 3799 3.5435802604413222
3800 3800 3.1064079796296946
3801 3801 3.071744668079436
3814 3814 2.212353877620105
3815 3815 -3.3500597575068864
3816 3816 -3.8706188485276014
3829 3829 3.061261472528386
3830 3830 -1.5973103145155871
3831 3831 -3.804386067506221
3844 3844 2.872253955815709
3845 3845 -1.1230755400003778
3846 3846 1.982094035718827
3859 3859 2.781302549427914
3860 3860 0.5686447998899888
3861 3861 2.6344029429174327
3874 3874 0.08720976372524625
3875 3875 2.29447027071925
3876 3876 2.8034102241824455
3889 3889 -3.0242526749141962
3890 3890 -3.506723090121585
3891 3891 1.5756508435239036
603 604 -0.7757716264015677
603 618 -0.10476177239883144
603 3484 -0.9425756274093944
603 3499 -0.15841203427620054
603 3514 0.23420149339520435
603 3529 0.48309021978989164
604 605 -0.5779517708363939
604 619 -0.23158109711846797
604 3664 0.7231230396759873
604 3679 0.4225541267006594
604 3694 0.3279851522828803
604 3709 -0.5059829110033169
605 620 -0.27266926310021344
605 3844 0.7868415913423015
605 3859 -0.999053708426306
605 3874 0.3225023040557111
605 3889 -0.7699916193657326
618 619 0.31599939725075776
618 3484 0.34093053242193316
618 3499 0.19424863064483455
618 3514 -0.7795882835888461
618 3529 -0.21066299025602198
619 620 0.5439656685772394
619 3664 0.27505699806311723
619 3679 0.45552091640995607
619 3694 -0.4974973709125863
619 3709 -0.8763813739112407
620 3844 0.8555133192321558
620 3859 -0.23622640137872541
620 3874 -0.5260948817408446
620 3889 -0.4287091035055255
633 634 0.10516236624884812
633 648 0.8592669277986356
633 3424 -0.16293310626734314
633 3439 0.1859965810503894
633 3454 0.7761350283964537
633 3469 0.5773331685987373
633 3484 -0.6413174233951437
633 3499 0.8527189986412211
633 3514 -0.5159356277484921
633 3529 0.8394489648467682
634 635 0.7417221599397319
634 649 -0.8062748787020781
634 3604 -0.10365663267450365
634 3619 -0.3478692652019799
634 3634 0.3913943403936253
634 3649 -0.6602231131244087
634 3664 0.10058494459343192
634 3679 -0.19141734857581572
634 3694 0.15312226197551793
634 3709 -0.4503720890684342
635 650 -0.9361998216229515
635 3784 -0.621136713045497
635 3799 0.6601074594383118
635 3814 -0.9682122719924258
635 3829 0.8470995873718781
635 3844 0.37601872022577854
635 3859 0.6502361239324566
635 3874 -0.7959726160147325
635 3889 -0.9041230390957622
648 649 0.7500565185104171
648 3424 -0.2305604161171244
648 3439 0.6863452277390285
648 3454 -0.9411685482284113
648 3469 -0.8214802274282589
648 3484 0.1451123422425924
648 3499 -0.00015001994713848
648 3514 -0.06682056970065475
648 3529 0.1979891986582527
649 650 -0.23953134681051846
649 3604 0.9120823349711082
649 3619 0.952236664298125
649 3634 0.4781520567976363
649 3649 0.9748316114071338
649 3664 -0.6717343837215375
649 3679 0.8196156929910905
649 3694 -0.9739559079618854
649 3709 0.8727715068699764
650 3784 -0.930863510448761
650 3799 -0.452281961058149
650 3814 -0.6938215044680549
650 3829 0.41175539111097215
650 3844 0.2923731162127954
650 3859 -0.9567179651641404
650 3874 0.48728178171122116
650 3889 -0.11990375826042765
663 664 -0.15138780830546805
663 678 -0.7619528022487578
663 3424 0.2942602814624733
663 3439 -0.14124916036807922
663 3454 0.3078978286198213
663 3469 -0.4125649547983281
663 3484 -0.05786673354180949
663 3499 0.9846058567803366
664 665 -0.5394851623295673
664 679 -0.9805790608799747
664 3604 0.26636145402530564
664 3619 -0.939856027581099
664 3634 -0.7157995779761339
664 3649 0.3458033039470054
664 3664 -0.5456030876830504
664 3679 -0.45612397860985654
664 3514 0.5518953986793422
664 3529 -0.861687607754716
665 680 -0.5555856451281456
665 3784 -0.5361909546433363
665 3799 0.648513257906423
665 3814 0.8572385628807346
665 3829 -0.409927171758494
665 3844 0.14857877094386773
665 3859 0.9945507751327853
665 3694 -0.6087666221928676
665 3709 -0.20871092982603123
678 679 -0.14294705336679003
678 3424 -0.21696259046134503
678 3439 -0.3615749083542992
678 3454 0.9612767960723576
678 3469 0.8774658243701905
678 3484 0.5017508544828848
678 3499 -0.4172205070243844
679 680 -0.5522087960322946
679 3604 -0.3488635436676455
679 3619 -0.6842841516991336
679 3634 0.857857124601977
679 3649 0.5070431106873807
679 3664 -0.6420839433994101
679 3679 0.6117896575626367
679 3514 0.15796540217618293
679 3529 0.17360771719939727
680 3784 0.480180236747489
680 3799 -0.9970706490320813
680 3814 -0.1408836818864463
680 3829 0.4004572117153915
680 3844 -0.7551786287713376
680 3859 0.31021312970597137
680 3694 0.6939748585163406
680 3709 -0.7303248978079597
693 694 0.9477000839725318
693 708 0.3554437577059819
693 3424 -0.44455447970443984
693 3439 0.2775774709183383
693 3454 -0.001219252698659412
693 3469 -0.2498356509705948
693 3484 0.42566544836510256
693 3499 -0.9983107718760127
693 3364 -0.11431571415455788
693 3379 0.23935687194342425
693 3394 0.8114717211090989
693 3409 0.8920330888103503
694 695 0.5748964629823781
694 709 -0.06125058979469289
694 3604 0.44704097244522445
694 3619 -0.909942604303779
694 3634 -0.4686806407750983
694 3649 -0.4208385507720702
694 3664 -0.22074911305436107
694 3679 0.4368880090787466
694 3514 0.44700099934876625
694 3529 0.973781369660971
694 3544 -0.793814243505973
694 3559 -0.27434784147936253
694 3574 0.694949450561309
694 3589 0.36637394713531113
695 710 0.7716298945636699
695 3784 0.3016356629368846
695 3799 -0.3436379332802797
695 3814 0.6098563329919267
695 3829 -0.2425405386636661
695 3844 -0.27948393192730614
695 3859 -0.8676224101540739
695 3694 -0.7785012339761181
695 3709 0.8601958544357877
695 3724 0.3357561086200691
695 3739 -0.7332908284895578
695 3754 0.8978814066439813
695 3769 -0.49107191739560285
708 709 -0.7843791326388985
708 3424 0.7984512103547428
708 3439 0.016764927963279996
708 3454 -0.6013005479421512
708 3469 -0.35402563011209787
708 3484 0.7063451040073925
708 3499 -0.34937431715543044
708 3364 -0.4791593995560308
708 3379 -0.3622068383020687
708 3394 0.14574986039149462
708 3409 -0.9049409328059401
709 710 -0.7051604136271779
709 3604 0.547501697182188
709 3619 0.37336161231201537
709 3634 0.6375603355208606
709 3649 -0.1877754399447975
709 3664 -0.5819397650066502
709 3679 -0.70781363232769
709 3514 -0.6429754029639265
709 3529 0.9659634087860007
709 3544 0.8317040101318576
709 3559 0.9978073410937145
709 3574 0.43425172286066727
709 3589 0.22201382151490923
710 3784 0.38532113136150214
710 3799 0.6586963256612892
710 3814 0.8419581371435101
710 3829 -0.8808793082615376
710 3844 -0.7025229428113406
710 3859 0.8547163431052345
710 3694 0.3473786128138865
710 3709 0.8563753690550104
710 3724 0.07659287255956926
710 3739 -0.13944424107322728
710 3754 0.6924227892621153
710 3769 -0.9827638861659871
723 724 0.5534069700356989
723 738 -0.037501901760782275
723 3424 -0.6666803727358956
723 3439 0.4966182935325225
723 3364 -0.72306491677728
723 3379 -0.8125431077732501
723 3394 -0.15994004684982754
723 3409 -0.7230448601720474
724 725 -0.76812262667092
724 739 -0.8837776612061858
724 3604 0.9931682461069076
724 3619 0.32381812918129915
724 3454 -0.5477783023038059
724 3469 -0.37778433723239924
724 3484 -0.8797720546089645
724 3499 -0.9949530249937664
724 3514 0.4257730486881375
724 3529 0.17352787907002454
724 3544 -0.38495979828307103
724 3559 0.8564549163303763
724 3574 -0.4942590332289125
724 3589 0.47857753531727987
725 740 -0.670251676289709
725 3784 -0.8414487691032326
725 3799 0.10427888051654399
725 3634 0.9145900290693052
725 3649 -0.07483518311367199
725 3664 -0.8737062283314376
725 3679 0.6504937827833184
725 3694 -0.5127604091062463
725 3709 0.3106667836372041
725 3724 -0.41958515775903305
725 3739 0.8338553365371895
725 3754 -0.6204472762289228
725 3769 0.3926200843564207
738 739 -0.4200318223880839
738 3424 -0.8556942862171959
738 3439 -0.9659124690315704
738 3364 -0.08582915388974555
738 3379 0.6431895388435775
738 3394 0.6369418888624128
738 3409 0.4548583142351199
739 740 0.397729149672968
739 3604 -0.8754737997214774
739 3619 0.14637499769681206
739 3454 -0.7648331946389915
739 3469 -0.4921039495864268
739 3484 0.21839224660340584
739 3499 0.6652393093266034
739 3514 0.3049877184326968
739 3529 0.36406995301681344
739 3544 0.3793208898910201
739 3559 -0.05814423467286445
739 3574 0.16062816562509274
739 3589 -0.6587620852245173
740 3784 -0.2879379415707295
740 3799 0.07279979003362858
740 3634 -0.5859419669188006
740 3649 0.45904538033416165
740 3664 -0.7822431932763152
740 3679 0.8119952542455766
740 3694 0.9451355378102517
740 3709 -0.3750135443989233
740 3724 0.4356363859499597
740 3739 -0.9464687252235935
740 3754 -0.12834792721636235
740 3769 0.03555985949148366
753 754 -0.9964234575904678
753 768 -0.2528594428351181
753 3424 -0.33005600083261344
753 3439 0.12955867538858667
753 3364 -0.828257955534371
753 3379 0.5413064664725009
753 3394 0.08313790617204675
753 3409 0.0726593250984513
754 755 -0.44928461233483064
754 769 -0.8423253308848409
754 3604 0.4801962119495582
754 3619 -0.4058924824807346
754 3454 0.8803734134433439
754 3469 0.47770263552792747
754 3485 0.28766125465123027
754 3500 0.49543461842386716
754 3515 -0.18642455985135964
754 3530 0.4121917801602921
754 3544 -0.6038638127179985
754 3559 0.7165045096569294
754 3574 -0.5296263390000244
754 3589 0.48681038732834647
755 770 -0.347380040289887
755 3784 0.8651038157940432
755 3799 -0.5597077354564668
755 3634 -0.23557769768054593
755 3649 -0.7703162681051721
755 3665 -0.5960238776501969
755 3680 0.557272570714656
755 3695 -0.9145716471300889
755 3710 0.774987817035294
755 3724 0.8094869388610237
755 3739 -0.7086327803656911
755 3754 -0.09780150697891932
755 3769 0.23239253503061486
768 769 -0.2714374858315951
768 3424 -0.6436965865420299
768 3439 0.3953163036297709
768 3364 0.8386728914672033
768 3379 -0.7851148230499274
768 3394 0.5515703295904777
768 3409 -0.8636488730133023
769 770 -0.4372193866557992
769 3604 -0.41597962972954927
769 3619 0.01820852888619484
769 3454 0.8229002287189344
769 3469 -0.10612354451931894
769 3485 -0.7362235744848098
769 3500 -0.008365732091258016
769 3515 0.25574542572001424
769 3530 -0.9900002759519169
769 3544 0.5771336480678353
769 3559 -0.45474535145878536
769 3574 -0.670996041763289
769 3589 0.5769640408475936
770 3784 -0.1389563560122744
770 3799 0.03474052605436273
770 3634 0.7415947931564928
770 3649 -0.8230781406287133
770 3665 0.8679217564803783
770 3680 0.7844524198658371
770 3695 -0.6695009857440295
770 3710 0.8490687724792225
770 3724 -0.7276018220105183
770 3739 0.29126251820712756
770 3754 0.3328282973999761
770 3769 0.4403658542568192
783 784 -0.09599098127502148
783 798 0.06385681614222527
783 3424 -0.730009158118403
783 3439 0.6150540553102386
783 3454 -0.7156640259618949
783 3469 0.5987684027484499
783 3485 0.09428123324735171
783 3500 -0.724494650475632
783 3515 -0.8707478146797085
783 3530 0.03339909982330047
783 3544 0.7148286663445618
783 3559 -0.0605827114240165
783 3394 0.8077092302372471
783 3409 0.09381125948599256
784 785 -0.4605986621582807
784 799 -0.5969586263691853
784 3604 -0.8000546910076232
784 3619 -0.3035740473132482
784 3634 -0.5651786911176002
784 3649 0.48725994817831486
784 3665 0.681063259070533
784 3680 0.42049804416805414
784 3695 0.3619749050950336
784 3710 0.8489000793741481
784 3724 -0.6830475182572833
784 3739 0.007201854812679098
784 3574 -0.4760590824183222
784 3589 -0.4196685693783051
785 800 -0.32682508859163617
785 3784 0.09686695999882633
785 3799 0.9481684671948829
785 3814 -0.9614337946928899
785 3829 0.681715707324646
785 3845 -0.3973698508309058
785 3860 0.5688774492202437
785 3875 -0.052181780219745955
785 3890 0.8643629707013392
785 3754 0.7063981438673015
785 3769 -0.11045815854600671
798 799 -0.48704103734990345
798 3424 -0.7892993149387288
798 3439 0.8876981869109248
798 3454 0.4879970582073061
798 3469 0.7058689077744802
798 3485 -0.6904171868442461
798 3500 -0.41175449553550036
798 3515 -0.9239915860800882
798 3530 -0.26093075151110345
798 3544 0.8167153721396379
798 3559 0.983580745839234
798 3394 0.5357185703189207
798 3409 -0.9246318795574309
799 800 -0.28804225466136835
799 3604 0.28997776257548225
799 3619 -0.2925284251105198
799 3634 -0.299243334225598
799 3649 0.936881879801357
799 3665 0.9309272484297835
799 3680 0.7266664651788486
799 3695 0.466786736405987
799 3710 0.42435113542046854
799 3724 -0.5229318736920625
799 3739 0.7362134113523362
799 3574 0.16094568973200452
799 3589 -0.09000844781124728
800 3784 0.6298466988994422
800 3799 0.16475722122916214
800 3814 0.9650466029417888
800 3829 -0.4366377221526532
800 3845 0.9137108841909667
800 3860 0.38666284896726744
800 3875 -0.9183344936887294
800 3890 -0.3665683514157769
800 3754 -0.7457389717665805
800 3769 0.13490735353021677
813 814 -0.5460957694832207
813 828 -0.5778814058850374
813 3425 -0.21045103517629804
813 3440 -0.9668021639831452
813 3455 -0.9046838467642753
813 3470 -0.9406713493483274
813 3485 0.8153446990426145
813 3500 -0.05715319300605293
813 3515 -0.047731211834883824
813 3530 0.6133034232950718
813 3544 -0.8606352461333562
813 3559 -0.914355924921842
813 3394 -0.880575793673015
813 3409 0.624793822881746
814 815 0.03171766303901524
814 829 -0.606782740941155
814 3605 -0.1364935207867799
814 3620 0.8546610713790121
814 3635 -0.8028011277098868
814 3650 0.6079721518614578
814 3665 -0.8154063788707864
814 3680 -0.04399193441791782
814 3695 -0.19375782988662982
814 3710 0.49468126934069745
814 3724 0.3725546193307063
814 3739 0.9829564935908066
814 3574 0.5034119779607562
814 3589 0.36032120052871863
815 830 -0.4506412758746201
815 3785 0.7651167072283345
815 3800 0.6186920547311343
815 3815 -0.38112451823267324
815 3830 -0.07433444773646225
815 3845 0.8091015127651322
815 3860 0.9377114423710822
815 3875 0.10921128547407832
815 3890 -0.4245521194994615
815 3754 0.7713076602505888
815 3769 -0.7671394929327129
828 829 0.8402229686449179
828 3425 0.8489442785722772
828 3440 -0.677400100925182
828 3455 -0.8982944306308471
828 3470 0.8586621044786946
828 3485 -0.6829657996214848
828 3500 0.8447968840028484
828 3515 0.7981313613817467
828 3530 0.21360133980257112
828 3544 0.026112026872266547
828 3559 -0.7545577319615915
828 3394 0.007022584986567715
828 3409 0.31601823122851
829 830 -0.04814186685584709
829 3605 -0.3311513186394739
829 3620 0.012381002477075187
829 3635 0.6305382387166849
829 3650 0.29552663776086674
829 3665 -0.09940504328855604
829 3680 -0.23744127891989764
829 3695 0.5605679565622839
829 3710 0.417406030846325
829 3724 0.7989457938999842
829 3739 0.3996937306727415
829 3574 -0.44461623133483763
829 3589 -0.8825412767415497
830 3785 -0.04705104790161729
830 3800 -0.8845481926490577
830 3815 0.8600634978101571
830 3830 -0.4143631686939713
830 3845 0.9244166281626658
830 3860 0.9225304647654036
830 3875 0.5572294212970439
830 3890 0.05922460245963834
830 3754 0.45995162380488064
830 3769 -0.6368926512950737
843 844 0.14021479900580514
843 858 0.5094511479796826
843 3425 0.1352169108071699
843 3440 -0.5707757518509866
843 3455 0.7386278083897369
843 3470 -0.5734345797211413
843 3485 0.47304590203768226
843 3500 0.9361704065488858
843 3364 -0.7831933677622145
843 3379 -0.04763046721888675
843 3394 0.33149079769437884
843 3409 -0.5371931742612286
844 845 0.03576904715054252
844 859 0.23438885415136856
844 3605 -0.0035791859765972323
844 3620 -0.14654279335444875
844 3635 -0.5358410054396283
844 3650 0.760536317262704
844 3665 -0.11407979615666242
844 3680 -0.5500322099491677
844 3515 -0.700114744279225
844 3530 0.18790214551286244
844 3544 0.2812458711944552
844 3559 -0.27489181090467096
844 3574 0.8906156150186635
844 3589 -0.22396006404938218
845 860 -0.8152576179414373
845 3785 -0.31936334101878483
845 3800 -0.887682779219487
845 3815 0.10941740040213821
845 3830 -0.42522636240084943
845 3845 0.8945559433688519
845 3860 0.7448908310325946
845 3695 0.8188678012388337
845 3710 0.7682804831206371
845 3724 0.4670908290031883
845 3739 0.08735641205466549
845 3754 -0.27125570501867524
845 3769 -0.2544699062667155
858 859 -0.20111799581905743
858 3425 -0.1611958005993388
858 3440 -0.8875246052567511
858 3455 -0.33762026563788594
858 3470 0.1363398607033568
858 3485 -0.3771421427320032
858 3500 -0.9604049024791801
858 3364 -0.1317511861368592
858 3379 0.4053165337130562
858 3394 0.9554940469607274
858 3409 -0.8943630508012721
859 860 0.3719132778648886
859 3605 0.4142870627925457
859 3620 0.8781374059601188
859 3635 -0.9740425905682002
859 3650 -0.9653333842969414
859 3665 0.13168935948684357
859 3680 -0.5612918123194961
859 3515 0.8857140000873773
859 3530 0.8239803168870332
859 3544 -0.22112619312912796
859 3559 0.8265775966721467
859 3574 -0.1564717428741318
859 3589 0.740829753574058
860 3785 0.20301589853935753
860 3800 0.9480049796949439
860 3815 -0.6817784841284349
860 3830 -0.367408360006547
860 3845 -0.9352133375922298
860 3860 0.5669026731833802
860 3695 -0.691366758249442
860 3710 0.5871946642287427
860 3724 0.45349652780787997
860 3739 -0.1401792281615939
860 3754 -0.06159586683938345
860 3769 -0.7648274364426086
873 874 0.15860013166068243
873 888 -0.7903053392763602
873 3425 -0.3830609701074059
873 3440 -0.21035700814115388
873 3455 0.4930627461464203
873 3470 0.9862179913848117
873 3485 0.7888627649468765
873 3500 0.5268167573341949
873 3365 -0.4841447977763078
873 3380 0.43844930161924434
873 3395 -0.509068125726557
873 3410 0.3388159603796428
874 875 0.5298612050669813
874 889 -0.27347893923339206
874 3605 -0.8462831631565841
874 3620 -0.8747952492391513
874 3635 0.3826288270968161
874 3650 0.8719087459048189
874 3665 -0.3729334961239019
874 3680 0.14555566159173572
874 3515 -0.9540357910213781
874 3530 0.07941622690802097
874 3545 0.7159938181675312
874 3560 0.040872124793958076
874 3575 0.14427437820033928
874 3590 -0.11482519818710557
875 890 -0.45966098386466125
875 3785 0.8774456007803593
875 3800 -0.14569139630065586
875 3815 -0.712841482733007
875 3830 0.6758688828886819
875 3845 -0.0665569235071155
875 3860 0.7813007061594481
875 3695 0.38821891799004016
875 3710 0.734046204082131
875 3725 -0.2723297538975842
875 3740 -0.14847856051606723
875 3755 0.9493170308777816
875 3770 0.10472662346690131
888 889 0.31903456969299016
888 3425 -0.6828261122157713
888 3440 0.5000825949244834
888 3455 0.9647506716061174
888 3470 0.30889059784649353
888 3485 -0.8798071920607042
888 3500 -0.2459579146553077
888 3365 0.39007374838466724
888 3380 -0.40794127173836436
888 3395 -0.14266331308823132
888 3410 0.6984371523197181
889 890 -0.9923249833727665
889 3605 0.7968829589012625
889 3620 0.1925361807559729
889 3635 0.9041989524100178
889 3650 -0.44005560839814084
889 3665 0.8492535577685865
889 3680 0.9825401576463582
889 3515 0.6130271870479678
889 3530 -0.5716874154417597
889 3545 -0.542133175710299
889 3560 0.8826106769660045
889 3575 0.07346386510140812
889 3590 0.24291091447624424
890 3785 -0.18409622467382625
890 3800 0.6517387093122253
890 3815 -0.3928411694692735
890 3830 -0.5498421266804114
890 3845 -0.5230746543174416
890 3860 0.4964666038996408
890 3695 -0.6904668004135874
890 3710 -0.3812293117537513
890 3725 -0.8553027741801165
890 3740 -0.1819325465304662
890 3755 0.7846724042412938
890 3770 -0.5042002640641094
903 904 -0.13049609909388726
903 918 -0.29401936378834015
903 3425 0.7607786674834505
903 3440 0.5520118130654283
903 3365 -0.477063992083133
903 3380 -0.9210674494397726
903 3395 0.09262843149414324
903 3410 -0.21213800810659889
904 905 -0.9779513091273935
904 919 -0.8410931603721072
904 3605 -0.35148785763922663
904 3620 0.15040957539461464
904 3455 -0.6550436136072697
904 3470 -0.6867072403219676
904 3485 0.7479219452503831
904 3500 0.16336298946040384
904 3515 -0.9399645304314908
904 3530 -0.06572908842033875
904 3545 -0.603334837433233
904 3560 -0.21497267522048502
904 3575 -0.8316219102618607
904 3590 -0.18713630692131922
905 920 0.6736076665025317
905 3785 -0.7184806510248087
905 3800 0.2648382768353412
905 3635 0.406475021782295
905 3650 -0.7853525515495559
905 3665 0.016991328963322117
905 3680 0.8702003165647594
905 3695 -0.27007421368380746
905 3710 -0.10897583279249079
905 3725 0.0880273753225298
905 3740 0.47615078298815616
905 3755 0.36612859300335265
905 3770 -0.3107760747517547
918 919 -0.038414589151343215
918 3425 -0.253566178190614
918 3440 -0.951640387844445
918 3365 0.8639553030549385
918 3380 -0.2865217451136459
918 3395 -0.20799693400972918
918 3410 -0.7666113254311429
919 920 0.6608679459278914
919 3605 -0.5672474065561544
919 3620 -0.638073405438071
919 3455 -0.7381021855711658
919 3470 0.22287734868998976
919 3485 0.3877706351572896
919 3500 0.11261657228316357
919 3515 -0.6813442257595481
919 3530 -0.39130404999710633
919 3545 -0.16833781760425803
919 3560 0.35351186148752967
919 3575 0.511101540006744
919 3590 0.825469581603028
920 3785 -0.5259340989833119
920 3800 0.5720289783405594
920 3635 0.4266670109362205
920 3650 0.07714396401910939
920 3665 -0.08605537694464971
920 3680 0.6653300138209057
920 3695 0.3608324726833565
920 3710 -0.5250660863361325
920 3725 -0.06141975191296711
920 3740 -0.8274545356133278
920 3755 0.6339254482123298
920 3770 0.9224462697184168
933 934 -0.24622094907518743
933 948 -0.10800035124318086
933 3425 0.46446220943656136
933 3440 0.1392429436771887
933 3365 -0.13658154723331162
933 3380 -0.6442327362808791
933 3395 0.8935636506592421
933 3410 -0.34002888753379557
934 935 0.5004619818510718
934 949 -0.36385221882239693
934 3605 -0.46768841777191295
934 3620 0.9594293306185742
934 3455 -0.19979376491083012
934 3470 0.7729636717765818
934 3486 0.6633541751482663
934 3501 -0.625886454121205
934 3516 -0.5621444812209373
934 3531 -0.6993677652772583
934 3545 -0.4034379187744557
934 3560 0.20404359654574167
934 3575 -0.46525241374201265
934 3590 0.14362130413378282
935 950 -0.1907494185981593
935 3785 -0.3797590033020559
935 3800 -0.7641760929225465
935 3635 0.5231865527906305
935 3650 0.11912539402297684
935 3666 0.414729801099031
935 3681 0.2934071596936936
935 3696 -0.29546465249490983
935 3711 -0.9763995112318284
935 3725 0.6916243083835147
935 3740 0.1287116608801413
935 3755 -0.5176623072920616
935 3770 0.8494984578342006
948 949 0.005990181518384929
948 3425 0.9881492894773158
948 3440 0.9630193089947041
948 3365 0.30346870919033186
948 3380 0.16110967876537385
948 3395 0.45519697277330184
948 3410 0.7772321324105156
949 950 0.3792585309796217
949 3605 -0.262101162281297
949 3620 -0.25427180067347477
949 3455 0.7327637653385493
949 3470 -0.9334926810517685
949 3486 -0.21121027522487634
949 3501 -0.5025370360828765
949 3516 -0.9912894735521292
949 3531 0.189654742288478
949 3545 0.18653652240759344
949 3560 0.5083933115632762
949 3575 -0.42165659654728826
949 3590 0.2811988592971759
950 3785 -0.9613371647068305
950 3800 0.5661296906618101
950 3635 -0.3501170684096524
950 3650 0.9731755852288619
950 3666 0.7458188128180054
950 3681 -0.8197323688114861
950 3696 0.9781584609431018
950 3711 -0.0649173529739191
950 3725 0.6083854156051973
950 3740 -0.9616838336542
950 3755 -0.37277600263175037
950 3770 -0.387571896317789
963 964 -0.7671513800097598
963 978 -0.902401071845228
963 3425 -0.28899929707969707
963 3440 -0.3567483546120054
963 3455 -0.7475471329243693
963 3470 -0.4480565912734904
963 3486 -0.27215034290202555
963 3501 -0.15978807713569276
963 3516 -0.5132585275787644
963 3531 -0.41084767926312993
963 3545 -0.5571715620679232
963 3560 -0.3700942568566872
963 3395 0.8107415219490652
963 3410 0.6501069370353758
964 965 0.009401597701608422
964 979 -0.28465543091797296
964 3605 -0.40385112099897214
964 3620 -0.854375517486722
964 3635 -0.5188551502870824
964 3650 -0.8431987502374956
964 3666 0.7093245878000285
964 3681 -0.03367908626996252
964 3696 -0.7775999580154518
964 3711 0.9592598808960622
964 3725 0.0012555961032354457
964 3740 -0.36820709035063515
964 3575 -0.14246014068045643
964 3590 0.7026241002139308
965 980 -0.7982142052067043
965 3785 -0.26420564977503336
965 3800 0.10355657565278253
965 3815 -0.743008230552886
965 3830 -0.5821211675259006
965 3846 -0.6421585459271721
965 3861 -0.44935534360060037
965 3876 -0.8883496493738048
965 3891 -0.8285909365521862
965 3755 0.12482127145311406
965 3770 -0.010277712942851736
978 979 -0.10047370771928432
978 3425 -0.049510423551359706
978 3440 -0.06393912517860523
978 3455 -0.23981645480648472
978 3470 -0.9958951054793759
978 3486 -0.4887460568180644
978 3501 0.08323085940154962
978 3516 0.15243474065759677
978 3531 0.9528804097013484
978 3545 0.6435567510295008
978 3560 -0.3654078377750636
978 3395 -0.1057885289072138
978 3410 0.5249175534166226
979 980 -0.7362231929190011
979 3605 -0.1972992750133702
979 3620 -0.3831933533932832
979 3635 -0.6890075946079506
979 3650 0.5390294983722284
979 3666 0.39441321871720647
979 3681 0.2216097073498149
979 3696 -0.435530809375837
979 3711 0.8696195263000635
979 3725 0.6023511496930318
979 3740 0.571101203918214
979 3575 0.5865341836334148
979 3590 -0.41786020013466474
980 3785 0.0265889539797437
980 3800 -0.12853549950638077
980 3815 -0.6297351350059872
980 3830 -0.6735862016042204
980 3846 0.7025546024915017
980 3861 0.3306590791965911
980 3876 0.9799672880357917
980 3891 0.5035624339003477
980 3755 -0.8560785516007106
980 3770 -0.6575906765137951
993 994 -0.3120903702279143
993 1008 -0.4572357343431124
993 3426 -0.5402893999279572
993 3441 0.6531981943298357
993 3456 0.5069288843505271
993 3471 0.1614085678280941
993 3486 -0.7371633226301042
993 3501 -0.9569137289624505
993 3516 0.6299885345595917
993 3531 -0.5942877830256015
993 3545 -0.23671041043672036
993 3560 0.8004014823534151
993 3395 -0.8815769153775588
993 3410 -0.15610456891376412
994 995 -0.635230750431562
994 1009 0.7159910531940512
994 3606 0.5048368488806516
994 3621 0.16062801472106725
994 3636 -0.164646321818672
994 3651 -0.3714106605562977
994 3666 -0.3149152299022209
994 3681 -0.2819041248377716
994 3696 -0.6877441154248884
994 3711 0.4512735011723592
994 3725 0.4239560982119459
994 3740 -0.7009079171954482
994 3575 0.3390861311762732
994 3590 -0.07649136371193577
995 1010 0.409242336689988
995 3786 0.13152006714852837
995 3801 -0.2788295486540826
995 3816 0.7667952688718838
995 3831 -0.8330300253811385
995 3846 -0.6349910348944559
995 3861 -0.3037868217074504
995 3876 -0.6759464622920175
995 3891 0.5271267385202139
995 3755 -0.9076118093355685
995 3770 0.742123971996645
1008 1009 0.461997608495776
1008 3426 0.1929104204402654
1008 3441 -0.6714600419519787
1008 3456 0.3426304227085437
1008 3471 -0.24536536856435864
1008 3486 -0.39502185729081396
1008 3501 -0.32400134447949713
1008 3516 -0.06181695092402162
1008 3531 -0.57274820977737
1008 3545 -0.587627702332014
1008 3560 0.07429472733945253
1008 3395 -0.3434204547580788
1008 3410 0.1997144702740028
1009 1010 -0.5159149117545303
1009 3606 -0.5257300896880066
1009 3621 -0.9526227236250255
1009 3636 -0.5574120305092807
1009 3651 -0.7254492380954081
1009 3666 0.7710111365109811
1009 3681 -0.42549551033543676
1009 3696 -0.5375515713113093
1009 3711 -0.9734470075999719
1009 3725 -0.6416665467637712
1009 3740 -0.8283231935690782
1009 3575 -0.015402412503755958
1009 3590 -0.4199634567901376
1010 3786 -0.06384931594766541
1010 3801 0.1025896993189257
1010 3816 0.6075806106118737
1010 3831 0.9197655353699519
1010 3846 0.11265401130335695
1010 3861 -0.029127787259068283
1010 3876 -0.7424241352392629
1010 3891 -0.5907210457600327
1010 3755 -0.8418077381253448
1010 3770 0.5721041539072289
1023 1024 -0.8911581539655733
1023 1038 -0.6032197476380785
1023 3426 -0.8306415108988252
1023 3441 -0.4745075319448473
1023 3456 0.18102118864808703
1023 3471 -0.016146840292544873
1023 3486 0.693282444696721
1023 3501 0.06820217597125366
1023 3365 -0.5447334128228591
1023 3380 0.9801357324828142
1023 3395 0.7654568195043558
1023 3410 0.3424817549886423
1024 1025 0.22530875758380975
1024 1039 0.6639005794291248
1024 3606 0.9624037648130537
1024 3621 0.025296056424981117
1024 3636 -0.8644053098592395
1024 3651 0.42872047285025605
1024 3666 0.40139508387294276
1024 3681 -0.9529554770252073
1024 3516 0.10629106969431135
1024 3531 0.757255553307665
1024 3545 -0.688403051713222
1024 3560 0.48124248546772597
1024 3575 -0.036918787623337
1024 3590 0.14273889968153064
1025 1040 -0.009990919604134119
1025 3786 0.5889633129564757
1025 3801 -0.11530914116869462
1025 3816 0.9269241218541768
1025 3831 -0.25546200157294074
1025 3846 0.5943758064856377
1025 3861 -0.6482022866897723
1025 3696 0.7003083889132347
1025 3711 -0.8290755653560662
1025 3725 0.9547344818971875
1025 3740 0.23267682581710614
1025 3755 0.028827609761465034
1025 3770 -0.2028288888502221
1038 1039 0.06540733960747147
1038 3426 -0.22984202399617004
1038 3441 0.34956280939046547
1038 3456 -0.6246063049110233
1038 3471 0.5530249940292731
1038 3486 0.37825299961281433
1038 3501 -0.18874425058746946
1038 3365 0.46117520201176543
1038 3380 -0.5771349743454754
1038 3395 -0.9729486969928547
1038 3410 -0.9405602037223302
1039 1040 -0.1110240850152755
1039 3606 -0.37618413847981436
1039 3621 0.5231756159464727
1039 3636 -0.29292339129653766
1039 3651 -0.4365389408668301
1039 3666 0.1176342341900325
1039 3681 -0.5986032636831413
1039 3516 -0.4231047490712019
1039 3531 -0.714131777277281
1039 3545 0.10445862312370036
1039 3560 -0.46080186963765724
1039 3575 0.23038666976424915
1039 3590 0.909900706420306
1040 3786 0.9707332214919868
1040 3801 0.6079286584175512
1040 3816 -0.20551102912198682
1040 3831 -0.4194826279652122
1040 3846 0.6206780046837004
1040 3861 -0.4106204911522122
1040 3696 -0.6664203999455327
1040 3711 -0.7287513581333276
1040 3725 -0.15463911413486242
1040 3740 -0.28414817020133065
1040 3755 0.3646414817674777
1040 3770 -0.7866388280251368
1053 1054 0.03713693077447666
1053 1068 -0.7523387322363457
1053 3426 0.7019157736390977
1053 3441 -0.4431493479907622
1053 3456 -0.239368635006856
1053 3471 0.8728812007912321
1053 3486 0.06412480504041129
1053 3501 0.9453210972688788
1053 3366 -0.6522084075321413
1053 3381 0.16864701110723823
1053 3396 0.471500336934523
1053 3411 0.3308623880034758
1054 1055 -0.5932778209096141
1054 1069 -0.013472525381115874
1054 3606 0.0860425932019302
1054 3621 -0.5071370126925032
1054 3636 0.6238300993440014
1054 3651 -0.20751046384959082
1054 3666 0.956170734347976
1054 3681 -0.6222063511208553
1054 3516 0.6344184709455176
1054 3531 0.8253100984179338
1054 3546 -0.6860912563076145
1054 3561 0.9000840007418975
1054 3576 0.07484884847136164
1054 3591 0.9210319676200585
1055 1070 0.1948280279110126
1055 3786 0.2906664710656488
1055 3801 0.30289911946218506
1055 3816 0.2293222033160136
1055 3831 -0.5354425746138869
1055 3846 0.525254644506759
1055 3861 0.9975310917693527
1055 3696 -0.5695544140837188
1055 3711 -0.7737495054781467
1055 3726 0.7399029911678259
1055 3741 0.35531356426328364
1055 3756 0.7065219515711234
1055 3771 -0.7089340999454967
1068 1069 -0.7094127247137594
1068 3426 0.16629268456666502
1068 3441 -0.08643222836891384
1068 3456 -0.8570932031273395
1068 3471 0.8084565823809569
1068 3486 0.5980625470954626
1068 3501 0.4137436183565997
1068 3366 -0.6251667457014318
1068 3381 -0.9949124155368698
1068 3396 0.9528779388416906
1068 3411 -0.9680368875587337
1069 1070 -0.5729103110654084
1069 3606 -0.5279627594291783
1069 3621 0.14167931993968774
1069 3636 0.06330302112333275
1069 3651 0.7321660015516089
1069 3666 -0.1304845726254853
1069 3681 -0.31530448239778264
1069 3516 -0.8890901632325572
1069 3531 -0.09476265463404165
1069 3546 -0.29096076074828114
1069 3561 0.8454952846155102
1069 3576 -0.5698515187137625
1069 3591 0.27797441155267233
1070 3786 0.10318524904731241
1070 3801 -0.04073500738019953
1070 3816 -0.2662070653680435
1070 3831 0.5166826572854262
1070 3846 -0.025330402570289845
1070 3861 0.5163929368424476
1070 3696 0.5533245762915378
1070 3711 -0.9643168677648541
1070 3726 -0.7530665927381717
1070 3741 0.27540787501370234
1070 3756 -0.14967835009509178
1070 3771 -0.522667534981792
1083 1084 -0.2436532423503288
1083 1098 -0.05136624323826111
1083 3426 -0.15959205183960679
1083 3441 -0.7225241630474792
1083 3366 0.5213934758118268
1083 3381 -0.5765169300484279
1083 3396 0.36021627288318814
1083 3411 0.5199162145122511
1084 1085 -0.7893301403698829
1084 1099 -0.4013072648742282
1084 3606 -0.7399447093548202
1084 3621 -0.979403445430731
1084 3456 -0.7871164620760311
1084 3471 0.7706801859767138
1084 3486 -0.21651717829528394
1084 3501 0.18895993423274837
1084 3516 -0.3445507339174958
1084 3531 0.00835328925298473
1084 3546 -0.19642964685228836
1084 3561 0.27982279120610176
1084 3576 -0.8519614543882708
1084 3591 0.4078525976517908
1085 1100 0.8304475912574776
1085 3786 0.6427142422784469
1085 3801 -0.6680828151170861
1085 3636 0.507310271594271
1085 3651 -0.6253391558592396
1085 3666 -0.43919839295057406
1085 3681 -0.744898714771818
1085 3696 -0.515014369110774
1085 3711 0.9396136221492637
1085 3726 -0.7388073938028954
1085 3741 -0.7645632950369514
1085 3756 -0.6845748259639926
1085 3771 -0.3993884735121265
1098 1099 0.16730411353307129
1098 3426 -0.21444559309852296
1098 3441 -0.9379352443077451
1098 3366 0.2761474271387998
1098 3381 0.01882982557279078
1098 3396 0.3431651921268901
1098 3411 0.6841012095249843
1099 1100 0.41147235536621185
1099 3606 0.5100506484030989
1099 3621 -0.6519331883648658
1099 3456 -0.4494699139468228
1099 3471 0.9539490739439531
1099 3486 0.4889654062398754
1099 3501 -0.4835789551960661
1099 3516 -0.509408508014557
1099 3531 -0.8408715702350444
1099 3546 -0.7208576906512358
1099 3561 0.5259814569179067
1099 3576 -0.14719523507016996
1099 3591 -0.29847244045152643
1100 3786 0.07497862880860962
1100 3801 0.28812739667276754
1100 3636 -0.24087059803987554
1100 3651 0.7096718530654966
1100 3666 0.9104510566740791
1100 3681 0.8333984772445311
1100 3696 -0.7814430601662175
1100 3711 -0.24191410703212157
1100 3726 0.27083566535886416
1100 3741 0.1894871891320815
1100 3756 0.8209020276064807
1100 3771 -0.2131116358268863
1113 1114 -0.41405617973700126
1113 1128 -0.36545283117696936
1113 3426 -0.19910961671766714
1113 3441 -0.7157932915971992
1113 3366 -0.5017224089885168
1113 3381 0.9864864016512573
1113 3396 0.17022872896101338
1113 3411 0.47445452665234167
1114 1115 0.264229767814228
1114 1129 -0.12357551345116913
1114 3606 -0.18728768869660772
1114 3621 0.7491822339404601
1114 3456 0.6780003542829789
1114 3471 0.6243471592679299
1114 3546 -0.6981995846420139
1114 3561 -0.36511971566929513
1114 3576 -0.49623640903236677
1114 3591 -0.5116032145053582
1115 1130 -0.37598390214927546
1115 3786 -0.190628386840757
1115 3801 -0.16287288357723795
1115 3636 -0.6913771479246005
1115 3651 0.20779889670974905
1115 3726 -0.23875286792559747
1115 3741 0.9996729120597518
1115 3756 0.8801711738447067
1115 3771 0.7589634739556583
1128 1129 -0.5111925990767701
1128 3426 0.901567409506919
1128 3441 -0.1873910846970248
1128 3366 -0.6646932860781389
1128 3381 -0.9268711850825648
1128 3396 -0.7388714049943941
1128 3411 -0.9121984686449065
1129 1130 -0.24540191011229462
1129 3606 0.8732465706120267
1129 3621 -0.19178091768090044
1129 3456 0.14141155918302561
1129 3471 0.5608835539988184
1129 3546 -0.8773119611917481
1129 3561 -0.8120371539054791
1129 3576 0.14834015404075518
1129 3591 -0.5705008549823924
1130 3786 0.008752552313411543
1130 3801 0.9523106499107634
1130 3636 0.03161503840621194
1130 3651 0.17499069266056178
1130 3726 0.014546497204328102
1130 3741 0.9126439353917366
1130 3756 -0.5587014262531587
1130 3771 -0.17102438899480332
3364 3365 0.7893206966690098
3364 3379 -0.7012155741343482
3365 3366 -0.7944639958958515
3365 3380 0.5662067972589733
3366 3381 -0.20956314106669693
3379 3380 0.062195789798261014
3380 3381 -0.2528108790312735
3394 3395 0.3958803308300387
3394 3409 0.9300731190255052
3395 3396 0.6523676451052598
3395 3410 0.2536626471221701
3396 3411 -0.047722511329777006
3409 3410 -0.9336533301210288
3410 3411 0.9358937595953762
3424 3425 0.9580201125602987
3424 3439 -0.6546826221787665
3425 3426 0.7775278911526435
3425 3440 -0.5577543785955479
3426 3441 -0.4036341995679489
3439 3440 0.12277555343367275
3440 3441 -0.34154359454195404
3454 3455 0.4629166975313517
3454 3469 0.8406814245118144
3455 3456 -0.7886462170399839
3455 3470 0.5070879277053988
3456 3471 0.6423868668823618
3469 3470 0.7636777979789695
3470 3471 0.5321426213517879
3484 3485 0.4965896537871919
3484 3499 0.4974427823525236
3485 3486 -0.9115199112111054
3485 3500 0.961919688068315
3486 3501 -0.975422480689381
3499 3500 -0.3274830211223043
3500 3501 -0.0772277573857234
3514 3515 -0.1948245994737543
3514 3529 0.6455507909129752
3515 3516 0.7472061851476313
3515 3530 0.6319166296388983
3516 3531 -0.3461737511953129
3529 3530 -0.2953364703808372
3530 3531 -0.9261842215001994
3544 3545 0.5210738131640775
3544 3559 0.3519779804920422
3545 3546 0.18106295044338538
3545 3560 -0.36827993412718274
3546 3561 0.616948192811756
3559 3560 0.05401938638399617
3560 3561 -0.8175150418303994
3574 3575 0.06778528963495689
3574 3589 0.2919985467722017
3575 3576 0.4088393054051762
3575 3590 0.3057773533979655
3576 3591 0.3698005771104995
3589 3590 0.6961871033678448
3590 3591 0.8524859152215218
3604 3605 0.32480597238534914
3604 3619 -0.6498295726996406
3605 3606 -0.2717786336989345
3605 3620 0.811219456877651
3606 3621 -0.41746750987914805
3619 3620 -0.12300926731677286
3620 3621 -0.7522321276665087
3634 3635 0.8328892803861587
3634 3649 -0.18042507522870954
3635 3636 0.891525848822682
3635 3650 -0.8419478227908133
3636 3651 0.42359910955697266
3649 3650 -0.8842550469218868
3650 3651 0.33850262311379775
3664 3665 0.5832452015180969
3664 3679 0.6504657882117169
3665 3666 0.8256309022264692
3665 3680 0.6072031068824393
3666 3681 0.09767936366217778
3679 3680 0.8466135124943643
3680 3681 0.6719195470766286
3694 3695 0.8530688169024205
3694 3709 0.9780554239891057
3695 3696 -0.35752505188577177
3695 3710 -0.26579169134844705
3696 3711 -0.5557576224606806
3709 3710 -0.19189683998689055
3710 3711 -0.10320775759144074
3724 3725 -0.1530357059085008
3724 3739 0.40935077226121974
3725 3726 0.1750541552657685
3725 3740 -0.8331233015759845
3726 3741 -0.3346530540446795
3739 3740 -0.9326049552566202
3740 3741 -0.034311389981538154
3754 3755 -0.23460856799273322
3754 3769 0.7014053013880615
3755 3756 -0.6735573414739293
3755 3770 0.41084004219864223
3756 3771 -0.9584783633106808
3769 3770 0.9892946530304869
3770 3771 0.4395539872948149
3784 3785 -0.4297965944697466
3784 3799 0.5326504246915966
3785 3786 0.0335175339478504
3785 3800 -0.3618885087048396
3786 3801 -0.6203874887924583
3799 3800 0.4483804180365354
3800 3801 -0.7327344937512166
3814 3815 0.8793218710609307
3814 3829 -0.14364928672249033
3815 3816 0.4496694739473255
3815 3830 -0.55406608404723
3816 3831 -0.5359341631328476
3829 3830 0.8587442798081417
3830 3831 -0.7090588873904646
3844 3845 -0.47248610956704695
3844 3859 -0.26897984002378705
3845 3846 -0.3653226581369162
3845 3860 0.15468834724578073
3846 3861 0.40297199248005655
3859 3860 -0.06698376542741813
3860 3861 -0.6494588590929371
3874 3875 -0.41218731406840137
3874 3889 0.5813794040253688
3875 3876 0.9150303014225105
3875 3890 0.9602542148892397
3876 3891 -0.7387891230202734
3889 3890 0.6586321728847735
3890 3891 -0.13480972482264075
