# 
603 603 -1.5239988280019716
604 604 -2.6600769990280018
605 605 -3.604911427979559
618 618 0.2265880517983465
619 619 2.2549396551131
620 620 -0.13666172134641563
633 633 2.755001328741713
634 634 3.333275027625996
635 635 1.246502827944405
648 648 1.000507158396145
649 649 0.5574364281098072
650 650 -0.2189530785527074
663 663 2.6570436095259033
664 664 2.397900228219882
665 665 3.2698635269092593
678 678 2.1549069203267264
679 679 0.8775564025246139
680 680 -0.9484449426331372
693 693 0.45501173556487196
694 694 2.015352416294527
695 695 -1.885907726888231
708 708 2.0121004549208417
709 709 2.2241522205964035
710 710 2.375930419362641
723 723 1.7621665145718906
724 724 1.7189076739476548
725 725 0.42913141627768514
738 738 0.609819101477413
739 739 3.672110197790995
740 740 -0.7526782013638034
753 753 2.534332796736475
754 754 -0.8139354071974525
755 755 -1.3964664256034567
768 768 -3.974431405786622
769 769 -3.1106715674616527
770 770 -1.0177559535308989
783 783 -2.286544721287558
784 784 3.7046171502111465
785 785 -3.7168874141287
798 798 0.7621288404544897
799 799 -2.3876166673394605
800 800 1.4708650736028162
813 813 0.07214496789249836
814 814 -3.706951816854354
815 815 -2.060612621996829
828 828 0.793684571227411
829 829 1.9153846417282745
830 830 -0.1468799126365843
843 843 -2.123719323405166
844 844 3.4434879774927687
845 845 2.8309859828506605
858 858 1.3375389854155877
859 859 -2.4994276952769052
860 860 -0.9503238629818176
873 873 0.07210385304308264
874 874 3.1331468564407565
875 875 -3.329733898698322
888 888 -2.786383872638603
889 889 1.9287231813583423
890 890 -0.059294496114909556
903 903 -1.1735368980288028
904 904 -3.8713266810117055
905 905 0.2595129545422168
918 918 -2.2558343215984173
919 919 3.5987876559404652
920 920 3.692135134593456
933 933 3.455193480759246
934 934 2.3376937804330797
935 935 -1.6494484107097938
948 948 2.918329973751276
949 949 -2.1645190648068455
950 950 -0.72812333624716
963 963 -1.5622941976218065
964 964 3.0187951529949295
965 965 2.8688615674837497
978 978 -2.884577129812963
979 979 -3.222709559702688
980 980 2.485657877771752
993 993 -3.0197748440481185
994 994 1.0458883486955735
995 995 -2.4424410480347127
1008 1008 0.5194577017508379
1009 1009 0.903768918988427
1010 1010 -1.5660756769463005
1023 1023 3.559810895876547
1024 1024 -3.1319150521478196
1025 1025 1.6541516527399924
1038 1038 -3.452740181096048
1039 1039 3.6660384330491986
1040 1040 2.4249810837796577
1053 1053 -2.2685741115094276
1054 1054 1.1425419081859411
1055 1055 -3.738829024896072
1068 1068 1.35752453997185
1069 1069 -1.903995959667104
1070 1070 -2.028740457148867
1083 1083 -0.11481167202871223
1084 1084 -0.07102988986196035
1085 1085 0.14076230950217816
1098 1098 -2.8225302548633024
1099 1099 3.1634696719184694
1100 1100 -1.1582138535628372
1113 1113 3.293910102947879
1114 1114 -2.3916006751531746
1115 1115 -2.9618145405367757
1128 1128 3.147763446029959
1129 1129 -1.8407106569029006
1130 1130 -0.7694915435597025
3364 3364 2.919614947607748
3365 3365 -1.241630629336135
3366 3366 0.15602163440167427
3379 3379 -2.117951796720609
3380 3380 -0.8338845506652177
3381 3381 -2.93476252146855
3394 3394 -1.0607512436094595
3395 3395 -2.270166936208475
3396 3396 -1.051595796738062
3409 3409 1.18055418860712
3410 3410 3.077406237075733
3411 3411 3.6941471674746555
3424 3424 1.2419046224545216
3425 3425 0.16337133521315472
3426 3426 3.0511547454427754
3439 3439 -0.9080426680427971
3440 3440 -1.2573558489747478
3441 3441 2.726442234374634
3454 3454 -0.7703955984337645
3455 3455 0.8971615104484867
3456 3456 1.7405542413525978
3469 3469 -3.479867109521912
3470 3470 1.1948348746865864
3471 3471 0.2905100134817111
3484 3484 -1.467726669843442
3485 3485 0.8949422913622582
3486 3486 -1.0189853023035935
3499 3499 2.087482921283927
3500 3500 -2.87413217859634
3501 3501 -3.287112619068198
3514 3514 -3.975262225846161
3515 3515 0.1889771966616145
3516 3516 2.8467460348494837
3529 3529 0.33427730953008705
3530 3530 1.6200633526143742
3531 3531 1.7706410290976429
3544 3544 -3.1261761310525946
3545 3545 1.3635620744510986
3546 3546 3.023125890157714
3559 3559 2.2313779342764013
3560 3560 2.599989945935084
3561 3561 3.025878233214099
3574 3574 2.013787437071584
3575 3575 -1.4735835595128544
3576 3576 0.1835679636979881
3589 3589 -2.1804621922830476
3590 3590 1.3423478549798125
3591 3591 1.5157263927245888
3604 3604 -1.3615985801652117
3605 3605 -1.7232508511859157
3606 3606 -0.017277066792793505
3619 3619 2.3906714280601786
3620 3620 -0.9328727234377796
3621 3621 -3.3283681845309294
3634 3634 -1.5771067705391832
3635 3635 0.7543631752988267
3636 3636 3.9112360738671788
3649 3649 1.6540282185231732
3650 3650 -3.515216765474701
3651 3651 1.255736844132941
3664 3664 0.7849682329947418
3665 3665 -0.3055755511761076
3666 3666 -2.2480547737861087
3679 3679 -0.11314502783592051
3680 3680 -2.909787703792058
3681 3681 -2.9102396757393905
3694 3694 3.0984890911729694
3695 3695 -3.419974461328965
3696 3696 1.622806640350527
3709 3709 -0.03777094112329138
3710 3710 1.4710337499221753
3711 3711 -1.3746374965791386
3724 3724 -1.0569483381845801
3725 3725 -1.7543511542357226
3726 3726 3.06071559884559
3739 3739 -2.1179229433652065
3740 3740 -3.6352794911689
3741 3741 3.4280647780345097
3754 3754 1.0236923303463854
3755 3755 -0.6102350347885039
3756 3756 3.114459193259563
3769 3769 -3.437319990256655
3770 3770 -2.223327338153682
3771 3771 3.7420771864457363
3784 3784 3.9700884691203893
3785 3785 -0.3263193514828666
3786 3786 0.08378748696148275
3799 3799 1.8194006336351318
3800 3800 -3.3871389798391203
3801 3801 1.0114424887987914
3814 3814 -3.4583267965918365
3815 3815 3.6593949165659136
3816 3816 -2.026652679198384
3829 3829 -3.2056216997308677
3830 3830 0.6174778857273173
3831 3831 0.5501626864183606
3844 3844 1.389271255068838
3845 3845 2.4985669710566834
3846 3846 3.374391371669758
3859 3859 -0.5557950513373848
3860 3860 1.5926014207983474
3861 3861 3.2318927375284225
3874 3874 3.1703302598619514
3875 3875 2.545369941941482
3876 3876 1.042940339027428
3889 3889 0.5763263873976108
3890 3890 -1.3525905713720885
3891 3891 1.0213063428443068
603 604 -0.9373770799801235
603 618 -0.35536392355752433
603 3484 0.2018994196008308
603 3499 0.7219287006307082
603 3514 -0.12868539907355636
603 3529 -0.4451370757387638
604 605 0.9725272762619754
604 619 -0.030462979984231753
604 3664 0.03744913149336493
604 3679 -0.09110638233206436
604 3694 0.07353491824234193
604 3709 -0.8446446921523991
605 620 0.0358436144607448
605 3844 -0.8093356392946496
605 3859 0.8001193603974628
605 3874 0.20159635703593093
605 3889 -0.2997289185386083
618 619 -0.17616215586312522
618 3484 -0.6697003353927098
618 3499 -0.25422979998432793
618 3514 0.6238675199634636
618 3529 -0.9626991764403054
619 620 -0.0582340005685118
619 3664 0.4695365827859417
619 3679 -0.4999482675379725
619 3694 -0.383230842541717
619 3709 0.3467343591930483
620 3844 -0.8002126572065977
620 3859 0.10962030041945114
620 3874 0.23191915047674772
620 3889 0.5935192121806856
633 634 0.28038002810287077
633 648 0.8496062219960909
633 3424 0.6841959758995535
633 3439 -0.4255363010101014
633 3454 0.3605994059701769
633 3469 0.7223923857029508
633 3484 0.45084640272359255
633 3499 -0.20992588875331641
633 3514 -0.6795575098592588
633 3529 -0.10632257523936794
634 635 0.6994912799284994
634 649 -0.18834906315666533
634 3604 0.9803191842404302
634 3619 0.7176789033155904
634 3634 0.38017081690739274
634 3649 0.0701342764824826
634 3664 0.22148205258694964
634 3679 -0.35663814971539165
634 3694 0.28098477780994124
634 3709 -0.161229817323695
635 650 -0.6272717504617003
635 3784 -0.6734777304355535
635 3799 0.18840987497821304
635 3814 -0.7782996451078885
635 3829 0.597821537216904
635 3844 0.5440094617211519
635 3859 0.573861414175137
635 3874 -0.7366690314768434
635 3889 -0.8133971105063416
648 649 -0.7808586298755209
648 3424 -0.5751916351225308
648 3439 -0.9237394803577397
648 3454 -0.294596866500201
648 3469 -0.4954771032623142
648 3484 -0.7047582615408787
648 3499 -0.038308248047578486
648 3514 0.1610966960930178
648 3529 0.10288836716366179
649 650 -0.5621893530710256
649 3604 -0.33780843951480866
649 3619 -0.635136134289233
649 3634 -0.9143857028632674
649 3649 0.06331237798518607
649 3664 -0.712377842539321
649 3679 0.9942216723034574
649 3694 -0.9088865877488683
649 3709 -0.1610829324244114
650 3784 -0.1722441089416198
650 3799 0.8696332461809457
650 3814 0.882739267176631
650 3829 -0.776787552861341
650 3844 -0.0435260424367665
650 3859 -0.430441284213549
650 3874 0.1052785595411192
650 3889 -0.8586306149892793
663 664 0.10850959291975837
663 678 0.9628746977078859
663 3424 -0.8063550618605684
663 3439 -0.9817946360295373
663 3454 -0.44302104306327306
663 3469 -0.8765778556458579
663 3484 -0.47963860376654677
663 3499 0.9240234137947723
664 665 0.8556787197353664
664 679 0.82101650214691
664 3604 0.005747693542979215
664 3619 -0.44529768600549824
664 3634 -0.9284249602181873
664 3649 0.1041337934468689
664 3664 -0.7097865374833112
664 3679 0.10193522291676471
664 3514 0.2717762937729207
664 3529 0.9961422871002048
665 680 -0.19150475979795023
665 3784 -0.9059784287502075
665 3799 -0.8044731669368725
665 3814 0.6710249785778497
665 3829 -0.11207812773850345
665 3844 0.4246023405086794
665 3859 0.21885430897330949
665 3694 -0.5478144601767048
665 3709 -0.8555175896443192
678 679 0.15179788251625514
678 3424 0.24204113476536482
678 3439 0.5547245898142288
678 3454 -0.4393616718455333
678 3469 0.4412625344186536
678 3484 -0.3644577818153565
678 3499 -0.3861268612255022
679 680 0.7519474116180342
679 3604 0.9418022280535823
679 3619 0.8766153535971242
679 3634 0.0757819063831735
679 3649 0.4948608916693422
679 3664 -0.15065310800616794
679 3679 0.014075773966611083
679 3514 -0.6086583295446009
679 3529 -0.09257416107363903
680 3784 -0.9290767215498734
680 3799 0.7941600972807148
680 3814 -0.4900727165323764
680 3829 -0.09924071165776982
680 3844 0.13275875231824052
680 3859 0.7014081421822551
680 3694 -0.1084942588746114
680 3709 -0.6668746330352866
693 694 -0.42143924669868094
693 708 0.8290417825914871
693 3424 0.22128976162540437
693 3439 0.4494898010293682
693 3454 -0.8457574870033513
693 3469 -0.005801187314844469
693 3484 0.009362327229884615
693 3499 -0.6875156828495061
693 3364 0.8291963751743836
693 3379 0.6729181732556466
693 3394 -0.17194181373794537
693 3409 0.12657198832258598
694 695 -0.444147616762802
694 709 -0.8826058336099241
694 3604 -0.24441223561861425
694 3619 0.6504017642149418
694 3634 0.7616279769985279
694 3649 -0.25232597631706244
694 3664 0.7257793905886345
694 3679 0.9446360507489822
694 3514 -0.25457394385713683
694 3529 -0.013866642041520993
694 3544 0.5078186745897475
694 3559 -0.538083625751324
694 3574 -0.06413740084487718
694 3589 0.5368201494226845
695 710 -0.6617198228356065
695 3784 0.08492600300607456
695 3799 0.44704844998344795
695 3814 0.14906110131629435
695 3829 -0.571139207096915
695 3844 -0.3732797291026526
695 3859 0.44654702362292586
695 3694 -0.29244090281010293
695 3709 0.21889348630581296
695 3724 0.2365266478070287
695 3739 -0.04894450412315887
695 3754 0.3336415602102416
695 3769 0.2230519973703191
708 709 -0.09066667431747732
708 3424 0.9340273296441657
708 3439 -0.893095657224906
708 3454 0.917898818136812
708 3469 0.7643190467186052
708 3484 -0.32290554454010323
708 3499 0.9600360177262464
708 3364 0.9026144035847381
708 3379 0.047814727794926126
708 3394 0.5584110246835641
708 3409 0.19538722318054358
709 710 0.9966742980399621
709 3604 -0.28992154130942294
709 3619 -0.16607722648284762
709 3634 -0.041097451988790334
709 3649 0.7952102734941477
709 3664 0.8670766825265854
709 3679 0.29251289063627595
709 3514 -0.018148055951421993
709 3529 0.7832007312919671
709 3544 0.9886106126978866
709 3559 -0.063509916850367
709 3574 0.6004580851331747
709 3589 0.9024537501069865
710 3784 0.25114277756005365
710 3799 -0.5773709561706029
710 3814 -0.3668309029969621
710 3829 -0.19964772179230028
710 3844 -0.765984300817703
710 3859 0.7026343188471551
710 3694 0.643362871594773
710 3709 -0.6575127720710103
710 3724 -0.9803797355358053
710 3739 0.4054070550870199
710 3754 0.8694879305990459
710 3769 0.7409109809057524
723 724 -0.9510988239570648
723 738 0.2401287225907187
723 3424 0.3916484475827291
723 3439 -0.9268050104847751
723 3364 0.7287034811421114
723 3379 0.2741607780479054
723 3394 0.1364986595378166
723 3409 -0.5737502527276557
724 725 -0.8031117960678866
724 739 0.6986317888721432
724 3604 0.5331316929505983
724 3619 -0.5974041449894822
724 3454 -0.5694976859848562
724 3469 0.23123551978499113
724 3484 -0.5915602156121134
724 3499 0.9181186851814305
724 3514 -0.38518488449879307
724 3529 0.012698668410834113
724 3544 -0.4006112233373338
724 3559 0.8149250915884407
724 3574 -0.14078418699630335
724 3589 0.6753075101448347
725 740 0.8222592787754388
725 3784 0.1881719554142458
725 3799 -0.6734236831795342
725 3634 -0.6165527357718292
725 3649 -0.5996410580457123
725 3664 -0.9869920770464917
725 3679 -0.09680242111265858
725 3694 0.18166292706313536
725 3709 0.3514377693639614
725 3724 0.946322666067416
725 3739 0.6417229645136044
725 3754 -0.6392619385665741
725 3769 -0.9222731864980545
738 739 -0.722195740906614
738 3424 -0.35848048540748056
738 3439 0.6471116356038971
738 3364 0.9072647818364279
738 3379 -0.13053891882989066
738 3394 0.5385698570624686
738 3409 0.825414732543029
739 740 0.2443528750115287
739 3604 0.5806246545024143
739 3619 -0.0044274003386515215
739 3454 0.9915089072369081
739 3469 0.1556538711419766
739 3484 0.693406968061899
739 3499 -0.5281920353169622
739 3514 0.6664389512716637
739 3529 0.11731333149207757
739 3544 -0.74313068374642
739 3559 0.03073949410400778
739 3574 0.12390680423836242
739 3589 0.6890276074231365
740 3784 -0.8065451509347064
740 3799 0.2955038839480597
740 3634 0.89496767401149
740 3649 -0.18103220358949468
740 3664 -0.29351704098224607
740 3679 0.12713744854748743
740 3694 -0.6032533136167388
740 3709 0.21818590571359486
740 3724 0.46423597230233105
740 3739 0.8212873045919262
740 3754 0.7924500634202649
740 3769 -0.0705502955564572
753 754 0.8039692047680254
753 768 -0.9295964866718804
753 3424 0.6057878921631734
753 3439 -0.8815281330393621
753 3364 -0.2978124777532791
753 3379 0.8278754553788339
753 3394 -0.976678680917491
753 3409 0.05804575796526534
754 755 -0.8059563743541738
754 769 0.6586293318634628
754 3604 -0.6713598762744115
754 3619 -0.5542462407494977
754 3454 -0.5232743769971131
754 3469 -0.8800442907404298
754 3485 -0.8019320328399733
754 3500 0.8720035910007877
754 3515 0.8748706563716109
754 3530 0.9850368751088034
754 3544 0.7325936396163641
754 3559 -0.24257089602632909
754 3574 -0.5029290382975187
754 3589 0.8533572224242763
755 770 0.4266495539702093
755 3784 -0.5823107243633572
755 3799 -0.15346275344302196
755 3634 -0.03325151395254666
755 3649 -0.28670402570518627
755 3665 0.8839273400435252
755 3680 -0.26085593400172846
755 3695 -0.03276272421669346
755 3710 -0.9391819325707096
755 3724 0.7306180768293828
755 3739 -0.39156532480347006
755 3754 0.4456186182594559
755 3769 0.5045665506519572
768 769 -0.14709859368201594
768 3424 0.9794970035372197
768 3439 -0.6365215989275506
768 3364 0.9244836636264706
768 3379 -0.678736882727411
768 3394 0.2599689533470442
768 3409 -0.5878497986278457
769 770 0.01745970294896093
769 3604 0.9164045192005477
769 3619 -0.11610989827703944
769 3454 -0.8282301056845183
769 3469 -0.7584984559970018
769 3485 0.9258146084516883
769 3500 0.10971749536041586
769 3515 -0.05168686143672718
769 3530 -0.220700703943024
769 3544 0.12282848581841344
769 3559 0.07351647159590557
769 3574 0.00048343773711656546
769 3589 -0.83716323336154
770 3784 0.6051195753263012
770 3799 -0.12627087414731264
770 3634 0.43891788857567215
770 3649 0.41425624534224137
770 3665 -0.35055877348246467
770 3680 0.8960727671122173
770 3695 -0.18439834745666772
770 3710 0.08453891900554322
770 3724 0.08025144845039511
770 3739 0.6008354890379632
770 3754 0.6270608481921087
770 3769 -0.5215686936839061
783 784 -0.6968348375488458
783 798 -0.5517126462250532
783 3424 -0.3592343816606087
783 3439 -0.63345896224967
783 3454 -0.31621017686653996
783 3469 0.7589371457485146
783 3485 0.7429803674221391
783 3500 -0.593829422827435
783 3515 -0.3088694743600746
783 3530 0.37732413564130796
783 3544 -0.931402874706156
783 3559 0.8043104251184743
783 3394 -0.0730566413629008
783 3409 -0.3127345892848137
784 785 -0.5882353791806958
784 799 0.4853067800758022
784 3604 0.6116070089629382
784 3619 -0.7904305295997323
784 3634 0.7321109747145735
784 3649 -0.526081907384887
784 3665 -0.8635702681378736
784 3680 0.7222334035890854
784 3695 0.10877157710721219
784 3710 0.7164766937625298
784 3724 -0.34803379211029895
784 3739 0.7519724761858209
784 3574 0.2976847304246
784 3589 -0.5487061637728261
785 800 0.7268908208067426
785 3784 0.8215640866360869
785 3799 -0.12574777490329714
785 3814 -0.38720699050767093
785 3829 -0.6088036417495946
785 3845 -0.05468423565535607
785 3860 -0.5518296680770931
785 3875 -0.46047667593553965
785 3890 0.8611333401244805
785 3754 -0.9458899148604609
785 3769 0.31982083074619383
798 799 0.019813718036291617
798 3424 -0.802910314553634
798 3439 0.07414637182275707
798 3454 -0.29766125236570273
798 3469 0.6191476425472184
798 3485 0.31710295715915837
798 3500 0.024600357440496712
798 3515 -0.2591051553288355
798 3530 -0.41545919958875066
798 3544 -0.15922877097367794
798 3559 0.950656012576554
798 3394 -0.3483646832796101
798 3409 0.48356717035808194
799 800 -0.7743075783380582
799 3604 0.7095388295249212
799 3619 -0.6728705001648236
799 3634 -0.08352129527908336
799 3649 -0.828083649617444
799 3665 -0.1624434254748357
799 3680 -0.6558061373516908
799 3695 0.3859945433238259
799 3710 -0.1916895633831841
799 3724 -0.384166544722925
799 3739 0.26953850403050117
799 3574 0.41870568065100944
799 3589 0.30712207018563364
800 3784 0.33496562457701695
800 3799 -0.20006240066694492
800 3814 0.745684414635329
800 3829 0.030368623127857042
800 3845 0.28875665790902194
800 3860 -0.7285801698065437
800 3875 -0.7877139050606106
800 3890 0.6032048965193026
800 3754 -0.9210035771662151
800 3769 -0.7383451498917786
813 814 0.28388601733365815
813 828 0.03648109198678906
813 3425 -0.647742255733823
813 3440 -0.615060502891557
813 3455 0.8049475432077062
813 3470 -0.8390121934221235
813 3485 -0.2972623333684439
813 3500 0.4160735072426045
813 3515 0.5939705120578125
813 3530 0.4097520285160636
813 3544 0.736534730283829
813 3559 0.518244106391005
813 3394 0.916866509765542
813 3409 -0.09275495496735964
814 815 0.9751435520675464
814 829 0.606377000670808
814 3605 -0.015567033224020754
814 3620 0.4413952722359147
814 3635 -0.8483369773991041
814 3650 0.6017520002681951
814 3665 0.5979251812748498
814 3680 -0.8566116949062212
814 3695 -0.9879823582037006
814 3710 -0.839320026084754
814 3724 0.26030884640349683
814 3739 0.20848546257846245
814 3574 0.3390089473144746
814 3589 0.5526955546005938
815 830 -0.9749307043855309
815 3785 -0.7214557808306099
815 3800 0.9451239810426648
815 3815 0.7456699388776888
815 3830 -0.39993436079878975
815 3845 -0.3283797592173272
815 3860 0.7554812188263933
815 3875 -0.9037054998638718
815 3890 -0.5223698271461619
815 3754 -0.6031956151172815
815 3769 0.9104837362653577
828 829 0.673963697975323
828 3425 0.8315025922831163
828 3440 0.7700056876828019
828 3455 -0.35339652350775586
828 3470 -0.30823724678910636
828 3485 -0.5340889672735762
828 3500 0.09491007085751679
828 3515 0.28159191367781844
828 3530 0.5928152625016121
828 3544 0.22514565757858795
828 3559 -0.47701315463192406
828 3394 0.8482069546642499
828 3409 0.6472841071199711
829 830 -0.004951280864380125
829 3605 -0.9582700629325447
829 3620 0.5723067061265732
829 3635 0.7983521570887777
829 3650 -0.06078073607037071
829 3665 0.7779588585261779
829 3680 -0.5336412651708771
829 3695 -0.1650286335016029
829 3710 0.7496918975282942
829 3724 0.6372927120816021
829 3739 -0.11438917253219438
829 3574 -0.3599501550982258
829 3589 -0.29964359451405453
830 3785 0.8026769507059703
830 3800 0.8463285692134246
830 3815 -0.7126197823872749
830 3830 0.6233679548240803
830 3845 0.048462957027126885
830 3860 -0.02616995852313364
830 3875 0.7014618584890988
830 3890 -0.23592385518522563
830 3754 -0.2986936284668886
830 3769 -0.9038083940432926
843 844 -0.7958116647859179
843 858 -0.48974924147781196
843 3425 -0.9087325030442839
843 3440 -0.7118560709689636
843 3455 -0.7605321281516326
843 3470 -0.7711704246955171
843 3485 -0.9157365093699867
843 3500 0.5078173616717938
843 3364 0.6869822950717075
843 3379 0.27673990813885285
843 3394 -0.3712251390695642
843 3409 -0.7331113317419649
844 845 -0.03749053897232746
844 859 -0.5108925320387512
844 3605 -0.9073562267514717
844 3620 0.40257373904761073
844 3635 -0.0028650972220285453
844 3650 0.670835810281939
844 3665 -0.8419203283318599
844 3680 0.09611032005689091
844 3515 0.27231439722560324
844 3530 -0.2365367675033092
844 3544 -0.8764980820103041
844 3559 0.3761632885400248
844 3574 0.6017348868764312
844 3589 0.054692651435845896
845 860 -0.6908035067724381
845 3785 -0.22668844057117776
845 3800 0.1336448914974575
845 3815 0.823878860654667
845 3830 0.7688798091634299
845 3845 -0.45291843692390277
845 3860 -0.5919459733037133
845 3695 -0.11167338274326499
845 3710 -0.21471116532825496
845 3724 -0.2172571252571418
845 3739 -0.5058468980664363
845 3754 0.4195933867117221
845 3769 0.45098235772306117
858 859 0.5861388827007907
858 3425 0.6856368733666527
858 3440 0.3099070121948715
858 3455 -0.3441825033941095
858 3470 -0.8631236086742389
858 3485 -0.5119917150640416
858 3500 -0.017231221504055316
858 3364 -0.29410131674920725
858 3379 -0.9747721659051678
858 3394 -0.5716617016025274
858 3409 -0.3359261710557322
859 860 0.267416524844043
859 3605 0.6888533056514996
859 3620 0.227557643647057
859 3635 -0.3840513541969788
859 3650 0.3204191663611571
859 3665 -0.4224094394574116
859 3680 0.3417805992539926
859 3515 0.8483880460607243
859 3530 0.7523984524419858
859 3544 -0.5636896351909182
859 3559 -0.7192038244307659
859 3574 0.2141607107532626
859 3589 -0.8798704024939115
860 3785 -0.8841177362143489
860 3800 0.46291356834208
860 3815 0.05542185243904929
860 3830 -0.12589943103688128
860 3845 0.4660070276713679
860 3860 0.2563380151719832
860 3695 -0.8143197350104403
860 3710 -0.48033184233526915
860 3724 -0.26795141176631043
860 3739 -0.8232059670088554
860 3754 -0.876768795433619
860 3769 -0.24652908615601277
873 874 -0.20169233076690896
873 888 0.07530526053262232
873 3425 -0.417906565680378
873 3440 -0.05324617470408377
873 3455 0.058176560197663374
873 3470 0.4995465790892444
873 3485 -0.34752147465783056
873 3500 0.23404389854653496
873 3365 0.8361081526075067
873 3380 -0.6234298051198857
873 3395 0.3888596953172019
873 3410 -0.35543719389602857
874 875 0.48569378404292807
874 889 -0.48578843747218703
874 3605 0.19064913946489437
874 3620 0.7100517233481749
874 3635 -0.5889173294594876
874 3650 0.6678029016616236
874 3665 0.8248132669033594
874 3680 -0.3216052512943468
874 3515 0.45301302202390126
874 3530 0.6589948653737219
874 3545 -0.5661782329031055
874 3560 -0.6791094585803605
874 3575 0.1458435645517735
874 3590 0.9862436036187303
875 890 0.46722698350814484
875 3785 -0.7201873874349243
875 3800 -0.2737282353191923
875 3815 0.9504381711091308
875 3830 0.2642734493388761
875 3845 0.7975173478600546
875 3860 -0.7800497406986397
875 3695 -0.923418566224788
875 3710 -0.37159410677290206
875 3725 0.46116502297985296
875 3740 0.38715930977344604
875 3755 -0.6362746978323404
875 3770 -0.7870017545190231
888 889 0.7845087506656816
888 3425 -0.12834477801980593
888 3440 0.8294433249943052
888 3455 0.6677387280020977
888 3470 -0.7840985443716069
888 3485 -0.25341759658331364
888 3500 -0.5984326207576824
888 3365 0.4145607333431873
888 3380 -0.8951182768317065
888 3395 0.9994856229927411
888 3410 -0.23591243671291062
889 890 -0.9313870641735509
889 3605 0.09851199155946477
889 3620 0.10998666115275268
889 3635 0.7334598217383494
889 3650 0.6503202971686384
889 3665 0.10815037433338737
889 3680 0.20608198099244412
889 3515 -0.4408360213095368
889 3530 0.9903287956890543
889 3545 -0.05845711063354253
889 3560 0.019371583651346835
889 3575 -0.9434003313219443
889 3590 -0.936139148248581
890 3785 0.20346826803813167
890 3800 0.9647231986321081
890 3815 -0.24859596828187702
890 3830 -0.8469870578760295
890 3845 0.5074485510145803
890 3860 -0.580953216041856
890 3695 0.2329268821517947
890 3710 0.7077718244164377
890 3725 -0.45673297696514203
890 3740 0.007959706596188942
890 3755 -0.9481219137136672
890 3770 0.01252215269451007
903 904 -0.8280111132467316
903 918 -0.02760342210322464
903 3425 -0.2966118213700992
903 3440 0.9906036971663559
903 3365 -0.3098998577708698
903 3380 -0.3608793832683277
903 3395 0.6179575360227809
903 3410 0.6613318094358012
904 905 0.9660884479948397
904 919 0.6333725801539594
904 3605 -0.8641545533401502
904 3620 0.8911177814351299
904 3455 0.9877121431883007
904 3470 -0.18143295219533262
904 3485 -0.12691199030143951
904 3500 -0.4933902430496053
904 3515 -0.2166033892749082
904 3530 -0.25060825457632063
904 3545 -0.99119791971729
904 3560 -0.5564960843696809
904 3575 -0.4844547704591733
904 3590 -0.6197114775761561
905 920 0.47336068760275607
905 3785 -0.15713357995092214
905 3800 0.8894004731936709
905 3635 -0.5961432783006191
905 3650 -0.10832215876353168
905 3665 -0.07924124170832059
905 3680 0.48671920682826575
905 3695 -0.9810842087076974
905 3710 -0.0010231628255763514
905 3725 0.27900351824152025
905 3740 -0.8346659376126055
905 3755 -0.3621728204910353
905 3770 0.434784662330824
918 919 -0.5304389539172101
918 3425 -0.9833047781495019
918 3440 0.6090784909635467
918 3365 0.35869351455938614
918 3380 -0.42290921277969007
918 3395 0.9380187829693709
918 3410 -0.46294971384757844
919 920 0.07597391391193109
919 3605 -0.07915967261707091
919 3620 0.38971488215420536
919 3455 -0.04697050915476231
919 3470 -0.5415188667466264
919 3485 0.5554526587595163
919 3500 0.14703214981332113
919 3515 0.33405063192503714
919 3530 -0.541768544854675
919 3545 0.4226097847663901
919 3560 0.17046611945148848
919 3575 0.761737722974152
919 3590 0.49018685573892906
920 3785 0.5960740395257678
920 3800 0.8473556774687987
920 3635 0.7879074768375085
920 3650 0.901324918667243
920 3665 -0.13499216362487743
920 3680 -0.8294158504394564
920 3695 -0.5449786991067056
920 3710 0.6627265748030333
920 3725 0.48436810368445826
920 3740 0.42470958730311836
920 3755 -0.8014035048120403
920 3770 0.9801138409028796
933 934 -0.0370531009508821
933 948 -0.009498318691634866
933 3425 -0.5163331454877722
933 3440 -0.08668712351626584
933 3365 0.10465804215100505
933 3380 -0.08035990762107392
933 3395 -0.8857301364518999
933 3410 0.9191804037201403
934 935 -0.0877011620782493
934 949 -0.9835985753436991
934 3605 0.01976220565443243
934 3620 0.9229892244242135
934 3455 0.320010368433858
934 3470 -0.6118034462430297
934 3486 -0.11752824350548674
934 3501 0.01797124028389785
934 3516 -0.2426072868110365
934 3531 0.630246890396341
934 3545 -0.14881238999646706
934 3560 0.19056857145848682
934 3575 -0.981470493798783
934 3590 0.4098112939155749
935 950 -0.8208404531020543
935 3785 0.8817965725439618
935 3800 0.9999274888974119
935 3635 -0.14841064023978712
935 3650 0.49642919932243545
935 3666 -0.16305646587865685
935 3681 0.5008357580211193
935 3696 0.4730505349345382
935 3711 0.06670964199147322
935 3725 -0.4792050481873231
935 3740 0.3993511445884834
935 3755 -0.30687725038538405
935 3770 0.7385770870660826
948 949 0.19016462615538288
948 3425 -0.47260270310445773
948 3440 -0.4274500224783684
948 3365 -0.746851874194856
948 3380 0.863499856696299
948 3395 -0.22062535459689547
948 3410 -0.24045093919640403
949 950 -0.8043513534555691
949 3605 0.7616901341027467
949 3620 -0.1174717122771225
949 3455 -0.6077091865107853
949 3470 -0.4737328632268909
949 3486 0.2738157363429341
949 3501 -0.14869981079352135
949 3516 -0.0732053953591354
949 3531 -0.25409713858535077
949 3545 -0.6577488444591575
949 3560 -0.2218074305558555
949 3575 0.2843805479892896
949 3590 0.30386075962949466
950 3785 0.3244267678308934
950 3800 0.5910513737476037
950 3635 0.09588742200394518
950 3650 -0.6926532201394566
950 3666 0.4543280239486893
950 3681 0.8590010119576312
950 3696 0.40318525861155363
950 3711 0.30912282577195227
950 3725 -0.34955177855146013
950 3740 0.7705302531407885
950 3755 -0.21472063383458417
950 3770 -0.647987536418575
963 964 0.8655517403341706
963 978 0.26585049521513615
963 3425 -0.4290714169085481
963 3440 0.7074158182877199
963 3455 0.5917557294241595
963 3470 -0.5192216555091018
963 3486 -0.21198706160772596
963 3501 0.2006049218831112
963 3516 -0.1876642082043367
963 3531 -0.24921809059546063
963 3545 -0.8812426746440907
963 3560 -0.20038684009374252
963 3395 0.05826080648025611
963 3410 0.9144224408664408
964 965 -0.9607547210461866
964 979 -0.1455241505677085
964 3605 -0.5973440781942252
964 3620 0.8350013288716058
964 3635 -0.7871281969864337
964 3650 0.5448078328085262
964 3666 -0.3031210364623267
964 3681 0.2902299275803717
964 3696 -0.003322262840132817
964 3711 0.10849303501116037
964 3725 0.9476381333239736
964 3740 0.7558272194540774
964 3575 -0.45624685043940194
964 3590 0.4340944380832721
965 980 -0.8341269591965017
965 3785 0.01962048650243653
965 3800 0.5188655795848465
965 3815 -0.5933488500611028
965 3830 -0.9145936110028876
965 3846 0.3754929511471261
965 3861 0.16744936248135622
965 3876 -0.40568109188000157
965 3891 0.36129369424669244
965 3755 -0.5877083506330067
965 3770 -0.9474563602490373
978 979 0.9554498988354618
978 3425 -0.19746890090886726
978 3440 -0.098465876427412
978 3455 0.4575532846425867
978 3470 0.1408218677893418
978 3486 0.19581074724140413
978 3501 0.7006609730404307
978 3516 -0.13894371852754084
978 3531 0.21238114940226982
978 3545 -0.15859640952674536
978 3560 -0.3886870017858961
978 3395 -0.12488182882472287
978 3410 0.7356044999468674
979 980 -0.8679272690667776
979 3605 0.7170160262086966
979 3620 -0.2676268239184869
979 3635 0.42007579752181545
979 3650 0.9277784171885888
979 3666 -0.780608413496817
979 3681 0.9732226265171322
979 3696 0.31466991664072097
979 3711 0.9523226959736799
979 3725 0.7310321091509391
979 3740 0.7394265569745337
979 3575 -0.09717903045617349
979 3590 0.2887204642379757
980 3785 0.9576829083706448
980 3800 0.6511459535614859
980 3815 0.5965842920894064
980 3830 0.9776881218979747
980 3846 0.25626628074176794
980 3861 0.7799274048861911
980 3876 -0.40368210495906465
980 3891 -0.7960483823302522
980 3755 0.8101849614362526
980 3770 0.7187237669846247
993 994 -0.23386148648467153
993 1008 -0.12389496596376559
993 3426 -0.5743810621282914
993 3441 -0.2044021575903543
993 3456 -0.8438213367882597
993 3471 0.3122777513280328
993 3486 0.7303784576808532
993 3501 -0.561835805526733
993 3516 0.8673301889320577
993 3531 0.16450662273082828
993 3545 -0.39876543394298536
993 3560 -0.6843177487629648
993 3395 0.5862782654241683
993 3410 0.48580019372346306
994 995 0.4309297765297526
994 1009 -0.3115381769797978
994 3606 -0.8408530333552979
994 3621 -0.9147265563018188
994 3636 0.6828636286527361
994 3651 0.8487434590984098
994 3666 0.16891539704179537
994 3681 -0.41592107009920043
994 3696 -0.2490993359933047
994 3711 -0.3161143199511285
994 3725 -0.49400234003247734
994 3740 -0.6446154777490387
994 3575 -0.5241308677750212
994 3590 0.7559999095386407
995 1010 0.04518493851745986
995 3786 -0.33360138236407844
995 3801 -0.8865096011179681
995 3816 -0.14808393703341682
995 3831 0.10266620611889943
995 3846 -0.42315918801711017
995 3861 0.15777868749779378
995 3876 0.8195515127767232
995 3891 0.5364577143195572
995 3755 0.6766335926635194
995 3770 0.7393024566922413
1008 1009 0.02408212761639228
1008 3426 0.7283197851641288
1008 3441 -0.17808885228099602
1008 3456 -0.254247229602627
1008 3471 -0.40592582876771344
1008 3486 -0.6440612989413423
1008 3501 0.7580585279671745
1008 3516 0.4287229000420656
1008 3531 0.8124301681624797
1008 3545 0.3714455823351983
1008 3560 0.4271081205977336
1008 3395 0.7612320279722367
1008 3410 -0.39417487708148613
1009 1010 0.586847588087172
1009 3606 0.2638412461162356
1009 3621 0.9413231167172187
1009 3636 -0.13943124267196216
1009 3651 0.33186573266298014
1009 3666 -0.7111861300215161
1009 3681 0.9077474915880397
1009 3696 0.4023734896650253
1009 3711 0.3503970921993529
1009 3725 -0.7252494086195194
1009 3740 -0.1756707407202247
1009 3575 -0.16018056476722475
1009 3590 0.016820287071648066
1010 3786 -0.8739777708361167
1010 3801 -0.050732205217621784
1010 3816 0.48685462095058174
1010 3831 0.3959738801477044
1010 3846 0.5480552266005352
1010 3861 -0.7334415973782835
1010 3876 -0.48607013722887626
1010 3891 0.9059222784605998
1010 3755 -0.5402827122272214
1010 3770 0.9440634815832438
1023 1024 -0.9372038153380426
1023 1038 0.10813801873083118
1023 3426 -0.22673727276290911
1023 3441 -0.9666058665483181
1023 3456 -0.8662160511298314
1023 3471 -0.6446988156437508
1023 3486 -0.7031232520171085
1023 3501 0.2260590415662076
1023 3365 0.6138847315960538
1023 3380 0.7444796081780372
1023 3395 0.8265467466155516
1023 3410 0.2893104048993991
1024 1025 -0.9597852598293792
1024 1039 -0.1378418890369686
1024 3606 0.471459966742233
1024 3621 0.5617573276930967
1024 3636 -0.6328789836512245
1024 3651 -0.6577687957257923
1024 3666 -0.9214822880368074
1024 3681 0.6356035784401788
1024 3516 0.27140447598461037
1024 3531 -0.45720329318682285
1024 3545 -0.4343301443790364
1024 3560 0.063341794071617
1024 3575 0.18985675765169963
1024 3590 0.9030914364375406
1025 1040 0.8611563263538082
1025 3786 0.5190607948646959
1025 3801 -0.7318174215057065
1025 3816 -0.9533914886783252
1025 3831 0.7614968173515317
1025 3846 -0.46153221278660994
1025 3861 -0.6807260251420593
1025 3696 0.6356430755568758
1025 3711 0.285789520865368
1025 3725 -0.004855401698252049
1025 3740 -0.8656695097970941
1025 3755 0.5100610536188024
1025 3770 0.2296966708566841
1038 1039 0.19884550363289732
1038 3426 0.018681579086171407
1038 3441 -0.8535924433111284
1038 3456 -0.23709230836153483
1038 3471 0.39097840578259424
1038 3486 -0.6112311552816239
1038 3501 -0.6550009058685295
1038 3365 0.04729986110197615
1038 3380 0.1734612297349809
1038 3395 -0.35099046801854583
1038 3410 0.8502869751325268
1039 1040 0.07902483342586963
1039 3606 0.35542024136876194
1039 3621 -0.9223619249008008
1039 3636 0.4424900326178416
1039 3651 -0.08407086354841842
1039 3666 -0.8256638774944323
1039 3681 -0.14165779678542
1039 3516 -0.8509480586330738
1039 3531 -0.7316876773799161
1039 3545 0.09797964182914254
1039 3560 0.65816088424243
1039 3575 0.5079744898979945
1039 3590 0.5847768170279015
1040 3786 0.4735427067580831
1040 3801 -0.622338890630419
1040 3816 0.4035631526278254
1040 3831 -0.914570273669342
1040 3846 0.37402604218355506
1040 3861 -0.03514574387630498
1040 3696 0.8643401860211315
1040 3711 0.4043446032892317
1040 3725 -0.2781823281955049
1040 3740 -0.9122028303516176
1040 3755 -0.8955853043870747
1040 3770 0.20326239831954385
1053 1054 0.6110309977575743
1053 1068 0.7846688715888948
1053 3426 -0.2075714472454342
1053 3441 -0.7007887772109327
1053 3456 -0.1672570002517879
1053 3471 0.0629270820175607
1053 3486 0.9296470898181242
1053 3501 0.7917365731225317
1053 3366 -0.09651131292592474
1053 3381 -0.9128409869024137
1053 3396 -0.8058896310606514
1053 3411 -0.20628550191325767
1054 1055 -0.6369297744700166
1054 1069 -0.9940798712696908
1054 3606 0.6556128975345628
1054 3621 -0.8432370785778156
1054 3636 -0.028216027485516992
1054 3651 0.3310874168002427
1054 3666 0.7125771641996446
1054 3681 0.8970437998078884
1054 3516 -0.9892280793779629
1054 3531 -0.9440878032408029
1054 3546 0.8491775635148353
1054 3561 -0.8384753536257941
1054 3576 -0.6286686956290315
1054 3591 0.1930865653919407
1055 1070 -0.8698923871749884
1055 3786 0.9315131711315963
1055 3801 0.11273900159017058
1055 3816 -0.7514712273943969
1055 3831 -0.9169478377911713
1055 3846 -0.9274202038704797
1055 3861 0.8223397917903086
1055 3696 -0.3799403113652051
1055 3711 0.47393257406222067
1055 3726 0.7295162677227693
1055 3741 0.9249973974333849
1055 3756 0.8379683978874313
1055 3771 -0.9540459044853367
1068 1069 0.44232146902308433
1068 3426 0.8999986806940443
1068 3441 -0.9344174738676585
1068 3456 -0.42178558815595735
1068 3471 -0.3930537552952815
1068 3486 -0.7236860058436252
1068 3501 0.9949386289335056
1068 3366 -0.3821238101233426
1068 3381 0.7301431296024339
1068 3396 0.5943193686121833
1068 3411 -0.9470971918566722
1069 1070 -0.2504445292283788
1069 3606 -0.873082048648939
1069 3621 0.20289740779419851
1069 3636 0.43306057775426
1069 3651 -0.8963804455824598
1069 3666 0.9301496757289023
1069 3681 -0.4188417409041192
1069 3516 -0.19916889707946206
1069 3531 0.15195853808173276
1069 3546 -0.49115128363912985
1069 3561 0.027938632875348812
1069 3576 -0.2211025258304684
1069 3591 -0.21578663132806497
1070 3786 -0.09054528124126926
1070 3801 -0.43306146621279673
1070 3816 -0.9963139293388301
1070 3831 -0.8524652902898113
1070 3846 -0.73177436582967
1070 3861 0.8282843472781152
1070 3696 0.23791344485096144
1070 3711 0.7940648902496323
1070 3726 -0.03662351301030364
1070 3741 -0.16147177272692192
1070 3756 -0.10958412796639316
1070 3771 0.11721814330732228
1083 1084 0.08948131006156035
1083 1098 0.43534803583110326
1083 3426 -0.8604858193566527
1083 3441 0.5890071802122598
1083 3366 0.32644021349516716
1083 3381 0.702076600288938
1083 3396 -0.6215840058694382
1083 3411 -0.5789990626116317
1084 1085 -0.5437837592597181
1084 1099 0.8907310030799749
1084 3606 -0.4998194129880127
1084 3621 0.844796919961522
1084 3456 -0.03376405519310133
1084 3471 -0.605164774582196
1084 3486 0.22148184951132133
1084 3501 0.29389404967363175
1084 3516 0.9711428766079229
1084 3531 -0.27786409947718904
1084 3546 0.9127026958403135
1084 3561 -0.6641654693707657
1084 3576 0.3783520771462354
1084 3591 -0.30861580699361246
1085 1100 0.7142683944445483
1085 3786 -0.330286550660547
1085 3801 0.9466991618813547
1085 3636 -0.5193575044176253
1085 3651 0.7553678474827592
1085 3666 0.43357856936554895
1085 3681 -0.7436702399595385
1085 3696 0.2112354145522497
1085 3711 0.5984531842173588
1085 3726 -0.3591434992395237
1085 3741 0.6482676175274666
1085 3756 0.39206177323774405
1085 3771 0.2711752543953916
1098 1099 0.4666837308551226
1098 3426 0.8868899264056078
1098 3441 0.30125989102489426
1098 3366 0.7741279267333352
1098 3381 -0.6420735361903727
1098 3396 -0.9493109488803813
1098 3411 -0.1570800571607962
1099 1100 -0.14460864429038445
1099 3606 0.49481273311339735
1099 3621 -0.9571246596539249
1099 3456 -0.575164682392592
1099 3471 0.7201824517403814
1099 3486 0.027703192504030305
1099 3501 -0.39202609467686766
1099 3516 0.48662571549534395
1099 3531 -0.292408200891487
1099 3546 0.8970620046298716
1099 3561 -0.2757928021209448
1099 3576 0.2583405603773081
1099 3591 0.26660450355854204
1100 3786 -0.40100419668511544
1100 3801 0.8879537775091253
1100 3636 0.23481976837723972
1100 3651 -0.05817252998808842
1100 3666 -0.980774430655132
1100 3681 0.18319292659283404
1100 3696 -0.5402064407544442
1100 3711 0.127887491638075
1100 3726 0.6444512448420434
1100 3741 0.46992364838537104
1100 3756 -0.1988967647551081
1100 3771 -0.5800620807075885
1113 1114 0.4129806249505066
1113 1128 0.9151852972218817
1113 3426 0.7742172513268868
1113 3441 0.734945202524522
1113 3366 -0.22715729447613953
1113 3381 -0.37854482768060116
1113 3396 -0.03753028209504139
1113 3411 0.43398862221387
1114 1115 -0.6621366698875695
1114 1129 -0.27648606456446334
1114 3606 0.9557051105992667
1114 3621 -0.25079327931003403
1114 3456 -0.07601162419266405
1114 3471 0.6957716900457864
1114 3546 -0.8610342974361636
1114 3561 0.47081928122517724
1114 3576 -0.7917932071693896
1114 3591 0.7225044621834191
1115 1130 -0.082562410702131
1115 3786 -0.7466521591488786
1115 3801 0.29528093162328517
1115 3636 -0.8600277941594365
1115 3651 0.6060232809839141
1115 3726 0.20996068240264187
1115 3741 0.8182881471169912
1115 3756 -0.9863963234647428
1115 3771 -0.8417917334372187
1128 1129 -0.7686390431754517
1128 3426 0.42183893959166663
1128 3441 -0.7064699834074912
1128 3366 0.38846370697930865
1128 3381 -0.5067552345266344
1128 3396 3.956802926774472e-05
1128 3411 0.8174438361362599
1129 1130 -0.9256230977095401
1129 3606 -0.5794682340868036
1129 3621 -0.504414174250905
1129 3456 0.5472690309858352
1129 3471 0.3716310004466197
1129 3546 -0.5486606426565184
1129 3561 0.2627437805960111
1129 3576 0.47607843540672
1129 3591 -0.07609513162461012
1130 3786 0.34574873332725287
1130 3801 -0.7360687435625666
1130 3636 0.7108381988411292
1130 3651 -0.5944911109070821
1130 3726 -0.9886608328810529
1130 3741 0.05567186792113077
1130 3756 -0.8048380838087503
1130 3771 0.07226222847013752
3364 3365 -0.3433845060551046
3364 3379 0.40957600112654347
3365 3366 -0.1976516555243113
3365 3380 0.9342723073713393
3366 3381 -0.29307743311877554
3379 3380 -0.501876790041542
3380 3381 -0.7632154483710292
3394 3395 -0.9862837698657363
3394 3409 0.6871670831475405
3395 3396 -0.29744744685553304
3395 3410 -0.9709497671447569
3396 3411 -0.19919726217492473
3409 3410 -0.9071185807836577
3410 3411 -0.2916687323541709
3424 3425 -0.44111878329663967
3424 3439 0.31394714558559733
3425 3426 0.7757488889301629
3425 3440 -0.37739347471955154
3426 3441 -0.006749948313186094
3439 3440 0.5935555427330674
3440 3441 -0.1831922968609574
3454 3455 -0.8749548429405167
3454 3469 0.15549976213713745
3455 3456 -0.3814446921954744
3455 3470 0.8834086680531881
3456 3471 -0.9662287756540582
3469 3470 -0.09445215178443833
3470 3471 0.41998954589951265
3484 3485 -0.9806230030099603
3484 3499 0.29732613992381407
3485 3486 0.9114682222284947
3485 3500 0.7551934666938711
3486 3501 0.08099506909707865
3499 3500 0.43011792937146076
3500 3501 0.9602307767152236
3514 3515 0.2961216299542242
3514 3529 0.830875911100273
3515 3516 -0.30520482878317723
3515 3530 -0.6545945101239283
3516 3531 0.9332132825506649
3529 3530 0.9859509011730241
3530 3531 0.47598096294905523
3544 3545 0.9632947655940531
3544 3559 -0.7444014623207054
3545 3546 -0.8332591955196005
3545 3560 0.655646861617635
3546 3561 -0.6096101094237523
3559 3560 -0.25146819204252635
3560 3561 0.0359249820563774
3574 3575 0.5210348958014976
3574 3589 0.498986438135012
3575 3576 -0.013033042339293033
3575 3590 -0.7433292711726942
3576 3591 0.597296870850814
3589 3590 -0.9469170254752579
3590 3591 0.8985037605296178
3604 3605 -0.8949477846420559
3604 3619 -0.053030210751509044
3605 3606 -0.2729602173173613
3605 3620 0.33508436562440025
3606 3621 -0.6680170043639415
3619 3620 0.5520430607424729
3620 3621 0.5805100517611355
3634 3635 -0.7649560495115315
3634 3649 -0.7127146332570085
3635 3636 0.7787638595519486
3635 3650 -0.9467051504438082
3636 3651 0.4181590652755771
3649 3650 0.5429836060309916
3650 3651 0.32579953977692977
3664 3665 -0.20254070026637172
3664 3679 -0.47064628032953704
3665 3666 0.9566694787582792
3665 3680 -0.053343586411592314
3666 3681 -0.009644364024239849
3679 3680 -0.29335269805454245
3680 3681 -0.2944737146108871
3694 3695 -0.7734060866599399
3694 3709 0.20060587292229126
3695 3696 0.40307731469683517
3695 3710 -0.16856537434965424
3696 3711 0.11021325017981476
3709 3710 -0.8568429794563013
3710 3711 -0.265543279826278
3724 3725 0.9583309550376227
3724 3739 -0.11322350869923081
3725 3726 -0.11057537829776853
3725 3740 0.9455751658124343
3726 3741 -0.282931952553783
3739 3740 0.4396996661871544
3740 3741 -0.90120595714053
3754 3755 -0.9557294998000423
3754 3769 0.3339573014636743
3755 3756 0.8388094556368293
3755 3770 0.23385419789628425
3756 3771 -0.1372780842490875
3769 3770 -0.9666169764105899
3770 3771 0.350993585428536
3784 3785 0.12732315844831343
3784 3799 -0.4629767707586325
3785 3786 0.5354978337158982
3785 3800 -0.26015099606888104
3786 3801 -0.8063349495362278
3799 3800 0.6527423214403345
3800 3801 -0.17912311889634003
3814 3815 -0.6388129631938344
3814 3829 0.701919231327472
3815 3816 0.4900684408014866
3815 3830 0.0034241980440299358
3816 3831 0.7915548254161151
3829 3830 0.3468013846980609
3830 3831 -0.45642873574150045
3844 3845 0.1345279237001098
3844 3859 -0.8888530856039716
3845 3846 -0.6260423580737493
3845 3860 -0.11428520864262737
3846 3861 -0.2655915499387296
3859 3860 0.9474216959203063
3860 3861 0.6575453351201759
3874 3875 -0.5933130945513956
3874 3889 -0.8539737820528879
3875 3876 0.932851236044024
3875 3890 0.38125109285561987
3876 3891 0.2431957632420736
3889 3890 0.24171943948666774
3890 3891 0.9614286237123513
