# 
603 603 0.7517783818163748
604 604 -0.06316252285455004
605 605 1.9644174757817492
618 618 1.8487376200752452
619 619 3.543693064943417
620 620 -3.9489527914263887
633 633 3.823980139812501
634 634 1.439521605788296
635 635 2.4055827449315776
648 648 0.954922235514041
649 649 2.9719357057380664
650 650 2.4103133218404995
663 663 2.104235120698159
664 664 -1.7498845003960923
665 665 3.47070646256949
678 678 -2.9947289073761816
679 679 -0.9885735112272771
680 680 2.6656226382203103
693 693 -3.8789757401675686
694 694 -1.1958815130020435
695 695 2.1102280481118836
708 708 -1.5023067864187114
709 709 2.472176049344676
710 710 -1.1919895209057705
723 723 -1.1586311752395133
724 724 -2.4920340565021393
725 725 -0.9652481147370473
738 738 2.0773581746326704
739 739 2.436912217429829
740 740 3.0957241596938045
753 753 -0.5495268446992041
754 754 -0.12988103414104124
755 755 2.5752500876179463
768 768 -0.4373278409449348
769 769 2.249086627356915
770 770 1.2349282934498467
783 783 -3.1528382293266803
784 784 -3.675479112119956
785 785 -0.10429389169522008
798 798 -2.3648570644578646
799 799 -0.3178078698587985
800 800 -0.7633714986632851
813 813 3.4372918759029583
814 814 3.395843871542299
815 815 -0.08122741505782205
828 828 -2.154519771648971
829 829 -0.8939324361677077
830 830 -2.4338718429100954
843 843 -3.3931195089999546
844 844 -0.13000326985735988
845 845 -3.395006658528988
858 858 -2.7563821498036054
859 859 1.5048791958869172
860 860 1.954191486372503
873 873 3.7784352486783535
874 874 3.277362626662349
875 875 -2.1471119755296373
888 888 -0.8952550946148978
889 889 -2.0839621394681362
890 890 -2.3518752079527934
903 903 -3.3530332326137327
904 904 -3.5382967067606765
905 905 3.2185885824945544
918 918 0.8988765940712247
919 919 0.7337609228170301
920 920 0.5645475962294277
933 933 1.4071921120857498
934 934 -0.8285293474537889
935 935 2.0118964482324557
948 948 2.9751551236232663
949 949 -1.9566839980249062
950 950 -2.7382761252977073
963 963 -0.2821603080329176
964 964 1.0307926940272587
965 965 2.972008048658755
978 978 -1.2194298970039705
979 979 -1.38693965565483
980 980 0.6661567572185803
993 993 1.3650735121440452
994 994 -2.6551424516837274
995 995 -2.956586448447956
1008 1008 -2.59738643279365
1009 1009 -3.2384799836343374
1010 1010 -2.3606601982713666
1023 1023 3.2169470509440234
1024 1024 2.458043077136848
1025 1025 -3.9533259289681872
1038 1038 1.562777278272188
1039 1039 3.683479039772294
1040 1040 1.8332071119727953
1053 1053 -1.2529025037733632
1054 1054 -0.8138987023225024
1055 1055 0.04670174533159255
1068 1068 3.683379441836215
1069 1069 -0.7582666299683618
1070 1070 -1.8494468305305007
1083 1083 3.9753018728337555
1084 1084 3.183325134199565
1085 1085 -2.7610883795041827
1098 1098 -1.473312101856627
1099 1099 -0.5898583271169473
1100 1100 0.4165361361003992
1113 1113 3.8021878132934113
1114 1114 2.8135221694862382
1115 1115 -1.5981405426639999
1128 1128 -2.6799980414635316
1129 1129 1.918235260149813
1130 1130 3.1377245480154867
3364 3364 0.15613332040651962
3365 3365 0.4763221101710915
3366 3366 -1.715436415177475
3379 3379 3.413791676288933
3380 3380 3.1564506599809805
3381 3381 -1.3798135857358975
3394 3394 -3.5480139193987315
3395 3395 1.2314527163232283
3396 3396 2.0990822087772116
3409 3409 3.650540289749226
3410 3410 -1.2198074649337673
3411 3411 0.9611850544186176
3424 3424 3.9877230905826195
3425 3425 1.0386081965761145
3426 3426 3.8123578414490167
3439 3439 -2.8558647826815244
3440 3440 0.01283029413541037
3441 3441 1.5204745793912613
3454 3454 0.7524575520576464
3455 3455 -1.313437140488654
3456 3456 3.3344548218207466
3469 3469 3.094403113113515
3470 3470 -3.609732436871364
3471 3471 3.2826490155409953
3484 3484 -1.4611744162517422
3485 3485 2.61758966706899
3486 3486 -2.557845053019995
3499 3499 -1.654508138691548
3500 3500 0.5516743493029743
3501 3501 0.914958308002527
3514 3514 -3.350786793447563
3515 3515 2.2182876571884202
3516 3516 2.640512905413198
3529 3529 -3.856754949575726
3530 3530 -3.022505908342131
3531 3531 -2.726286099855498
3544 3544 0.8921120676208885
3545 3545 -2.0252449508605634
3546 3546 0.7431435358140446
3559 3559 3.1394970285645014
3560 3560 1.0791401051163065
3561 3561 -1.8243429908764845
3574 3574 0.6671266059176162
3575 3575 -3.0451193698710437
3576 3576 2.8317429826111518
3589 3589 3.5037407563327614
3590 3590 2.5448770293135192
3591 3591 -1.9982510454330153
3604 3604 -0.09029435056409962
3605 3605 -0.9610080055307373
3606 3606 -3.4569704088489637
3619 3619 -2.0477614261132997
3620 3620 1.0565426036073413
3621 3621 3.601577005758461
3634 3634 0.25907855685507997
3635 3635 -2.3835117275082993
3636 3636 -0.05438847619002285
3649 3649 0.1311363737204312
3650 3650 2.190379934074672
3651 3651 -0.972472096829506
3664 3664 2.5299290442363986
3665 3665 0.5862173310314223
3666 3666 -3.4533498197313524
3679 3679 2.5465228441470114
3680 3680 2.3192696762816203
3681 3681 -0.36769986003794575
3694 3694 -3.4635909718682028
3695 3695 3.451501668798323
3696 3696 -1.6426413196081802
3709 3709 -1.0827716167234138
3710 3710 2.8661786942601024
3711 3711 0.9065247219550177
3724 3724 -3.4855051988392125
3725 3725 1.5871330712656206
3726 3726 2.312425983612286
3739 3739 -0.9475151379521769
3740 3740 -0.7318718175209735
3741 3741 -3.578400044238717
3754 3754 1.4136700847445924
3755 3755 -0.7365444533468137
3756 3756 2.587896677239211
3769 3769 -1.9222511999765608
3770 3770 -3.873366430651962
3771 3771 -1.0828353369983885
3784 3784 2.1933335366944213
3785 3785 2.4337538116266444
3786 3786 0.4190758355449917
3799 3799 1.1990216290015496
3800 3800 -1.8843161377821875
3801 3801 -3.564017106299567
3814 3814 -1.987450081380974
3815 3815 0.6776141778283131
3816 3816 -0.4445990948221379
3829 3829 1.28421563979341
3830 3830 3.696862389570673
3831 3831 2.370193098288138
3844 3844 -1.9643681731357203
3845 3845 0.30667564720105034
3846 3846 -0.7469608903882969
3859 3859 3.649660527192548
3860 3860 -2.8957241186128755
3861 3861 -3.431824411279937
3874 3874 0.682420307117674
3875 3875 0.09539699772740118
3876 3876 1.8801272086590082
3889 3889 -0.6518995821586016
3890 3890 2.944757059733111
3891 3891 3.5076875754812358
603 604 -0.49677111757619574
603 618 -0.6600771125328047
603 3484 -0.10353870724958458
603 3499 -0.7110507514912083
603 3514 -0.5076319425073748
603 3529 -0.9686570443255635
604 605 0.5192818229850011
604 619 0.14922094319912826
604 3664 -0.8497596869142492
604 3679 0.6287037981451513
604 3694 0.6727823753345006
604 3709 -0.15589686669037084
605 620 0.7203269010400577
605 3844 -0.5274223382884748
605 3859 -0.7941512035846892
605 3874 -0.8589131004310888
605 3889 -0.32174230706294327
618 619 0.22825236094084111
618 3484 0.1208698507692334
618 3499 0.16191545563943688
618 3514 0.37592901214947116
618 3529 -0.9077931095509979
619 620 -0.41688337326904956
619 3664 0.027020460140349423
619 3679 -0.40254740283155677
619 3694 -0.9099117915496018
619 3709 -0.93789926524164
620 3844 0.013480161707869476
620 3859 0.01326146188014965
620 3874 0.04078905715099168
620 3889 -0.5516092112560098
633 634 -0.2601261396889867
633 648 -0.2352385146964482
633 3424 0.30946186407307597
633 3439 0.37926974808356273
633 3454 0.28298521591672876
633 3469 0.7294630898825436
633 3484 0.4255186333890706
633 3499 0.0697168548926661
633 3514 -0.004186810221841197
633 3529 0.8732856146523431
634 635 0.9369862095217711
634 649 0.3294957129897089
634 3604 0.6031583847595665
634 3619 0.46667098553065167
634 3634 -0.9048976957440815
634 3649 -0.6265857863866697
634 3664 0.7694196104616429
634 3679 -0.774619800382806
634 3694 -0.6310487422075419
634 3709 -0.3619292843831605
635 650 -0.36070935539482596
635 3784 -0.7221478779144539
635 3799 -0.004070981181334643
635 3814 0.563648894491825
635 3829 0.4954679154494195
635 3844 0.6687676354341281
635 3859 -0.03567035000719576
635 3874 0.0950126977722876
635 3889 -0.3654305654666963
648 649 -0.08566786235438983
648 3424 0.5824812395720209
648 3439 0.4318683624470516
648 3454 -0.180667441112069
648 3469 -0.6357008298131834
648 3484 -0.3050513208945509
648 3499 -0.6482182728336121
648 3514 0.587628125306384
648 3529 0.7400648837407979
649 650 -0.04811342711897626
649 3604 0.7646696047377279
649 3619 -0.5940940256618574
649 3634 -0.07781725053361921
649 3649 -0.4634633486952058
649 3664 -0.7473333369984303
649 3679 -0.4358323542188487
649 3694 0.24177292413202323
649 3709 -0.5874460839600202
650 3784 0.2908784793954451
650 3799 0.5995674501123891
650 3814 -0.6833247568672569
650 3829 0.7325510074876871
650 3844 -0.7536656319956214
650 3859 0.4215137950269183
650 3874 -0.34161365048964454
650 3889 -0.5055364637301796
663 664 -0.3209636989540141
663 678 0.548596918013381
663 3424 -0.9381558614849099
663 3439 -0.25536322505963405
663 3454 0.1983363863133223
663 3469 0.8193324923887273
663 3484 -0.10914495201364316
663 3499 -0.5567060727507376
664 665 0.4718860886831673
664 679 -0.0404322367280765
664 3604 -0.8398682019554751
664 3619 0.22154515524542262
664 3634 0.7452457336652516
664 3649 0.33655804505159326
664 3664 0.2794042787732005
664 3679 0.4706497497583084
664 3514 -0.1488089507771695
664 3529 -0.8193600275502584
665 680 0.9405013745821513
665 3784 -0.2532212110689478
665 3799 0.04110973457345457
665 3814 -0.6370669947969843
665 3829 -0.823834461487259
665 3844 0.4544340583964557
665 3859 -0.509908053583358
665 3694 0.3302001789882725
665 3709 0.5833371875327389
678 679 0.005042956329706749
678 3424 -0.5907886227198613
678 3439 -0.8412454475306386
678 3454 -0.5160470758761144
678 3469 -0.8162645845333831
678 3484 -0.47441873988037897
678 3499 -0.43635434536338735
679 680 0.725984898662879
679 3604 -0.62607532717379
679 3619 0.7137004757177421
679 3634 0.5185232001407607
679 3649 -0.6560362275042317
679 3664 0.5470242905674458
679 3679 -0.09640503079998286
679 3514 0.6649293988973668
679 3529 0.38622912581999325
680 3784 0.2572600318047731
680 3799 -0.5509965177763658
680 3814 -0.3068641207939953
680 3829 -0.36907684778443395
680 3844 -0.3324870467944472
680 3859 0.5302852614193172
680 3694 -0.6305897502249536
680 3709 0.5197691448320818
693 694 -0.9112092769610372
693 708 -0.6558631505941868
693 3424 -0.38880439616499873
693 3439 -0.376141832793617
693 3454 -0.982600482586786
693 3469 0.10852845750267193
693 3484 0.004754339108533401
693 3499 -0.6579877107831522
693 3364 -0.822375616652866
693 3379 0.23903884877812187
693 3394 -0.4984114495403571
693 3409 0.19039281277825726
694 695 0.5356647420546743
694 709 0.2694503096069094
694 3604 0.010754301439301228
694 3619 0.18659153487126057
694 3634 -0.9626609153830434
694 3649 0.80420917439135
694 3664 -0.8991350716567288
694 3679 -0.669583727739224
694 3514 0.9396874054143538
694 3529 0.14905175409107185
694 3544 -0.07433196014386678
694 3559 0.268838256877854
694 3574 0.8108002898143352
694 3589 0.09040521871831375
695 710 0.43533838955769544
695 3784 -0.6724999270420609
695 3799 -0.5850664722572252
695 3814 -0.18551636428190932
695 3829 0.6005142220637565
695 3844 -0.9560189010164792
695 3859 0.8197290576702947
695 3694 0.4342289683191001
695 3709 0.5317470664359116
695 3724 -0.6162746762701989
695 3739 -0.5220780725911611
695 3754 -0.5705640430899994
695 3769 -0.7865772168394272
708 709 0.6277749702496187
708 3424 -0.33495089373557185
708 3439 0.04635386429115851
708 3454 -0.30867632787632404
708 3469 -0.7447683178261428
708 3484 -0.4784248432568945
708 3499 0.019034318242762804
708 3364 -0.49067824413080086
708 3379 -0.4606126430060682
708 3394 -0.2080197819470564
708 3409 0.04266850784997156
709 710 -0.26674088820499975
709 3604 0.03085932819478443
709 3619 0.7530475200022468
709 3634 -0.7846385619907941
709 3649 0.2693621125225112
709 3664 -0.519298347247088
709 3679 -0.23942559163075394
709 3514 -0.1036677832994326
709 3529 0.27128893256616404
709 3544 -0.9941431912322176
709 3559 -0.29869134358616134
709 3574 0.5276832230935986
709 3589 0.9792593439737298
710 3784 -0.38065382341768705
710 3799 -0.303866030665382
710 3814 0.016138972868182666
710 3829 0.3371917723363296
710 3844 -0.7050742261065837
710 3859 -0.02403849205516506
710 3694 0.3820328936838342
710 3709 0.2973038470424303
710 3724 0.8107821567206417
710 3739 -0.7832832949443542
710 3754 0.5686699119232055
710 3769 0.1452675289934635
723 724 -0.17525569458751677
723 738 0.7228491339205285
723 3424 -0.35276528232020876
723 3439 -0.41452151216578903
723 3364 -0.8184931337613375
723 3379 0.4192202388188646
723 3394 -0.08999342913313502
723 3409 -0.25140210637840377
724 725 -0.4098928861844018
724 739 -0.25863792292412846
724 3604 0.3621456396710845
724 3619 -0.573702773779412
724 3454 0.3723293839941608
724 3469 -0.23909816658675354
724 3484 -0.3290316102805053
724 3499 0.7869679267031109
724 3514 0.213148567599718
724 3529 -0.720992776123321
724 3544 -0.5219126901646156
724 3559 0.9288027690181706
724 3574 0.47082780252591294
724 3589 0.4335174610313348
725 740 -0.9016737896298468
725 3784 -0.8905980444951214
725 3799 -0.975327161653067
725 3634 0.4093274375908018
725 3649 -0.7746123614686766
725 3664 0.32329056514743626
725 3679 -0.8524375510515603
725 3694 -0.04283227138694179
725 3709 0.011064623435427023
725 3724 0.66066690940849
725 3739 -0.0889155799095287
725 3754 -0.46179828930942435
725 3769 0.3775605329568805
738 739 -0.7932534167346286
738 3424 0.9892186684254045
738 3439 -0.28884190115215147
738 3364 0.7585929757652121
738 3379 -0.9300935285120124
738 3394 0.870046741275909
738 3409 -0.1814615167065623
739 740 -0.7881813621567133
739 3604 -0.7956374843297946
739 3619 0.462845583894526
739 3454 0.3900365709069331
739 3469 0.20302663004459442
739 3484 -0.7447939246554931
739 3499 -0.8091847281589368
739 3514 -0.0477275878335397
739 3529 0.7909679827687146
739 3544 -0.9027614636234282
739 3559 -0.8513742290276911
739 3574 -0.9963273679501887
739 3589 0.8342960880747938
740 3784 0.441768289939271
740 3799 0.8541706862815515
740 3634 -0.8664057559656104
740 3649 -0.8019841592386805
740 3664 0.6016181993058953
740 3679 0.4406994756554852
740 3694 0.9670920846988793
740 3709 0.41279613173594454
740 3724 0.5173083549527326
740 3739 -0.9487684659477533
740 3754 0.746684724400259
740 3769 0.5077795754788148
753 754 -0.5528255269587026
753 768 -0.42709832426636196
753 3424 0.0940283261442807
753 3439 0.8821942670150871
753 3364 0.15975686398193933
753 3379 0.2740992315750528
753 3394 0.03936802659082117
753 3409 -0.4138903150557962
754 755 0.49299074197428405
754 769 0.5134794043481277
754 3604 -0.7106049392571749
754 3619 0.15600422249919066
754 3454 0.01479812339620934
754 3469 0.36853352031360553
754 3485 0.09412956337598022
754 3500 0.2552433805591865
754 3515 -0.2789235389578282
754 3530 -0.8336355881703925
754 3544 -0.06466128945229777
754 3559 -0.2970695230308482
754 3574 0.15122332545146722
754 3589 -0.20329124142661237
755 770 0.5556887008024034
755 3784 0.33453886158938473
755 3799 0.19717286598303474
755 3634 0.5932947098870516
755 3649 0.3855169120626165
755 3665 0.5593682330724625
755 3680 -0.21981702495502597
755 3695 0.06568499833336894
755 3710 -0.8442882855323657
755 3724 0.3930533748299614
755 3739 0.9652750620008892
755 3754 -0.7383442050802722
755 3769 -0.01632794745202637
768 769 0.04353092566531558
768 3424 -0.7146096208058674
768 3439 -0.6835545268897716
768 3364 -0.9714518206399905
768 3379 0.1859121563157371
768 3394 -0.7313951884994172
768 3409 -0.30207293113999945
769 770 -0.20060637692386996
769 3604 0.15332520651382864
769 3619 0.9943849819100841
769 3454 0.8997617769423043
769 3469 -0.8136335029841628
769 3485 0.22911046375886834
769 3500 0.49073342330422776
769 3515 -0.20212192301514897
769 3530 0.19422885321944294
769 3544 0.6853475689211244
769 3559 0.10192763620082168
769 3574 -0.8701547978869031
769 3589 0.3060188343230903
770 3784 -0.4854990687387011
770 3799 0.15876094834975518
770 3634 -0.45197808312617105
770 3649 0.5078642693982947
770 3665 -0.4438984026258668
770 3680 -0.5142424257288807
770 3695 -0.30770056908096843
770 3710 0.12851638970293
770 3724 0.18880047929701482
770 3739 -0.7825761161731535
770 3754 0.9248257732511074
770 3769 -0.39480420615904555
783 784 0.004338636902573967
783 798 0.5999581151859255
783 3424 -0.8130718230165064
783 3439 0.5218460368413156
783 3454 -0.9011340425407546
783 3469 -0.516416984672492
783 3485 0.3706134303183124
783 3500 -0.7910388786954041
783 3515 -0.6506815460841726
783 3530 -0.0003979244958089989
783 3544 -0.3492592967208503
783 3559 -0.5482606735435511
783 3394 -0.9431787802586284
783 3409 0.9411816250314926
784 785 0.9100515111203098
784 799 -0.13172467374196728
784 3604 -0.1183346056342689
784 3619 -0.10873675387437953
784 3634 0.01301306618764686
784 3649 -0.7101514737387888
784 3665 0.6217556438035552
784 3680 -0.8992366520253621
784 3695 -0.11702575074860433
784 3710 0.6992724533118635
784 3724 -0.2895532902166269
784 3739 -0.6264915787623435
784 3574 -0.816294510055319
784 3589 -0.014819548063092602
785 800 -0.453223220003105
785 3784 0.27997191281126077
785 3799 -0.06602315430211836
785 3814 0.19317982331036676
785 3829 -0.8621949102166726
785 3845 -0.39742466233814877
785 3860 0.7252214347462131
785 3875 -0.8062349784350658
785 3890 0.8051128833740377
785 3754 -0.8258378785548601
785 3769 -0.06468959340011637
798 799 0.061802257054427656
798 3424 -0.5689346639827813
798 3439 -0.5738573942351868
798 3454 -0.9435466781665303
798 3469 0.5990471460264999
798 3485 0.5431480365059249
798 3500 -0.632039201475991
798 3515 0.7212759959529182
798 3530 -0.5061126808804819
798 3544 0.765133598872769
798 3559 -0.14152215179452754
798 3394 0.36405773011867093
798 3409 -0.28486596031524924
799 800 0.8410860608784592
799 3604 -0.3737268137213987
799 3619 0.3387611707525917
799 3634 -0.5232120714187014
799 3649 -0.4308265015372017
799 3665 0.7953695924711315
799 3680 -0.3831937751735657
799 3695 -0.1276438399380262
799 3710 0.5551375816232291
799 3724 -0.41025497037243164
799 3739 -0.3315843876725808
799 3574 0.4729482315999096
799 3589 -0.41851618617058683
800 3784 0.11158195132034443
800 3799 0.3054904372902081
800 3814 0.1497656756978778
800 3829 -0.6695689468886341
800 3845 0.6766406472096453
800 3860 0.8526061610588793
800 3875 0.7946456787143779
800 3890 -0.6731671168150035
800 3754 0.2641596418915364
800 3769 -0.24647158824541182
813 814 -0.7658380835225937
813 828 -0.7787888287286162
813 3425 0.7955210475276246
813 3440 0.14183164418938743
813 3455 0.16226712067226545
813 3470 -0.389860878760911
813 3485 -0.37483751732864046
813 3500 -0.17297319778106512
813 3515 0.5590101693513267
813 3530 0.19995132501501134
813 3544 0.9008662112596102
813 3559 -0.5772948132536004
813 3394 -0.5668907684210567
813 3409 0.09718498413228072
814 815 0.5430414829226407
814 829 -0.6056439528800543
814 3605 0.8335529704513545
814 3620 0.9822458633417459
814 3635 0.3003334830608215
814 3650 0.6389670331353681
814 3665 -0.06744923647336054
814 3680 0.16893340224651032
814 3695 -0.9532795566991172
814 3710 -0.7750951629648632
814 3724 0.9233528537692304
814 3739 -0.23357331661097658
814 3574 0.31265542254276313
814 3589 0.5786401633605593
815 830 -0.07819770522591174
815 3785 0.09907283731004313
815 3800 0.41623025964375926
815 3815 0.770325920427311
815 3830 0.922723317946369
815 3845 -0.4183638196245614
815 3860 -0.4081808451806417
815 3875 -0.792986407669577
815 3890 -0.2628635071338725
815 3754 -0.19658258266242878
815 3769 -0.30187986079287454
828 829 -0.7943779744046655
828 3425 0.7925711353478626
828 3440 0.7652072579056071
828 3455 -0.5770814945918399
828 3470 0.7402324665362372
828 3485 -0.4001440019908742
828 3500 -0.7052876146829385
828 3515 0.3966730870928672
828 3530 0.09976986065938664
828 3544 0.8166849019928908
828 3559 0.6891355140096982
828 3394 0.02943411049974287
828 3409 -0.6018310551144801
829 830 0.14005815566724955
829 3605 -0.07956008722964714
829 3620 -0.7366855508662389
829 3635 0.07788508147064555
829 3650 0.2544721344002441
829 3665 0.9277560967553451
829 3680 0.3070094113878117
829 3695 0.5953334443290563
829 3710 0.09133326489369975
829 3724 -0.8299509748849307
829 3739 0.44042982909019934
829 3574 -0.42840662990592904
829 3589 0.45754127905409026
830 3785 -0.26323619499670703
830 3800 -0.038822158921984595
830 3815 -0.30392148615427494
830 3830 -0.4800464510689091
830 3845 0.9045777679809344
830 3860 -0.09695003195058005
830 3875 -0.39277893248503837
830 3890 0.8861111717099281
830 3754 0.03368161330062991
830 3769 0.27012119484923836
843 844 -0.8749165767406866
843 858 0.32379277389535566
843 3425 -0.15720320234351792
843 3440 0.16470275980342142
843 3455 0.1313983021894436
843 3470 -0.8875783643298172
843 3485 0.47337192168941544
843 3500 -0.3318363544206182
843 3364 -0.6134794488977209
843 3379 0.07272093688700987
843 3394 -0.6352822466505084
843 3409 -0.7092763732844274
844 845 0.05055154055993483
844 859 -0.05604704422632256
844 3605 -0.5840967138260906
844 3620 -0.7047513198560085
844 3635 -0.9705425213410614
844 3650 0.25608454803025715
844 3665 -0.9363538523719099
844 3680 -0.055550947590883304
844 3515 -0.12652674668641706
844 3530 0.026998036832244887
844 3544 0.9924030961629715
844 3559 0.5540995243054041
844 3574 0.8114531079573473
844 3589 -0.7392935751322638
845 860 -0.24679155167911127
845 3785 0.96473689551546
845 3800 -0.6291786802991834
845 3815 -0.38368070227222684
845 3830 -0.5361450357127324
845 3845 0.26865444259354576
845 3860 -0.5260361968119598
845 3695 -0.8880340530817235
845 3710 -0.8639886334572688
845 3724 -0.5410348748380802
845 3739 0.21864809021718012
845 3754 -0.12871519609402116
845 3769 0.7343936052228437
858 859 -0.6944149979070684
858 3425 0.7441517649758274
858 3440 -0.6207082715186769
858 3455 0.024982451062892874
858 3470 -0.06235326418884446
858 3485 0.9814523660702439
858 3500 -0.22844309617517555
858 3364 -0.39345288355961516
858 3379 0.8416397706009389
858 3394 -0.08168052512759316
858 3409 -0.15235419526134475
859 860 0.42349319995483437
859 3605 0.43523719487796675
859 3620 0.6731383915570688
859 3635 -0.36510977759103347
859 3650 0.02909686922803134
859 3665 -0.7470340174694869
859 3680 0.3191009140585763
859 3515 -0.5621824687035644
859 3530 -0.22223573926240703
859 3544 0.9182804350278302
859 3559 0.19136830127362336
859 3574 -0.3767631325266574
859 3589 -0.4442050184522319
860 3785 -0.12862517545052277
860 3800 0.26672840067492487
860 3815 -0.3116678819210843
860 3830 -0.6665223626785166
860 3845 -0.14112073985552742
860 3860 0.7680916985018835
860 3695 -0.8028830866233572
860 3710 0.13547894928518756
860 3724 -0.014870200456437388
860 3739 0.06090014170428537
860 3754 0.8785105250547112
860 3769 0.04870432163473715
873 874 0.8395712119805283
873 888 0.7486762953690977
873 3425 -0.8554416126215227
873 3440 0.6689804162747697
873 3455 0.002618661196465588
873 3470 -0.12978049896801402
873 3485 0.8861430073772922
873 3500 -0.6479610605986295
873 3365 -0.9545171001670059
873 3380 0.07027066675285498
873 3395 -0.6747363880030808
873 3410 0.6111806262998534
874 875 0.9936562508110562
874 889 -0.29013076052601283
874 3605 0.006159943018680281
874 3620 0.8934843908327608
874 3635 -0.9212192737165705
874 3650 -0.8883177595458858
874 3665 -0.8151116485942682
874 3680 -0.5552189318880982
874 3515 -0.5619742953713232
874 3530 -0.984788571393961
874 3545 0.8370415603882162
874 3560 0.6938118297079792
874 3575 -0.9426720954926309
874 3590 -0.767874548871289
875 890 -0.7135398712898069
875 3785 -0.19559963390423762
875 3800 0.2517642548607715
875 3815 0.7629663683224839
875 3830 -0.7911761085380864
875 3845 -0.15480527848502024
875 3860 0.01023825962742686
875 3695 0.7686428603409436
875 3710 -0.026662798040148372
875 3725 -0.49507582498274294
875 3740 0.5800409017049235
875 3755 -0.18066117778369617
875 3770 0.47051393516993656
888 889 0.0854415998803848
888 3425 -0.5925520674180578
888 3440 0.05514655920894862
888 3455 0.11189379065272731
888 3470 0.6986404864860749
888 3485 0.3323567932606699
888 3500 -0.5288384254387062
888 3365 -0.639140018234968
888 3380 -0.7453561712643539
888 3395 -0.6395650065813494
888 3410 -0.7131559341011158
889 890 0.17794795552627685
889 3605 0.27446059422004154
889 3620 0.43500999403947205
889 3635 0.5942952117622862
889 3650 -0.5715592542648416
889 3665 -0.8660081572502816
889 3680 -0.8561302941197166
889 3515 0.37354820649237497
889 3530 -0.673954594812163
889 3545 -0.33114493175201787
889 3560 0.12095716115435118
889 3575 0.5636448061680797
889 3590 -0.9179293828107964
890 3785 0.3070582854163546
890 3800 -0.3670604926348773
890 3815 0.15112416314179233
890 3830 -0.25457213742995277
890 3845 -0.5495624187923844
890 3860 -0.2384901950931282
890 3695 -0.4847590768080714
890 3710 -0.4573641526474188
890 3725 0.28116204029292136
890 3740 -0.38725830427443464
890 3755 0.6991158779629592
890 3770 -0.6269733495737566
903 904 -0.806741245927024
903 918 0.017130534688309718
903 3425 -0.5184026876039918
903 3440 -0.2223678196536294
903 3365 0.335981342683737
903 3380 0.5586603473515104
903 3395 0.47285878163044304
903 3410 0.9321665810552102
904 905 -0.7290451610454562
904 919 -0.23553115874818853
904 3605 0.9998926258472787
904 3620 0.7190303575389878
904 3455 0.2938743330676221
904 3470 -0.26324714696257523
904 3485 0.36834710598791
904 3500 0.9454640177612803
904 3515 0.900689307690949
904 3530 -0.7658255005165204
904 3545 -0.7458250531858559
904 3560 -0.741873076642076
904 3575 -0.29495367871530687
904 3590 0.22053473131941548
905 920 0.1345011443181663
905 3785 -0.812221794520573
905 3800 -0.979974598017388
905 3635 0.3563429886563241
905 3650 0.727326854847484
905 3665 0.23450967454995886
905 3680 0.8351339843615793
905 3695 -0.11729925234771987
905 3710 -0.8973527976666922
905 3725 0.06104763009430303
905 3740 0.16331134640897949
905 3755 0.733314181978056
905 3770 0.7411477692625763
918 919 0.6930387957587749
918 3425 -0.15693184615430633
918 3440 -0.019639542868028492
918 3365 0.38218425521696386
918 3380 -0.8317060112615311
918 3395 0.8560008932339378
918 3410 -0.7961172594755972
919 920 -0.117389267342763
919 3605 0.7156375444150851
919 3620 -0.22894606748818802
919 3455 -0.31354718619996835
919 3470 0.3338306735984
919 3485 0.978997759128504
919 3500 -0.06409989525487214
919 3515 -0.6676995462993622
919 3530 0.4820314295079189
919 3545 0.2793801422183195
919 3560 -0.15809327734061318
919 3575 0.14542552765751027
919 3590 0.0574180743222219
920 3785 -0.28499756628966666
920 3800 -0.1921188792377173
920 3635 0.21401449263441652
920 3650 0.409803791316518
920 3665 -0.20990566814127232
920 3680 -0.09621533741021615
920 3695 -0.14672620609940767
920 3710 0.9799955049667404
920 3725 -0.11309421863857239
920 3740 -0.7796265149095776
920 3755 -0.720931840157105
920 3770 0.3467808400986905
933 934 -0.2773496259200485
933 948 0.8712131197992323
933 3425 0.4033790386901692
933 3440 -0.8828770238549617
933 3365 0.20002162794160783
933 3380 0.31418028413249277
933 3395 0.8872413098221748
933 3410 -0.4717190665069302
934 935 0.05916446589054436
934 949 0.47048961113562116
934 3605 0.3129862372387684
934 3620 -0.5296556296771746
934 3455 -0.253606673860989
934 3470 -0.8308640450268017
934 3486 0.01584168761764415
934 3501 -0.5309700233881491
934 3516 0.5256982589317629
934 3531 0.8258244041196996
934 3545 0.06921044656573261
934 3560 -0.2464377073032511
934 3575 0.29707983852560127
934 3590 0.8246856502436004
935 950 0.08653779227754899
935 3785 0.11622523677667185
935 3800 -0.6415707386629752
935 3635 0.8577413843324249
935 3650 -0.7205294207850228
935 3666 0.6157264998084229
935 3681 -0.7233892303674598
935 3696 0.38861748170038846
935 3711 -0.2981307235173001
935 3725 -0.12294315302299319
935 3740 -0.4291122026522296
935 3755 0.7988859749429158
935 3770 0.43114992229194504
948 949 -0.7373648735286005
948 3425 0.9107943456461238
948 3440 0.2778555679115451
948 3365 -0.5633538644244327
948 3380 -0.6492523366696499
948 3395 -0.0855922332805037
948 3410 0.14186864136579214
949 950 0.4646666274872775
949 3605 -0.8435741155010446
949 3620 -0.10382562697523001
949 3455 -0.8443291657571494
949 3470 -0.31223506468352147
949 3486 0.5037147949912517
949 3501 -0.47695250958423085
949 3516 -0.0623683073710406
949 3531 -0.2297012182180509
949 3545 0.7320065746236895
949 3560 -0.9776848368865219
949 3575 0.6837676252371918
949 3590 -0.2795628505521148
950 3785 -0.23456484024038615
950 3800 0.14257776478912
950 3635 -0.211463337293887
950 3650 0.3459060804932452
950 3666 0.6637738629834657
950 3681 -0.6998234212562413
950 3696 0.6301002740354822
950 3711 0.05098372391549577
950 3725 -0.6013396992137796
950 3740 -0.17335408319466095
950 3755 -0.02755870122158921
950 3770 0.6442213611161378
963 964 -0.30652928652946665
963 978 0.7587285894202311
963 3425 -0.3439866668991891
963 3440 -0.25554411460153803
963 3455 -0.7621833036350929
963 3470 -0.6934758177462774
963 3486 0.5000210011067197
963 3501 -0.7321268603436204
963 3516 -0.07146767862336256
963 3531 -0.25311481023031757
963 3545 -0.7622489253962006
963 3560 -0.5726338303366383
963 3395 -0.4172288518682894
963 3410 0.47787446803299516
964 965 -0.9485061620231783
964 979 -0.047158298534536236
964 3605 -0.6486292897268684
964 3620 0.4379441732095184
964 3635 -0.660849586882891
964 3650 0.7101282592187135
964 3666 -0.5041158135265276
964 3681 -0.5303948540763042
964 3696 0.4406767530512592
964 3711 -0.5791194691107007
964 3725 -0.910002535946737
964 3740 0.42925532332065797
964 3575 0.9744815111125635
964 3590 0.4538320750384688
965 980 -0.26828455858637157
965 3785 0.6212955126866442
965 3800 0.8243149922733051
965 3815 0.4018025915444601
965 3830 -0.3884777776419446
965 3846 -0.46696005211027036
965 3861 -0.7461310199449971
965 3876 -0.28324030146506995
965 3891 0.05568993586984483
965 3755 0.20549244165988
965 3770 -0.882941184814841
978 979 -0.44896592296745963
978 3425 -0.26502631970744694
978 3440 -0.5754789076814997
978 3455 -0.021768973759453525
978 3470 -0.6184650158696501
978 3486 -0.05047993715827492
978 3501 0.1394802349978066
978 3516 -0.6806942751138414
978 3531 0.8970949707868976
978 3545 -0.6664781964797437
978 3560 0.8511326426228796
978 3395 -0.7545310241277996
978 3410 0.3562434600366875
979 980 0.48581182671685497
979 3605 -0.10338374176051857
979 3620 0.67736732305549
979 3635 0.9019556511385804
979 3650 -0.7273846145423841
979 3666 -0.7596325939793889
979 3681 -0.9800026611104484
979 3696 -0.11036741852374399
979 3711 0.30016387665083544
979 3725 0.11734708246965497
979 3740 -0.1424569571227241
979 3575 -0.3326594441301256
979 3590 0.7864371682019629
980 3785 0.9968897215074282
980 3800 0.26925745247202615
980 3815 0.4376315918516904
980 3830 0.45335010632256134
980 3846 0.9614556364626268
980 3861 0.3121890469895994
980 3876 0.9702462674288801
980 3891 -0.7848003793343807
980 3755 0.19014936507572178
980 3770 -0.2682095983593249
993 994 -0.1718135050682501
993 1008 -0.9036557321429488
993 3426 -0.2347732854242388
993 3441 -0.19652222978792122
993 3456 -0.35770440444830887
993 3471 -0.8504036733152369
993 3486 0.019689352992964926
993 3501 0.27969538528777305
993 3516 -0.7865990265104572
993 3531 -0.6104806223093233
993 3545 0.31808853990965025
993 3560 -0.32458096749497534
993 3395 0.49790506533270795
993 3410 0.6365639613580132
994 995 0.8838732081899103
994 1009 -0.25893539560129364
994 3606 0.32086714372310743
994 3621 -0.3803889129328093
994 3636 -0.030936048206887
994 3651 0.07019055317399081
994 3666 -0.5984559140401535
994 3681 0.5936720752261508
994 3696 0.3791189209279058
994 3711 0.5012113413425485
994 3725 -0.7465737743247989
994 3740 -0.5207416627896195
994 3575 0.7795996525459934
994 3590 -0.5306831981464253
995 1010 0.2827163529990093
995 3786 -0.21907207770899606
995 3801 -0.15982871971906776
995 3816 -0.6531661454223623
995 3831 0.7698817058655416
995 3846 -0.4331181194972653
995 3861 0.9924813187829129
995 3876 -0.519562753446853
995 3891 0.6192100158974292
995 3755 -0.6206736880214294
995 3770 0.9859558246906313
1008 1009 0.9496531333836364
1008 3426 0.7578046099981979
1008 3441 0.6873193441643455
1008 3456 -0.15920817664590792
1008 3471 0.6182091179720051
1008 3486 -0.9239022716539893
1008 3501 -0.4155500709094291
1008 3516 0.5629503524904496
1008 3531 -0.9756359360699607
1008 3545 0.18818115140728686
1008 3560 0.8044018957529397
1008 3395 -0.7412862556935487
1008 3410 -0.8958813332934206
1009 1010 0.8975133465294756
1009 3606 0.3545767471101302
1009 3621 0.38304196738304097
1009 3636 -0.543887427643589
1009 3651 0.5574976347598621
1009 3666 0.11837367422955913
1009 3681 -0.2884617456246348
1009 3696 -0.18429607666645142
1009 3711 -0.6764266253932616
1009 3725 -0.047950183181187045
1009 3740 -0.8636720413393288
1009 3575 -0.9309430026148964
1009 3590 0.9478113342039516
1010 3786 -0.24923301934698583
1010 3801 -0.3504100577908622
1010 3816 0.9018316280493981
1010 3831 -0.025907102883222732
1010 3846 0.41396141016777843
1010 3861 0.9448992351726628
1010 3876 0.11594478797065189
1010 3891 0.22176805271615407
1010 3755 -0.18254811312388597
1010 3770 0.2859074960510426
1023 1024 -0.602855957144721
1023 1038 0.9561837475642168
1023 3426 -0.4086663913791362
1023 3441 -0.3955982425880875
1023 3456 -0.5998262022546288
1023 3471 -0.524408915048364
1023 3486 0.6458187392907178
1023 3501 0.7148981958010314
1023 3365 -0.7030604400463853
1023 3380 0.8700116176230177
1023 3395 0.11768815553722778
1023 3410 -0.5703041773029096
1024 1025 0.15065700995720288
1024 1039 -0.22748356787047852
1024 3606 -0.3772429907343646
1024 3621 0.2982430657530182
1024 3636 -0.7651218876700483
1024 3651 -0.49967536016957026
1024 3666 -0.9434016210072194
1024 3681 -0.1289658383202401
1024 3516 -0.8422766998249218
1024 3531 -0.2052490373706224
1024 3545 -0.9085637451063817
1024 3560 0.3949004912335463
1024 3575 0.835745505521116
1024 3590 0.5003311722007089
1025 1040 0.3100744804169726
1025 3786 -0.3278776810600459
1025 3801 0.626566443652262
1025 3816 -0.08411535408946813
1025 3831 0.9768831447049253
1025 3846 0.5429562522032347
1025 3861 0.6384420969264337
1025 3696 0.5385788830903926
1025 3711 0.13774588755733097
1025 3725 0.6957854832474335
1025 3740 0.9420886945299831
1025 3755 -0.9677867958493716
1025 3770 0.8667630152175458
1038 1039 0.025309811780363844
1038 3426 -0.34534026708148513
1038 3441 -0.19015321223619286
1038 3456 0.274949014813608
1038 3471 0.6886336915120275
1038 3486 -0.09501314503798208
1038 3501 -0.20715490751503318
1038 3365 0.9373101589000576
1038 3380 -0.29670708415485003
1038 3395 0.953238537896635
1038 3410 0.5209651074825281
1039 1040 -0.7484310159619589
1039 3606 0.2882818052722156
1039 3621 0.32239514804150904
1039 3636 0.8369996895548979
1039 3651 0.118965712159399
1039 3666 -0.17594890010913122
1039 3681 -0.1858148900690817
1039 3516 -0.2558742652893653
1039 3531 0.7319378724622916
1039 3545 -0.34357885123282506
1039 3560 -0.9049417945044236
1039 3575 -0.30632535050200427
1039 3590 0.6474598783095094
1040 3786 0.03893556965380274
1040 3801 0.9957942249050793
1040 3816 0.912532682929454
1040 3831 0.4530324096276255
1040 3846 0.9885460099861401
1040 3861 0.9924862090277096
1040 3696 -0.2548590190156741
1040 3711 0.44883080800034003
1040 3725 0.1906895306966514
1040 3740 0.11828949437704361
1040 3755 -0.24390091806818037
1040 3770 -0.49752512655323744
1053 1054 0.5940988811371304
1053 1068 0.4430969108887177
1053 3426 0.9055069772563622
1053 3441 0.3608546550277518
1053 3456 0.8808516138310036
1053 3471 -0.3330384150539685
1053 3486 0.7570491831525601
1053 3501 0.3907370542087749
1053 3366 0.015247168336329997
1053 3381 0.7808166516022164
1053 3396 0.668249813460718
1053 3411 -0.27688330969033736
1054 1055 0.9923813791821141
1054 1069 0.5280650302772358
1054 3606 -0.7166656125348305
1054 3621 0.0983762983490939
1054 3636 -0.4259766002676899
1054 3651 -0.6317358720812682
1054 3666 -0.27728010988568363
1054 3681 0.5403552827680971
1054 3516 -0.24311057446611262
1054 3531 -0.8419093346235211
1054 3546 0.9209283580422885
1054 3561 -0.6413712467842321
1054 3576 0.8248424989162948
1054 3591 0.8042065985636273
1055 1070 -0.5027861090389241
1055 3786 0.9516401752322845
1055 3801 -0.3000272190436861
1055 3816 -0.5911703917074624
1055 3831 0.3622601595408217
1055 3846 0.4088007404916052
1055 3861 0.8754620102493631
1055 3696 -0.9041281297940986
1055 3711 -0.9862914207421096
1055 3726 -0.7099001265222966
1055 3741 -0.73683714847336
1055 3756 0.757472217795164
1055 3771 0.9445364059569579
1068 1069 0.12093872668328287
1068 3426 0.8321092870358477
1068 3441 0.1346982589140744
1068 3456 -0.20657533171261266
1068 3471 0.20981622032627767
1068 3486 0.7320798010048355
1068 3501 -0.4017352218068324
1068 3366 -0.6604012155983727
1068 3381 -0.5202361382802796
1068 3396 0.4041567834792428
1068 3411 -0.5880194200730842
1069 1070 0.7548727664170267
1069 3606 0.21402194007584496
1069 3621 0.20340845334095814
1069 3636 0.20205550116894821
1069 3651 -0.4770382676006837
1069 3666 -0.6416615012539095
1069 3681 -0.5562096941017276
1069 3516 -0.9618525911366005
1069 3531 0.0008433338945430524
1069 3546 0.638478983748304
1069 3561 -0.4453702762568783
1069 3576 -0.10846563955094957
1069 3591 0.3847477866085245
1070 3786 0.4679647691908402
1070 3801 -0.44653717273720583
1070 3816 0.010220806856472864
1070 3831 -0.1723444245067498
1070 3846 0.0041081588417328785
1070 3861 -0.22976714505221718
1070 3696 0.7199805637388152
1070 3711 -0.7771533150161889
1070 3726 0.5350266922399713
1070 3741 -0.6114004151522543
1070 3756 -0.3412175500605379
1070 3771 -0.7715949018591555
1083 1084 -0.8136879513730142
1083 1098 -0.3107966363942436
1083 3426 -0.8402013034976374
1083 3441 0.05956795561034789
1083 3366 -0.4497162130801009
1083 3381 0.39324713762300645
1083 3396 -0.45892574802107333
1083 3411 0.5126372417966547
1084 1085 0.599449765504185
1084 1099 0.6619556790765342
1084 3606 -0.7225254469221778
1084 3621 0.20232237704364775
1084 3456 -0.942063081313836
1084 3471 -0.7969488762545918
1084 3486 -0.8329054691921753
1084 3501 0.06308349410949443
1084 3516 -0.16150924497016383
1084 3531 0.7171584499743155
1084 3546 -0.4149960397225152
1084 3561 0.45444845480689966
1084 3576 -0.5972659552032051
1084 3591 0.9126048934939459
1085 1100 -0.8160033862066562
1085 3786 -0.6876049811421203
1085 3801 -0.1298713211144178
1085 3636 0.9113916372458988
1085 3651 -0.21902673904585335
1085 3666 -0.3353802926475673
1085 3681 0.20986625204144094
1085 3696 0.1984825441847855
1085 3711 -0.28020116755945645
1085 3726 0.021789922785351967
1085 3741 -0.8412854905023919
1085 3756 0.04958575604319648
1085 3771 0.5547380817418099
1098 1099 -0.6403164271508979
1098 3426 -0.6541659806457303
1098 3441 0.7344474423052529
1098 3366 -0.6930495620470687
1098 3381 -0.3618934309331787
1098 3396 -0.512865607548777
1098 3411 -0.06818932700118285
1099 1100 0.8000802500854725
1099 3606 0.7986183404155986
1099 3621 0.3626344097360408
1099 3456 0.42766240739659556
1099 3471 -0.5822513037744101
1099 3486 -0.420164354493604
1099 3501 -0.3706312708868904
1099 3516 -0.18155548498795704
1099 3531 0.5398120667192263
1099 3546 0.4496780225337451
1099 3561 -0.336449913588428
1099 3576 -0.620919267608188
1099 3591 -0.1940622863793693
1100 3786 0.7825513880449368
1100 3801 0.24588840635678344
1100 3636 0.7582354475800039
1100 3651 0.9271207801536681
1100 3666 -0.5329178214933803
1100 3681 -0.7268327278387952
1100 3696 0.9515147621897051
1100 3711 0.0038821881845318984
1100 3726 -0.9258490229532141
1100 3741 0.27024029502107605
1100 3756 -0.41672332503536613
1100 3771 0.7639634242286961
1113 1114 0.5385975301624386
1113 1128 -0.772557030138904
1113 3426 0.053622789023917816
1113 3441 -0.5630677233480197
1113 3366 -0.18921997403414692
1113 3381 -0.22740104794258076
1113 3396 -0.1099935534520986
1113 3411 0.8768061737276507
1114 1115 -0.19205435334730225
1114 1129 0.608088922718899
1114 3606 0.3857898984595214
1114 3621 -0.9750210939728097
1114 3456 0.9206496697550404
1114 3471 0.41624448171754724
1114 3546 -0.7073073471457063
1114 3561 0.15100509493368164
1114 3576 -0.09642301757841909
1114 3591 0.20032882955136655
1115 1130 -0.5360735021239675
1115 3786 0.7361208919519868
1115 3801 -0.5628914556137059
1115 3636 -0.24207470938619746
1115 3651 0.6439989187335631
1115 3726 -0.1537176304340151
1115 3741 -0.6818311362856933
1115 3756 0.20253906942667044
1115 3771 -0.36401613729694815
1128 1129 -0.6630940686526974
1128 3426 0.14926175346161674
1128 3441 -0.23931109196273925
1128 3366 -0.28767817667048323
1128 3381 0.778852896168527
1128 3396 0.19297605707435284
1128 3411 -0.97098609688963
1129 1130 0.26237059408833896
1129 3606 -0.448061155783257
1129 3621 -0.3998036222668939
1129 3456 0.9323994097271306
1129 3471 0.8928235219803387
1129 3546 -0.39764498109372237
1129 3561 -0.3937012851202384
1129 3576 0.35167402285715754
1129 3591 0.3716443911046621
1130 3786 -0.120540933520904
1130 3801 -0.5637620370282952
1130 3636 -0.7123832227086386
1130 3651 0.5876261442192285
1130 3726 -0.9663861359207995
1130 3741 0.6208625764821472
1130 3756 -0.906525100726941
1130 3771 0.6038904587817355
3364 3365 -0.4582581773773098
3364 3379 0.9669380962984322
3365 3366 0.6323495808466892
3365 3380 0.5197765915426638
3366 3381 0.7367607824622799
3379 3380 0.6181873067625225
3380 3381 -0.3779064844064759
3394 3395 -0.8144533928672781
3394 3409 -0.8445125463106462
3395 3396 -0.7507751224105552
3395 3410 -0.7057114363266126
3396 3411 -0.34391844025078333
3409 3410 0.4761910002978158
3410 3411 -0.9089447508977844
3424 3425 -0.3163934801837798
3424 3439 0.8812773415630661
3425 3426 -0.6496663171308752
3425 3440 -0.22958758326505668
3426 3441 0.7409772011774816
3439 3440 0.38382755425033466
3440 3441 -0.39369110801908325
3454 3455 -0.8291720753984628
3454 3469 0.6314687720907419
3455 3456 0.6950822610577787
3455 3470 0.7271485218206184
3456 3471 -0.8481809738222228
3469 3470 0.01073756631428413
3470 3471 0.04538738051739011
3484 3485 0.2811228761881748
3484 3499 0.7289995118687926
3485 3486 -0.7748737622948001
3485 3500 0.08896854866725756
3486 3501 -0.9364123038186547
3499 3500 -0.26297118641480166
3500 3501 0.5143337069265768
3514 3515 0.7420694974303366
3514 3529 0.8784948359824167
3515 3516 -0.5008892296698391
3515 3530 0.9505788843147744
3516 3531 0.9331346322080556
3529 3530 0.544325663585512
3530 3531 -0.586773129135514
3544 3545 0.9681547575025271
3544 3559 0.19359959344602462
3545 3546 -0.6046384845403283
3545 3560 -0.516556418331783
3546 3561 -0.5235085711002694
3559 3560 -0.8500487192824002
3560 3561 0.10580384574644497
3574 3575 -0.2377787698222682
3574 3589 -0.8627221262337323
3575 3576 0.19614701164015447
3575 3590 0.7874472250748523
3576 3591 0.04952236450183323
3589 3590 0.3621024900072498
3590 3591 -0.9185728622808582
3604 3605 -0.9912869782686089
3604 3619 -0.3954654799476238
3605 3606 -0.8783126223545377
3605 3620 0.4414949565869155
3606 3621 -0.8869468519706463
3619 3620 -0.22871482117143782
3620 3621 0.2841610700160848
3634 3635 0.7021379535068877
3634 3649 -0.9795014279731074
3635 3636 -0.9303104755642251
3635 3650 -0.8903547106672232
3636 3651 0.47937444245998684
3649 3650 -0.04877926718433434
3650 3651 0.3242227044100454
3664 3665 0.8097221581740255
3664 3679 -0.9816483394902868
3665 3666 0.9533358971789396
3665 3680 -0.9840489942183415
3666 3681 -0.9818192472135983
3679 3680 -0.3256125795002063
3680 3681 0.05465789847283986
3694 3695 0.73595522171367
3694 3709 0.796964569662866
3695 3696 -0.9921449802793221
3695 3710 0.5616941660851482
3696 3711 -0.34454560981413107
3709 3710 0.9880105054155437
3710 3711 -0.49983002874830307
3724 3725 0.6496861625557868
3724 3739 -0.28243215531819366
3725 3726 -0.21848865210837665
3725 3740 0.7261188181159492
3726 3741 0.7468277087335435
3739 3740 -0.047292396148224336
3740 3741 0.4918665248610503
3754 3755 0.9703087896585516
3754 3769 -0.6749327607704498
3755 3756 0.2236940700777834
3755 3770 -0.982460390545181
3756 3771 -0.003546423216668204
3769 3770 -0.4439453349090279
3770 3771 -0.17424292861954527
3784 3785 -0.23766549601091036
3784 3799 0.868914028209745
3785 3786 0.1680981089100504
3785 3800 0.7971135521250148
3786 3801 0.8345655255862914
3799 3800 -0.4090790461594864
3800 3801 -0.8109636955201247
3814 3815 -0.8539975440427976
3814 3829 -0.7949256484809843
3815 3816 0.07815508836360263
3815 3830 0.48225396659886544
3816 3831 -0.7094133375628027
3829 3830 -0.49811309748023924
3830 3831 -0.8913276776974042
3844 3845 -0.7996257530495909
3844 3859 0.4421891354539216
3845 3846 0.8580507704158384
3845 3860 -0.641380864302221
3846 3861 0.040353279080785454
3859 3860 -0.6556458560483189
3860 3861 -0.4633824161506692
3874 3875 -0.40372716708673795
3874 3889 -0.3311252382909329
3875 3876 -0.42981348728080304
3875 3890 -0.2901815414798625
3876 3891 0.909700537398276
3889 3890 0.03030125289251795
3890 3891 0.27845475790135277
