# 
603 603 -2.8578031218323305
604 604 0.3632746087279912
605 605 -1.4481690893542636
618 618 2.5794684895776134
619 619 1.4061245072219375
620 620 -0.058162559581925066
633 633 1.8507157470486737
634 634 -3.6054031976610226
635 635 -2.922414034263549
648 648 -3.3838154759642567
649 649 1.3512492892140289
650 650 -1.514228647359718
663 663 1.927313209914475
664 664 3.307809481314445
665 665 2.440402732102352
678 678 2.611233980752184
679 679 -0.6551506619017546
680 680 -1.3709742048047344
693 693 2.0201849901762143
694 694 2.670896687244624
695 695 0.8687164984460463
708 708 2.72263718847804
709 709 0.9189793324895561
710 710 3.672240853950706
723 723 -0.8951451326561974
724 724 -2.384171579161201
725 725 1.8116529820675993
738 738 1.1226630922726226
739 739 -1.5219797106215491
740 740 0.6458526845600696
753 753 0.03327454988969514
754 754 -2.2837556248643613
755 755 2.872796317118257
768 768 -3.773468312423703
769 769 -2.756645105319258
770 770 -1.6926136995032985
783 783 0.22520244388325938
784 784 -2.476857661269002
785 785 1.8845132391450328
798 798 -1.5546041825063641
799 799 -0.8665754222313877
800 800 -3.740714211435109
813 813 -2.957287691555731
814 814 2.077568467759259
815 815 -1.9979517640297155
828 828 -2.9037701607552275
829 829 -2.1060814817135327
830 830 -1.2206600461606838
843 843 -2.0533457078985995
844 844 -2.534313094139841
845 845 3.754857937797178
858 858 -3.0871773723575036
859 859 1.2404974809798954
860 860 -1.4970804367134596
873 873 2.148833623695256
874 874 2.1608409761438274
875 875 1.6533824966222914
888 888 0.22573604225399713
889 889 2.955443340777876
890 890 -1.2419987036000544
903 903 1.3100103890556616
904 904 0.14410681309800033
905 905 3.2143172349106424
918 918 -0.6575014627291589
919 919 2.425108321631493
920 920 -2.7552876588624855
933 933 -0.041811847481405096
934 934 -1.9251462516558293
935 935 -1.3571936908025828
948 948 3.8365912486796905
949 949 2.527460352638829
950 950 3.9286794881411327
963 963 -0.7299817020713784
964 964 0.8787436653770548
965 965 -1.988947706181646
978 978 -3.0211465428489683
979 979 2.1707780955959564
980 980 2.99082600846873
993 993 -0.8336115669202036
994 994 -3.9322927319941128
995 995 2.869877588470655
1008 1008 2.560477813175827
1009 1009 -1.9490047091394915
1010 1010 2.4582175817488965
1023 1023 -3.0250753256048286
1024 1024 2.834836329255624
1025 1025 0.8745197263152837
1038 1038 -3.1030184708330246
1039 1039 2.8351528623211424
1040 1040 3.3872619130405335
1053 1053 -0.8752700433316489
1054 1054 -1.8615659023518285
1055 1055 1.7235773751396852
1068 1068 -3.724531521419112
1069 1069 0.7037066911407557
1070 1070 -0.603721185537827
1083 1083 3.8452759324758388
1084 1084 -3.639959042169763
1085 1085 -1.4882430149248957
1098 1098 0.3839989109466275
1099 1099 -1.1351953085186635
1100 1100 1.9258630461856212
1113 1113 0.25461563372978
1114 1114 0.8359532501201681
1115 1115 -2.70282164758175
1128 1128 -0.766207527913183
1129 1129 1.4394113118922913
1130 1130 3.8640194929435046
3364 3364 2.4170816999858724
3365 3365 1.0752203097385387
3366 3366 -2.7249479273089543
3379 3379 1.4088514655428241
3380 3380 -1.8966880427128237
3381 3381 -2.0359020817131412
3394 3394 -1.6087971387282378
3395 3395 3.9617721223867592
3396 3396 -1.6084402831349722
3409 3409 0.5505950318343436
3410 3410 -3.4656691760513727
3411 3411 1.7516789079252169
3424 3424 2.265469140835118
3425 3425 -2.6002512103664364
3426 3426 1.988065187526205
3439 3439 -3.7573776363948417
3440 3440 -1.6450918849523246
3441 3441 2.2444211812858192
3454 3454 0.35357184560161325
3455 3455 -0.6999257071594043
3456 3456 2.4455673769504944
3469 3469 -1.3132592719215852
3470 3470 -1.5693569160603928
3471 3471 0.7510539906467208
3484 3484 3.4413924521483494
3485 3485 0.41665581689011244
3486 3486 -3.1926218908772963
3499 3499 2.3043190280662174
3500 3500 1.9623132584083205
3501 3501 3.576943945565299
3514 3514 -1.0260372269194393
3515 3515 2.082230191256347
3516 3516 -1.755305182427782
3529 3529 -2.0776400146621663
3530 3530 -2.51582722170423
3531 3531 -0.36787002801444935
3544 3544 2.843343524540561
3545 3545 -0.7701103596134447
3546 3546 0.7640021996794184
3559 3559 -3.852227641889641
3560 3560 -3.8408505395501553
3561 3561 -0.7258373217654164
3574 3574 3.3353212462701904
3575 3575 -2.9884154627669233
3576 3576 -1.2603063498862017
3589 3589 1.8471409891715664
3590 3590 1.4274355023808933
3591 3591 1.811876914482636
3604 3604 1.1407838005702393
3605 3605 -3.112238076405151
3606 3606 -3.170672404708072
3619 3619 0.059077890177288594
3620 3620 3.778973845308152
3621 3621 2.62943438936835
3634 3634 -2.983417710559908
3635 3635 -0.8421112349693631
3636 3636 1.312063944441313
3649 3649 -3.144754320604851
3650 3650 -3.4397318538458066
3651 3651 1.613486862401298
3664 3664 -1.6660057007250506
3665 3665 -1.348390577080849
3666 3666 -2.9581381992498814
3679 3679 -3.7873250617905345
3680 3680 0.38139910620640904
3681 3681 -3.6076341097165425
3694 3694 -3.744202677864906
3695 3695 2.503683564238215
3696 3696 0.24032966275167222
3709 3709 1.2325817529556957
3710 3710 0.9399444152376182
3711 3711 1.9404493290347746
3724 3724 -0.21738695813292086
3725 3725 2.6129181737014013
3726 3726 3.5204904999301423
3739 3739 -3.3715468079237088
3740 3740 0.2524796737275725
3741 3741 3.774031798813299
3754 3754 -3.76347202582326
3755 3755 2.6054210880374216
3756 3756 -2.0066726310807974
3769 3769 3.330436320450098
3770 3770 3.5195183037673434
3771 3771 2.2627190769438625
3784 3784 1.2740114956525659
3785 3785 -1.53099773671015
3786 3786 3.2351838251694893
3799 3799 3.87596661105881
3800 3800 0.5583907225535949
3801 3801 3.8677030859575474
3814 3814 -0.4115434674427263
3815 3815 3.7150426503788374
3816 3816 -2.8238135752412594
3829 3829 2.5941847833992178
3830 3830 -3.804801945588495
3831 3831 -0.9758414659246055
3844 3844 1.1451282872030664
3845 3845 3.491206393611338
3846 3846 1.8225013592351544
3859 3859 0.8347066279351214
3860 3860 -0.2575637779285307
3861 3861 -2.0668511598779906
3874 3874 -2.556158744397443
3875 3875 1.4127506100673033
3876 3876 3.2135034211967026
3889 3889 3.6347218477526635
3890 3890 2.6106027563482437
3891 3891 -1.1462718270884436
603 604 -0.9407318256267212
603 618 0.04212257588543622
603 3484 0.6046971490076862
603 3499 0.7511805224161097
603 3514 -0.690867044449843
603 3529 -0.4404830503909061
604 605 -0.4722434556511501
604 619 -0.07424942745154506
604 3664 -0.8133255525769545
604 3679 0.13118446022937325
604 3694 0.9485100732085019
604 3709 -0.7578235736246994
605 620 0.6289246967051216
605 3844 0.9802928328105256
605 3859 -0.29370137261362594
605 3874 0.47033860745142
605 3889 0.8905373094737976
618 619 -0.7226499155548238
618 3484 -0.6568278564980388
618 3499 0.9905339091674306
618 3514 0.15556928562834238
618 3529 0.6073382685108153
619 620 0.10411227766195119
619 3664 -0.03696650219455666
619 3679 0.0540717794845027
619 3694 0.12227730700409456
619 3709 -0.6948050471796483
620 3844 -0.7417363489806728
620 3859 0.5055426589991285
620 3874 0.5160446307681497
620 3889 0.08307552525388995
633 634 -0.4266724425643582
633 648 0.8495894864361042
633 3424 -0.2811474039632835
633 3439 -0.4207009982061498
633 3454 0.7479804347267127
633 3469 -0.7344824084228414
633 3484 0.64802204942079
633 3499 -0.9986425387627145
633 3514 -0.22346876230980883
633 3529 -0.7000688342122554
634 635 -0.3294077229016803
634 649 0.48629455480137773
634 3604 -0.3979152650313922
634 3619 -0.7303030899595544
634 3634 -0.9035181732027084
634 3649 0.1546466681555727
634 3664 -0.3427208928362493
634 3679 -0.5247181250309558
634 3694 0.8573428525906079
634 3709 -0.0447639025498312
635 650 0.9284594541978659
635 3784 -0.40623171264630664
635 3799 0.03126245633695901
635 3814 -0.8923637209782103
635 3829 -0.9199525347643911
635 3844 0.2611690957131838
635 3859 0.49201923632924394
635 3874 -0.718866664980373
635 3889 -0.6834069178713666
648 649 -0.17300661269753825
648 3424 0.7517069433080423
648 3439 0.8067100590600469
648 3454 -0.2468502559511856
648 3469 0.39763449289876673
648 3484 0.15831604114268472
648 3499 -0.8225794362063099
648 3514 0.18207864384234185
648 3529 0.1091152162099076
649 650 0.7866963429502773
649 3604 -0.6544786774743514
649 3619 0.8216999843736932
649 3634 0.09895839298933118
649 3649 -0.7318917489752508
649 3664 -0.17741389320898038
649 3679 0.016132660442953473
649 3694 0.33446884044158076
649 3709 0.637796258854727
650 3784 -0.4750372658458444
650 3799 0.9236095140074159
650 3814 0.22438809454103836
650 3829 0.3643862419826822
650 3844 0.27418327673524434
650 3859 -0.8089957158866616
650 3874 0.2313835931562338
650 3889 -0.8149040802059031
663 664 -0.6527526810670807
663 678 -0.31865645420056254
663 3424 -0.03218895962105628
663 3439 -0.10694351151704917
663 3454 -0.6943573160584846
663 3469 0.1019099605572309
663 3484 -0.503225415959029
663 3499 0.4755286321200518
664 665 0.22711027642601778
664 679 0.3344923156816193
664 3604 0.2577167265703324
664 3619 0.7051847933342272
664 3634 0.5131561620952478
664 3649 -0.9745223305302062
664 3664 0.4686275663461912
664 3679 0.1652826384333732
664 3514 -0.4779018497973806
664 3529 0.9341435143201009
665 680 -0.2534858259096928
665 3784 0.27765427058513703
665 3799 -0.4261344870917012
665 3814 -0.6475450212629594
665 3829 -0.9818996124416821
665 3844 -0.514550658664763
665 3859 0.32253823699988815
665 3694 0.30685008818533044
665 3709 -0.9238184101867546
678 679 -0.57387001596431
678 3424 -0.22462045706823197
678 3439 0.4152450971274926
678 3454 -0.4258684514033966
678 3469 -0.9655910864883523
678 3484 -0.4104495882655632
678 3499 -0.5384944581787299
679 680 -0.9487577418680058
679 3604 0.2167696505798511
679 3619 -0.6371643373171443
679 3634 -0.6217911168746464
679 3649 -0.5293189943578711
679 3664 0.5377285506577445
679 3679 -0.7052269153897894
679 3514 -0.964817075934576
679 3529 0.3721409017976427
680 3784 0.7081406391101543
680 3799 0.9515277916680833
680 3814 0.5511883337218078
680 3829 0.04989775553136311
680 3844 -0.665668214328075
680 3859 -0.11995620772054383
680 3694 -0.5297590082934645
680 3709 0.1754649322231625
693 694 -0.5812334192650757
693 708 -0.005626280294846131
693 3424 -0.3006513694636137
693 3439 0.8050684168273159
693 3454 -0.5073819080473794
693 3469 0.05572862636905995
693 3484 0.7722039049010752
693 3499 -0.01286695489597367
693 3364 -0.42607990436900334
693 3379 0.2805308239128521
693 3394 -0.4988100405768112
693 3409 0.48413043079419205
694 695 0.3957233153695561
694 709 0.6647170872793746
694 3604 0.6665543769056725
694 3619 0.9607487054263153
694 3634 0.49001396329914404
694 3649 -0.8089891184975349
694 3664 -0.3105427435878212
694 3679 0.17300237691744558
694 3514 0.43265145984644415
694 3529 -0.678787761236866
694 3544 -0.2795000511871373
694 3559 -0.9016337126953768
694 3574 0.9438210708383385
694 3589 -0.3969053806754357
695 710 0.31690347293945953
695 3784 0.21241896376531466
695 3799 -0.7797819398461339
695 3814 -0.21059365271315733
695 3829 0.1242908241988323
695 3844 0.7790888976771246
695 3859 -0.9456852781208029
695 3694 0.3641685265708221
695 3709 0.8416574857654402
695 3724 -0.11510609570930619
695 3739 -0.8343031088653021
695 3754 -0.7054026777066538
695 3769 0.9384592961101657
708 709 -0.6139469222186205
708 3424 -0.8152012113431644
708 3439 0.43094954493398796
708 3454 -0.802408679231007
708 3469 0.8167617479165019
708 3484 0.07701529015391162
708 3499 0.8907350041607776
708 3364 0.5345173402812027
708 3379 -0.9959187803144913
708 3394 0.33611383046262167
708 3409 -0.05932816953826725
709 710 0.29163096363448227
709 3604 0.2488258053652117
709 3619 0.8871819164109034
709 3634 -0.8531454594203356
709 3649 0.8544339513682822
709 3664 -0.9525298277029142
709 3679 0.21727069436200597
709 3514 -0.16936535929332308
709 3529 -0.3528981542907377
709 3544 0.1852213282280053
709 3559 0.4551080754178991
709 3574 0.6868856054146291
709 3589 0.42697468004430283
710 3784 -0.010729837806023657
710 3799 -0.34070872138396435
710 3814 -0.733680456323208
710 3829 0.8803890899078195
710 3844 0.733788685850506
710 3859 -0.6107288245398401
710 3694 -0.75974196825997
710 3709 -0.4361523879116056
710 3724 -0.2735586606850402
710 3739 0.8147895211002747
710 3754 -0.33112318601861124
710 3769 -0.4870619115538368
723 724 0.12831034316047618
723 738 -0.06103429237020186
723 3424 -0.6929729292547846
723 3439 0.21896920758601945
723 3364 0.476765963636012
723 3379 -0.759260315103655
723 3394 -0.10786494177665706
723 3409 0.8428576649399733
724 725 0.46209827825949934
724 739 0.6151062359234563
724 3604 0.8280344994674538
724 3619 0.8431013049229095
724 3454 0.8619023392287095
724 3469 -0.8017000536716243
724 3484 0.09116903591002323
724 3499 -0.8211586401054054
724 3514 -0.5927264883298611
724 3529 0.06127094981408576
724 3544 -0.1665286456884938
724 3559 0.35583404179101996
724 3574 -0.18403102249714576
724 3589 -0.3109628232367099
725 740 0.14570180681545852
725 3784 -0.11016180172979428
725 3799 -0.5501858433268241
725 3634 0.08515653293665082
725 3649 0.06785362370166115
725 3664 0.7601210378105188
725 3679 0.1314868021490394
725 3694 0.9967469227663128
725 3709 -0.9070419862521013
725 3724 -0.4285688364177702
725 3739 0.28713760405304534
725 3754 0.1166763983605712
725 3769 0.4389713205883863
738 739 -0.4685194577360561
738 3424 0.6553662507628273
738 3439 -0.1301356799413378
738 3364 0.5110788098869476
738 3379 -0.5595040750750102
738 3394 -0.858021045659835
738 3409 0.452315015422484
739 740 0.8684089598611053
739 3604 0.9420687112156336
739 3619 -0.08894919251435973
739 3454 -0.47800064464417535
739 3469 -0.11253916386385421
739 3484 -0.09010595380616948
739 3499 0.37809122787564386
739 3514 0.5286669754286455
739 3529 0.3538798083310404
739 3544 0.312856962067527
739 3559 -0.9804568340506008
739 3574 0.742688414944827
739 3589 0.16873941905969292
740 3784 0.11890290187632169
740 3799 0.6417705871589101
740 3634 -0.11973740109521858
740 3649 0.07126211173621266
740 3664 -0.41736861656409285
740 3679 0.7157852280963726
740 3694 -0.5208346257951997
740 3709 0.07003792231540751
740 3724 -0.6981801987827712
740 3739 0.23676506253950946
740 3754 0.9267026949467694
740 3769 0.2974140282440012
753 754 0.6797796347470937
753 768 -0.6201033876923463
753 3424 -0.5592708094014995
753 3439 -0.9595833612774305
753 3364 0.47192397572753175
753 3379 0.15752055828793776
753 3394 -0.2137850727208903
753 3409 0.4209506319559171
754 755 0.9215173253341709
754 769 0.3908279336016214
754 3604 -0.7041603194541879
754 3619 0.943715891695722
754 3454 -0.38132871051304473
754 3469 0.37181246830275105
754 3485 0.8261689320664918
754 3500 0.5115159067439228
754 3515 -0.17605832619292805
754 3530 -0.670362889762673
754 3544 0.8539832947189254
754 3559 -0.17459153510474668
754 3574 0.11497206928457415
754 3589 0.22640033482123378
755 770 -0.2883473600865354
755 3784 -0.21284858750156355
755 3799 -0.48908670956988476
755 3634 0.9297887905608366
755 3649 -0.08993896020663561
755 3665 -0.6335060343617758
755 3680 0.8332762189986074
755 3695 0.38922328528099825
755 3710 0.656995417659656
755 3724 -0.5763587286999579
755 3739 0.12115625487186366
755 3754 0.9464823114144372
755 3769 -0.2987649851843961
768 769 -0.4047273972112988
768 3424 0.4694727326288093
768 3439 0.050601180185349426
768 3364 -0.05450759600329169
768 3379 0.5235822552549716
768 3394 0.8298961838117354
768 3409 0.9245801367560154
769 770 0.6216970038328604
769 3604 -0.5140443053063812
769 3619 -0.9948424656902379
769 3454 0.025365989479195328
769 3469 -0.47217922439467963
769 3485 0.02954177417834125
769 3500 0.46022681235732366
769 3515 0.19807394608334428
769 3530 -0.9991950183495346
769 3544 -0.9326306593846125
769 3559 -0.671468903860498
769 3574 0.2485303916534689
769 3589 0.8121574187229137
770 3784 -0.3373902825440571
770 3799 -0.4016429120813201
770 3634 -0.040379082618479334
770 3649 0.3486538565281909
770 3665 0.5330801807312031
770 3680 -0.45733663435525407
770 3695 0.7005254517204833
770 3710 0.18243279444520866
770 3724 -0.050647487611149344
770 3739 0.02368350296223798
770 3754 -0.6774488913099781
770 3769 0.990345055945014
783 784 0.571813258093119
783 798 -0.48573062988769555
783 3424 0.02181925545273633
783 3439 0.8351808488169039
783 3454 -0.5719103458107218
783 3469 -0.4771950378510874
783 3485 -0.2889841925614638
783 3500 -0.66518521644985
783 3515 -0.020089734027801676
783 3530 0.4170046815371349
783 3544 -0.3677570024375887
783 3559 0.5133478822371829
783 3394 0.9547058723332416
783 3409 0.11009653462108959
784 785 0.2779175011621373
784 799 0.9029847963601543
784 3604 -0.35504692337126253
784 3619 0.5341414327245655
784 3634 0.023406910048220153
784 3649 -0.0731855315392047
784 3665 0.24830643304818412
784 3680 -0.939842049273194
784 3695 0.8722616826267382
784 3710 -0.17186064123842204
784 3724 -0.5337186100039237
784 3739 -0.34787016375350643
784 3574 0.9417715644929803
784 3589 -0.7104789775841749
785 800 0.9528220635303923
785 3784 0.44826954524461726
785 3799 0.6324140856115796
785 3814 -0.22545064051168784
785 3829 -0.0844885369641728
785 3845 -0.43411001028484963
785 3860 -0.3778486814798714
785 3875 0.5355969986710654
785 3890 0.9329080849311324
785 3754 -0.3092274475411618
785 3769 -0.33795162180949934
798 799 0.4218487441477119
798 3424 -0.4774191344342169
798 3439 -0.2683162058145214
798 3454 -0.7490660904924833
798 3469 -0.6479652382027479
798 3485 -0.40615794950806783
798 3500 0.8283545140670303
798 3515 -0.7145679092660422
798 3530 -0.992809673061859
798 3544 -0.5038178299234002
798 3559 -0.21488011712780275
798 3394 -0.4491916129996294
798 3409 -0.5909221536395148
799 800 0.3553139924010258
799 3604 0.8876298327705527
799 3619 0.9439080888571447
799 3634 -0.3764609534643384
799 3649 -0.3840815678835616
799 3665 0.9547379658356385
799 3680 0.9976512965505808
799 3695 0.1762119037029084
799 3710 -0.9618471568281133
799 3724 -0.480744646283668
799 3739 -0.7984592285888792
799 3574 -0.8175372707510309
799 3589 -0.050357139789627414
800 3784 0.9060245065547607
800 3799 0.4106107807049586
800 3814 0.7726890386614516
800 3829 0.014339133234847035
800 3845 0.7923245758601856
800 3860 -0.5413169734697894
800 3875 -0.5391761646361228
800 3890 0.6630666710377968
800 3754 0.5074912484736629
800 3769 -0.4774816452534929
813 814 -0.06976252783167625
813 828 0.253253906078998
813 3425 -0.4923649896842699
813 3440 -0.5231495362512173
813 3455 -0.5965146728644091
813 3470 0.19415679061821822
813 3485 0.1657690959596545
813 3500 -0.05231428687433759
813 3515 0.7839587192695088
813 3530 0.4291805528007715
813 3544 0.4543383353688768
813 3559 0.7521247501267161
813 3394 0.35522632397894593
813 3409 -0.09952042307807507
814 815 0.7363402747884793
814 829 0.4397368446301819
814 3605 -0.37824672745396914
814 3620 0.2181901643398827
814 3635 0.587297566522698
814 3650 -0.38399451239504057
814 3665 -0.050078971186707344
814 3680 0.48142233860350925
814 3695 -0.7157691826636645
814 3710 -0.14758382276032145
814 3724 0.4951603190068925
814 3739 -0.8733790893769626
814 3574 0.9181704581656578
814 3589 0.7533524262679419
815 830 0.21827927888757337
815 3785 -0.9598614074679654
815 3800 -0.744966444690746
815 3815 0.8090552560753952
815 3830 0.5539715977591826
815 3845 -0.5572485231065487
815 3860 -0.11614322416086509
815 3875 0.42273543764176247
815 3890 0.41212777331259254
815 3754 -0.9969875659537542
815 3769 -0.7595163255894373
828 829 -0.6993034432261065
828 3425 0.9840935030457514
828 3440 -0.4052475730503384
828 3455 -0.6270379572290226
828 3470 0.5667792764832296
828 3485 -0.9916997145076265
828 3500 0.7818524286871922
828 3515 -0.4211158575178322
828 3530 -0.8626946119786487
828 3544 -0.7920379166941314
828 3559 0.7619096878920444
828 3394 -0.3923003872024249
828 3409 -0.5313207786683052
829 830 -0.7035108628491822
829 3605 -0.0015759473484857622
829 3620 0.6225463993501867
829 3635 -0.2662334083370199
829 3650 0.524762911648764
829 3665 0.4954960295740525
829 3680 -0.912911644300312
829 3695 -0.72278776236847
829 3710 0.9495064031321387
829 3724 0.03455732270462919
829 3739 0.8940969498290174
829 3574 -0.8673168236424207
829 3589 -0.18067714871348328
830 3785 -0.9914740721811841
830 3800 0.7024458803725611
830 3815 -0.1311518363409867
830 3830 -0.6669830406829222
830 3845 0.3635746195664309
830 3860 0.7252275558690997
830 3875 0.5799784538414656
830 3890 -0.5806605130466571
830 3754 -0.8323485941950779
830 3769 0.9476198506769842
843 844 -0.25823314488192883
843 858 0.7522024776294565
843 3425 0.42103731695888835
843 3440 0.525401904145745
843 3455 -0.21047478880483328
843 3470 0.8787153287417109
843 3485 0.3321535839008398
843 3500 -0.9321992315707073
843 3364 -0.9716264538351711
843 3379 -0.9069011246583909
843 3394 0.3723963494482585
843 3409 -0.7885672788957321
844 845 0.6013711806778457
844 859 0.6323034736648963
844 3605 0.5390353427175876
844 3620 -0.24520070904692415
844 3635 -0.18553140237019816
844 3650 -0.19396103958401834
844 3665 0.2703680412103915
844 3680 -0.9071274003671372
844 3515 0.17248333834053575
844 3530 0.38229155069749887
844 3544 0.5675398160091776
844 3559 -0.8773137322263453
844 3574 0.2218579675447543
844 3589 -0.39680368894755524
845 860 0.9316209051206676
845 3785 0.27150782346983693
845 3800 0.846245834585786
845 3815 -0.6495137243529578
845 3830 -0.9801139499789702
845 3845 0.8565699784600156
845 3860 -0.3471644305751611
845 3695 0.32101283383024515
845 3710 0.7328955902226924
845 3724 0.1707561228121275
845 3739 0.995147629615855
845 3754 0.5651331990728035
845 3769 -0.6394172911401281
858 859 -0.41639271153863633
858 3425 -0.9148186771542084
858 3440 -0.44290293357530763
858 3455 -0.2124880948391934
858 3470 0.5391053777081993
858 3485 -0.757572913940342
858 3500 -0.6960036629852591
858 3364 -0.7487230889685341
858 3379 -0.5068058758623435
858 3394 0.1428107118899049
858 3409 -0.08104648453155527
859 860 0.1130153741984461
859 3605 0.419667574451831
859 3620 0.03160925398467995
859 3635 -0.21131486072810457
859 3650 -0.22754236311263476
859 3665 -0.7796652921278848
859 3680 0.0888175439904535
859 3515 0.10745296885432998
859 3530 0.056985537592564306
859 3544 0.4613281308126185
859 3559 0.9798915557083583
859 3574 -0.7677878439936616
859 3589 -0.0463508771514749
860 3785 -0.4209194307951327
860 3800 0.12167159463481259
860 3815 -0.3973036213403731
860 3830 0.4399931640346635
860 3845 0.33496922752256575
860 3860 -0.22862608895414738
860 3695 -0.8168607301706032
860 3710 0.12037455752397341
860 3724 -0.5026735241592568
860 3739 0.6037364254726296
860 3754 -0.7125121750995544
860 3769 -0.7743824810115811
873 874 0.13152496784946743
873 888 0.8439903925176626
873 3425 -0.032411921439009506
873 3440 -0.8648530202349491
873 3455 -0.4869658038380955
873 3470 0.0769969983246761
873 3485 0.22948806917451048
873 3500 0.0821390181792705
873 3365 -0.9560312251319791
873 3380 -0.5477315048335991
873 3395 0.6772510745427416
873 3410 0.3529831761432478
874 875 0.09719830179312594
874 889 -0.1483768412543529
874 3605 0.44277800245443477
874 3620 0.576770297386215
874 3635 0.09784632529674275
874 3650 -0.2533568143579812
874 3665 0.45512591629993615
874 3680 -0.35624006488380067
874 3515 0.4098867633694374
874 3530 -0.8619984282863602
874 3545 -0.07852497195403818
874 3560 0.33831797060063984
874 3575 0.40274617390560796
874 3590 0.3146679465975719
875 890 -0.46961897774840056
875 3785 0.21588651822137783
875 3800 0.08281686003406907
875 3815 -0.2450173459019176
875 3830 -0.7356706432623139
875 3845 -0.2668221793089003
875 3860 -0.639261807140646
875 3695 0.11257048278063975
875 3710 -0.3604819053673163
875 3725 -0.23131869083349565
875 3740 -0.5562563648032715
875 3755 -0.9235941572088493
875 3770 -0.5001655057944576
888 889 -0.4502573000483572
888 3425 0.5604817386495267
888 3440 0.31916845815071415
888 3455 -0.7160095915634639
888 3470 -0.32932211817571555
888 3485 -0.7205996612206367
888 3500 -0.9741092096517843
888 3365 0.46550080252212345
888 3380 0.030602938062744167
888 3395 -0.9362175915197575
888 3410 0.2608593980326923
889 890 -0.8509603293893733
889 3605 0.9010044364049901
889 3620 0.9669740339669852
889 3635 0.6567098944958198
889 3650 0.02392759084657592
889 3665 0.6134058852258626
889 3680 0.9631759469614223
889 3515 0.4748218475558279
889 3530 -0.06952767534191762
889 3545 0.34888058550649714
889 3560 -0.8664938522000472
889 3575 -0.3191947665575896
889 3590 -0.014853677957993972
890 3785 0.8399405048549824
890 3800 -0.8198115783497761
890 3815 0.18647640921014386
890 3830 -0.2173509884302547
890 3845 -0.04475965335602572
890 3860 0.5626051721505547
890 3695 -0.18435158433944232
890 3710 -0.27578672375505
890 3725 -0.9537601708648249
890 3740 -0.05356746122641809
890 3755 0.06331106817282772
890 3770 0.6122701178922665
903 904 -0.33238319579187947
903 918 0.07191500078103186
903 3425 -0.4714036533037722
903 3440 0.13977397419986826
903 3365 -0.7840280719609303
903 3380 -0.7054018955532997
903 3395 -0.7670195438199159
903 3410 0.6472331848998778
904 905 -0.6801092910800146
904 919 -0.14031953872665248
904 3605 0.37044187806550477
904 3620 0.5660395509043612
904 3455 0.8607080885068288
904 3470 -0.18187807717061966
904 3485 0.5859674712161058
904 3500 0.8435734208270931
904 3515 -0.8881533271213855
904 3530 0.06998554684831837
904 3545 0.24497240199909354
904 3560 -0.4132776060566037
904 3575 -0.35196743090571214
904 3590 0.9937501227401264
905 920 0.11460800334833943
905 3785 -0.6872799829933813
905 3800 -0.6171642181591925
905 3635 -0.282810650208297
905 3650 -0.27887946472732006
905 3665 0.36053668770847613
905 3680 -0.20606015906430253
905 3695 -0.7969547698002135
905 3710 -0.19135672466743148
905 3725 0.6195736237180571
905 3740 0.21209727152672708
905 3755 0.40492915469693
905 3770 0.5842784764714317
918 919 0.7220741075129573
918 3425 -0.8070869367205626
918 3440 0.8759045854203868
918 3365 -0.9507529558621566
918 3380 -0.9286066674017839
918 3395 0.5442011311222639
918 3410 -0.18668648414534506
919 920 -0.06295052001066037
919 3605 -0.08951693217050916
919 3620 0.7613655427144317
919 3455 -0.27822475625713317
919 3470 -0.4088963031241959
919 3485 0.6851989539485146
919 3500 -0.5915486353051016
919 3515 -0.7844269000732571
919 3530 -0.6306018332100478
919 3545 0.5274537108379167
919 3560 -0.17073281910803928
919 3575 -0.07612859979359721
919 3590 0.8690739895088566
920 3785 0.67164730285064
920 3800 0.8063672207813191
920 3635 0.40518368943581273
920 3650 -0.2663353259332222
920 3665 -0.03618999890276875
920 3680 0.07800246712262515
920 3695 -0.46829384183220313
920 3710 -0.6925996140735033
920 3725 -0.8992990771538245
920 3740 -0.8257582057474908
920 3755 -0.7003334222137021
920 3770 0.8146383920710625
933 934 -0.4687917273969908
933 948 0.44898442171256847
933 3425 0.5304078974176845
933 3440 -0.9006131340815999
933 3365 0.5776704953856104
933 3380 0.10101242106686437
933 3395 -0.4992811083777231
933 3410 0.44817414279135437
934 935 -0.07286310866650791
934 949 0.024787333591469896
934 3605 -0.3523766544045561
934 3620 0.8452415995797502
934 3455 -0.41640852435703524
934 3470 -0.6573968773754766
934 3486 0.28322946125523907
934 3501 0.5345771796736516
934 3516 0.7912943841642304
934 3531 0.761684594619016
934 3545 0.6125396272174553
934 3560 -0.2999514093699729
934 3575 -0.8520739707388238
934 3590 0.349171650037017
935 950 0.9157361021869868
935 3785 0.6201263385554223
935 3800 0.38683737137645435
935 3635 -0.928770357780226
935 3650 0.5489637632793336
935 3666 0.23254381026920545
935 3681 0.5754442892224854
935 3696 0.25106849294779865
935 3711 0.255976887128055
935 3725 0.8839912049897136
935 3740 -0.06806996018653777
935 3755 -0.5706201183611084
935 3770 0.1005646368569213
948 949 -0.5191820756524039
948 3425 -0.6714852810229197
948 3440 -0.6686540660651739
948 3365 0.2542536827907751
948 3380 0.3143529232888791
948 3395 -0.46239319490825803
948 3410 0.9892672336957475
949 950 -0.502953750895633
949 3605 -0.1341432516405512
949 3620 -0.9904190572750575
949 3455 -0.5227907448598603
949 3470 0.8106739288008851
949 3486 0.6558850384015329
949 3501 0.37014229822279776
949 3516 0.9820124006219437
949 3531 -0.9397110172447067
949 3545 -0.471432420101368
949 3560 0.10759230473231485
949 3575 -0.7890722278680353
949 3590 -0.8932317440729614
950 3785 -0.9444160020675159
950 3800 -0.9825987541453884
950 3635 0.9351762061436968
950 3650 0.8486695922760492
950 3666 0.08855727810453096
950 3681 -0.7911986277761798
950 3696 0.6506410829147273
950 3711 -0.1980094457839292
950 3725 0.08196860846493825
950 3740 0.1945206850315817
950 3755 0.9353688236378714
950 3770 -0.7757245347253703
963 964 -0.6405937823866961
963 978 -0.10218617376708639
963 3425 -0.5905516743180517
963 3440 -0.5796053462215871
963 3455 0.4175113233620251
963 3470 -0.8997128604357398
963 3486 0.9348689830215755
963 3501 -0.45174808700890323
963 3516 0.49841489019679996
963 3531 0.946667805461713
963 3545 0.31921532291459753
963 3560 0.22615131170579494
963 3395 -0.4844998701608365
963 3410 -0.7818124994275037
964 965 -0.15842397145078513
964 979 -0.6172070121842803
964 3605 0.904188724823765
964 3620 0.572327585914572
964 3635 -0.13480340072910812
964 3650 0.24251223757069762
964 3666 0.5173453566583606
964 3681 0.07079428860596004
964 3696 0.42088727339673615
964 3711 -0.5353885135762835
964 3725 -0.03642553492234035
964 3740 0.2786763860891768
964 3575 0.2567907697940517
964 3590 0.28048056493865925
965 980 -0.43068497407284667
965 3785 -0.12979238152655537
965 3800 0.5180099061434753
965 3815 0.48647644582499217
965 3830 0.14876807644595225
965 3846 -0.5029649018314453
965 3861 -0.5321886441329371
965 3876 0.15754530214226015
965 3891 0.27977362257337957
965 3755 0.643232087972677
965 3770 -0.6923216080715613
978 979 -0.05266126584876374
978 3425 0.9831512317920663
978 3440 0.9084451357703975
978 3455 -0.18368543336005683
978 3470 0.8326284449478782
978 3486 0.5512927405903452
978 3501 0.194816912929892
978 3516 0.884830536654533
978 3531 -0.6142532258589422
978 3545 0.9029885500312651
978 3560 0.49100233989922315
978 3395 -0.2817406416908199
978 3410 0.8123890026497009
979 980 -0.01710136854323885
979 3605 0.561097050734209
979 3620 0.4336486583678487
979 3635 0.16140511896478382
979 3650 -0.6673088962108364
979 3666 0.637704019811532
979 3681 0.11700021930326532
979 3696 -0.009073604443122774
979 3711 -0.25214312297700703
979 3725 -0.9721550580003604
979 3740 -0.6817360162826998
979 3575 0.3983069271081878
979 3590 -0.12480295056713753
980 3785 0.2130574400043972
980 3800 -0.09337864917134353
980 3815 0.865434423789041
980 3830 -0.4080504092035566
980 3846 0.5437233928645908
980 3861 -0.029941396918235386
980 3876 0.09246992537153309
980 3891 -0.22437086347069846
980 3755 -0.49344106502999363
980 3770 0.6570814756615226
993 994 -0.08915075244875825
993 1008 -0.7008421602626778
993 3426 0.09262935333790479
993 3441 0.8301404394027554
993 3456 0.3800157087861411
993 3471 -0.9577419841322838
993 3486 0.11742542148327151
993 3501 -0.8340279952131813
993 3516 0.8674790971858657
993 3531 -0.8859098666867689
993 3545 0.44713284243931817
993 3560 -0.4354212198421741
993 3395 0.4445063235718911
993 3410 -0.6502479872050544
994 995 0.4096967480947209
994 1009 0.10108035527941373
994 3606 0.455190028941596
994 3621 -0.4884018058735502
994 3636 0.18466906001568728
994 3651 0.02427065235777981
994 3666 0.0033911942229225556
994 3681 0.731657239423352
994 3696 -0.9430204400542119
994 3711 -0.8162416470665539
994 3725 -0.9132717241785921
994 3740 0.9535797739708469
994 3575 -0.549629803945022
994 3590 -0.010403459419983996
995 1010 -0.39460421496755926
995 3786 0.48589662730831185
995 3801 -0.2279196538552597
995 3816 -0.2933118821844891
995 3831 0.03010395496856466
995 3846 -0.9862085553555189
995 3861 0.9228523702664848
995 3876 0.9694706697270727
995 3891 0.217461087872731
995 3755 0.03407200215073303
995 3770 -0.1743790496465718
1008 1009 -0.9224617256521692
1008 3426 0.6362010664224138
1008 3441 -0.23548628139159522
1008 3456 0.6651988100173916
1008 3471 -0.728381523064318
1008 3486 -0.500516202492876
1008 3501 -0.9767505018735654
1008 3516 0.7482579043519666
1008 3531 0.05499553820430081
1008 3545 0.0025295232732800432
1008 3560 -0.014774463879080102
1008 3395 0.11221230564824869
1008 3410 -0.6974919385916647
1009 1010 0.6400459696104359
1009 3606 -0.08364768424819125
1009 3621 -0.3831387712455261
1009 3636 0.3992187103054896
1009 3651 0.8005681255530246
1009 3666 -0.16021795207676592
1009 3681 -0.43236775483690804
1009 3696 -0.6955262630735113
1009 3711 0.600317424105429
1009 3725 -0.8033246612877187
1009 3740 0.5048425220268526
1009 3575 -0.07570306860339526
1009 3590 -0.09086475094975288
1010 3786 -0.6424277648444476
1010 3801 0.26342101696514586
1010 3816 0.3770165854234133
1010 3831 -0.589730356987658
1010 3846 0.9197782646893247
1010 3861 0.6813924305082342
1010 3876 -0.38755339753470364
1010 3891 -0.3267824360301479
1010 3755 0.03466193201667456
1010 3770 0.27151175395666693
1023 1024 0.2295856123578428
1023 1038 -0.9727596604882107
1023 3426 -0.8845376492346433
1023 3441 0.508539075920426
1023 3456 0.25257645279473406
1023 3471 0.3123606218458046
1023 3486 -0.5367202064686178
1023 3501 -0.05734648458789948
1023 3365 0.748177216046189
1023 3380 0.35318338949449846
1023 3395 0.47777482142039984
1023 3410 -0.0948101597785902
1024 1025 0.5540683013719139
1024 1039 -0.18393280602686435
1024 3606 -0.9660399267331767
1024 3621 0.5103067816597435
1024 3636 -0.4391637695088708
1024 3651 -0.9651085582725174
1024 3666 0.990772268765064
1024 3681 0.3064352551537146
1024 3516 0.5974244717571422
1024 3531 0.2543889248722562
1024 3545 -0.5206455390426905
1024 3560 -0.6106128232695411
1024 3575 -0.2581340962942973
1024 3590 0.348189353818662
1025 1040 0.6744962399209793
1025 3786 0.582074203622305
1025 3801 0.06775008963817064
1025 3816 -0.597237932890035
1025 3831 0.6592418775776896
1025 3846 -0.9666914994550202
1025 3861 0.6782552835583393
1025 3696 0.32017149979327364
1025 3711 -0.7857429468607384
1025 3725 -0.7409359880392736
1025 3740 0.8840471727313515
1025 3755 0.578438583390321
1025 3770 -0.24880653035905742
1038 1039 0.5410930845224284
1038 3426 -0.4083711843235096
1038 3441 -0.02043020074783497
1038 3456 0.44060647669180275
1038 3471 -0.1861446677571612
1038 3486 0.3857224620713111
1038 3501 0.7783703151550425
1038 3365 0.7004642236494731
1038 3380 0.849439946595324
1038 3395 -0.2027144042963509
1038 3410 -0.13993019340864832
1039 1040 0.7571510600875546
1039 3606 0.077211742909026
1039 3621 -0.3900966042386991
1039 3636 -0.5219790153828083
1039 3651 -0.753518152373295
1039 3666 0.5064771372049883
1039 3681 0.29305272284183514
1039 3516 -0.8941617705083786
1039 3531 -0.42911319563464123
1039 3545 0.2837487799204472
1039 3560 -0.9265353612465932
1039 3575 0.9484447014663433
1039 3590 0.22321003306976106
1040 3786 -0.2546081983472477
1040 3801 -0.48669417420164773
1040 3816 0.8875205273884377
1040 3831 -0.8885915562472786
1040 3846 -0.344405739874726
1040 3861 -0.19956738664003915
1040 3696 0.284429446417092
1040 3711 -0.3896513578755061
1040 3725 -0.9817869681990774
1040 3740 0.9743709314986235
1040 3755 0.4684231363063607
1040 3770 -0.9939834230006042
1053 1054 0.2427889774226364
1053 1068 0.3645710666553754
1053 3426 -0.5572311048231728
1053 3441 -0.9812959791220444
1053 3456 -0.9798416110153116
1053 3471 -0.40537734185106955
1053 3486 -0.6397822930301449
1053 3501 -0.9583484692673008
1053 3366 -0.5018847698771101
1053 3381 -0.2652906759012721
1053 3396 -0.865806089108963
1053 3411 0.8415711558457997
1054 1055 0.042489591165231655
1054 1069 -0.9307232191268417
1054 3606 -0.061371213745737396
1054 3621 0.8699874051610066
1054 3636 -0.4463411935990287
1054 3651 -0.5973687947739408
1054 3666 -0.07905155669935682
1054 3681 -0.009877469256072358
1054 3516 -0.7528518388088132
1054 3531 0.9340050991418309
1054 3546 -0.36755532411928726
1054 3561 -0.55920051377089
1054 3576 -0.107415974978746
1054 3591 -0.6527660146701963
1055 1070 0.9051197359248964
1055 3786 0.8297852114018995
1055 3801 0.3438513544062243
1055 3816 0.05564080145646688
1055 3831 0.44648853742570016
1055 3846 0.23698140182858696
1055 3861 -0.13558667468085273
1055 3696 -0.675407310546648
1055 3711 -0.3866367638445338
1055 3726 -0.145041279391112
1055 3741 -0.7585205247274571
1055 3756 0.17052672837176552
1055 3771 -0.08511140531220729
1068 1069 -0.9997987700623978
1068 3426 0.013246205297563485
1068 3441 -0.3000880745987813
1068 3456 0.0657364462302874
1068 3471 -0.16536936038616346
1068 3486 0.33478620303697726
1068 3501 -0.4150913881233109
1068 3366 -0.4426458090925194
1068 3381 0.7692407333231301
1068 3396 -0.6919236036814904
1068 3411 -0.22410505537571335
1069 1070 -0.35461601986957714
1069 3606 -0.9184586188471522
1069 3621 -0.5154152981374216
1069 3636 -0.49904761093303973
1069 3651 -0.860818814098496
1069 3666 -0.9883923366420067
1069 3681 -0.5934895824606563
1069 3516 0.3157039221600284
1069 3531 0.6750334040500079
1069 3546 -0.22715916156324845
1069 3561 -0.06231974561720599
1069 3576 0.9469651186278853
1069 3591 0.8864545946288465
1070 3786 0.5266269695614985
1070 3801 0.41517597011333063
1070 3816 0.992104817866148
1070 3831 0.9988223177568243
1070 3846 -0.7367067443123045
1070 3861 0.12486822868117264
1070 3696 0.23225128078289026
1070 3711 -0.3797312279433571
1070 3726 0.43816663221027374
1070 3741 0.9699540757266005
1070 3756 0.030586614837171622
1070 3771 0.42294143759619085
1083 1084 -0.550104433980797
1083 1098 0.9273858076714805
1083 3426 -0.4245499945441604
1083 3441 0.6329369747583462
1083 3366 0.08375280532798768
1083 3381 0.03821927797820357
1083 3396 0.11790422997998085
1083 3411 0.5391113217772414
1084 1085 0.7950673066289045
1084 1099 -0.6559924998177635
1084 3606 0.6949799817604789
1084 3621 -0.27628316923051544
1084 3456 -0.8362889924517996
1084 3471 -0.5202983459952957
1084 3486 0.27648343540627796
1084 3501 -0.6425380649213581
1084 3516 0.6563120625333161
1084 3531 -0.43025998114864006
1084 3546 -0.012979427003038557
1084 3561 -0.5292679261035886
1084 3576 0.8286001450603802
1084 3591 -0.5147984349917178
1085 1100 -0.019747777918819986
1085 3786 0.5921940346546553
1085 3801 -0.9825841332116785
1085 3636 0.5640012671182681
1085 3651 0.8721717484509683
1085 3666 -0.4852843446568207
1085 3681 -0.7808902158309459
1085 3696 -0.9626459051463585
1085 3711 -0.20757543182123928
1085 3726 0.7973333265091698
1085 3741 0.34358263142844914
1085 3756 -0.6890647692125234
1085 3771 0.7465552660300203
1098 1099 0.5658490232357878
1098 3426 -0.377483383499458
1098 3441 -0.14517252314895068
1098 3366 -0.5356242144527845
1098 3381 0.036238221749659516
1098 3396 -0.7670221538703588
1098 3411 -0.3265971882643801
1099 1100 -0.06814450411839235
1099 3606 -0.2537789051390793
1099 3621 0.6436684599787714
1099 3456 0.1428904710552319
1099 3471 0.0544033930157124
1099 3486 0.5416337202382095
1099 3501 -0.03345041113508174
1099 3516 -0.31586016896834757
1099 3531 0.8527782016764833
1099 3546 0.681047636701638
1099 3561 0.9284661168288086
1099 3576 -0.891470552742732
1099 3591 -0.40221260828081085
1100 3786 -0.7533396236640022
1100 3801 0.7921118564822889
1100 3636 0.612308360038514
1100 3651 0.4446815413209386
1100 3666 -0.7775385453704602
1100 3681 -0.8891982017263131
1100 3696 -0.5482619956987516
1100 3711 0.8364678907916565
1100 3726 -0.28159507491520563
1100 3741 -0.6530640059194408
1100 3756 -0.9471496710096157
1100 3771 0.442943042436333
1113 1114 0.2524597414482941
1113 1128 -0.39031205361739363
1113 3426 0.6556720969496441
1113 3441 0.5795019385802884
1113 3366 0.4271532276403569
1113 3381 -0.8063961650973548
1113 3396 -0.26904888989692655
1113 3411 -0.5081577044189642
1114 1115 -0.28309263037483423
1114 1129 -0.8828035557058418
1114 3606 -0.48569235450005044
1114 3621 0.556375538356245
1114 3456 -0.4359350603128256
1114 3471 -0.008049870584138752
1114 3546 0.4804275796568289
1114 3561 0.7924438033742336
1114 3576 0.4126312723963206
1114 3591 -0.13208016147414448
1115 1130 0.3263386550352052
1115 3786 -0.09405003218428298
1115 3801 -0.006692443643052881
1115 3636 0.38709507696353884
1115 3651 -0.5444133915117848
1115 3726 -0.6495666482637659
1115 3741 -0.4079773197910217
1115 3756 0.6729363465318714
1115 3771 0.0065441656376394874
1128 1129 0.7760512798754722
1128 3426 -0.17982618818092844
1128 3441 -0.163472963747463
1128 3366 0.18142218138614052
1128 3381 0.6553898553389057
1128 3396 -0.6915419635514002
1128 3411 -0.4769095641266481
1129 1130 -0.015258646000797738
1129 3606 0.1458600208450207
1129 3621 0.3580385026711068
1129 3456 -0.07882123270583286
1129 3471 -0.14006087876929718
1129 3546 -0.5263359118392148
1129 3561 -0.02562918157501115
1129 3576 0.21097925983092036
1129 3591 -0.6094964436899182
1130 3786 -0.02902219968454256
1130 3801 -0.1640691003699457
1130 3636 -0.7973495077528345
1130 3651 -0.04871747419467032
1130 3726 0.4106584294405542
1130 3741 -0.31556730873549355
1130 3756 -0.1679388180563497
1130 3771 0.023027732355445307
3364 3365 -0.5726362917049819
3364 3379 -0.1497693110640641
3365 3366 0.052625326364845515
3365 3380 -0.5987575058219734
3366 3381 0.6306219471710399
3379 3380 0.07707867230266663
3380 3381 -0.6959279086664567
3394 3395 0.23516816310703126
3394 3409 -0.3235880471609216
3395 3396 -0.4664701461995753
3395 3410 -0.9303369128487011
3396 3411 -0.14379729270093922
3409 3410 0.8143699153402135
3410 3411 -0.682693860940941
3424 3425 0.9929818373130448
3424 3439 -0.7300249478104546
3425 3426 0.07788422014513974
3425 3440 0.8847333445589065
3426 3441 -0.4486229093461034
3439 3440 0.822534696410087
3440 3441 -0.7729553869667194
3454 3455 0.375260386743711
3454 3469 0.7880365231505955
3455 3456 0.7829512114131074
3455 3470 -0.8428193644324704
3456 3471 -0.7813000588261505
3469 3470 0.3785779230573021
3470 3471 0.05048655812371772
3484 3485 -0.13658029046911135
3484 3499 0.1892826313498237
3485 3486 0.755596452040969
3485 3500 0.4729452372300864
3486 3501 0.23565534031802526
3499 3500 -0.6750451808551645
3500 3501 0.3365353266030269
3514 3515 0.31344967046830385
3514 3529 0.5180347508488083
3515 3516 -0.5680426998033987
3515 3530 0.07672592600120565
3516 3531 -0.6860247036853266
3529 3530 0.2880131469940288
3530 3531 0.45357964260367134
3544 3545 -0.9891258562010501
3544 3559 0.8702358697368326
3545 3546 -0.2797037701452447
3545 3560 0.06322603718791386
3546 3561 0.6859989811418101
3559 3560 -0.8840126677893252
3560 3561 0.9967083629490705
3574 3575 -0.39912936420971246
3574 3589 0.9882585951142036
3575 3576 -0.11463278842130453
3575 3590 0.14138618341486286
3576 3591 0.6013461334111811
3589 3590 0.0030147290995998777
3590 3591 0.23546470889615856
3604 3605 0.8966397011518179
3604 3619 -0.5316995402904812
3605 3606 -0.1622158654780943
3605 3620 0.2044329528620159
3606 3621 -0.11807480890060518
3619 3620 0.09086790690031354
3620 3621 0.5011702405234604
3634 3635 0.047193311316632514
3634 3649 0.28184977177058634
3635 3636 -0.9663146892937251
3635 3650 -0.10631126845742078
3636 3651 -0.045215211661727484
3649 3650 -0.8851128224626281
3650 3651 -0.8030032042930344
3664 3665 -0.1552225750850844
3664 3679 0.5399091459239109
3665 3666 -0.7710419035080629
3665 3680 0.2131541222328026
3666 3681 -0.9145484341323047
3679 3680 -0.8764284371663948
3680 3681 -0.5293294467016476
3694 3695 0.25557175812073574
3694 3709 0.21339741965638548
3695 3696 -0.7775955024932653
3695 3710 -0.08295584730908523
3696 3711 0.8527559377586302
3709 3710 -0.2713327775369909
3710 3711 -0.21276494470320673
3724 3725 -0.0535897012480262
3724 3739 -0.49689692695138277
3725 3726 -0.642003160500493
3725 3740 -0.8485494938509794
3726 3741 -0.6795391437829588
3739 3740 0.4388081749492634
3740 3741 -0.7177194339702198
3754 3755 0.5581211698468167
3754 3769 -0.7283780868701928
3755 3756 0.9589523239605562
3755 3770 0.1263346410356183
3756 3771 -0.5103234402585497
3769 3770 -0.7666757377741895
3770 3771 -0.5159391182267821
3784 3785 -0.7670791174526994
3784 3799 0.022341317355192958
3785 3786 -0.6371614650574184
3785 3800 -0.3866933756298201
3786 3801 -0.38057705222274785
3799 3800 -0.3467588249701785
3800 3801 -0.23147130933149218
3814 3815 0.34943501463913207
3814 3829 -0.5501155012280015
3815 3816 0.28613555004839153
3815 3830 -0.2913486622816299
3816 3831 0.4664361334452851
3829 3830 0.0010189705937397875
3830 3831 -0.6629107662737181
3844 3845 -0.7060967650583405
3844 3859 0.5017176217918722
3845 3846 -0.4635725036299836
3845 3860 -0.5619448848488513
3846 3861 0.2257699972427567
3859 3860 0.15980056949621413
3860 3861 -0.04149175730413246
3874 3875 -0.9898185333539509
3874 3889 -0.18736337326112174
3875 3876 -0.46934893341470874
3875 3890 0.6931176096990008
3876 3891 0.934274788449897
3889 3890 0.1867101205495627
3890 3891 0.021879059853956884
