# 
603 603 0.8245003496298278
604 604 -3.866125370983684
605 605 0.13348985091706833
618 618 -0.3453064202885301
619 619 -2.644661301961703
620 620 -3.2640655359989834
633 633 -3.5199654720077342
634 634 3.3007590140494685
635 635 2.6215713993461813
648 648 -0.4342556701378708
649 649 -2.9026604715906172
650 650 -1.7410730235801415
663 663 3.8322053564921257
664 664 -0.5802280726923428
665 665 -2.7969122157000257
678 678 -1.3301765022762098
679 679 -2.7908833697675446
680 680 0.8546303006373543
693 693 -3.345670894821507
694 694 0.7707014601066815
695 695 1.7518464910739668
708 708 -0.7596817193271299
709 709 -2.288539544661152
710 710 2.127390307000967
723 723 -1.9085431025945159
724 724 -2.532232601019314
725 725 -0.07097945988428656
738 738 -2.19226674246471
739 739 0.359181846026293
740 740 -1.2085495249942335
753 753 -3.0621033386409655
754 754 3.5450901757382507
755 755 -1.1291259506809501
768 768 -3.844221360464605
769 769 3.9682701000568086
770 770 -3.4132634982573604
783 783 2.247055445920953
784 784 2.75503705824518
785 785 -0.5538269026721281
798 798 -3.6558768036540634
799 799 -3.1233696030134865
800 800 3.511046871886924
813 813 -1.819838449259045
814 814 -1.8355774058901222
815 815 0.9543061200618022
828 828 -2.10677571484504
829 829 3.1234486962469648
830 830 -1.0152700460370454
843 843 1.2695714010325334
844 844 3.3612934660672336
845 845 3.297773529816147
858 858 3.8422979865028877
859 859 0.6982139515680386
860 860 0.4389588634968966
873 873 -2.681016241176157
874 874 -0.7076218294624574
875 875 3.069818999216964
888 888 -3.4275128287358667
889 889 3.4522533529787447
890 890 -3.7447294116733607
903 903 2.509623040710097
904 904 -3.645534702504558
905 905 -1.3412381356886725
918 918 -3.9224996254885287
919 919 3.16867652560122
920 920 -2.772310835274923
933 933 1.5350984195478974
934 934 0.9684932668293662
935 935 1.7920581535066278
948 948 3.7422666457085594
949 949 -3.5658478345851705
950 950 -2.0948480297290857
963 963 -3.0081223573562266
964 964 -0.23878540134584636
965 965 -2.2769227277718906
978 978 -3.393405822057506
979 979 -3.090724435915871
980 980 0.15722249459632032
993 993 -0.5729511227619595
994 994 2.617478921161015
995 995 1.5416502959594656
1008 1008 1.9039175051219352
1009 1009 -0.11364358974221744
1010 1010 3.023572154039294
1023 1023 -1.3487892723609312
1024 1024 -3.992312167091579
1025 1025 0.2509753603485585
1038 1038 -3.315819641118864
1039 1039 0.5935901016718494
1040 1040 3.622589100561566
1053 1053 -0.6746924882669969
1054 1054 -3.0390839318148615
1055 1055 -1.6749064030094338
1068 1068 3.311596916232241
1069 1069 3.1262506583738965
1070 1070 -1.9023040994217375
1083 1083 3.123252272585967
1084 1084 -2.7621801639205446
1085 1085 1.7587736852400058
1098 1098 3.6167493878849344
1099 1099 1.1739396779013989
1100 1100 -2.118837415193113
1113 1113 -3.637988529827843
1114 1114 1.2472933981294085
1115 1115 -0.13411134829153948
1128 1128 1.40954931385067
1129 1129 2.5520015078443476
1130 1130 -1.632262123140186
3364 3364 1.9446948821724241
3365 3365 -3.8607919649502396
3366 3366 3.2253779155790774
3379 3379 2.7701645879732837
3380 3380 0.11308751954229646
3381 3381 2.340201878662005
3394 3394 1.312539145024334
3395 3395 2.432903125860326
3396 3396 2.6085801587648554
3409 3409 1.0960287177922252
3410 3410 0.5914180489952159
3411 3411 -0.8738781113002769
3424 3424 -2.3689326623889757
3425 3425 3.4809401920374565
3426 3426 -1.3749059210525578
3439 3439 1.4140289254827092
3440 3440 0.48161078887917164
3441 3441 3.728813150307672
3454 3454 -0.9956534038239573
3455 3455 -2.1597582637484223
3456 3456 -0.04926570827319754
3469 3469 -0.33987793749762396
3470 3470 -0.8310344697532503
3471 3471 1.4289104645608788
3484 3484 1.0092884360137298
3485 3485 -0.9137360986895073
3486 3486 2.8969372842393266
3499 3499 -3.0281603286381475
3500 3500 -0.3757180052824838
3501 3501 -3.2206887315330475
3514 3514 3.6299265895518484
3515 3515 -3.8394917361522714
3516 3516 1.6824097656953994
3529 3529 0.8535567912115933
3530 3530 -1.4006537641393075
3531 3531 -3.929946838843845
3544 3544 -1.2814917183908872
3545 3545 -1.2831825194403894
3546 3546 -3.839666306972977
3559 3559 -2.377447722097357
3560 3560 -0.8443033783488181
3561 3561 0.36590579442868343
3574 3574 -2.813411698195342
3575 3575 -0.4953892829083433
3576 3576 -3.283474023363671
3589 3589 0.7836937358445404
3590 3590 3.451764421780066
3591 3591 -2.8694118160478155
3604 3604 -1.4041849679674696
3605 3605 -1.5513265995396894
3606 3606 -3.0372267467368967
3619 3619 2.0343155336832375
3620 3620 2.943008861106944
3621 3621 3.541655882203849
3634 3634 -2.028667591535859
3635 3635 1.0443515452013523
3636 3636 -0.36187421555690324
3649 3649 1.914134947614028
3650 3650 -1.9468762438808165
3651 3651 0.7288145345994259
3664 3664 3.503997335800504
3665 3665 0.7140032845393209
3666 3666 3.044586528470334
3679 3679 2.7983619708844696
3680 3680 1.7447317361348729
3681 3681 1.5183460638105561
3694 3694 -0.7334854045161983
3695 3695 1.4787559880978653
3696 3696 3.7989912407864335
3709 3709 3.0402289939234333
3710 3710 -2.868936127989719
3711 3711 0.981601844862924
3724 3724 1.1729926968440605
3725 3725 2.3572657308145777
3726 3726 -1.4320632264964566
3739 3739 -3.871955006458262
3740 3740 -2.705499806783119
3741 3741 0.3617240031787379
3754 3754 -1.347088634309558
3755 3755 -0.8151476734356713
3756 3756 0.21510107058225003
3769 3769 -0.9565491200021645
3770 3770 -2.872529826261311
3771 3771 -0.4017057430210471
3784 3784 3.6391874248527962
3785 3785 1.6482224476797382
3786 3786 2.3864288604809367
3799 3799 -3.9758635573163987
3800 3800 3.7372921717983107
3801 3801 3.3988103864121033
3814 3814 1.8980157548894168
3815 3815 -0.022133181322516293
3816 3816 1.334572847977963
3829 3829 -0.4548924143417308
3830 3830 0.34231642414683616
3831 3831 2.2856568189437
3844 3844 -1.4343790974107709
3845 3845 -0.9794906472579035
3846 3846 -2.466906824976789
3859 3859 -1.4375418794874237
3860 3860 -2.5086762814823684
3861 3861 1.2194790673085345
3874 3874 -3.752140361826916
3875 3875 -0.7579704081123797
3876 3876 -2.01423006360453
3889 3889 -3.299587239997402
3890 3890 3.7809678770359616
3891 3891 3.3084565976892533
603 604 -0.28639944347745816
603 618 -0.3645685995320507
603 3484 -0.045108515534658
603 3499 -0.9527977870897542
603 3514 -0.5852581837448418
603 3529 0.24541847771463954
604 605 0.9580825243682114
604 619 0.7241335819419275
604 3664 -0.41265897333355195
604 3679 -0.21758594552498445
604 3694 -0.603518080833749
604 3709 0.09501111993470124
605 620 0.8085342541524252
605 3844 -0.4829508022676956
605 3859 -0.42219357451308825
605 3874 0.6341500659051043
605 3889 0.8935122242238762
618 619 -0.6603939113811395
618 3484 -0.46519570282889044
618 3499 -0.504022237292727
618 3514 -0.15555115114942808
618 3529 0.23061292939268419
619 620 0.28474123300000165
619 3664 -0.7234674418356479
619 3679 -0.6953469815621205
619 3694 -0.7525918680438355
619 3709 -0.008797749024113788
620 3844 -0.9878432994152149
620 3859 0.06206006483614801
620 3874 -0.139663710149452
620 3889 -0.9538659916978924
633 634 -0.39576276543514943
633 648 -0.2019763793155176
633 3424 0.3754838108891285
633 3439 0.04297974840912233
633 3454 0.7723522876613138
633 3469 0.2870784465145082
633 3484 -0.7944415189518217
633 3499 0.12857921201573985
633 3514 0.2469914905510362
633 3529 0.008746430519364079
634 635 0.4206897350147676
634 649 0.8355795795633199
634 3604 -0.045543113055202866
634 3619 0.0051769944935995404
634 3634 0.8610992253929586
634 3649 -0.36669624750197505
634 3664 -0.2362118873802388
634 3679 0.6356023234626624
634 3694 0.932079518171838
634 3709 -0.9780192495741342
635 650 -0.0365453405967624
635 3784 -0.6374900646853969
635 3799 -0.18832468868875285
635 3814 -0.11059041190379726
635 3829 -0.5075286573111253
635 3844 -0.5230533468198055
635 3859 -0.12805541546349186
635 3874 -0.3171670409746652
635 3889 -0.17227741110676398
648 649 -0.9763438246332823
648 3424 0.8135880558742343
648 3439 -0.3614138278831347
648 3454 -0.9582720213684888
648 3469 -0.6268979324850146
648 3484 0.2908283287019824
648 3499 0.007410101179254669
648 3514 0.4681270942312237
648 3529 -0.7099100394473759
649 650 -0.04429728435661118
649 3604 0.1867002488819851
649 3619 0.44270335246294157
649 3634 0.5251255422768335
649 3649 0.8878130824458075
649 3664 0.7259362366677842
649 3679 0.46724478130299274
649 3694 0.019354521001127223
649 3709 0.5889527070289058
650 3784 -0.767893767934279
650 3799 0.3968633025825661
650 3814 -0.44542307964644223
650 3829 -0.06530135971860185
650 3844 -0.02255867254116528
650 3859 0.23810850171620124
650 3874 -0.6928130931322349
650 3889 -5.377919605331627e-05
663 664 -0.14971584799861115
663 678 -0.3787456364106099
663 3424 -0.5818490821447482
663 3439 0.635855845320934
663 3454 -0.9494634587355364
663 3469 0.938441970449637
663 3484 -0.7872476181848156
663 3499 -0.40943650903954554
664 665 0.16511363984561034
664 679 0.6713538551658251
664 3604 -0.507962278020518
664 3619 0.5222924383249168
664 3634 0.7034612483631459
664 3649 0.38022765816689175
664 3664 0.08064916783169185
664 3679 0.6381911823229101
664 3514 0.7318766117109359
664 3529 -0.32623020389060176
665 680 -0.9431827062432805
665 3784 0.7376657241690439
665 3799 0.3710966163868117
665 3814 0.9998399145143633
665 3829 0.2929081438600092
665 3844 -0.8621161801426624
665 3859 0.04788767532978855
665 3694 -0.372872949293205
665 3709 -0.5306748276427316
678 679 0.6910726227195534
678 3424 0.7109978530949512
678 3439 0.8100774516030875
678 3454 0.4037198076358546
678 3469 -0.18134388879637497
678 3484 0.6253265191930357
678 3499 -0.11553413163104143
679 680 0.9849275189273465
679 3604 0.17365483026694073
679 3619 0.3137908813586112
679 3634 -0.9718057214573756
679 3649 -0.5207457686102466
679 3664 -0.004087626571508851
679 3679 0.23674732651111818
679 3514 -0.24776732679386781
679 3529 0.7494571279708275
680 3784 0.17572830104286585
680 3799 0.03669404819743782
680 3814 0.9362372877327554
680 3829 -0.32425261939936667
680 3844 0.3855130379326668
680 3859 0.5739828426289513
680 3694 -0.8419782567192846
680 3709 0.01806041393907365
693 694 -0.9932894841414919
693 708 -0.03596262943888484
693 3424 0.32255382137756894
693 3439 -0.9493468582684712
693 3454 -0.6320803276548257
693 3469 -0.8929315677888545
693 3484 0.1547697893106752
693 3499 -0.5455715575297919
693 3364 0.39724052012373434
693 3379 0.8147052168184525
693 3394 -0.13260842194557565
693 3409 0.4809453051844508
694 695 0.5523459275634337
694 709 0.987024266859948
694 3604 0.5045608373386763
694 3619 -0.8400096268711987
694 3634 -0.4833364967895182
694 3649 0.39920532453534974
694 3664 0.4096902574371091
694 3679 0.5388047187481044
694 3514 0.718024817742847
694 3529 0.2350294812993392
694 3544 -0.7018652825878418
694 3559 -0.04454456113843763
694 3574 0.9690082118365357
694 3589 -0.2817198329958033
695 710 -0.662476902812198
695 3784 0.23860129611509562
695 3799 -0.8451025429044401
695 3814 0.16085398247808036
695 3829 0.9541375818209314
695 3844 0.04780570591238842
695 3859 0.6482549396736339
695 3694 -0.18803643779380042
695 3709 -0.11774139759953384
695 3724 -0.616098091905358
695 3739 -0.4825694318264162
695 3754 0.06309218799995131
695 3769 -0.18513545647049168
708 709 -0.7424547132784904
708 3424 0.12949881866953428
708 3439 0.870907272934031
708 3454 -0.6817324567071206
708 3469 0.38415788440334797
708 3484 -0.7006542809179881
708 3499 -0.6124409730490852
708 3364 -0.6591084611525762
708 3379 -0.008224584135786195
708 3394 -0.7471539623499952
708 3409 -0.8781453664164458
709 710 -0.4354408075584799
709 3604 0.36389084120616744
709 3619 -0.4058739259359714
709 3634 0.8965792548740301
709 3649 0.5011187849536607
709 3664 0.10316095378972823
709 3679 0.8050499363755836
709 3514 -0.9169962198656954
709 3529 -0.568656349875198
709 3544 0.16553081262389546
709 3559 -0.18897782999920887
709 3574 -0.4606023972774491
709 3589 -0.41564050523658413
710 3784 -0.41287880267906485
710 3799 -0.6648199056482482
710 3814 0.6949278665964944
710 3829 -0.24204655980706336
710 3844 -0.949738521308447
710 3859 0.5079212906878448
710 3694 0.44496310554136254
710 3709 0.605552416566213
710 3724 -0.9235619772912214
710 3739 -0.5245054828765976
710 3754 0.2149630030475309
710 3769 -0.4615459189889879
723 724 0.2653525982560503
723 738 -0.9663305665794257
723 3424 0.23164847981090841
723 3439 0.5764561927651739
723 3364 0.40651961532211156
723 3379 0.44262336940365277
723 3394 -0.4196853622271688
723 3409 0.8591858836919084
724 725 0.9313764356065755
724 739 0.07003773747663589
724 3604 0.8579333361102619
724 3619 0.8381242370706548
724 3454 -0.3528000906535762
724 3469 -0.20815417683059123
724 3484 0.8424854372266752
724 3499 0.2985831003264061
724 3514 0.9318325742459412
724 3529 -0.6316965015873925
724 3544 0.08461310688766566
724 3559 -0.44552952128561585
724 3574 -0.055341673023217464
724 3589 0.9830975207137349
725 740 0.6403983919993326
725 3784 -0.4824988286838816
725 3799 -0.42064042186574513
725 3634 0.7605990670566805
725 3649 -0.605863868462635
725 3664 0.6993869305670959
725 3679 -0.0545849397189766
725 3694 0.7606783430801896
725 3709 -0.10347804966989438
725 3724 0.6238858574332755
725 3739 -0.18383081901348874
725 3754 0.5709675392090197
725 3769 -0.3867078862435158
738 739 -0.5092996457921197
738 3424 0.8364905962270643
738 3439 -0.04006894386803772
738 3364 -0.058129285839585654
738 3379 -0.8869747924704054
738 3394 -0.5970212400803978
738 3409 -0.11326575745180834
739 740 0.3173962678340059
739 3604 0.39950315113537727
739 3619 0.6760106179864855
739 3454 -0.33927488333332456
739 3469 0.5707388804347555
739 3484 0.8206259866884342
739 3499 0.009373708190097085
739 3514 0.19343741331900843
739 3529 -0.6776593837546581
739 3544 -0.5960298172549519
739 3559 -0.3329273102395105
739 3574 -0.09982776938083582
739 3589 -0.20275515738567873
740 3784 0.06590921168366437
740 3799 -0.06711566672026903
740 3634 0.7760768258921915
740 3649 -0.5993427425444295
740 3664 0.5689368245089574
740 3679 -0.9081266751607833
740 3694 0.5575749776047891
740 3709 -0.5538978691264065
740 3724 0.02193767605256336
740 3739 0.26993765791116253
740 3754 -0.2674592701070755
740 3769 0.2726488287900062
753 754 -0.8821324959779937
753 768 0.13814090756617436
753 3424 -0.7539083361867953
753 3439 0.5143473225654636
753 3364 -0.40775514773876753
753 3379 -0.8604570524387332
753 3394 0.8851798853346906
753 3409 0.3470531828932144
754 755 0.20596048433451708
754 769 0.6371942175395817
754 3604 0.3085979231224225
754 3619 0.8100181060288141
754 3454 -0.8006609115281753
754 3469 0.3251900823916827
754 3485 -0.9348633924786554
754 3500 -0.9911530412030514
754 3515 -0.034241185063876856
754 3530 0.6983300288026848
754 3544 0.9737018645223854
754 3559 -0.5437728599708744
754 3574 0.43839216178131934
754 3589 0.5636478923901169
755 770 -0.3730635971865326
755 3784 -0.4763099723440942
755 3799 0.5648077147433328
755 3634 0.6575231071199621
755 3649 -0.8569547663523915
755 3665 0.9904578259283803
755 3680 0.4075030657521608
755 3695 0.8961343447763042
755 3710 -0.4720087364693555
755 3724 -0.8287680339834773
755 3739 0.8953360017285255
755 3754 -0.04358498478738215
755 3769 -0.27514470034475225
768 769 -0.6502026826380434
768 3424 0.01760395890307742
768 3439 -0.18095189775536213
768 3364 0.6313925304928494
768 3379 0.11369384959468642
768 3394 0.6593567834525165
768 3409 -0.9511746395642957
769 770 0.08099800815336389
769 3604 -0.5393156954992357
769 3619 -0.7733476573269009
769 3454 -0.5845162755998736
769 3469 -0.00838926355251357
769 3485 -0.1684201281204012
769 3500 0.6743757767399676
769 3515 -0.43685527382766254
769 3530 -0.19548856397394054
769 3544 0.26136266341733294
769 3559 0.6929173934972039
769 3574 -0.8916898262706594
769 3589 0.5259872767124403
770 3784 -0.4013643168194927
770 3799 -0.19486032633821848
770 3634 0.3785961981418462
770 3649 0.6209679157511259
770 3665 0.42055732098058907
770 3680 -0.3674046434105689
770 3695 -0.8728699426107911
770 3710 -0.8522804751298407
770 3724 -0.8821701911993574
770 3739 -0.7022801345004759
770 3754 -0.6280354488830338
770 3769 0.8470019837081157
783 784 -0.9012304698543148
783 798 -0.7508519951181096
783 3424 -0.746831295323519
783 3439 -0.9637199621677148
783 3454 -0.6167913898808786
783 3469 0.5228472051482678
783 3485 0.7094711221385264
783 3500 -0.026923759339230635
783 3515 -0.40439309592658246
783 3530 -0.13665645998056553
783 3544 -0.489456506125461
783 3559 0.027518553594112927
783 3394 0.6235568981399016
783 3409 0.5471753508594992
784 785 0.29651650384662087
784 799 0.7271248627243698
784 3604 0.9121764761705764
784 3619 -0.8630677725478344
784 3634 -0.3849571605522877
784 3649 0.3496662276581679
784 3665 0.31061780463126665
784 3680 -0.03549307281171221
784 3695 0.22053519460308046
784 3710 -0.9431422200993052
784 3724 -0.858030003983159
784 3739 -0.5361119503124492
784 3574 0.3289158415219422
784 3589 -0.8323368552770274
785 800 -0.7608684145473774
785 3784 0.12431925154010681
785 3799 -0.6698542276718122
785 3814 -0.8409304405695563
785 3829 -0.23274509872685933
785 3845 0.5833655912574394
785 3860 -0.8486597713028423
785 3875 -0.4350647102044509
785 3890 0.2927134032059877
785 3754 -0.6064906467141689
785 3769 -0.433107052755632
798 799 -0.36778720487303285
798 3424 0.17733596186947564
798 3439 0.8288448734800429
798 3454 -0.7823507455424659
798 3469 0.25950724545143
798 3485 0.4487951539707704
798 3500 -0.9414991170966414
798 3515 0.8595629952694546
798 3530 0.913793967125516
798 3544 -0.05247432753635728
798 3559 0.8924470889151135
798 3394 0.9032137066164243
798 3409 -0.3843987535540434
799 800 -0.7396426380884971
799 3604 -0.8693069969608722
799 3619 -0.972639778624959
799 3634 -0.5145820635592389
799 3649 0.33573007344404604
799 3665 -0.2967085518964616
799 3680 0.6258399116331601
799 3695 -0.4951506144875595
799 3710 0.3188294656764674
799 3724 -0.042004953625542685
799 3739 -0.5153547710610946
799 3574 0.11084346981877391
799 3589 -0.8563349422166371
800 3784 0.46237128207287714
800 3799 -0.3035723529520049
800 3814 0.14260447173954027
800 3829 0.828783650554344
800 3845 -0.465432156871755
800 3860 -0.05154820933070736
800 3875 -0.48631913155116036
800 3890 -0.19041704191772957
800 3754 0.5765099497723465
800 3769 -0.12192792379689199
813 814 0.9900631075236463
813 828 -0.9792670603143852
813 3425 -0.8531521731029041
813 3440 -0.6802553680442882
813 3455 -0.5585351418079423
813 3470 -0.9063581512450893
813 3485 0.9409693131812142
813 3500 -0.06577012925243664
813 3515 -0.2734247534308425
813 3530 0.08037179527788596
813 3544 0.2776834586976269
813 3559 -0.20181143838302718
813 3394 0.28409893127787655
813 3409 0.2746096894538854
814 815 -0.9339590536063325
814 829 0.43549341199366154
814 3605 -0.044789163563593526
814 3620 0.986370364126204
814 3635 0.6046587509138408
814 3650 0.41968377074062135
814 3665 0.05165432152408367
814 3680 0.26885332180660737
814 3695 -0.1269567619967389
814 3710 -0.5487286428638112
814 3724 0.3064336150653646
814 3739 -0.32983808331623976
814 3574 0.18401311603164627
814 3589 -0.4142436382418191
815 830 -0.8340236483448853
815 3785 0.08123867097953874
815 3800 0.155157539484869
815 3815 -0.249446482071626
815 3830 0.45235462814006544
815 3845 0.9144763205356166
815 3860 -0.6695453185386773
815 3875 -0.6370363890879076
815 3890 0.6491299134087622
815 3754 -0.06357909998660083
815 3769 -0.5662840434400969
828 829 0.8741947931872254
828 3425 -0.2707644413629078
828 3440 -0.9769309719533403
828 3455 0.17667546043500137
828 3470 -0.4852435059074429
828 3485 0.14933934159013806
828 3500 -0.251067334261716
828 3515 -0.22224317081010314
828 3530 0.7301336492434323
828 3544 -0.802205094084492
828 3559 0.6306790273798077
828 3394 0.8057053207334592
828 3409 0.45250682070868153
829 830 0.44664955890832725
829 3605 0.9642857236309514
829 3620 -0.43587045551469417
829 3635 -0.19986949485472105
829 3650 0.04637808722244907
829 3665 -0.98091242061684
829 3680 0.40419128021487927
829 3695 0.7744912706950271
829 3710 -0.6134447422277325
829 3724 0.6669013175257439
829 3739 -0.33990932355767867
829 3574 -0.5085010041890861
829 3589 -0.6452949120423683
830 3785 -0.5324918274638955
830 3800 -0.7942442377919217
830 3815 -0.8058935509521683
830 3830 0.30823235712383257
830 3845 -0.5881316902831881
830 3860 0.8636939464327396
830 3875 -0.6631350133626028
830 3890 0.21252097523207647
830 3754 0.3109502641176751
830 3769 0.9408556165289217
843 844 -0.43799811117329934
843 858 0.12599360867607
843 3425 0.744598613748523
843 3440 0.7496780007893455
843 3455 -0.4473533816499544
843 3470 0.5705727904294544
843 3485 0.8990664397143169
843 3500 0.17191040175233163
843 3364 -0.7853329855057589
843 3379 0.832174459933201
843 3394 -0.4186856316711576
843 3409 -0.7807310672067291
844 845 0.057414731317993795
844 859 0.6260361923312974
844 3605 0.9011693494355926
844 3620 -0.8850035817558093
844 3635 -0.2726768523926897
844 3650 -0.24921931530302444
844 3665 -0.58960554716012
844 3680 0.25308186422891077
844 3515 0.1787811739058045
844 3530 0.5449271541336085
844 3544 0.2269583658558696
844 3559 -0.8681048433131937
844 3574 -0.4170256901147016
844 3589 -0.9696741610972424
845 860 -0.36035197336135694
845 3785 -0.9722292390597362
845 3800 0.23736451969686012
845 3815 0.855806660162785
845 3830 0.9779624241933087
845 3845 0.6716873579579186
845 3860 -0.6737167270193627
845 3695 0.5899361951563074
845 3710 0.4909264583449524
845 3724 -0.49735644932429546
845 3739 -0.3471381385853276
845 3754 0.9471960008532454
845 3769 -0.1459249977245991
858 859 0.6205917686627154
858 3425 0.8577845723415227
858 3440 0.49729153262520187
858 3455 0.08751098522835621
858 3470 -0.14510416986766805
858 3485 -0.7635264811271316
858 3500 -0.4171149995598933
858 3364 -0.5918035855362063
858 3379 0.3681602855760817
858 3394 0.9012369113475152
858 3409 -0.5177282170142836
859 860 -0.49561314118508015
859 3605 -0.4673604778188143
859 3620 -0.36921554418406366
859 3635 0.6058141009915847
859 3650 -0.3989765325808652
859 3665 0.6593508708494926
859 3680 0.9818766283606641
859 3515 -0.6806911310086139
859 3530 0.09145600107687746
859 3544 0.22943962873074786
859 3559 -0.8083743035000153
859 3574 -0.10269874863821893
859 3589 -0.04556456780532936
860 3785 -0.31702957386156605
860 3800 0.5428601320244102
860 3815 -0.867384663308082
860 3830 0.9341744112615882
860 3845 0.9075253812614739
860 3860 0.11116296575500018
860 3695 0.2697120041108887
860 3710 -0.5451781869274763
860 3724 -0.026479434210372244
860 3739 -0.4114050342173732
860 3754 -0.3373029570420851
860 3769 0.12502271309252855
873 874 0.8343357424425395
873 888 0.14723968713816804
873 3425 -0.10619464267144152
873 3440 -0.06096816797016302
873 3455 0.38666336338646334
873 3470 -0.3604674181135421
873 3485 0.8078230330486049
873 3500 -0.9490012682997384
873 3365 -0.10196926962594755
873 3380 0.8288670591871903
873 3395 0.7777887445441225
873 3410 -0.5295898956590528
874 875 -0.9656899113858539
874 889 -0.16809548181750888
874 3605 -0.010183967570277508
874 3620 -0.2943567761341763
874 3635 -0.5578808551350216
874 3650 -0.6038190515493549
874 3665 0.00040319761562113143
874 3680 0.7649201177477498
874 3515 0.7777707958750399
874 3530 -0.4487850650822056
874 3545 -0.20479250756271727
874 3560 -0.2261265283944922
874 3575 0.20233866593264294
874 3590 0.7551134232893153
875 890 -0.088832874680141
875 3785 0.8536369151545005
875 3800 -0.5749682440599384
875 3815 -0.1979974672096323
875 3830 -0.34272174110662545
875 3845 0.3825554275144536
875 3860 -0.1038504706326886
875 3695 -0.4455868307385531
875 3710 -0.47010030557838656
875 3725 0.5505507838665398
875 3740 0.7797200670952238
875 3755 -0.15614857385752678
875 3770 0.4505865004730105
888 889 0.9704823427434877
888 3425 0.8375167215438555
888 3440 -0.05335362783976749
888 3455 -0.19610761094435758
888 3470 -0.1290701719483398
888 3485 0.3741216329132684
888 3500 -0.7541960732980562
888 3365 -0.7490494450729606
888 3380 0.0037949401563663887
888 3395 -0.4724082668161964
888 3410 -0.8641347519644365
889 890 0.9061206672239221
889 3605 -0.4842228806777287
889 3620 -0.18232897289736694
889 3635 0.08160644649452409
889 3650 0.29250083985245623
889 3665 -0.695685113173339
889 3680 -0.5029832886540799
889 3515 -0.573993828762311
889 3530 -0.48777790210281413
889 3545 0.9119934606447453
889 3560 -0.2166235172632316
889 3575 0.7139129483996105
889 3590 0.6665298896738263
890 3785 0.7879937890289048
890 3800 -0.39543094938446366
890 3815 -0.1771870348840472
890 3830 -0.8978913606487122
890 3845 -0.7192729640817423
890 3860 0.778269150612491
890 3695 -0.6694766025352799
890 3710 0.9392094899484966
890 3725 0.37483545153319864
890 3740 -0.4636769975089172
890 3755 0.5671859864202338
890 3770 -0.7437998613423982
903 904 0.8728436783219535
903 918 -0.806086906973501
903 3425 -0.5056611320636413
903 3440 -0.13982312173145472
903 3365 0.31223139952074885
903 3380 0.9596403054146361
903 3395 0.8814766856595428
903 3410 0.046417723620582496
904 905 0.00995575675337479
904 919 -0.07449350628057405
904 3605 -0.8304006448870411
904 3620 0.8340346461810035
904 3455 -0.34112505913633817
904 3470 -0.5703006611950323
904 3485 -0.5407605932140789
904 3500 0.37310053410683497
904 3515 -0.6085457582711025
904 3530 0.04218058033340322
904 3545 0.4791994517692677
904 3560 -0.43766149254339237
904 3575 -0.5804123748347794
904 3590 0.8310928528805082
905 920 -0.12508924297986468
905 3785 -0.6158311997770056
905 3800 0.17271744994592364
905 3635 0.19815634862940934
905 3650 -0.6705444636501958
905 3665 0.37583974080366245
905 3680 -0.36817448038958833
905 3695 -0.013474175220936413
905 3710 -0.014179683604382598
905 3725 0.4565571597538769
905 3740 -0.6571687888436404
905 3755 0.01791971723484842
905 3770 0.5359008904738893
918 919 -0.05812270151757337
918 3425 0.25451145904223815
918 3440 0.9479369682372907
918 3365 0.6811601310909738
918 3380 -0.2390119193439224
918 3395 -0.799474785728399
918 3410 0.2156976831859274
919 920 -0.8615427688862236
919 3605 0.6170887327878567
919 3620 0.5327672627253333
919 3455 0.4336487480998916
919 3470 -0.29403263782979705
919 3485 -0.08480047638041932
919 3500 -0.2962967141177584
919 3515 -0.7239818821522779
919 3530 -0.15624146101491232
919 3545 0.5821703326731198
919 3560 -0.2593119021490973
919 3575 -0.6563511157952122
919 3590 0.7926480528829731
920 3785 0.46700231144728965
920 3800 0.4108486922309975
920 3635 -0.3140686924133318
920 3650 -0.6597925863354215
920 3665 0.39555268561079204
920 3680 0.15332535316092089
920 3695 0.5335703478479026
920 3710 -0.12953637180658628
920 3725 -0.9168852619078198
920 3740 -0.4830096799071717
920 3755 0.7570142696832172
920 3770 0.289395104639941
933 934 -0.509084990850734
933 948 -0.636436760386017
933 3425 -0.44329691123857096
933 3440 -0.04282019840266371
933 3365 -0.7094028043812592
933 3380 -0.7639091295775453
933 3395 -0.5227197904861838
933 3410 -0.2465066066105095
934 935 0.8978262825186165
934 949 -0.15937019038260325
934 3605 0.6112580064260857
934 3620 -0.2793917581456613
934 3455 0.65761695464568
934 3470 0.011377301726063216
934 3486 0.14474414605328678
934 3501 -0.8633995366797032
934 3516 -0.7067791018518812
934 3531 0.6930749341358904
934 3545 -0.7457110023480673
934 3560 0.9045921465449225
934 3575 -0.8798763003181231
934 3590 0.6267292599534742
935 950 0.24857592608102386
935 3785 0.39871041190118106
935 3800 -0.942447444797073
935 3635 -0.8040839884633504
935 3650 0.14246260311279713
935 3666 -0.9569845776300576
935 3681 0.5073150568327833
935 3696 0.7433004600716953
935 3711 -0.9546308616969372
935 3725 0.8405310904650858
935 3740 0.6707365272994343
935 3755 -0.2338495549557229
935 3770 -0.3797846551377
948 949 0.06537617408105345
948 3425 0.010120324065828523
948 3440 -0.730594310871435
948 3365 -0.9647926885269411
948 3380 0.6713497251161535
948 3395 0.7331504340047734
948 3410 0.5384587222613912
949 950 -0.35257436237218753
949 3605 0.3427791940017628
949 3620 0.863953225494404
949 3455 -0.5348320813941765
949 3470 -0.06257041179562606
949 3486 0.45642803606070736
949 3501 -0.22940595947715559
949 3516 0.7604102156585597
949 3531 -0.7285878936224961
949 3545 -0.45912338051992796
949 3560 0.34931749744457674
949 3575 0.5885814083450465
949 3590 0.6723754377123121
950 3785 -0.644239731336675
950 3800 0.19031039218346235
950 3635 0.2648392997459952
950 3650 0.7707398309263291
950 3666 0.7605784377637892
950 3681 0.1856128415767233
950 3696 -0.5657385400443049
950 3711 0.3261151310589614
950 3725 -0.7148133238812315
950 3740 0.31878988172981715
950 3755 -0.8137861387826457
950 3770 0.1166878847293682
963 964 0.04477144880834816
963 978 -0.1713968512103048
963 3425 0.8777189808390082
963 3440 0.07090901265076677
963 3455 -0.8981692315251346
963 3470 -0.06718499987719073
963 3486 -0.8332166533715542
963 3501 -0.33860142221411893
963 3516 -0.110946884647394
963 3531 -0.35996150483666756
963 3545 0.14419548855932618
963 3560 0.3374622922344721
963 3395 -0.8886876318359755
963 3410 -0.01694037519025171
964 965 0.8866103132652643
964 979 0.8236444698248899
964 3605 0.48791633125340805
964 3620 0.3860161822196351
964 3635 0.2961806348580298
964 3650 0.781702035860639
964 3666 0.922297507709839
964 3681 0.6457667473361441
964 3696 0.3963090973497858
964 3711 -0.34556122753447016
964 3725 0.9171240783771213
964 3740 0.8459590715136722
964 3575 -0.35307604172404083
964 3590 0.9826308306684346
965 980 -0.6748690424192132
965 3785 0.39353454573731517
965 3800 0.005005004146487302
965 3815 0.78519208362246
965 3830 -0.18196705359210785
965 3846 0.08737900309137592
965 3861 -0.5404531475323822
965 3876 0.15511002352022252
965 3891 -0.35279332278884357
965 3755 0.5635210034534872
965 3770 0.8130384672634718
978 979 -0.8484174137816831
978 3425 0.09628652411980365
978 3440 0.5123283144866047
978 3455 -0.9489035286490672
978 3470 0.13955464312936194
978 3486 0.8725035929449831
978 3501 0.4845494558392316
978 3516 0.4390773478176855
978 3531 -0.8611552918378926
978 3545 0.3626275812499351
978 3560 0.4288637656113896
978 3395 -0.21203697416375866
978 3410 0.19911164820217375
979 980 0.6182218222266151
979 3605 -0.9148318579817898
979 3620 -0.019256844375330928
979 3635 -0.3625416240108117
979 3650 0.19911802513100652
979 3666 -0.6840093746336611
979 3681 -0.7559483605717612
979 3696 0.8205707447844068
979 3711 0.787743576451698
979 3725 0.7602318473938761
979 3740 -0.18372322048625112
979 3575 -0.7697122095959403
979 3590 0.2418867355021761
980 3785 0.5021862367446011
980 3800 0.9077648097526179
980 3815 0.7545405074269766
980 3830 0.37082057075478425
980 3846 -0.1410961249415532
980 3861 -0.6597215565928578
980 3876 -0.8570323460440423
980 3891 -0.8539972603050365
980 3755 -0.29411020291486634
980 3770 -0.1846968161718212
993 994 -0.760032796188914
993 1008 0.5562827871714433
993 3426 -0.9654127153729206
993 3441 -0.33571592731139344
993 3456 0.5224691450785743
993 3471 0.2143742498842458
993 3486 -0.625041297491896
993 3501 -0.7011151526353783
993 3516 0.19879437712190984
993 3531 0.09176761215900275
993 3545 0.13148953655602047
993 3560 -0.6303920277654516
993 3395 -0.39888232693668657
993 3410 0.21302996945361174
994 995 -0.14789502062519055
994 1009 0.29425402511396803
994 3606 -0.9484298042267527
994 3621 0.2729918931098809
994 3636 -0.38127926296553727
994 3651 -0.10173427067592011
994 3666 0.3810881512879172
994 3681 0.7030299377273204
994 3696 -0.7971124816008632
994 3711 -0.6093689656356513
994 3725 -0.13252722345283052
994 3740 0.2940298151841645
994 3575 -0.19514547823481587
994 3590 0.25352549724696916
995 1010 -0.5126351867652692
995 3786 0.2451804759528855
995 3801 -0.4103190900648115
995 3816 -0.6640940886621065
995 3831 -0.10785632710207294
995 3846 -0.11538094561233336
995 3861 0.20367171718397947
995 3876 0.9121905632836245
995 3891 -0.15656773626369724
995 3755 0.05046584821392175
995 3770 0.6819000951094794
1008 1009 0.23233719433898958
1008 3426 -0.9027414052763327
1008 3441 -0.18097429465304393
1008 3456 0.5105589777949888
1008 3471 0.5374196260242043
1008 3486 -0.7875183292925245
1008 3501 0.9708239313873326
1008 3516 -0.19906689421498358
1008 3531 0.49480691731703863
1008 3545 -0.2186821212812038
1008 3560 0.3816899034495649
1008 3395 -2.332951152372864e-05
1008 3410 0.09579087608762182
1009 1010 0.6005275314038856
1009 3606 0.12311418407672825
1009 3621 -0.12069410737067776
1009 3636 0.7979623145029415
1009 3651 0.5039071541377376
1009 3666 0.5993670282351378
1009 3681 -0.5424855122779213
1009 3696 0.6764924272892139
1009 3711 0.7268714895861907
1009 3725 0.9497925680256876
1009 3740 -0.08159787650119643
1009 3575 0.792687971193957
1009 3590 0.9112635919907917
1010 3786 0.46633671125342135
1010 3801 0.5207272896763098
1010 3816 0.777497958104697
1010 3831 0.3781215685562078
1010 3846 0.4777605256423447
1010 3861 0.3969962444962605
1010 3876 0.6985616991259032
1010 3891 0.5338459421882891
1010 3755 -0.8116401424814614
1010 3770 -0.05791731540135325
1023 1024 -0.2774013385997205
1023 1038 -0.9482541622543681
1023 3426 -0.025894433051746546
1023 3441 0.49690670034627726
1023 3456 -0.18382937547852563
1023 3471 -0.11977765072726121
1023 3486 -0.8668297873857176
1023 3501 0.3535660810265857
1023 3365 0.05930089055008736
1023 3380 -0.48357317191639515
1023 3395 0.9828888550838057
1023 3410 0.09819262051000188
1024 1025 0.004373514294866432
1024 1039 -0.7476677056343481
1024 3606 -0.6493513433057376
1024 3621 -0.8424154370965098
1024 3636 0.4957400826054459
1024 3651 0.5857646766258708
1024 3666 -0.21262406453202987
1024 3681 -0.3138003822255131
1024 3516 -0.6909596922943295
1024 3531 0.5520435121797642
1024 3545 0.1320538621096592
1024 3560 0.6791991760965104
1024 3575 -0.914009425233075
1024 3590 0.7355355710926073
1025 1040 -0.7562778742428797
1025 3786 0.4504197962863352
1025 3801 0.5445034040210426
1025 3816 -0.6894147534566812
1025 3831 -0.6952601963131004
1025 3846 -0.5280446153476059
1025 3861 -0.0438234524893768
1025 3696 -0.3071889378555639
1025 3711 0.45017335473520603
1025 3725 -0.33855634619619734
1025 3740 -0.3807301864058952
1025 3755 0.7668083942913688
1025 3770 0.5400081386163134
1038 1039 -0.7647500402116385
1038 3426 0.20588749678673945
1038 3441 -0.7094718923175642
1038 3456 0.07272189706468923
1038 3471 0.5739346867348849
1038 3486 0.7480173347844947
1038 3501 0.7566153699092661
1038 3365 -0.6193395923199418
1038 3380 -0.27003202973398266
1038 3395 -0.5296727724190011
1038 3410 -0.1959640965378604
1039 1040 -0.3099057685532507
1039 3606 -0.6970236804792869
1039 3621 0.23725886651778727
1039 3636 0.8624784879342315
1039 3651 -0.4248899768428813
1039 3666 -0.5382575216558172
1039 3681 -0.7383645854098044
1039 3516 -0.3854228229744652
1039 3531 -0.49797089792961313
1039 3545 -0.3624745088720267
1039 3560 -0.48301664636859276
1039 3575 0.1950326482303233
1039 3590 -0.4925434769878365
1040 3786 -0.8240894098756004
1040 3801 -0.28758871009397313
1040 3816 0.3683220274592245
1040 3831 0.7522924567005316
1040 3846 0.5911988318285668
1040 3861 -0.5173882305078177
1040 3696 0.1743337885544367
1040 3711 -0.16130375696263788
1040 3725 0.3789099440720731
1040 3740 0.9146302316655246
1040 3755 0.6085985630366051
1040 3770 -0.21704289682861844
1053 1054 -0.28278580973543255
1053 1068 -0.754744224687365
1053 3426 -0.6110387786294866
1053 3441 -0.6490775837011089
1053 3456 0.2913533122385734
1053 3471 -0.6434941743791629
1053 3486 0.7636129038786774
1053 3501 -0.12087967513314957
1053 3366 -0.5538989507917593
1053 3381 0.4716514514970882
1053 3396 -0.6724328849145786
1053 3411 0.10704934698194513
1054 1055 -0.8443629004274988
1054 1069 -0.9565769510606212
1054 3606 0.9761314624466881
1054 3621 0.5650770496098874
1054 3636 0.0827921664509943
1054 3651 0.1841496982542039
1054 3666 0.4851895965021862
1054 3681 0.022940082228373182
1054 3516 -0.9001809111603407
1054 3531 0.8507634866057603
1054 3546 -0.36615883441347075
1054 3561 0.32658394119763323
1054 3576 0.6573563148780461
1054 3591 0.643363578279996
1055 1070 -0.9315657522540914
1055 3786 -0.6527212312511601
1055 3801 -0.8344205523896375
1055 3816 0.4913081624361888
1055 3831 -0.615808403386954
1055 3846 0.13277150420422013
1055 3861 0.9099048313309157
1055 3696 0.3071274452531101
1055 3711 -0.6824137703943283
1055 3726 -0.8139821227135975
1055 3741 -0.5070671057350984
1055 3756 -0.04099259589078219
1055 3771 0.2378257706501996
1068 1069 0.5510530066289137
1068 3426 -0.040472009209468585
1068 3441 -0.07618613379282335
1068 3456 0.3924905654021087
1068 3471 -0.27964154213295744
1068 3486 0.4401283481474949
1068 3501 -0.3743605491255364
1068 3366 -0.6877700560783693
1068 3381 0.8414229791980343
1068 3396 -0.6799525311303094
1068 3411 -0.8003172875807703
1069 1070 0.4052646296229496
1069 3606 0.7255717711392096
1069 3621 -0.2639323147023005
1069 3636 -0.577808241762577
1069 3651 -0.4561458906493161
1069 3666 0.2697732211312529
1069 3681 0.22998844652349026
1069 3516 0.7416769656178079
1069 3531 0.7914914608338779
1069 3546 0.06434013658233995
1069 3561 0.8052715991057655
1069 3576 0.15149380942909718
1069 3591 -0.8676540124985699
1070 3786 0.8933380046947303
1070 3801 -0.14687571044202996
1070 3816 -0.5859277783641426
1070 3831 -0.8641872290307984
1070 3846 0.07746524164228341
1070 3861 -0.6196424684165363
1070 3696 0.9946283800473494
1070 3711 0.4997790449329964
1070 3726 -0.007743461714082134
1070 3741 0.9468515585920148
1070 3756 0.7021886289986712
1070 3771 -0.7928761286090356
1083 1084 -0.7966239443041987
1083 1098 0.7307047694183011
1083 3426 -0.05841506384314488
1083 3441 0.5438711940237813
1083 3366 -0.04088547172238455
1083 3381 0.831057145842264
1083 3396 -0.41516541581185384
1083 3411 0.11689411633648072
1084 1085 0.8474759412156718
1084 1099 0.2131943052551888
1084 3606 0.9312860419257416
1084 3621 0.7380383451799708
1084 3456 0.2916060414401209
1084 3471 0.5180334878165258
1084 3486 -0.7508596431909187
1084 3501 0.44807304894765854
1084 3516 0.5082013649056518
1084 3531 -0.3823315595053911
1084 3546 -0.400045931916051
1084 3561 0.7174944659853628
1084 3576 0.9416538779106127
1084 3591 0.9395946968830993
1085 1100 0.8108685212968969
1085 3786 -0.12604424717664653
1085 3801 -0.699348539501115
1085 3636 -0.714130706187565
1085 3651 -0.29249086070406904
1085 3666 -0.5689444245214619
1085 3681 0.8240952015703331
1085 3696 0.031364445524156626
1085 3711 -0.6968898554243426
1085 3726 0.6025294849052225
1085 3741 0.5699479451722911
1085 3756 0.9689844006857138
1085 3771 -0.06892076300169725
1098 1099 0.8209686596273076
1098 3426 0.44304699899375666
1098 3441 0.5006728057740386
1098 3366 0.4529943320307328
1098 3381 -0.8660562259072695
1098 3396 0.32318634120561573
1098 3411 0.12378482054465256
1099 1100 0.2663119077512519
1099 3606 0.8571809593117872
1099 3621 0.5172938151504869
1099 3456 0.34163136261154436
1099 3471 0.04574175843919326
1099 3486 0.23898449488214446
1099 3501 0.21143345998883034
1099 3516 0.09842056104121144
1099 3531 0.37346155190975727
1099 3546 0.7835594222209734
1099 3561 0.5185598736390409
1099 3576 0.20953443307320319
1099 3591 -0.6476349778365786
1100 3786 0.782707308378473
1100 3801 0.5169588184484155
1100 3636 0.9384050899304632
1100 3651 0.46238681531039383
1100 3666 0.22830061537415802
1100 3681 -0.9730078198733605
1100 3696 -0.8431759291285328
1100 3711 0.29122157658151715
1100 3726 -0.7386795555903645
1100 3741 -0.5490053373189461
1100 3756 -0.17582724849152687
1100 3771 -0.6629507238267123
1113 1114 0.3524290030779935
1113 1128 -0.8231559319914963
1113 3426 0.3443887484903452
1113 3441 0.5807875607462389
1113 3366 0.7858320914239096
1113 3381 -0.6515840223246769
1113 3396 0.8781832098819318
1113 3411 -0.64159561221109
1114 1115 -0.049416613873758175
1114 1129 0.7945596089117277
1114 3606 0.09485312163509518
1114 3621 0.7043635673310389
1114 3456 0.11507402033802272
1114 3471 -0.1411414971070124
1114 3546 -0.6845360902819113
1114 3561 0.1839028198955246
1114 3576 0.061821273927936904
1114 3591 -0.7299834123905447
1115 1130 -0.17240058023636196
1115 3786 0.21247107651680164
1115 3801 -0.8409803124994881
1115 3636 0.7758503325166439
1115 3651 -0.50292596755324
1115 3726 0.44786384405189805
1115 3741 0.8037384421842597
1115 3756 0.6333909072963153
1115 3771 -0.58565777116993
1128 1129 -0.8936097993871146
1128 3426 0.4390426777954881
1128 3441 0.9322644665833695
1128 3366 0.5885161950300022
1128 3381 0.6331609808683443
1128 3396 0.7128098423703291
1128 3411 -0.6219367250522294
1129 1130 -0.4451787312349762
1129 3606 0.045401522710384556
1129 3621 0.12524775755103357
1129 3456 0.9660589049709247
1129 3471 0.5836357783979953
1129 3546 -0.5986941918698618
1129 3561 0.03270148673510098
1129 3576 -0.6707245831791788
1129 3591 -0.14584793892692405
1130 3786 -0.3131973521108098
1130 3801 0.5209364061110018
1130 3636 -0.7371515419603183
1130 3651 0.6433091363785071
1130 3726 0.005343018663201526
1130 3741 -0.753329229934117
1130 3756 -0.6558969024343742
1130 3771 -0.6747328361299745
3364 3365 -0.6963170190699732
3364 3379 0.25022797723513857
3365 3366 -0.9497099491646523
3365 3380 -0.6831519019349399
3366 3381 0.4327188591077942
3379 3380 -0.13199118139810895
3380 3381 -0.09180937331756756
3394 3395 0.6631489147850724
3394 3409 -0.09611324146839273
3395 3396 -0.414568162874551
3395 3410 0.8573421213194676
3396 3411 -0.8649427749408127
3409 3410 -0.09581601397272532
3410 3411 -0.2812401593130649
3424 3425 0.6038917446460204
3424 3439 0.7997180452086674
3425 3426 0.23256163395408858
3425 3440 -0.015543048835303441
3426 3441 0.1101537604821834
3439 3440 -0.57000920443527
3440 3441 -0.08675521962037558
3454 3455 0.6059713993871585
3454 3469 0.08417828366975733
3455 3456 -0.7690884609892181
3455 3470 0.8792162672864006
3456 3471 0.7025032730920924
3469 3470 -0.5701859807610219
3470 3471 0.43697278077454915
3484 3485 0.8612831444731781
3484 3499 0.02112439536196531
3485 3486 0.07426952797986974
3485 3500 0.2850428182293201
3486 3501 0.013702526640870794
3499 3500 -0.44403021895628614
3500 3501 -0.34927810005339954
3514 3515 0.6454914980619708
3514 3529 0.30720151803853546
3515 3516 -0.9288696445262055
3515 3530 0.2420346292963722
3516 3531 0.2907017363674065
3529 3530 0.5273456478202676
3530 3531 0.8755551306905749
3544 3545 -0.579599070926972
3544 3559 0.7494722672117682
3545 3546 0.2374945575598988
3545 3560 -0.7564403734530338
3546 3561 -0.9008348921449962
3559 3560 0.9727595519264591
3560 3561 0.6358131197607915
3574 3575 0.6064331005293682
3574 3589 -0.2973813745590861
3575 3576 0.48344665672546294
3575 3590 -0.005801147575728471
3576 3591 0.2899110958392259
3589 3590 0.11625538904789678
3590 3591 -0.7973739616035818
3604 3605 0.2782487414114254
3604 3619 0.25527533552030657
3605 3606 -0.21636717749480194
3605 3620 -0.7843597302375616
3606 3621 0.9417923241972153
3619 3620 -0.9399561946310842
3620 3621 0.758903393292232
3634 3635 -0.25108837774061077
3634 3649 -0.5034844952154252
3635 3636 -0.5752865212610443
3635 3650 0.25954473807749556
3636 3651 -0.3329396293551605
3649 3650 0.17273290323144952
3650 3651 0.7240523223074653
3664 3665 0.9400282915134812
3664 3679 0.022881393734878186
3665 3666 0.5547148815035228
3665 3680 -0.6258611899758602
3666 3681 0.7907983688382276
3679 3680 -0.8387533170327899
3680 3681 0.9814195276356277
3694 3695 0.05782626371319455
3694 3709 0.6543023606005731
3695 3696 0.6293476672714555
3695 3710 0.27321955811543974
3696 3711 -0.40304111408661236
3709 3710 0.6348432659764878
3710 3711 0.2887391765465397
3724 3725 -0.6067114180705884
3724 3739 -0.5447239375325696
3725 3726 0.22359488556530982
3725 3740 -0.18285338275686547
3726 3741 0.22190109766995958
3739 3740 -0.7170291560947677
3740 3741 0.7629632118635095
3754 3755 -0.8712065806457421
3754 3769 0.4260231465255653
3755 3756 -0.7411099449121048
3755 3770 -0.9210933286711847
3756 3771 -0.9758016686943687
3769 3770 -0.3247685687664146
3770 3771 0.39379502417739687
3784 3785 0.6652047057501684
3784 3799 -0.45796280382627663
3785 3786 0.13520373646171224
3785 3800 0.6880848023481052
3786 3801 -0.6960954036134734
3799 3800 0.566228918365109
3800 3801 -0.12766533976614136
3814 3815 0.7694534842358101
3814 3829 -0.5285668397111833
3815 3816 -0.6122880234511445
3815 3830 -0.9848940953173047
3816 3831 0.4504691970749626
3829 3830 -0.813420657690084
3830 3831 0.4626047675319993
3844 3845 -0.3278477903504107
3844 3859 0.5216127663238883
3845 3846 -0.29796213238385527
3845 3860 0.8326079843003231
3846 3861 0.5166215232298983
3859 3860 0.02183130401266853
3860 3861 -0.8481923879191875
3874 3875 0.934932044697883
3874 3889 0.9139761715904318
3875 3876 0.22305908120507945
3875 3890 0.2958029936537201
3876 3891 -0.31974145936504983
3889 3890 0.4779745954710002
3890 3891 -0.6060327767257281
