# 
603 603 -0.06361442677945295
604 604 -0.6820854354599977
605 605 -1.431275070212168
618 618 -3.4285484027663182
619 619 -2.3950846782581987
620 620 -0.3770920306222676
633 633 1.9072669716447326
634 634 0.8217742787174966
635 635 -1.8218268720948627
648 648 2.2069732073841104
649 649 2.255260326596911
650 650 -1.1658932662249946
663 663 -0.6580030722740071
664 664 3.0524872183429927
665 665 3.4530874460375385
678 678 -1.2479880844300855
679 679 1.0257102967008507
680 680 3.8546729034191474
693 693 2.902982906228802
694 694 -3.5933319281813327
695 695 1.0810105943672372
708 708 2.9366049360396893
709 709 -2.2908516775328724
710 710 -0.8210899415736153
723 723 0.49958347796256053
724 724 -3.5165918307931525
725 725 1.3992255668682505
738 738 -3.466241883295016
739 739 0.8741397795803527
740 740 3.0123990684647275
753 753 -3.690933726888459
754 754 -3.7279118126324793
755 755 2.6454187200971147
768 768 -1.8212313298555953
769 769 1.225897795877703
770 770 -3.598218460270134
783 783 3.62708964855904
784 784 -3.535786038381854
785 785 0.46049906037823884
798 798 -3.884251308503244
799 799 0.38256312224305145
800 800 2.4950136980043087
813 813 3.3183887937180865
814 814 -1.5221429821256311
815 815 -0.27744058980922315
828 828 2.6174967840726717
829 829 -2.272734745168969
830 830 -1.9875478103754851
843 843 3.7396392428640928
844 844 -1.2942021565681694
845 845 2.0030653785285057
858 858 2.2059156638036885
859 859 1.3957337806065997
860 860 -3.611962499394922
873 873 -2.2974719689152314
874 874 -2.6802215664206113
875 875 2.1086452933371964
888 888 1.953761658599162
889 889 -2.3225605953029334
890 890 1.5981199381643645
903 903 -2.3907965550817822
904 904 -0.4424170075885403
905 905 1.670497387699295
918 918 1.7058826435407166
919 919 2.3996094448573295
920 920 -3.994830446279302
933 933 -0.1715124231038354
934 934 -0.9016400262263247
935 935 -0.1658561538304344
948 948 3.406083328194698
949 949 3.7246374611795394
950 950 2.483483904308768
963 963 2.1127764742858526
964 964 3.578570766114934
965 965 -3.6556382421389646
978 978 1.551849996212356
979 979 0.49718367365153604
980 980 -3.6266591697063326
993 993 -1.0222749589220497
994 994 2.769814039254914
995 995 -1.7559701081852168
1008 1008 2.9321377661363996
1009 1009 -1.8930463293981123
1010 1010 1.0759693628499551
1023 1023 1.9098062572196923
1024 1024 1.010071873336046
1025 1025 -1.9072381632436848
1038 1038 2.594358948361343
1039 1039 3.5073653306819823
1040 1040 2.1303825380894494
1053 1053 0.22289160404280572
1054 1054 -3.218755369496442
1055 1055 -3.2201543559680372
1068 1068 0.3694856456686315
1069 1069 2.283104501668628
1070 1070 -1.3578585529538518
1083 1083 3.50571622219039
1084 1084 -0.6776333945887654
1085 1085 3.4589109617074705
1098 1098 -0.3111997836989877
1099 1099 -3.2833587275024367
1100 1100 -1.7818818183112217
1113 1113 -2.5456114998638233
1114 1114 1.822560000194347
1115 1115 -0.04738966481495943
1128 1128 2.439255441682964
1129 1129 1.8885279334261211
1130 1130 -2.0780468614261904
3364 3364 2.98548867493648
3365 3365 2.0159830269920285
3366 3366 -0.8788775031412754
3379 3379 2.5525471864687796
3380 3380 -0.8096245607842167
3381 3381 0.7451431525584624
3394 3394 0.3102680706151917
3395 3395 -2.5901457282507536
3396 3396 2.780399934006142
3409 3409 -2.5580573251803163
3410 3410 0.19524905223009892
3411 3411 -0.4543429605728031
3424 3424 3.531925670979952
3425 3425 -1.5573973774519025
3426 3426 2.953196528108907
3439 3439 -0.48614232354429276
3440 3440 -3.953350933725602
3441 3441 3.3706618434219777
3454 3454 1.9080073326101141
3455 3455 1.9458245838374841
3456 3456 2.3667143294779374
3469 3469 -2.630586643454408
3470 3470 2.5401554342358805
3471 3471 -0.0821623027455205
3484 3484 -2.3043390627580305
3485 3485 -1.4743132244761892
3486 3486 -2.9015515690030957
3499 3499 -0.8727090187478126
3500 3500 -3.6366565554950263
3501 3501 2.8435490188836647
3514 3514 -0.20844444879457846
3515 3515 -2.80051539223499
3516 3516 -2.25448967558159
3529 3529 -0.4769555024262724
3530 3530 -2.7257852039580666
3531 3531 -2.857009178984317
3544 3544 0.802572052776064
3545 3545 3.7029532844670667
3546 3546 -2.9556467513624405
3559 3559 -0.914677109564872
3560 3560 0.7315379830569713
3561 3561 -1.073962495731986
3574 3574 0.496034780160425
3575 3575 -3.807104511481028
3576 3576 -2.383434869952435
3589 3589 -1.9138084318724902
3590 3590 1.3797985251209344
3591 3591 0.10971987633501268
3604 3604 2.4773983004889564
3605 3605 1.2509225000846813
3606 3606 -2.715244276977433
3619 3619 0.10329937865004268
3620 3620 -3.3884025507831614
3621 3621 -3.6262143741787165
3634 3634 1.6247048503328578
3635 3635 3.263141533173923
3636 3636 3.1238668942021066
3649 3649 -1.4730614319520043
3650 3650 -0.2982351525949669
3651 3651 -1.8547876337620366
3664 3664 -3.6746049536843577
3665 3665 -2.8248337183865333
3666 3666 2.602237454208339
3679 3679 -3.621382324197552
3680 3680 1.751506602869613
3681 3681 3.2852679694293556
3694 3694 2.58536827770548
3695 3695 1.179720387626939
3696 3696 -1.4443925686236732
3709 3709 -3.6937009763706055
3710 3710 3.5032305953576355
3711 3711 -3.736833052687163
3724 3724 -0.2864781640160592
3725 3725 -3.2268806003218318
3726 3726 -3.237328712995918
3739 3739 -0.17777975129023726
3740 3740 0.734894853681225
3741 3741 0.10018612604625243
3754 3754 -2.268552176985043
3755 3755 -1.045882446385182
3756 3756 1.978219072725759
3769 3769 -3.01086129353643
3770 3770 -0.6395170083736632
3771 3771 -1.8385053380362004
3784 3784 -0.15532642426207843
3785 3785 1.7824729968279014
3786 3786 0.10113359580452119
3799 3799 3.850280079823876
3800 3800 -2.8073056427391023
3801 3801 3.255567286763724
3814 3814 1.2749895175480246
3815 3815 -0.6774172116863824
3816 3816 -2.9939740259789884
3829 3829 -1.2441165847356679
3830 3830 2.885313595159751
3831 3831 -0.23284692404372898
3844 3844 2.98863636036692
3845 3845 -2.36132543467221
3846 3846 -2.0132274854466967
3859 3859 -2.6466285062224024
3860 3860 -0.23010785210153184
3861 3861 2.0811988471006977
3874 3874 1.1149435886338601
3875 3875 -2.1824091877253657
3876 3876 2.958766067599921
3889 3889 -3.523691254446474
3890 3890 0.5523508707117903
3891 3891 -3.5698676724940084
603 604 0.17020185274812438
603 618 0.44142820070260536
603 3484 0.8096352254755201
603 3499 -0.6382287945991689
603 3514 -0.3903155030091734
603 3529 0.12675373258618938
604 605 0.6278672263707579
604 619 0.5836598002155358
604 3664 0.7705585252033886
604 3679 0.15201702952445428
604 3694 -0.19214342451623034
604 3709 -0.7829790605313371
605 620 -0.1612649859906452
605 3844 -0.5255222910326109
605 3859 -0.7065465115633969
605 3874 -0.23807832751814528
605 3889 0.23303712497917184
618 619 0.32779516386350815
618 3484 -0.8349901794185723
618 3499 -0.5088210264827595
618 3514 0.389599910633426
618 3529 0.2788297068873653
619 620 0.338370647547406
619 3664 -0.2089036516990057
619 3679 0.2361194188288187
619 3694 0.24093747916892427
619 3709 -0.6245525024523302
620 3844 -0.2721582080916789
620 3859 0.167685445810267
620 3874 -0.5237621698007267
620 3889 0.9371861740845562
633 634 -0.22928997893446867
633 648 -0.9069632530408529
633 3424 0.8029815295400173
633 3439 0.36213577264015595
633 3454 0.08235860488665692
633 3469 0.11461272577039994
633 3484 0.1676819096757869
633 3499 0.8362959987446947
633 3514 -0.032520673178896065
633 3529 0.20128907090126713
634 635 -0.24870511004949236
634 649 -0.10693525131416637
634 3604 0.17002647841096885
634 3619 -0.03154132988591041
634 3634 0.025234721964240814
634 3649 0.5978300186526124
634 3664 0.3564902834547279
634 3679 -0.2315849673072663
634 3694 0.31488640490023756
634 3709 0.9717734830805806
635 650 0.2871441388911329
635 3784 -0.5254554372270128
635 3799 0.10011027948359019
635 3814 0.45339934186981035
635 3829 -0.30493815421384673
635 3844 0.7845467624656954
635 3859 0.7206931774476788
635 3874 0.6228934522612166
635 3889 0.576737175701538
648 649 0.3465799135768528
648 3424 0.9025503052669015
648 3439 -0.5687020353878616
648 3454 0.5683752061539562
648 3469 -0.49754930026361843
648 3484 -0.3104630040403662
648 3499 -0.5947595592144077
648 3514 -0.747539543091029
648 3529 -0.5956602508466871
649 650 0.8726073971586323
649 3604 -0.16834003773332173
649 3619 0.4984542795385303
649 3634 0.12268897402285339
649 3649 0.07069031874654597
649 3664 -0.0906280420461194
649 3679 0.3363008595287489
649 3694 -0.1261946608847606
649 3709 0.17813903280078258
650 3784 -0.8293824312144875
650 3799 0.3787901027307998
650 3814 -0.8168644192402066
650 3829 -0.3563875189563481
650 3844 0.8824463610253943
650 3859 0.26271382608778393
650 3874 -0.705385425398444
650 3889 0.1114119561721203
663 664 0.9561510479234414
663 678 0.7803526248644228
663 3424 0.5921527675873497
663 3439 0.0997993211717878
663 3454 -0.20245062448886264
663 3469 0.22000712630269548
663 3484 0.21006177289660433
663 3499 0.20427973380102138
664 665 -0.1761687151796838
664 679 -0.7597034936427423
664 3604 0.20179266092201642
664 3619 -0.19527007922448547
664 3634 0.4777762847317162
664 3649 0.13830428491655855
664 3664 -0.009667216462933892
664 3679 -0.9443732789023185
664 3514 0.9346755506098472
664 3529 -0.04956555443562927
665 680 0.6468655136473604
665 3784 -0.021235344966483494
665 3799 -0.39677240092390664
665 3814 0.7456972569778424
665 3829 0.7098582147717327
665 3844 0.18896021891100023
665 3859 0.6997583209039666
665 3694 -0.7381433051985393
665 3709 0.9210984251734933
678 679 -0.22540350871012294
678 3424 -0.9782230086679151
678 3439 -0.5959757865415845
678 3454 -0.8067515227767601
678 3469 0.8850458480229855
678 3484 0.0020409538559418294
678 3499 0.8839454128234197
679 680 0.9762318981886176
679 3604 0.4793763984413313
679 3619 -0.28340545163631337
679 3634 0.3109282837782623
679 3649 0.07285784718665789
679 3664 -0.6225323328504464
679 3679 0.7966783659464234
679 3514 -0.6049199062277184
679 3529 -0.15955847723397287
680 3784 -0.18572910315262825
680 3799 0.6770272720501822
680 3814 -0.14762645268891017
680 3829 0.8500353871080444
680 3844 -0.04241017057828311
680 3859 -0.5370898229437886
680 3694 -0.6292944265571034
680 3709 -0.6223687418302399
693 694 -0.7736393614973041
693 708 0.9653401296120492
693 3424 0.8267220692577149
693 3439 0.5303574359840466
693 3454 0.3686719689603175
693 3469 -0.3989831581419212
693 3484 0.5547836814807974
693 3499 0.34728913874172207
693 3364 0.3989377521649431
693 3379 0.2821277967514453
693 3394 -0.9135661082033397
693 3409 -0.8964707797339613
694 695 0.560820176704383
694 709 -0.5865959913997179
694 3604 0.3781412221187115
694 3619 -0.022857840949083386
694 3634 0.2677443797199157
694 3649 -0.94675026825586
694 3664 -0.2032850957831116
694 3679 0.7795082110051759
694 3514 0.46252527225550555
694 3529 0.15655193019221003
694 3544 0.8351868936829003
694 3559 0.09588513215447692
694 3574 0.889567135101307
694 3589 -0.8493302357877037
695 710 -0.30842826974328985
695 3784 0.8420102510560599
695 3799 0.7401715905118316
695 3814 -0.24365993265888441
695 3829 0.4716320438576287
695 3844 -0.11912869128681991
695 3859 -0.26885279841512055
695 3694 0.2469339607154606
695 3709 -0.05180045303136671
695 3724 -0.14744616828470103
695 3739 0.7625597870323724
695 3754 0.2335183328636954
695 3769 -0.6016508032984558
708 709 -0.6735938941272825
708 3424 0.7809906174508312
708 3439 -0.25498124957620694
708 3454 0.8083167668911428
708 3469 -0.0367203495081192
708 3484 -0.23444111642802423
708 3499 -0.6299613147934409
708 3364 -0.19298520623767867
708 3379 -0.17348735723036257
708 3394 0.6275878760301823
708 3409 0.5380860897986279
709 710 -0.27095500903348135
709 3604 0.7403937629916479
709 3619 0.28910654908405387
709 3634 0.9169456949523462
709 3649 0.7675359345877693
709 3664 0.2877891279690179
709 3679 -0.05818296177440185
709 3514 -0.06679841750203241
709 3529 -0.13651080582865993
709 3544 -0.28583352035293386
709 3559 0.09781652724584777
709 3574 0.9412482402692401
709 3589 -0.8283248085534218
710 3784 -0.5086474857130621
710 3799 0.3285620139318315
710 3814 0.5450175661784977
710 3829 0.3528917745402853
710 3844 -0.34772749885766463
710 3859 -0.9257279642777052
710 3694 0.4556601754861669
710 3709 -0.6934623722987625
710 3724 -0.1634461163477361
710 3739 0.7772957174633808
710 3754 -0.7366300571306041
710 3769 0.11660151601117086
723 724 -0.89456924709856
723 738 0.11439266297320572
723 3424 0.8968150788885545
723 3439 -0.4305945881810933
723 3364 0.07363567825656903
723 3379 -0.9959142476722567
723 3394 -0.5397559984982583
723 3409 -0.31545351292586243
724 725 0.1687578498121558
724 739 -0.3916066482469531
724 3604 -0.7632192170598242
724 3619 -0.5127820122086824
724 3454 -0.2587565435897252
724 3469 0.3099469141560227
724 3484 0.7582614245556403
724 3499 -0.5777890523015465
724 3514 -0.40527015050900306
724 3529 -0.21336035447355428
724 3544 -0.27348213084090167
724 3559 0.5061835300095296
724 3574 -0.07659260077213137
724 3589 -0.7134832360707293
725 740 0.9889693217427336
725 3784 -0.6396454278545949
725 3799 0.4739382947497337
725 3634 -0.17936410721824592
725 3649 -0.39114296263087445
725 3664 0.9276892513883805
725 3679 -0.5077844732981909
725 3694 0.42646851762688875
725 3709 -0.09376622185733607
725 3724 -0.2605104444532913
725 3739 -0.09812886575037316
725 3754 -0.030887772270789426
725 3769 0.8977156581705199
738 739 0.0031788424044199015
738 3424 0.894635946444096
738 3439 0.6804930490256869
738 3364 0.9351627644665643
738 3379 -0.3848328250851787
738 3394 -0.9832362999129267
738 3409 0.3647149228428299
739 740 0.7674709722162809
739 3604 -0.35495027715329486
739 3619 -0.605432199403338
739 3454 0.08204090473592962
739 3469 -0.522278046095231
739 3484 0.11054090146860696
739 3499 -0.7965169998127248
739 3514 0.5365308985271338
739 3529 0.11806681773566385
739 3544 0.4500231212577468
739 3559 -0.24978463128031203
739 3574 -0.8181947326562811
739 3589 -0.6190377257535526
740 3784 0.6377685506945419
740 3799 0.20067253021461817
740 3634 0.3835621398668696
740 3649 -0.025109104390897974
740 3664 0.4041419087457223
740 3679 -0.5974370510357123
740 3694 0.5003173872078348
740 3709 -0.6371931351313747
740 3724 -0.9211674800393921
740 3739 0.9172902450766947
740 3754 -0.27313236086628123
740 3769 0.650978275083578
753 754 -0.5397479103484921
753 768 0.4495154163131214
753 3424 -0.781178727757464
753 3439 -0.24274840306031065
753 3364 0.10034321838214266
753 3379 0.13947115671017563
753 3394 -0.9322862732480437
753 3409 -0.2320590466418544
754 755 0.0349680427286716
754 769 -0.7579009807130783
754 3604 -0.9077690565343153
754 3619 0.5906917781474827
754 3454 -0.9097518558348339
754 3469 0.4957675065956717
754 3485 -0.45773265029137034
754 3500 0.22567016868897904
754 3515 0.7704459584496832
754 3530 0.6894479682110495
754 3544 0.7957187313143668
754 3559 0.5658607150590349
754 3574 -0.4141255921274227
754 3589 -0.41312324868004846
755 770 -0.9274415808592986
755 3784 0.3482627403939791
755 3799 -0.46429339091747934
755 3634 0.8238611285078488
755 3649 0.5550252006219007
755 3665 -0.7276273549926477
755 3680 -0.025702322167633795
755 3695 0.08618445422518817
755 3710 0.37762435597361566
755 3724 0.1951886438717707
755 3739 0.29160146236409945
755 3754 -0.7831476592850619
755 3769 -0.6628560403135502
768 769 0.8709298030923291
768 3424 -0.12482519606206655
768 3439 -0.3654442358238903
768 3364 0.9918796233886802
768 3379 -0.7946433170081937
768 3394 -0.5058313977290323
768 3409 -0.45128004879284456
769 770 0.712372072126005
769 3604 -0.3356725796058959
769 3619 -0.6821625824748332
769 3454 -0.29692626763477925
769 3469 -0.33007687739108027
769 3485 0.33020612094671953
769 3500 -0.25347935355585705
769 3515 -0.7522068366044297
769 3530 0.6506868579566909
769 3544 -0.4390932016122735
769 3559 0.9454830360229887
769 3574 0.5073093038998222
769 3589 -0.26315628349405085
770 3784 0.9096887348077318
770 3799 0.823322407421107
770 3634 -0.7425570423042542
770 3649 -0.6964720769909105
770 3665 -0.5038008523612314
770 3680 0.8385159695452293
770 3695 0.5826547214498705
770 3710 0.6068057631995101
770 3724 -0.45062109569444475
770 3739 0.4254376663948656
770 3754 0.554388378429383
770 3769 -0.4750682643411104
783 784 -0.777414825106598
783 798 -0.10269816421228906
783 3424 0.8878190682207514
783 3439 -0.36480770445574695
783 3454 -0.31191360063369933
783 3469 -0.3336481678013412
783 3485 0.19169803651300654
783 3500 0.41541972771455393
783 3515 0.3134194500306544
783 3530 0.08422978253775892
783 3544 -0.7823223751925537
783 3559 0.02166198323437496
783 3394 -0.05245700999061942
783 3409 -0.8486758317020917
784 785 0.40514675405194356
784 799 -0.7469137013559601
784 3604 -0.7073562434744036
784 3619 0.0028809056295053814
784 3634 -0.43556949989873295
784 3649 0.21864966055536605
784 3665 0.884099253104643
784 3680 0.852081989690435
784 3695 0.7677079434995235
784 3710 0.5666674070089222
784 3724 0.43046931814448186
784 3739 -0.3782770202924026
784 3574 -9.513200083977047e-05
784 3589 -0.3945333611532762
785 800 0.04136830304891137
785 3784 0.10787863827463218
785 3799 0.992677901836631
785 3814 -0.8074300270685844
785 3829 0.5771607687308384
785 3845 -0.16954698570685944
785 3860 -0.756511672194871
785 3875 0.6287660686812355
785 3890 0.383789613537765
785 3754 -0.4906914442494248
785 3769 0.572776208480678
798 799 -0.1699797771184015
798 3424 0.29719006344020094
798 3439 0.785380225533626
798 3454 0.4721158379708643
798 3469 -0.3081837839295716
798 3485 0.7646306420072504
798 3500 -0.7854129458746164
798 3515 -0.717753147869391
798 3530 -0.8712102656591212
798 3544 -0.9359478115687789
798 3559 -0.7512368791913298
798 3394 -0.08092811578940773
798 3409 -0.8209639176343608
799 800 0.1957193471677514
799 3604 -0.21594521965615154
799 3619 0.45031513489911434
799 3634 -0.8673880640604374
799 3649 0.004144613103039818
799 3665 -0.5855980932168707
799 3680 0.2578839207435777
799 3695 0.7719096110827901
799 3710 0.7816770793918817
799 3724 0.5315164925866347
799 3739 0.414949883356613
799 3574 -0.037415302604490774
799 3589 -0.2613034651854911
800 3784 0.15714740995885434
800 3799 -0.4640674124719881
800 3814 0.3773628133093354
800 3829 0.6572719630630119
800 3845 -0.608001075366992
800 3860 -0.2167303125189577
800 3875 0.9948908685225457
800 3890 0.8789364851600734
800 3754 0.6409278655673964
800 3769 -0.8436312106600912
813 814 0.0855928192247517
813 828 -0.6566919888717784
813 3425 -0.40398894936065144
813 3440 -0.9857606327485693
813 3455 0.21960845371642423
813 3470 0.7382399608647072
813 3485 0.5607645081725803
813 3500 -0.34483667730375145
813 3515 0.6925506392776739
813 3530 0.2868558066837512
813 3544 0.7822916813152414
813 3559 0.0673806519830471
813 3394 -0.44869113941863814
813 3409 -0.05461629821839553
814 815 -0.9675107160450205
814 829 -0.015352336895958052
814 3605 -0.10010200795130886
814 3620 0.29652729185403426
814 3635 -0.3222442743928726
814 3650 0.16672871831975566
814 3665 0.22811670102454085
814 3680 -0.9398341780845667
814 3695 0.976439306680414
814 3710 0.8946361062976869
814 3724 -0.07484465451363098
814 3739 0.9523538218891061
814 3574 -0.3867761099334359
814 3589 -0.6729684663546411
815 830 -0.8041846385067135
815 3785 -0.3296386281018453
815 3800 0.14211829818228572
815 3815 0.5436779089333426
815 3830 0.9606368548238509
815 3845 0.6760983827134333
815 3860 -0.9181597261991701
815 3875 0.9700975218863528
815 3890 -0.04199404747116131
815 3754 -0.3874051317363947
815 3769 -0.7399245224054634
828 829 -0.7824842842389372
828 3425 -0.3264785295588757
828 3440 -0.858916556788234
828 3455 0.7530801838091026
828 3470 -0.5635258853340384
828 3485 0.8229732931399012
828 3500 0.6205389165378135
828 3515 -0.6018520709482673
828 3530 -0.14293099441341472
828 3544 -0.8704844197277084
828 3559 -0.8866229324201627
828 3394 -0.10845632148334583
828 3409 0.963480010774292
829 830 -0.58825275120609
829 3605 0.03668899530631675
829 3620 -0.45906096587410183
829 3635 -0.529203161448889
829 3650 -0.3911472926491557
829 3665 -0.5805294033192703
829 3680 -0.6684465217000364
829 3695 0.17422828306477212
829 3710 -0.7537950617417737
829 3724 -0.3111934171554316
829 3739 -0.48178993569621276
829 3574 -0.48224232234876063
829 3589 -0.682640561954371
830 3785 0.1672822775072098
830 3800 -0.615691629997891
830 3815 0.5585133215729818
830 3830 -0.874906025947886
830 3845 -0.6380010127255404
830 3860 -0.34671269451578435
830 3875 -0.07149317932330179
830 3890 0.5614269804026675
830 3754 0.8552811916383125
830 3769 0.08160395543333698
843 844 0.47124863343687706
843 858 0.5099645777709447
843 3425 -0.7207101624805243
843 3440 0.22206555827023733
843 3455 -0.847681779821956
843 3470 0.43811469396133607
843 3485 0.522327442767563
843 3500 0.5406914717506519
843 3364 0.5812000755086184
843 3379 0.2743163214460185
843 3394 0.06701463208870484
843 3409 -0.08495440961201028
844 845 0.06988118194379078
844 859 -0.7544824237108898
844 3605 -0.3074098650518924
844 3620 -0.2694163335029136
844 3635 -0.16522359259439212
844 3650 0.24848674684927508
844 3665 -0.5898677584387833
844 3680 -0.9508347530730519
844 3515 0.5098828533984625
844 3530 -0.22082839472839133
844 3544 0.5086522318037039
844 3559 -0.7557823584870547
844 3574 -0.9852329186755862
844 3589 -0.09827721155037539
845 860 0.7243960504778879
845 3785 0.5399651782626969
845 3800 0.13609188815140572
845 3815 -0.9131586209667772
845 3830 0.9708436673763277
845 3845 0.11544350445343565
845 3860 0.24379973474385275
845 3695 -0.5149055421256663
845 3710 -0.4055274147706678
845 3724 0.2578593456752549
845 3739 -0.46823154161995273
845 3754 0.38398259835284043
845 3769 0.5144553714388775
858 859 -0.3145682193012467
858 3425 -0.568684522608397
858 3440 -0.24414089852738785
858 3455 -0.7062827035051551
858 3470 -0.0725450971528796
858 3485 -0.2606899887354712
858 3500 0.12604719883677062
858 3364 -0.7285451794379392
858 3379 0.9054979760585464
858 3394 -0.5953665604531178
858 3409 0.07607426043022048
859 860 -0.47543556695156064
859 3605 0.9948640970529834
859 3620 -0.9004572642336992
859 3635 0.22270268021648554
859 3650 -0.4622309290783837
859 3665 -0.931788182494008
859 3680 -0.9249781209612533
859 3515 -0.9079029745616074
859 3530 -0.7208375712756729
859 3544 0.5039447144754596
859 3559 -0.7001314964326464
859 3574 0.701869539811885
859 3589 -0.8186313672834349
860 3785 0.6055078284253868
860 3800 -0.9173919050985786
860 3815 -0.07509058211516328
860 3830 0.9932511401031652
860 3845 -0.0466427976684296
860 3860 -0.8399397924833878
860 3695 0.15057535331109273
860 3710 -0.9895830253431424
860 3724 0.054201293845224985
860 3739 0.36500823220816736
860 3754 -0.08518247723839667
860 3769 0.06956921987760123
873 874 -0.46936183226878514
873 888 0.7402509839925719
873 3425 0.4812423784982962
873 3440 -0.7287291468228323
873 3455 -0.6783773841231431
873 3470 -0.5939812177802883
873 3485 0.8188239560332669
873 3500 -0.13573416432852592
873 3365 -0.19464833040928586
873 3380 0.07468395913945991
873 3395 0.33682638462886905
873 3410 -0.028903260353790428
874 875 -0.9878281191004583
874 889 0.7327428938723308
874 3605 0.6621238930169164
874 3620 0.23134371449186442
874 3635 -0.32302798084286377
874 3650 0.6072105662242855
874 3665 -0.21536619601890683
874 3680 0.4720464751101574
874 3515 -0.4178374644140346
874 3530 -0.7683543638622956
874 3545 -0.4542762960545128
874 3560 -0.025249307479340732
874 3575 -0.7690157661715693
874 3590 -0.26955890353180756
875 890 0.03773291120490474
875 3785 -0.35439006445940446
875 3800 -0.3871606042010245
875 3815 -0.234593727295346
875 3830 -0.7052035400283565
875 3845 0.5069935072173806
875 3860 0.29304702996717036
875 3695 -0.3577224972159003
875 3710 -0.04522706251942421
875 3725 -0.2350353271497223
875 3740 0.7374692878967215
875 3755 -0.3608599676182316
875 3770 0.8977029576544913
888 889 -0.71797754627949
888 3425 0.2671120894167036
888 3440 0.23863931922020654
888 3455 -0.9646197467629627
888 3470 0.1673826905152227
888 3485 0.78174327584366
888 3500 -0.11392569152211962
888 3365 -0.4444998571496055
888 3380 0.4061106158215557
888 3395 0.45490625208915536
888 3410 -0.2522113507696455
889 890 0.46153507288095863
889 3605 0.8886332459564112
889 3620 0.4312505983176511
889 3635 0.43998658331114004
889 3650 -0.10034419362339153
889 3665 0.3462834797959222
889 3680 0.2532601836911894
889 3515 -0.9122524014861564
889 3530 0.44223981314863403
889 3545 -0.12715122469246798
889 3560 0.6153126055140492
889 3575 -0.09972745869600796
889 3590 0.2784445569701963
890 3785 -0.3172571325944171
890 3800 -0.7602134725672842
890 3815 0.5305674553348656
890 3830 -0.028930352247131808
890 3845 -0.8463146150210721
890 3860 -0.7164820921912625
890 3695 0.05484665385625975
890 3710 0.825462310246599
890 3725 -0.8131159980292477
890 3740 -0.43812650998867797
890 3755 0.5761382734570195
890 3770 -0.9216552623126404
903 904 -0.2621487792470534
903 918 0.8679267351305553
903 3425 0.43960625922818286
903 3440 -0.9370780553476992
903 3365 -0.5685959120011883
903 3380 0.6487369077724894
903 3395 -0.2410375276122303
903 3410 0.970302709163219
904 905 -0.6852894894455621
904 919 -0.7249032257775581
904 3605 -0.6176659580598196
904 3620 -0.23086666118140875
904 3455 -0.3757716068715147
904 3470 0.6491093016959442
904 3485 0.38550332834700907
904 3500 -0.596345164503282
904 3515 -0.5380440560451456
904 3530 -0.6250544726899716
904 3545 0.8110134680225158
904 3560 -0.8879500167958392
904 3575 -0.7586404194492329
904 3590 -0.8856575689848647
905 920 -0.0018562654532352507
905 3785 -0.43288866208911725
905 3800 -0.8073699774210501
905 3635 -0.615904774615714
905 3650 0.39894248714647396
905 3665 0.3633750764472894
905 3680 0.7835161588568207
905 3695 0.7756685630465956
905 3710 -0.8393377302671634
905 3725 0.05422415044910722
905 3740 0.4449793958977173
905 3755 -0.8535561637443736
905 3770 -0.6847395322731387
918 919 -0.10802407076625498
918 3425 0.29638649525811367
918 3440 -0.5598629928082037
918 3365 0.9723050786835079
918 3380 -0.36161529346826216
918 3395 0.2577511294640418
918 3410 -0.7215273721077569
919 920 0.3407796088402819
919 3605 0.1505671453431383
919 3620 0.9682523967905663
919 3455 -0.7554967062715345
919 3470 -0.9661577029884691
919 3485 -0.40236672309146426
919 3500 0.9348286902490528
919 3515 -0.5633241060232337
919 3530 0.29742613580423427
919 3545 0.03467916209839372
919 3560 0.9304516824406279
919 3575 0.7624921318790083
919 3590 -0.17163918708495984
920 3785 0.47571355320222386
920 3800 -0.4472438439727522
920 3635 -0.5231929144961305
920 3650 0.18486281457012144
920 3665 -0.2944038518676664
920 3680 -0.37730275308581773
920 3695 0.6079489027781788
920 3710 0.14727936833530864
920 3725 0.8575426609491597
920 3740 0.7721571361657349
920 3755 -0.8430925454798639
920 3770 0.5173452537180658
933 934 -0.11853223663284962
933 948 0.05105576280808455
933 3425 -0.7631364874873661
933 3440 -0.8205083887367217
933 3365 0.14800920113331495
933 3380 -0.7220793628291842
933 3395 -0.4220567825473065
933 3410 -0.007079568163857353
934 935 -0.3499289337356508
934 949 0.9655140617334741
934 3605 -0.19241189969611794
934 3620 0.7975121737969761
934 3455 -0.21872635393045337
934 3470 0.21610852833276328
934 3486 -0.5882783905977393
934 3501 0.43478891581484036
934 3516 -0.8292708367268915
934 3531 0.8130968466420605
934 3545 -0.8940970788792257
934 3560 -0.21753380448620985
934 3575 -0.12081697592983831
934 3590 -0.7485633012734112
935 950 -0.7691946787612536
935 3785 0.7181683784327648
935 3800 -0.46722467309087246
935 3635 0.6636502165903255
935 3650 0.595008657095248
935 3666 0.4634991010259184
935 3681 0.5988272124835976
935 3696 0.44000039934117186
935 3711 0.15125626836482686
935 3725 0.2215857741233338
935 3740 -0.03598463230663462
935 3755 -0.15120106165845693
935 3770 0.48768649175025924
948 949 0.45011417866982284
948 3425 0.19210911359179517
948 3440 0.639281988190753
948 3365 -0.9419641400849506
948 3380 -0.6245485269719278
948 3395 0.7121721727706021
948 3410 0.9114746256474082
949 950 -0.2245976065671742
949 3605 0.8167597622476996
949 3620 -0.9319586227251433
949 3455 -0.6329058714003057
949 3470 0.6686976406103742
949 3486 -0.7054828925854577
949 3501 0.6286487502390479
949 3516 -0.12213253840105032
949 3531 0.9532210721926928
949 3545 -0.6055776286935388
949 3560 0.9397167681372278
949 3575 0.4649828382087495
949 3590 0.4890673128865821
950 3785 0.6495957049178398
950 3800 0.043195695733428296
950 3635 0.10759225593521538
950 3650 0.4446036949122383
950 3666 0.983877233302417
950 3681 0.3933385903634674
950 3696 -0.2517511318758763
950 3711 -0.0502800179269105
950 3725 0.39742299058004904
950 3740 -0.3701796248050484
950 3755 -0.39337307423728696
950 3770 -0.76942778099977
963 964 -0.3660607957755031
963 978 0.8360957062694205
963 3425 -0.3319025809549201
963 3440 -0.3773032693253009
963 3455 0.30536995395973277
963 3470 -0.6944729571921242
963 3486 -0.2528786054533716
963 3501 -0.4750916730551076
963 3516 -0.472540146944588
963 3531 0.8889065434628434
963 3545 -0.6896538589024248
963 3560 0.3972739404559442
963 3395 -0.9436004245157499
963 3410 0.07660792178331866
964 965 -0.30578100718402346
964 979 -0.33560393320065307
964 3605 0.43814821474161114
964 3620 -0.6105116575828229
964 3635 -0.2969352763343409
964 3650 0.588648614102742
964 3666 0.6755496346957206
964 3681 0.720728294272899
964 3696 -0.15940723862521722
964 3711 0.7483404325574936
964 3725 -0.44483478347556527
964 3740 -0.5557273691646689
964 3575 -0.1477469308486905
964 3590 -0.9434143959364687
965 980 0.21865500712936514
965 3785 0.2247512821041493
965 3800 0.24355348175044522
965 3815 0.1694130479000755
965 3830 0.3826706631109018
965 3846 0.5947262629315249
965 3861 -0.2539392776765075
965 3876 -0.44430162397324247
965 3891 -0.741345189400505
965 3755 -0.7660679368980268
965 3770 -0.9100903214862119
978 979 -0.5407254299726194
978 3425 -0.4914814120404716
978 3440 0.9848844033111335
978 3455 0.15307346442619418
978 3470 0.6759430684711374
978 3486 0.06541316670855268
978 3501 -0.1893620670604257
978 3516 0.27492877385222547
978 3531 0.7840482454377731
978 3545 -0.057259864089462154
978 3560 0.051011834505305886
978 3395 0.30668060786701146
978 3410 0.5695599416159436
979 980 -0.0639099410689763
979 3605 -0.30856314298273757
979 3620 0.2545373472645873
979 3635 -0.1744011974616808
979 3650 0.7786148590324262
979 3666 0.18654297123227148
979 3681 0.18031150477694613
979 3696 0.5542169059225133
979 3711 0.947906502544281
979 3725 -0.33664808013432235
979 3740 -0.27778670862009514
979 3575 0.0435203525569805
979 3590 -0.7775374071286927
980 3785 -0.7523741515191305
980 3800 -0.8768413300794182
980 3815 0.6429749516649863
980 3830 -0.9805422366616694
980 3846 0.06460708813204064
980 3861 -0.8411163522468768
980 3876 -0.5850458665326228
980 3891 0.552420580742988
980 3755 -0.22221808814573119
980 3770 0.3997459913160233
993 994 0.5847118594502965
993 1008 -0.061150961602658205
993 3426 0.6408833926906217
993 3441 0.9534825470582111
993 3456 0.23450893692167019
993 3471 -0.606821530669154
993 3486 -0.15349574832282964
993 3501 0.19391063146533072
993 3516 0.20407165889647505
993 3531 0.7833489216670064
993 3545 -0.48727934143196805
993 3560 0.4284061139757154
993 3395 -0.8962688183793412
993 3410 0.928842439250219
994 995 0.008792724469296687
994 1009 -0.0832867757558815
994 3606 -0.7972625169639982
994 3621 0.04005575442107334
994 3636 0.8440627905159575
994 3651 0.45858998577442067
994 3666 -0.7909609450100468
994 3681 0.4679572091678976
994 3696 0.849846254456494
994 3711 -0.3915952184699132
994 3725 -0.3668933299410342
994 3740 0.9822938820760416
994 3575 0.11882506639428025
994 3590 -0.04436429397989072
995 1010 0.35730536001846147
995 3786 -0.8783158182594328
995 3801 -0.7611255455076993
995 3816 -0.3312200145482871
995 3831 0.26310442998124306
995 3846 0.6278519324369887
995 3861 0.5574262143430981
995 3876 -0.12036111341335776
995 3891 -0.9979229583196962
995 3755 -0.4387308218615491
995 3770 -0.2995491752302464
1008 1009 -0.0968163080847082
1008 3426 0.7448436292063723
1008 3441 0.40705569925601415
1008 3456 0.9926019932633463
1008 3471 0.8972448341358079
1008 3486 0.469195571771295
1008 3501 -0.4196855575799625
1008 3516 0.27347189227550883
1008 3531 -0.7381092932671995
1008 3545 -0.09343862336752329
1008 3560 -0.6871776625891475
1008 3395 0.15752775826837673
1008 3410 -0.9194980897548413
1009 1010 0.16118307868622272
1009 3606 0.9618935227333492
1009 3621 -0.9855946643369264
1009 3636 -0.14707325234779378
1009 3651 0.18551133211762405
1009 3666 -0.5730564695644149
1009 3681 -0.38447798803576827
1009 3696 0.28776481427442313
1009 3711 0.06352922507777747
1009 3725 -0.9420230014073352
1009 3740 -0.9563080312928496
1009 3575 0.7299866501779104
1009 3590 -0.6428458242048727
1010 3786 -0.267339884551524
1010 3801 0.6157699736234659
1010 3816 -0.5900818859832186
1010 3831 -0.9193053427004587
1010 3846 0.7756683552919978
1010 3861 -0.2841160500238995
1010 3876 0.858691894030085
1010 3891 -0.1631260162693604
1010 3755 -0.314468514234695
1010 3770 -0.7990270917495084
1023 1024 0.8088285262301445
1023 1038 0.9333488211367562
1023 3426 -0.3152206733352927
1023 3441 0.764715031770008
1023 3456 -0.1627099541086936
1023 3471 -0.3283821051671336
1023 3486 -0.493253407699038
1023 3501 -0.19715858702637146
1023 3365 -0.6065764883197193
1023 3380 0.9963355778019516
1023 3395 -0.2723518447857123
1023 3410 -0.833874733102143
1024 1025 -0.8897929703768137
1024 1039 -0.7766295129700982
1024 3606 -0.6002996200176784
1024 3621 -0.8848970496187503
1024 3636 -0.2700651833497165
1024 3651 0.7352345844797727
1024 3666 -0.8800347476461996
1024 3681 -0.7016440659632375
1024 3516 -0.3834861050544174
1024 3531 0.9897868281522433
1024 3545 -0.18559100195694644
1024 3560 0.6231858227837817
1024 3575 -0.9383888016189099
1024 3590 -0.42583621337326116
1025 1040 -0.6346233926460274
1025 3786 0.2625722053485333
1025 3801 -0.03005266175935173
1025 3816 0.7794328493003186
1025 3831 0.6488552085377712
1025 3846 -0.5338526783762818
1025 3861 0.026399466563510554
1025 3696 0.3785059221609792
1025 3711 0.31760899202803405
1025 3725 0.7768482923960209
1025 3740 0.4312547110565559
1025 3755 0.7709119771663171
1025 3770 0.17024927284425728
1038 1039 -0.07746898608617858
1038 3426 -0.1783975861858409
1038 3441 -0.3150654582184791
1038 3456 0.5425315250791427
1038 3471 0.0768886883513995
1038 3486 -0.8276809390843529
1038 3501 0.2860377988530707
1038 3365 -0.7323418380899407
1038 3380 -0.1333000162059197
1038 3395 0.5211749976274185
1038 3410 -0.47048908208326545
1039 1040 -0.3239470515302547
1039 3606 -0.8902614808694673
1039 3621 -0.9772647981418989
1039 3636 -0.8367179159393503
1039 3651 -0.24821508027758954
1039 3666 -0.42993296351235943
1039 3681 0.18340025857870734
1039 3516 -0.20840002953743197
1039 3531 -0.3248355877591005
1039 3545 -0.9090397723140682
1039 3560 0.2712359187721527
1039 3575 0.5544248669390495
1039 3590 0.4832041662086619
1040 3786 -0.41950766804417206
1040 3801 0.9702468481028523
1040 3816 0.14407378594581655
1040 3831 -0.8114830687894141
1040 3846 -0.8131208503607501
1040 3861 0.8596524019465643
1040 3696 -0.7659067942914828
1040 3711 0.14688443917414018
1040 3725 -0.6768251669336676
1040 3740 0.9212458000236834
1040 3755 -0.757075469704438
1040 3770 0.9714362003994896
1053 1054 -0.7331094368717963
1053 1068 0.2838111242146888
1053 3426 -0.6796638196854685
1053 3441 -0.668628816695009
1053 3456 0.14041524625053103
1053 3471 -0.7154222349270809
1053 3486 -0.7138925153012656
1053 3501 -0.4675512909250963
1053 3366 0.26873878618437774
1053 3381 0.6881443150267594
1053 3396 0.4478888544424897
1053 3411 -0.252205500414463
1054 1055 -0.8352725303376396
1054 1069 -0.5225682850981348
1054 3606 -0.12145610255909367
1054 3621 0.3384547906583444
1054 3636 -0.6674410653026459
1054 3651 0.7498891869280051
1054 3666 -0.9181606569006726
1054 3681 0.5045510575565337
1054 3516 0.4564167574866609
1054 3531 -0.826116361739963
1054 3546 0.8171557913068783
1054 3561 0.8037414691650537
1054 3576 -0.029265511452939208
1054 3591 0.9624804538607183
1055 1070 -0.41904936921725566
1055 3786 -0.4328615556775395
1055 3801 0.7571845377123685
1055 3816 -0.36740457165346796
1055 3831 0.37182619650919735
1055 3846 -0.5972511414366575
1055 3861 0.37289873601513857
1055 3696 -0.7473091776552243
1055 3711 -0.1877346834736504
1055 3726 -0.6819141525548167
1055 3741 0.6669228003879655
1055 3756 0.17761172564114758
1055 3771 -0.37541755538143806
1068 1069 -0.49198091490928486
1068 3426 0.9395278928716766
1068 3441 0.6200716606075618
1068 3456 -0.9043042140473079
1068 3471 -0.4746624550995133
1068 3486 0.3055421872750803
1068 3501 -0.25040484860770396
1068 3366 0.6059769583566197
1068 3381 0.26741958056321335
1068 3396 -0.7864296954487291
1068 3411 0.8070870904554142
1069 1070 0.20726425657739544
1069 3606 -0.8319773102729708
1069 3621 0.7811124794605442
1069 3636 -0.16192854419407055
1069 3651 0.4179046415978038
1069 3666 0.3457320068287526
1069 3681 0.33461296615227876
1069 3516 -0.6944996376419279
1069 3531 -0.6651227943031872
1069 3546 -0.9042995686274977
1069 3561 -0.7996319565475762
1069 3576 0.8580347658575722
1069 3591 -0.345662683289772
1070 3786 -0.38604028591462747
1070 3801 -0.4978333618265858
1070 3816 0.946783844632084
1070 3831 -0.5279934564179438
1070 3846 -0.05891202580714383
1070 3861 0.7840860244435373
1070 3696 0.7522912327809737
1070 3711 0.40329419405330724
1070 3726 -0.13827182474184996
1070 3741 -0.9316296867791194
1070 3756 0.4279583719836111
1070 3771 0.5207304539936011
1083 1084 -0.1945531235222686
1083 1098 0.3945415123160789
1083 3426 -0.20495970501253313
1083 3441 0.7091245044606103
1083 3366 0.8302172499107128
1083 3381 -0.6242890986447303
1083 3396 -0.5994992062109867
1083 3411 -0.5300222839658366
1084 1085 -0.1676056946475175
1084 1099 0.27379365959071533
1084 3606 0.4519458938129195
1084 3621 -0.5384096849552118
1084 3456 -0.4665571548722809
1084 3471 -0.4819930725977535
1084 3486 0.4657702108170403
1084 3501 -0.3268192606172422
1084 3516 -0.39457690206445317
1084 3531 -0.177556545751824
1084 3546 -0.6159814400166432
1084 3561 -0.8084243161666278
1084 3576 0.8692454354648362
1084 3591 -0.1769488393690839
1085 1100 0.4003721172073256
1085 3786 0.8882068499923621
1085 3801 0.4963710529009091
1085 3636 -0.7937632270080384
1085 3651 -0.8565318620725455
1085 3666 -0.894834558045051
1085 3681 -0.33958528474986505
1085 3696 -0.24613213243003806
1085 3711 0.8150096221876499
1085 3726 -0.09599394736846456
1085 3741 -0.06369651053219849
1085 3756 0.3118290090016247
1085 3771 0.7557781603307396
1098 1099 -0.6097386181980462
1098 3426 -0.051136374832092546
1098 3441 0.21663970459489446
1098 3366 0.8243971505226957
1098 3381 -0.36725128610179447
1098 3396 0.7796684371573019
1098 3411 -0.027629165651833487
1099 1100 0.4758840408860512
1099 3606 -0.5841909048938612
1099 3621 0.2876184236274917
1099 3456 -0.6405902913372057
1099 3471 -0.16907265953827144
1099 3486 0.3578853402698525
1099 3501 0.5144415134815421
1099 3516 -0.428671871923477
1099 3531 -0.8760792738923737
1099 3546 -0.5950962772772246
1099 3561 -0.5111339349052393
1099 3576 -0.7230042475601366
1099 3591 -0.5878361543164534
1100 3786 0.8564473322923076
1100 3801 0.6979358259952302
1100 3636 -0.9313656703274449
1100 3651 0.10743199768380896
1100 3666 0.09545746072073302
1100 3681 0.38399324651061506
1100 3696 0.03470801034059412
1100 3711 0.8793227272075304
1100 3726 0.9308368021900117
1100 3741 0.571516642071018
1100 3756 0.19846625788722916
1100 3771 0.6580985575075626
1113 1114 -0.13596806446521348
1113 1128 0.3873054021108291
1113 3426 0.8756808662332818
1113 3441 -0.11768666992194698
1113 3366 -0.18254238227708552
1113 3381 0.7870647466263898
1113 3396 0.23830430620915277
1113 3411 0.35096354718394607
1114 1115 -0.7896051468400902
1114 1129 0.2590693114200304
1114 3606 -0.7841754712989477
1114 3621 0.45434176073343857
1114 3456 0.8568390808547737
1114 3471 -0.35226584796020455
1114 3546 0.5395010792289043
1114 3561 0.6977550381734707
1114 3576 0.2847883365067725
1114 3591 0.5802610959355412
1115 1130 -0.6466948836330724
1115 3786 0.44182334564835424
1115 3801 -0.9811566641541096
1115 3636 0.31994797453955304
1115 3651 -0.014223196283664752
1115 3726 -0.8381278426147776
1115 3741 -0.7198886143587226
1115 3756 0.915552886800383
1115 3771 0.5619043937320358
1128 1129 0.6439799883190334
1128 3426 0.8537374845348231
1128 3441 0.17260310500085452
1128 3366 0.2570676048753051
1128 3381 0.5610882082864894
1128 3396 -0.23184302917065702
1128 3411 -0.4121949589447744
1129 1130 -0.6114020677553496
1129 3606 -0.6880340967499115
1129 3621 0.35405824844839007
1129 3456 0.8897514893446645
1129 3471 -0.3447526202915634
1129 3546 -0.5859400232727883
1129 3561 -0.32550996757627826
1129 3576 -0.5348447593649817
1129 3591 -0.07642592873843923
1130 3786 -0.08694659343321143
1130 3801 -0.8305592201897745
1130 3636 -0.571507401786356
1130 3651 -0.7959128245746421
1130 3726 -0.09665385892612433
1130 3741 0.19420175693971764
1130 3756 -0.9015919731830879
1130 3771 -0.04969700199562199
3364 3365 -0.10154460805022314
3364 3379 -0.07311815268602495
3365 3366 -0.05340188644308563
3365 3380 -0.24161326983523024
3366 3381 0.4011890109607694
3379 3380 0.8239339735842921
3380 3381 0.8325052049515067
3394 3395 -0.8002057116944457
3394 3409 0.626094344269172
3395 3396 0.6920341058422428
3395 3410 -0.6111207257837663
3396 3411 -0.4696605421614801
3409 3410 0.1250953776131276
3410 3411 0.9796355381997408
3424 3425 0.07055033841249703
3424 3439 -0.6723172691406456
3425 3426 -0.8491551464798193
3425 3440 0.3265695402946869
3426 3441 0.08077367015251369
3439 3440 0.6099567846203107
3440 3441 -0.4644570393085605
3454 3455 -0.37141212707315163
3454 3469 -0.3185826441853481
3455 3456 0.13262294451423529
3455 3470 -0.4689777256040424
3456 3471 -0.7682336738445561
3469 3470 -0.1145347654436275
3470 3471 0.6081583831409931
3484 3485 0.7413020402839914
3484 3499 0.08540246385336903
3485 3486 0.38008262029621953
3485 3500 0.09337200403789181
3486 3501 -0.40651787302624887
3499 3500 -0.9070698686645338
3500 3501 -0.947103671817261
3514 3515 0.8857819901749577
3514 3529 -0.7456546308977237
3515 3516 0.2584422290706614
3515 3530 0.22718405502724326
3516 3531 0.005116596079878244
3529 3530 -0.22489539143166426
3530 3531 0.20233307560920055
3544 3545 -0.13304781199996518
3544 3559 0.7799206118017954
3545 3546 -0.1393022855760695
3545 3560 -0.4615848788534129
3546 3561 -0.22167787724175225
3559 3560 0.5339043102634797
3560 3561 -0.694795394034549
3574 3575 -0.5250308072448013
3574 3589 -0.6094956432301439
3575 3576 -0.21294942684126794
3575 3590 -0.947168277719397
3576 3591 0.78155025459328
3589 3590 -0.9389673882336471
3590 3591 0.39844706844115185
3604 3605 -0.2635959844790636
3604 3619 0.6113485813329287
3605 3606 0.19320221821306682
3605 3620 0.3706175218280745
3606 3621 0.9781995798698109
3619 3620 -0.2903436552476639
3620 3621 -0.4649086536865614
3634 3635 0.3575561872886728
3634 3649 0.6201614590753413
3635 3636 0.7409601316779766
3635 3650 -0.0729931330488216
3636 3651 -0.9209355932749923
3649 3650 0.7017156863500942
3650 3651 -0.13243346348184892
3664 3665 -0.8525664893501952
3664 3679 0.7456282728124111
3665 3666 -0.7039300521469214
3665 3680 -0.934082399341003
3666 3681 -0.1468093358201492
3679 3680 0.488354268132718
3680 3681 -0.30887676901662187
3694 3695 -0.12319763317095611
3694 3709 0.3432458145377286
3695 3696 -0.37516888247521196
3695 3710 -0.6260002331706709
3696 3711 0.26773854679527065
3709 3710 -0.003708209282081709
3710 3711 0.5589297988273216
3724 3725 0.9875100785336262
3724 3739 0.9163342841809283
3725 3726 -0.3056345956599582
3725 3740 0.6263705274960021
3726 3741 0.13837334008762148
3739 3740 0.5362889960023516
3740 3741 0.07282924707226868
3754 3755 -0.21107528435451894
3754 3769 -0.6485304202151443
3755 3756 0.07613869191517741
3755 3770 0.39683101303845625
3756 3771 -0.5685316162550178
3769 3770 0.2437542149079488
3770 3771 -0.6276131987664388
3784 3785 0.005711840605832519
3784 3799 -0.9756153023959095
3785 3786 0.09789292773888447
3785 3800 -0.5859165470812913
3786 3801 -0.4089356720586539
3799 3800 0.6930819439750662
3800 3801 -0.7802167679987693
3814 3815 0.987306324425768
3814 3829 -0.17478679779333017
3815 3816 -0.3982905756128954
3815 3830 -0.6425347207561438
3816 3831 -0.9533519445513201
3829 3830 0.17893713417923718
3830 3831 0.26568780833324057
3844 3845 0.22613988566595067
3844 3859 0.1979766900985327
3845 3846 0.2547859995503141
3845 3860 -0.9270704956794675
3846 3861 -0.10944544350765906
3859 3860 -0.31774002479989494
3860 3861 -0.41393395527398535
3874 3875 -0.6068858011083833
3874 3889 -0.06614822754086447
3875 3876 -0.05697660631200252
3875 3890 0.6738820753614809
3876 3891 -0.4280709607238464
3889 3890 0.6378832244150026
3890 3891 -0.4455953860831998
