# 
603 603 2.743074018382732
604 604 0.5853253573209694
605 605 2.858279482758748
618 618 0.37108478944500867
619 619 -3.127754505629043
620 620 3.597058807515597
633 633 3.763965482474317
634 634 -2.3616865179339417
635 635 2.4993473785604996
648 648 2.880747883541261
649 649 -1.246867375084526
650 650 1.0647018757285087
663 663 -2.124638039375548
664 664 1.9052787551923833
665 665 1.6014540043459373
678 678 1.7451687677192487
679 679 -1.8335222998872007
680 680 2.833946555279133
693 693 -2.2659230205867544
694 694 3.25236675754459
695 695 3.1998141945226637
708 708 3.2290060409014734
709 709 -3.8646110564392364
710 710 1.692824866262666
723 723 2.1232535453446655
724 724 -1.498491480267142
725 725 -3.2901323719125406
738 738 0.7953213178659171
739 739 0.5715860472387497
740 740 -3.215897901185045
753 753 3.9912244357190687
754 754 2.6032746413815975
755 755 -0.026955631151051485
768 768 -0.267647511832231
769 769 -2.4602660605244875
770 770 3.1986033739863027
783 783 -2.991078488905086
784 784 0.3435127232558326
785 785 0.38795620946166576
798 798 2.876496394394901
799 799 0.6168719809869998
800 800 -2.9950262013500772
813 813 -0.5930576597972879
814 814 -0.8854342433572446
815 815 3.323635405212121
828 828 -1.3843624761726385
829 829 0.9614518705067647
830 830 -1.1537070185288654
843 843 -2.8432920829257977
844 844 -3.030072127101846
845 845 -2.8319464092073767
858 858 2.8604788077061993
859 859 1.1399456869206777
860 860 -1.8678519147005463
873 873 0.9577512757227691
874 874 0.13740242662607915
875 875 2.9733177649811333
888 888 2.2166407419936967
889 889 -0.7077579672606031
890 890 3.4528211173128556
903 903 -1.7165996525652645
904 904 -0.2655469333692011
905 905 -0.49321656187640084
918 918 2.981318347736755
919 919 0.013135155233060303
920 920 3.233291026326018
933 933 2.0531359248284415
934 934 -3.1514428034858435
935 935 3.3449391079647626
948 948 1.8728324955677609
949 949 -0.8171024979132966
950 950 -1.9842574944792748
963 963 -0.45291862689025475
964 964 0.8853306881253928
965 965 -1.4706091342916547
978 978 -1.6154307920405584
979 979 2.1088053266236964
980 980 0.6785911630775256
993 993 3.6453944037862547
994 994 0.44053110880055435
995 995 -2.986808391185309
1008 1008 -0.5245438384144174
1009 1009 -2.6938519662791034
1010 1010 -2.3783946218980825
1023 1023 2.6540086072215967
1024 1024 1.4328487216676296
1025 1025 -1.7080552043529735
1038 1038 -1.7551739819478263
1039 1039 1.0482994291088445
1040 1040 2.467671465074779
1053 1053 -3.2060226732167774
1054 1054 -2.9658315800799198
1055 1055 -0.7080360996663204
1068 1068 0.526174800231785
1069 1069 -0.633777233669039
1070 1070 1.0432704419476595
1083 1083 -1.1898485999853108
1084 1084 3.9601405831342866
1085 1085 1.4797556769500524
1098 1098 1.1909735310928342
1099 1099 -1.215308856132994
1100 1100 0.3169341681194604
1113 1113 -0.4811379961914328
1114 1114 2.4692648727811575
1115 1115 2.339192679484139
1128 1128 -1.1905004782725825
1129 1129 2.0243488399739507
1130 1130 2.5157900461758675
3364 3364 0.2032324055616801
3365 3365 1.9867920794813614
3366 3366 3.6129142198447814
3379 3379 -0.03830487549990291
3380 3380 -3.761303284218635
3381 3381 2.585517423814183
3394 3394 1.803201804243895
3395 3395 2.7472001738399685
3396 3396 -3.405153457638284
3409 3409 1.5555449598820141
3410 3410 -3.6316241560351115
3411 3411 -1.2205946095680718
3424 3424 1.5907497475390961
3425 3425 2.521704532781886
3426 3426 -3.7485964042974036
3439 3439 -2.3616975090942347
3440 3440 -3.571679509170476
3441 3441 2.3017088400950376
3454 3454 2.45985976372104
3455 3455 3.430184404117923
3456 3456 -1.7757883729654385
3469 3469 1.7857678178420064
3470 3470 2.611080810054851
3471 3471 2.959916996872126
3484 3484 -2.882013621030839
3485 3485 -0.4248408029064512
3486 3486 -3.062720712349858
3499 3499 1.4342782452318286
3500 3500 1.4006395111657497
3501 3501 -2.3819463263092917
3514 3514 1.5084517279584935
3515 3515 3.1387309346406473
3516 3516 -2.2473853700459827
3529 3529 -2.212472989467331
3530 3530 1.4258931753670048
3531 3531 2.2537415258563733
3544 3544 1.7281102551696836
3545 3545 -3.280090170632275
3546 3546 0.5950294569320533
3559 3559 3.8235321141960776
3560 3560 1.515019007039652
3561 3561 -3.032239335317766
3574 3574 -3.04733872229355
3575 3575 -3.0446525426829183
3576 3576 0.09264526784033844
3589 3589 3.9362364509691963
3590 3590 -1.593988094797024
3591 3591 -2.973981394581749
3604 3604 2.6679436312273888
3605 3605 -1.6753241183221306
3606 3606 -2.305174457485699
3619 3619 -2.111456703649015
3620 3620 -0.5120318934696986
3621 3621 0.9756228309927328
3634 3634 -0.6075779300111774
3635 3635 0.9984274107316171
3636 3636 3.199484060145294
3649 3649 0.2383413120588287
3650 3650 3.842577919649994
3651 3651 -1.5442645230481569
3664 3664 1.3106165007167716
3665 3665 1.5036409167761775
3666 3666 2.7641353050690336
3679 3679 -3.879106880277682
3680 3680 -2.946512089627176
3681 3681 -3.4330418199521606
3694 3694 -2.7615587724004573
3695 3695 -2.365922643181481
3696 3696 3.657819225922516
3709 3709 -2.2640998949725253
3710 3710 0.040814334046683776
3711 3711 -0.10302400614167784
3724 3724 -2.5760162495015697
3725 3725 3.8389564032259766
3726 3726 3.560619806300683
3739 3739 -2.592049999047859
3740 3740 -1.3443443971362221
3741 3741 0.38943183678389826
3754 3754 -3.83475078345755
3755 3755 -1.5469266951363858
3756 3756 -0.32003916485425776
3769 3769 -3.285745799921707
3770 3770 1.0563794983026016
3771 3771 3.7382767833742525
3784 3784 -2.42747442280376
3785 3785 -2.5499122094702997
3786 3786 -3.6311934675649695
3799 3799 0.5612942887451702
3800 3800 -2.9844455568742596
3801 3801 -2.9986897542313917
3814 3814 -3.5780395661202062
3815 3815 0.9490373462567465
3816 3816 -3.778395034873567
3829 3829 -0.13191474090575994
3830 3830 1.8692808927929816
3831 3831 1.876933300983307
3844 3844 -1.5945103731185242
3845 3845 3.521108042265058
3846 3846 1.226341423401708
3859 3859 3.5922205427829628
3860 3860 -1.5076474957432486
3861 3861 -0.7752686810944365
3874 3874 3.200127682126345
3875 3875 3.6373037917499946
3876 3876 0.8884412067307741
3889 3889 0.5442954712745163
3890 3890 -1.510782268172048
3891 3891 1.2951407866538691
603 604 -0.057571125709563464
603 618 0.7602578280403502
603 3484 0.9938512936589778
603 3499 0.24961988787805534
603 3514 -0.8422037516323897
603 3529 0.9449665614080398
604 605 -0.21048863000844742
604 619 -0.7515300827974516
604 3664 0.9859911004800075
604 3679 -0.7496342490623997
604 3694 0.4137795820143124
604 3709 -0.01466185898514727
605 620 0.5820382588381319
605 3844 -0.8319205397743166
605 3859 -0.19208079806543488
605 3874 -0.4989765690112118
605 3889 0.7188956226371315
618 619 -0.3698275619974807
618 3484 -0.6338443787293868
618 3499 -0.9334398783849187
618 3514 0.9676581020294828
618 3529 -0.8306670685829327
619 620 -0.09239439348749334
619 3664 -0.09465927309937072
619 3679 -0.08187897214916484
619 3694 -0.852844491031947
619 3709 0.6754020754854091
620 3844 -0.49864046851722743
620 3859 -0.5819139429366573
620 3874 -0.5042719677252512
620 3889 -0.6205726265734954
633 634 -0.4815995081805158
633 648 -0.09589440174002539
633 3424 -0.44149260639895793
633 3439 0.3574431871010495
633 3454 -0.7334984699563172
633 3469 0.6825706984506188
633 3484 0.021540242014367328
633 3499 0.32734034683079405
633 3514 0.5627081352866123
633 3529 0.28556834769425743
634 635 0.34848729118742305
634 649 -0.7897700268849073
634 3604 0.5711290235749789
634 3619 0.6349093129069534
634 3634 0.15153429017427134
634 3649 -0.41967038061244133
634 3664 -0.25871259906416055
634 3679 -0.5642945672829902
634 3694 0.573149705631101
634 3709 -0.3570834152764808
635 650 -0.6382303354322176
635 3784 -0.03568740587569508
635 3799 -0.2557041396782169
635 3814 0.09900151765432907
635 3829 0.4179732173563673
635 3844 -0.5058629816600737
635 3859 -0.8989308962099962
635 3874 -0.002621877812722273
635 3889 -0.5598854207159834
648 649 -0.08704319533742444
648 3424 -0.3978734750876598
648 3439 -0.17352568450334904
648 3454 0.8378192872565637
648 3469 0.5380935390390635
648 3484 -0.5730347279155645
648 3499 0.08887881011144727
648 3514 0.47554907911268063
648 3529 0.9462607851002187
649 650 0.5922378660815999
649 3604 -0.7562860440228942
649 3619 0.8677074724748359
649 3634 0.39091005099617715
649 3649 -0.006584057647306629
649 3664 -0.4340339323230946
649 3679 -0.6223798871973723
649 3694 -0.13503478925223877
649 3709 0.6956446548880275
650 3784 -0.7448962233076541
650 3799 -0.8848515428758792
650 3814 -0.2989705391892028
650 3829 0.08058079471089896
650 3844 0.03478880037385346
650 3859 -0.9589722660598037
650 3874 0.19839608384054297
650 3889 -0.821482708652407
663 664 0.4153645507029924
663 678 0.06796927107191575
663 3424 -0.7709661099958176
663 3439 -0.5935819767182808
663 3454 -0.5445687963017178
663 3469 -0.9409339509175414
663 3484 0.3457004845969929
663 3499 -0.7400296669927804
664 665 -0.34775387390749746
664 679 0.4274531416875327
664 3604 0.3009274892634577
664 3619 -0.9808156064865949
664 3634 0.004672821857502951
664 3649 -0.7819932873862598
664 3664 -0.016781929517588168
664 3679 0.5332694288435578
664 3514 -0.7693576045709152
664 3529 -0.9118176572432846
665 680 -0.750587036185439
665 3784 -0.35812763113369894
665 3799 -0.7542169335984028
665 3814 0.8260788459974595
665 3829 -0.8858248528706325
665 3844 0.5015796699600756
665 3859 -0.5366121716205383
665 3694 0.693686627835786
665 3709 0.3968745797980784
678 679 -0.2330317892393028
678 3424 -0.004591986825564165
678 3439 0.5347714844782734
678 3454 0.3411100395034823
678 3469 -0.6107715797751991
678 3484 0.13679469916597897
678 3499 0.9384559439148121
679 680 0.09368978700616948
679 3604 0.9796565156159516
679 3619 0.6213230413512794
679 3634 -0.8426502415712291
679 3649 -0.7210855141957677
679 3664 0.595446240375568
679 3679 -0.8767386080175776
679 3514 0.0875176863566356
679 3529 0.9458379532497654
680 3784 0.4396575768330344
680 3799 0.0951572064791062
680 3814 -0.7580655062911739
680 3829 -0.8209613229659605
680 3844 0.6010834896747472
680 3859 0.9918138885515182
680 3694 -0.5716512832662752
680 3709 -0.5232623111643937
693 694 0.7448171147915732
693 708 -0.8392769239682019
693 3424 -0.5700098620428911
693 3439 0.5365776914512166
693 3454 -0.3945195532993746
693 3469 0.25344817180890944
693 3484 -0.7294175810158086
693 3499 -0.38789709706420084
693 3364 -0.8426943826792628
693 3379 -0.02531011392072413
693 3394 -0.6048936935578972
693 3409 -0.12245060250555828
694 695 -0.9603899876720332
694 709 0.7598646027650287
694 3604 -0.9229528790192707
694 3619 -0.7378008412730421
694 3634 0.005273545064820473
694 3649 0.24046765402625048
694 3664 0.1182192839863887
694 3679 -0.49776265512304696
694 3514 -0.3183019767296613
694 3529 -0.8584222753526412
694 3544 -0.8510560982927933
694 3559 0.15752415733600356
694 3574 0.6709739172329676
694 3589 -0.5175034021592415
695 710 -0.1837630963842325
695 3784 -0.8852247805202733
695 3799 0.4709934939624576
695 3814 0.7860799619286003
695 3829 -0.8209921953513801
695 3844 -0.05811058214135634
695 3859 0.22414276998339577
695 3694 -0.8854810209963075
695 3709 0.33676055542318806
695 3724 0.492473010540901
695 3739 0.6684059258845696
695 3754 -0.3507151762090952
695 3769 0.7479508346297092
708 709 -0.2856633882726767
708 3424 -0.6194762983986608
708 3439 -0.8740368207728542
708 3454 -0.23224164640152756
708 3469 -0.14658233111056762
708 3484 -0.44485855151574194
708 3499 -0.7132331341799176
708 3364 -0.1282593146746034
708 3379 -0.47813347083975377
708 3394 0.016818537308198822
708 3409 -0.7724154478750533
709 710 -0.9198199120841366
709 3604 0.06896842424752658
709 3619 -0.5398962194700401
709 3634 0.19932811665697803
709 3649 -0.4919431803490757
709 3664 0.49169963752510193
709 3679 -0.5184626424804621
709 3514 -0.4955166101337174
709 3529 0.45030821820120526
709 3544 0.5310301298621061
709 3559 -0.32989243565243576
709 3574 0.05994664600532684
709 3589 -0.7714685197365923
710 3784 -0.49212186823851356
710 3799 0.8163752746653916
710 3814 0.2973499882588626
710 3829 0.9060203917483782
710 3844 -0.4323211796556128
710 3859 -0.7959946975825749
710 3694 -0.6523720052118449
710 3709 -0.1708641356340994
710 3724 0.15382986393166775
710 3739 -0.014922740919260491
710 3754 0.8255081656556789
710 3769 -0.8352261903036036
723 724 0.6097198242804229
723 738 0.43805185073034414
723 3424 0.7757257148915473
723 3439 -0.28533375761456115
723 3364 -0.3901598885913975
723 3379 0.5724688026588769
723 3394 0.30362442373922227
723 3409 -0.026798150565651158
724 725 -0.555587712456793
724 739 -0.6056443937578222
724 3604 -0.37723029980337697
724 3619 -0.8091772037062073
724 3454 0.016617817960741244
724 3469 -0.5150658941809785
724 3484 -0.32120701012513564
724 3499 0.6588021078864323
724 3514 -0.739922956739014
724 3529 0.03853334611324488
724 3544 -0.8497016457840116
724 3559 0.04626944606896388
724 3574 0.9372747750782506
724 3589 0.678254621651907
725 740 -0.9792029647317337
725 3784 -0.03182970730503398
725 3799 -0.3959120597487038
725 3634 0.7397037887512132
725 3649 -0.09448610779211464
725 3664 -0.7855356404062435
725 3679 0.46743903707517176
725 3694 0.5377203789363396
725 3709 -0.564002442904985
725 3724 -0.7480777189653003
725 3739 0.47907336561663283
725 3754 0.3941827033209271
725 3769 0.30574366461357916
738 739 -0.9800751821005584
738 3424 0.800540206928001
738 3439 -0.995775131365185
738 3364 0.43503838128643935
738 3379 -0.38591041741105037
738 3394 -0.6871748163116294
738 3409 0.8178920295129939
739 740 0.8560501703970087
739 3604 -0.8433363138442054
739 3619 0.7650880310648491
739 3454 -0.669236883909349
739 3469 -0.5799682346245778
739 3484 0.6246076687793753
739 3499 0.06986480353147528
739 3514 -0.8310390633987177
739 3529 -0.8978212183525061
739 3544 0.8863588471778863
739 3559 -0.7618603836766231
739 3574 -0.3460926915466276
739 3589 -0.6814187054018455
740 3784 0.676413336744651
740 3799 -0.12154100520386013
740 3634 -0.5497266960510785
740 3649 0.9436755774100598
740 3664 -0.4685399712879512
740 3679 -0.7480833117192489
740 3694 -0.060391724133760816
740 3709 0.1283208147499506
740 3724 0.46981716773320836
740 3739 0.8525707440036334
740 3754 0.34082882410474014
740 3769 -0.14411282637760747
753 754 -0.3109302707508288
753 768 0.04060272448161695
753 3424 -0.8013078023274236
753 3439 -0.019338642157145314
753 3364 -0.604852608514852
753 3379 -0.037834375150485045
753 3394 -0.731611331605337
753 3409 0.5233510436577657
754 755 0.35915485680363535
754 769 -0.9456396925467496
754 3604 -0.3693431401141558
754 3619 -0.08071646889573247
754 3454 -0.47098270197327463
754 3469 -0.9071830691174894
754 3485 -0.9875310483819895
754 3500 0.5411813078986636
754 3515 0.29197859861931486
754 3530 -0.6865879392793499
754 3544 -0.9739186892547651
754 3559 -0.14167410682970383
754 3574 0.337588807928489
754 3589 0.043845640917261175
755 770 -0.8348494117216991
755 3784 0.5746169258494309
755 3799 -0.699217340532361
755 3634 -0.9997633921318083
755 3649 -0.20086795067665775
755 3665 0.5381232303849861
755 3680 0.021015623768304348
755 3695 0.5170564687978583
755 3710 0.34789318395925384
755 3724 0.6508791875267439
755 3739 -0.27568596183616156
755 3754 -0.48629493468697427
755 3769 -0.2742905914858893
768 769 -0.603457916771281
768 3424 0.9007820595281659
768 3439 0.5301512710764527
768 3364 0.038790867826359765
768 3379 0.4233599534090866
768 3394 -0.25393530312927015
768 3409 -0.9989412463265672
769 770 -0.08407017843241493
769 3604 -0.6702262506639831
769 3619 0.9180316195183014
769 3454 0.6754398922993288
769 3469 -0.6630090075162827
769 3485 -0.06078052573721471
769 3500 -0.27905821666256125
769 3515 0.2612880513314839
769 3530 0.27302421852353853
769 3544 0.2070745257759481
769 3559 -0.589662808795504
769 3574 -0.63767682476109
769 3589 -0.867163662934342
770 3784 -0.2799512039176546
770 3799 -0.04963203863001575
770 3634 0.19913713692294133
770 3649 0.9830498350511454
770 3665 -0.392337212942232
770 3680 0.11264903721892328
770 3695 -0.05908112435445112
770 3710 0.6755586886702705
770 3724 0.6995502614893749
770 3739 0.3735326265130081
770 3754 -0.7694477641249955
770 3769 0.5847666529540707
783 784 -0.9155286561439029
783 798 -0.9183992609357483
783 3424 -0.030888909030744705
783 3439 0.2950811553109327
783 3454 -0.6721673229156429
783 3469 -0.6129525010197254
783 3485 0.2268905903515004
783 3500 0.7826537072119786
783 3515 0.3934415940060456
783 3530 -0.12950729250568593
783 3544 -0.9597560513040684
783 3559 -0.35223286364239503
783 3394 -0.38581077986618695
783 3409 0.9677086649978401
784 785 -0.5059383050707225
784 799 -0.8177031369309113
784 3604 0.28383590412210347
784 3619 -0.7644072156449251
784 3634 0.5635965323912107
784 3649 -0.30498276019707515
784 3665 0.4095550666404246
784 3680 0.8497703545201221
784 3695 0.8555715116852252
784 3710 0.8592368419865442
784 3724 -0.9501135612506872
784 3739 0.47195719206202935
784 3574 0.06951000530400742
784 3589 -0.0609849601389576
785 800 0.4509535585556479
785 3784 0.27928119449745403
785 3799 -0.22003436849213887
785 3814 -0.058918612718015684
785 3829 -0.3625257186196087
785 3845 0.6462366414220575
785 3860 -0.3959401268094873
785 3875 0.8242028941593045
785 3890 -0.10846549291378493
785 3754 -0.6513764448493569
785 3769 0.5098320095613234
798 799 0.020975384920803863
798 3424 -0.7165518816028573
798 3439 -0.656326957738447
798 3454 -0.8173796215629618
798 3469 -0.3515347518649621
798 3485 -0.8199650548797708
798 3500 0.2357376008584806
798 3515 0.05124088291233031
798 3530 0.40384879915989913
798 3544 -0.22315548327611934
798 3559 0.23215968770742168
798 3394 0.37056500313921203
798 3409 -0.19854748222956786
799 800 -0.09851518041638196
799 3604 0.0548850704406183
799 3619 0.7514684923775157
799 3634 0.06940336705979266
799 3649 0.43524723633154716
799 3665 -0.31690584557869106
799 3680 0.49490127606345813
799 3695 0.439524321666914
799 3710 0.396503084727601
799 3724 0.09803046751840538
799 3739 0.2991021375171725
799 3574 0.43884291879865134
799 3589 -0.14855573672218814
800 3784 -0.4480698872648792
800 3799 0.5086376146817075
800 3814 -0.25292046817210045
800 3829 -0.1625258340336877
800 3845 -0.5323289172228747
800 3860 -0.8199338835079795
800 3875 -0.5593337936616158
800 3890 -0.9808867999686517
800 3754 0.7346142907571704
800 3769 -0.1616900445012499
813 814 -0.19978987224297806
813 828 0.11264139378031635
813 3425 0.27135461735967037
813 3440 0.053531665463381284
813 3455 -0.6632359659064366
813 3470 -0.037967722805863025
813 3485 0.7743043861550223
813 3500 -0.4160411277140348
813 3515 -0.3516881482533287
813 3530 -0.376039838841032
813 3544 -0.9974311666450535
813 3559 -0.1793751266721455
813 3394 0.05113590063962925
813 3409 -0.15981054161226593
814 815 -0.5057134425738326
814 829 0.8032331698376782
814 3605 -0.2837259577865403
814 3620 0.6822776641003747
814 3635 -0.08436410518517268
814 3650 0.16352530559610035
814 3665 -0.7630647317471229
814 3680 0.03825541772276653
814 3695 0.40898378147998304
814 3710 -0.38210692411818914
814 3724 0.017301097827553846
814 3739 0.09216889921196625
814 3574 0.5992888891671702
814 3589 -0.5868573030669062
815 830 -0.727992970966074
815 3785 0.25488773224642514
815 3800 0.19131148555707456
815 3815 0.6293347236738878
815 3830 0.5317701491096689
815 3845 0.4070855030363063
815 3860 0.28305615188442346
815 3875 0.3881542759320944
815 3890 0.6009678573749853
815 3754 -0.7696336374879305
815 3769 -0.34579491241788984
828 829 -0.9431605171382944
828 3425 0.2510667256773935
828 3440 0.31047463470360803
828 3455 0.07306310336722799
828 3470 -0.4389670644461321
828 3485 0.1542323152125482
828 3500 -0.5508246835919504
828 3515 0.9770747313946104
828 3530 0.214993659125156
828 3544 -0.7324608858202255
828 3559 -0.8152938279103277
828 3394 -0.07288026435811235
828 3409 -0.41086584501351253
829 830 0.46132185134465287
829 3605 0.37544390208885825
829 3620 -0.40173795705416104
829 3635 0.4463059375591494
829 3650 0.4748314924211332
829 3665 0.9431755638112875
829 3680 0.7582921022671154
829 3695 0.5182178831898905
829 3710 -0.019439701082299754
829 3724 0.2125385259225263
829 3739 0.5959112052328657
829 3574 0.08083496656963818
829 3589 0.9010204404364814
830 3785 0.3790303082360502
830 3800 0.33655932874559125
830 3815 0.10015764292160556
830 3830 -0.9986614463891026
830 3845 -0.41112614877467313
830 3860 -0.7286624752386692
830 3875 -0.2553364389656001
830 3890 -0.9949603204710469
830 3754 -0.1350084908500846
830 3769 -0.6378633097915909
843 844 0.5653321636148532
843 858 -0.616330169497922
843 3425 0.8055088966698596
843 3440 -0.11011140577573797
843 3455 0.34578776933686517
843 3470 -0.273812284267835
843 3485 0.45399898463539134
843 3500 0.5995954634193941
843 3364 0.010510053013975229
843 3379 0.3206147388632763
843 3394 0.9338421103576249
843 3409 0.9268146645791104
844 845 -0.9782804040060982
844 859 -0.6461704574108869
844 3605 -0.1447286811325601
844 3620 -0.25545286517425514
844 3635 0.8051680760138713
844 3650 -0.5279263474322315
844 3665 0.932377294568544
844 3680 0.25696477746271196
844 3515 -0.2163237896931336
844 3530 0.226357420590779
844 3544 0.8587021927281526
844 3559 0.8587828375707252
844 3574 -0.8069481343693912
844 3589 -0.28608608180040496
845 860 -0.5437713515641716
845 3785 0.7710486416313822
845 3800 0.6345063595702014
845 3815 -0.7397187920317816
845 3830 -0.18729740930198702
845 3845 0.9559307702505457
845 3860 -0.0013159661446227044
845 3695 -0.9217823377999657
845 3710 -0.8100617371913681
845 3724 0.5069204460985994
845 3739 0.10931744580941904
845 3754 0.26903564208200326
845 3769 0.5732397101613513
858 859 -0.18643942250976697
858 3425 0.7549918422866175
858 3440 -0.6545626694236051
858 3455 -0.5942244008728841
858 3470 -0.2305357193156734
858 3485 0.06562569080661418
858 3500 0.9614552999325885
858 3364 0.32590994189246536
858 3379 0.2702665638024879
858 3394 -0.0902774574913956
858 3409 0.1857664943459476
859 860 0.7501903058667054
859 3605 0.4571338575051902
859 3620 0.9989267456100022
859 3635 0.8583311171639922
859 3650 -0.9943382670166876
859 3665 -0.3996382150419646
859 3680 -0.9183057280642588
859 3515 -0.7100088083946985
859 3530 0.05898101249984622
859 3544 0.03233807834442182
859 3559 -0.6473685974150887
859 3574 -0.4295034278922272
859 3589 0.015438554058895049
860 3785 -0.5562958927372708
860 3800 -0.7291901495145223
860 3815 -0.3370032715349063
860 3830 0.6937979711154145
860 3845 0.4601187256164385
860 3860 -0.5497823547647089
860 3695 0.8402695353597054
860 3710 -0.8614222570609911
860 3724 0.9833906442682001
860 3739 -0.7758464174405679
860 3754 0.03005221828887983
860 3769 0.9153298607440248
873 874 0.4308269297268281
873 888 -0.2630062282958905
873 3425 0.8337946314442415
873 3440 -0.11087808818862066
873 3455 0.6651492330000666
873 3470 0.5552172830790043
873 3485 -0.7548765510353044
873 3500 -0.4637279290568166
873 3365 -0.7581504554039764
873 3380 0.7191930836652634
873 3395 0.29290977707776
873 3410 -0.19534133355256267
874 875 0.6974527544477755
874 889 0.7368613289004109
874 3605 0.3678414405490651
874 3620 -0.572449552340643
874 3635 0.5616054758774587
874 3650 0.04922797395771883
874 3665 -0.5865029079674204
874 3680 0.20470241252446586
874 3515 0.374204468655047
874 3530 0.26311635044061
874 3545 -0.40883187455470416
874 3560 -0.8646507940468373
874 3575 0.028922620645896346
874 3590 -0.2725483357498959
875 890 0.7045218819515133
875 3785 -0.6487417393349686
875 3800 -0.9121770050111875
875 3815 0.7924357782282572
875 3830 -0.5129681207258368
875 3845 0.8317227335445554
875 3860 -0.4332582631446509
875 3695 0.600136826466261
875 3710 0.7566108703004417
875 3725 -0.6920828802261694
875 3740 0.7401945763108908
875 3755 0.44302352545919077
875 3770 -0.9237885337050191
888 889 -0.11599390376605179
888 3425 -0.7275347323728849
888 3440 0.9977439585774104
888 3455 0.04460957713463598
888 3470 -0.5656873050404339
888 3485 0.1736055266762655
888 3500 -0.5176030653650079
888 3365 0.2495485732148801
888 3380 -0.5039074380759392
888 3395 -0.8191685157708124
888 3410 0.3344711549337058
889 890 -0.012192277335954627
889 3605 -0.38465024515244184
889 3620 0.045795247003513895
889 3635 -0.4940736001769841
889 3650 -0.38406747300076494
889 3665 0.0947377366566764
889 3680 -0.31487508965469924
889 3515 0.368277668808354
889 3530 -0.6877617982980837
889 3545 -0.2148209373774259
889 3560 -0.5011234943821357
889 3575 -0.22599928729447183
889 3590 0.636871776504428
890 3785 -0.8319363800401276
890 3800 -0.09675353441268775
890 3815 -0.02522139549669622
890 3830 -0.3960381931715704
890 3845 -0.12480640006580179
890 3860 -0.8257287042462931
890 3695 -0.6708687451000701
890 3710 -0.00520849309073701
890 3725 -0.5159830176470892
890 3740 0.5390977590262234
890 3755 0.5557115753194319
890 3770 0.6198928812548401
903 904 -0.5785071171950422
903 918 0.1297788996258944
903 3425 0.9233591448199501
903 3440 -0.8859071329060337
903 3365 0.37922117992658166
903 3380 0.8944411148448794
903 3395 -0.5235096395005028
903 3410 -0.27055977402901377
904 905 -0.49513817544350913
904 919 0.19755704575822275
904 3605 0.07869559571351337
904 3620 0.882429819254211
904 3455 -0.35507204188756414
904 3470 0.17639819605653506
904 3485 0.09662818025219955
904 3500 0.4640099794479362
904 3515 0.35415067781293263
904 3530 0.03626611061951901
904 3545 -0.4346298680182217
904 3560 -0.79330330941276
904 3575 0.3333021477337912
904 3590 0.26281299384992796
905 920 0.790710173601525
905 3785 0.2665757712539898
905 3800 0.07825315912473285
905 3635 0.16150437669854156
905 3650 -0.4803030095503915
905 3665 -0.21542373972663253
905 3680 0.8975682394053821
905 3695 0.18411525866221656
905 3710 -0.9929443942607645
905 3725 0.000904693618348773
905 3740 -0.7747898646230205
905 3755 -0.9111257084667919
905 3770 -0.2829097323822467
918 919 0.18719538963817683
918 3425 0.7002953416360951
918 3440 -0.5006181790327107
918 3365 0.17988605380374723
918 3380 0.797173488451012
918 3395 -0.9211708525302931
918 3410 0.49665796409673324
919 920 0.6810413809827307
919 3605 0.9962872290798852
919 3620 0.7474196818922954
919 3455 0.4946580794638078
919 3470 -0.04696207091588045
919 3485 -0.2721418568051506
919 3500 -0.5972387886523676
919 3515 0.32274171880206226
919 3530 0.021347493282732666
919 3545 0.7404082631655351
919 3560 -0.8771585262341368
919 3575 -0.6500938197880519
919 3590 0.5066978729125047
920 3785 -0.5390343809904419
920 3800 -0.7776181057611575
920 3635 0.6187420352430668
920 3650 -0.12234628293019001
920 3665 -0.10973123459888301
920 3680 0.035579599451853294
920 3695 0.20979797093245245
920 3710 0.23147072161221605
920 3725 -0.3324208369840429
920 3740 -0.25007443228604154
920 3755 -0.03492427571401935
920 3770 -0.41358241902861015
933 934 -0.4713623934017277
933 948 0.7175344911766044
933 3425 0.6325484327633624
933 3440 0.47959485375289446
933 3365 0.32117842437517297
933 3380 0.0005126550371317151
933 3395 0.5902964991995348
933 3410 -0.6460573862337995
934 935 -0.11243047776600124
934 949 0.19005695490161378
934 3605 -0.45934710447314075
934 3620 -0.8815644845021364
934 3455 0.7967392438822811
934 3470 -0.5960959630995257
934 3486 -0.3570137346984845
934 3501 0.6782223397817131
934 3516 0.2282567616720479
934 3531 0.6923359353513332
934 3545 0.09569906382710669
934 3560 -0.9372215866317717
934 3575 -0.1332034144119041
934 3590 0.8328251318125699
935 950 -0.9241113611036953
935 3785 -0.02960134682036597
935 3800 -0.746799761289983
935 3635 0.92341999381478
935 3650 -0.6478507672986005
935 3666 0.11092210604335073
935 3681 0.13442803876719345
935 3696 0.9398728114931973
935 3711 -0.9416169975419975
935 3725 0.5212279415222552
935 3740 -0.92699289188658
935 3755 0.9203540939289709
935 3770 0.837877092720084
948 949 0.8266162032537376
948 3425 0.1680878922764284
948 3440 0.4420423001000944
948 3365 0.07002093228854811
948 3380 0.281875620113484
948 3395 -0.08063679501816012
948 3410 0.8932622871437561
949 950 -0.2957049610755278
949 3605 0.1678811686815216
949 3620 0.8473627162821635
949 3455 0.33785203205000625
949 3470 -0.18508949133743413
949 3486 -0.06646629309820806
949 3501 0.8322464443242859
949 3516 -0.6580466255368065
949 3531 0.790320559172321
949 3545 0.9865000997931148
949 3560 -0.9252327994984606
949 3575 0.7727058035082308
949 3590 0.15206069817955226
950 3785 0.23141464841279347
950 3800 -0.8125249143442699
950 3635 0.8155240587125931
950 3650 0.16548809233426276
950 3666 -0.47866273171018503
950 3681 0.18321151041488526
950 3696 -0.3046304703020277
950 3711 0.09514791450540505
950 3725 -0.8945887053704185
950 3740 0.006702642110846924
950 3755 -0.8802987644108287
950 3770 0.4261575165772411
963 964 0.4609453557648726
963 978 -0.5486382936775713
963 3425 -0.34063704632417524
963 3440 -0.5121201151232835
963 3455 -0.22602533123529622
963 3470 -0.432856333125047
963 3486 0.7223307672659713
963 3501 -0.3609738440670329
963 3516 -0.026985377250469123
963 3531 -0.5044389576916486
963 3545 0.42493923423339197
963 3560 -0.7179917248458989
963 3395 0.9697699441165142
963 3410 -0.8854462957178044
964 965 0.48455074467797776
964 979 0.6726637883548687
964 3605 -0.5961618279754939
964 3620 0.9586691501497273
964 3635 0.402648776602371
964 3650 -0.6505713131774009
964 3666 0.2646370738999382
964 3681 -0.8277064456219727
964 3696 0.5636354064772364
964 3711 -0.35792583369312503
964 3725 0.9319135888304333
964 3740 0.9405636095140786
964 3575 0.5796516170991768
964 3590 0.11058984894597734
965 980 -0.5891540193722082
965 3785 -0.3706032529587324
965 3800 0.46529150105794037
965 3815 0.33722081976878227
965 3830 0.2797505619537024
965 3846 -0.6360146705617329
965 3861 0.5799109033747032
965 3876 -0.7285162409326666
965 3891 0.8203399823898903
965 3755 0.6170850103099814
965 3770 -0.2543814050859119
978 979 0.044120532939477375
978 3425 -0.8019512233028714
978 3440 0.10500200138326377
978 3455 0.47269668089375805
978 3470 0.5832585392918568
978 3486 -0.31479821037158384
978 3501 0.8528808125108394
978 3516 -0.38235052471664566
978 3531 0.9577840695419102
978 3545 0.3179893893580701
978 3560 0.6027919005711204
978 3395 0.4849110225412765
978 3410 -0.15177278956129103
979 980 0.30804581277505094
979 3605 0.6841041414222138
979 3620 -0.1317319493335658
979 3635 0.7275982184070773
979 3650 0.8673994065987709
979 3666 0.5345248404175158
979 3681 0.20263823133943792
979 3696 -0.060240079415563086
979 3711 0.08227091516061424
979 3725 -0.57823885807417
979 3740 -0.8895710033181659
979 3575 0.45717672203294013
979 3590 0.31113503926869446
980 3785 0.049049017590263366
980 3800 0.9424397261372555
980 3815 -0.431638129549637
980 3830 0.8174111182343657
980 3846 0.22235949248291154
980 3861 0.4359672121126663
980 3876 -0.9715316837038084
980 3891 -0.21708933193852142
980 3755 -0.3511073023493696
980 3770 0.48478313579422716
993 994 0.7679331592443486
993 1008 0.960018923253734
993 3426 -0.4882516606354299
993 3441 0.9222944270816593
993 3456 -0.36224688880970235
993 3471 0.31075061354270095
993 3486 -0.9861222452032796
993 3501 -0.2817554783165561
993 3516 0.35255543793685074
993 3531 0.5124253574791713
993 3545 0.8930522370909979
993 3560 0.651937848600644
993 3395 0.13805333707873713
993 3410 -0.7324727821489379
994 995 0.16816016731422967
994 1009 -0.7681826347154694
994 3606 0.3772293796968855
994 3621 -0.19934468548100637
994 3636 -0.15879969714967967
994 3651 -0.6184589475179536
994 3666 -0.024181878284347036
994 3681 0.44885015767367387
994 3696 0.8770547593202322
994 3711 0.6943322959865472
994 3725 0.47487479874724037
994 3740 -0.16945912655059225
994 3575 -0.6705866069647488
994 3590 0.04761508415376503
995 1010 0.6539496534273967
995 3786 -0.7350069983888308
995 3801 0.19323497337168538
995 3816 -0.5345486457463073
995 3831 -0.0226633139642618
995 3846 -0.7074278347722638
995 3861 0.5333461227047334
995 3876 -0.9178342469923928
995 3891 0.6300532932578125
995 3755 -0.17760396754555452
995 3770 0.6269925022270657
1008 1009 -0.2977454074666439
1008 3426 0.02971865725033629
1008 3441 -0.8621605092427003
1008 3456 0.7063719454152759
1008 3471 -0.0436965422903528
1008 3486 -0.17027523028809521
1008 3501 -0.7418192975265001
1008 3516 -0.9271372639123807
1008 3531 -0.7962784847793689
1008 3545 -0.9094873001427468
1008 3560 0.11493773599197943
1008 3395 -0.8269274543664578
1008 3410 -0.5552210974511804
1009 1010 0.5961277820777129
1009 3606 0.8204626640646768
1009 3621 0.7773462944934759
1009 3636 -0.8299984832444969
1009 3651 0.1439579762032417
1009 3666 -0.0015303108422921596
1009 3681 -0.2940266137122234
1009 3696 0.301714199509034
1009 3711 0.6786809513291312
1009 3725 0.8128885615938932
1009 3740 -0.7635393253159839
1009 3575 -0.9174988954244689
1009 3590 -0.866089732564318
1010 3786 -0.19863030144667482
1010 3801 -0.38373220500850036
1010 3816 0.6265414881901417
1010 3831 0.8237076736052722
1010 3846 -0.3039920882178284
1010 3861 -0.24567239673496788
1010 3876 -0.03135860046647143
1010 3891 0.07934259229696661
1010 3755 -0.5748893206735863
1010 3770 0.775223823730917
1023 1024 -0.015788736192993147
1023 1038 0.6116938509662844
1023 3426 -0.9195656409607671
1023 3441 -0.37862607136503024
1023 3456 0.7679712946648172
1023 3471 0.3739986407656102
1023 3486 -0.17221262423061234
1023 3501 0.03767941288402854
1023 3365 -0.17460703227268248
1023 3380 -0.7141724182052143
1023 3395 -0.5673902802000113
1023 3410 -0.26059971193950227
1024 1025 0.8199342438714265
1024 1039 -0.11484467848546687
1024 3606 -0.41169745764631704
1024 3621 -0.33540748050632163
1024 3636 0.9310508494018417
1024 3651 -0.6067365732266936
1024 3666 0.917622932421966
1024 3681 0.6092114014877741
1024 3516 0.8033924418277751
1024 3531 -0.06400592748003864
1024 3545 -0.47858500201298404
1024 3560 0.6417198177311998
1024 3575 0.9891384747961591
1024 3590 0.6578218292698026
1025 1040 -0.6155684008885518
1025 3786 0.17061036858140022
1025 3801 0.552499575277065
1025 3816 0.33060098297392626
1025 3831 0.9014953145991678
1025 3846 0.3920931992897303
1025 3861 0.4241526277447658
1025 3696 -0.6552361196966516
1025 3711 0.43715734060023337
1025 3725 0.8439505746900886
1025 3740 0.5470719080699815
1025 3755 -0.7649389305637164
1025 3770 -0.42718497191922333
1038 1039 0.7895613133591977
1038 3426 0.9377106825109378
1038 3441 -0.5922284482983653
1038 3456 -0.12508364817263473
1038 3471 -0.4307657563338556
1038 3486 0.45173045566808456
1038 3501 0.3273629519042578
1038 3365 0.022274116489244378
1038 3380 -0.7839901356095174
1038 3395 0.34660042082521914
1038 3410 0.9077018812358324
1039 1040 -0.6262144762312905
1039 3606 0.6762179378313937
1039 3621 0.5784162707961469
1039 3636 -0.08006321624145452
1039 3651 0.5746441803956046
1039 3666 -0.525774045798387
1039 3681 -0.45734902634166574
1039 3516 0.11126133167708718
1039 3531 -0.43201236389674946
1039 3545 0.6841100273815846
1039 3560 -0.43951179924400674
1039 3575 0.9085906290524737
1039 3590 0.7896123240583055
1040 3786 0.8339191178189074
1040 3801 -0.4750444511267702
1040 3816 0.45965632364559994
1040 3831 0.3625705316351304
1040 3846 -0.9598551294174769
1040 3861 0.18820141660932777
1040 3696 -0.721029125993496
1040 3711 0.3667716155652976
1040 3725 -0.2932966315687795
1040 3740 -0.1940198679918146
1040 3755 0.9614207296984911
1040 3770 0.6761602962362461
1053 1054 0.4879748165044706
1053 1068 -0.9231440109247546
1053 3426 0.18764192277921832
1053 3441 0.1770825541178871
1053 3456 0.9793706236854431
1053 3471 -0.4388931825843365
1053 3486 0.6703613354656106
1053 3501 0.9806983115208607
1053 3366 -0.568142510995288
1053 3381 0.4680592670887507
1053 3396 -0.6995621666276783
1053 3411 0.4897880501895826
1054 1055 0.3201151356409202
1054 1069 0.5890301063886905
1054 3606 0.4797487586058484
1054 3621 0.5359577523053971
1054 3636 0.4259419636841335
1054 3651 0.043364491116931525
1054 3666 -0.6830176698630108
1054 3681 0.9790255691821794
1054 3516 -0.5202672781590849
1054 3531 -0.9429934360612984
1054 3546 -0.7954928618891148
1054 3561 0.743742226547466
1054 3576 -0.18104997233983156
1054 3591 -0.2105605509714059
1055 1070 -0.595696288179898
1055 3786 -0.9479058717584499
1055 3801 -0.899424450218226
1055 3816 -0.10664952586092236
1055 3831 0.6992008762008075
1055 3846 -0.5874501247563124
1055 3861 0.24460705529527704
1055 3696 0.7859739209672438
1055 3711 0.39789456528793643
1055 3726 -0.720260797121681
1055 3741 -0.24345903926464296
1055 3756 0.7937988329005221
1055 3771 -0.8031866599997728
1068 1069 0.06426713466589495
1068 3426 0.28135555120235023
1068 3441 -0.914080471683945
1068 3456 -0.19545236414023903
1068 3471 0.3016181367236752
1068 3486 -0.22097269012942067
1068 3501 0.48471833021929234
1068 3366 0.21068660255761062
1068 3381 -0.9152808867001416
1068 3396 0.39951120124526684
1068 3411 0.5296954238504563
1069 1070 -0.24621405912705763
1069 3606 -0.9045197804326786
1069 3621 -0.5978494325914536
1069 3636 0.5702593444239603
1069 3651 -0.07140267713670845
1069 3666 -0.31170669257451245
1069 3681 -0.8697793603734767
1069 3516 -0.003414103949824554
1069 3531 -0.8790614076922156
1069 3546 -0.47333828609331086
1069 3561 -0.9433329225301152
1069 3576 0.0030484328578948006
1069 3591 0.010708685228954407
1070 3786 0.16024330351018978
1070 3801 0.9922605780841667
1070 3816 -0.1738943607458323
1070 3831 0.9362547114897535
1070 3846 -0.48263137110524257
1070 3861 -0.9641282048047253
1070 3696 0.8677761039132286
1070 3711 0.642659409972957
1070 3726 -0.22681989347539244
1070 3741 0.17063459681015924
1070 3756 -0.5709899550915984
1070 3771 -0.8076839045293212
1083 1084 -0.015338228559761413
1083 1098 0.7866752396868006
1083 3426 0.7318215207734382
1083 3441 -0.9012552176818764
1083 3366 -0.6406268351701869
1083 3381 0.1820230702312271
1083 3396 -0.7153150836874798
1083 3411 0.8572300990519948
1084 1085 0.473097942943858
1084 1099 0.5998977495666944
1084 3606 -0.7820631171279417
1084 3621 0.8703689789152156
1084 3456 -0.6489087105379019
1084 3471 0.6408971197269453
1084 3486 0.38653636700955873
1084 3501 0.46329388593539345
1084 3516 0.8843687667344582
1084 3531 0.5842525437123511
1084 3546 0.6598790878423038
1084 3561 0.774362087036176
1084 3576 -0.2501003961871431
1084 3591 0.6339349007799515
1085 1100 0.7311492993881905
1085 3786 -0.38851931789718663
1085 3801 0.4534154482536146
1085 3636 0.8840912808327721
1085 3651 -0.07679555210299038
1085 3666 -0.8368784809362744
1085 3681 -0.8628171556505546
1085 3696 0.6526534692189356
1085 3711 0.8586236557900329
1085 3726 -0.1738438569128995
1085 3741 0.9157631115803153
1085 3756 0.13628141339372313
1085 3771 0.8252162695343408
1098 1099 -0.38202583066208273
1098 3426 0.9402684220268973
1098 3441 0.03514825550072809
1098 3366 -0.5471572993393528
1098 3381 -0.3020325455117443
1098 3396 0.9530062394286418
1098 3411 0.636939610446591
1099 1100 0.43249630079676815
1099 3606 0.9692311218761371
1099 3621 0.43406229194405443
1099 3456 -0.8107330522550613
1099 3471 -0.674694163862692
1099 3486 0.7838125174403299
1099 3501 -0.30747486960673354
1099 3516 0.7884062911593892
1099 3531 0.13281170155506605
1099 3546 0.9140843901439275
1099 3561 0.6531399688133253
1099 3576 -0.20479093348366817
1099 3591 -0.7587087704669984
1100 3786 0.08338569962665043
1100 3801 -0.6439656389553141
1100 3636 -0.562409226802506
1100 3651 0.8185654133550844
1100 3666 0.19445086340693818
1100 3681 0.621232258139301
1100 3696 0.04000597052490451
1100 3711 -0.9072943806429843
1100 3726 -0.2858455924337999
1100 3741 0.22865208903147538
1100 3756 -0.47442497263146155
1100 3771 0.9639910196560209
1113 1114 -0.5867744116803946
1113 1128 -0.7734779741253284
1113 3426 -0.5107313293403264
1113 3441 -0.9191270644740435
1113 3366 0.3529299279583271
1113 3381 0.5220479393566577
1113 3396 -0.11535562622091655
1113 3411 0.573758565622797
1114 1115 0.12234680818024457
1114 1129 0.37014925392265585
1114 3606 0.6859585886489996
1114 3621 0.6456726222319289
1114 3456 0.5879874091018251
1114 3471 0.7954863621387713
1114 3546 0.6042082643456319
1114 3561 -0.5940122766440283
1114 3576 -0.15866718660750667
1114 3591 0.6728079922217152
1115 1130 -0.83167764219452
1115 3786 -0.12177219094498248
1115 3801 0.06901617431052043
1115 3636 0.290084983281091
1115 3651 0.7297551520022185
1115 3726 0.5066702894349557
1115 3741 0.6024491332130553
1115 3756 0.23514644770236415
1115 3771 0.41731816935377064
1128 1129 0.8680884057448006
1128 3426 0.3370845248449894
1128 3441 -0.6869579981012977
1128 3366 0.4792485504113162
1128 3381 -0.7348061931424614
1128 3396 -0.3140435562100752
1128 3411 0.417199710606325
1129 1130 0.4424240516146489
1129 3606 0.8640123974125045
1129 3621 -0.9722806889959685
1129 3456 -0.8276692939270245
1129 3471 -0.34725003290717504
1129 3546 0.33022716693596954
1129 3561 0.6444122083439414
1129 3576 -0.15876002989270965
1129 3591 0.44755278073455584
1130 3786 -0.1445288079176632
1130 3801 0.37998364803255025
1130 3636 -0.6514296716773447
1130 3651 -0.5174145635701084
1130 3726 -0.5081500297401025
1130 3741 -0.2138101585151415
1130 3756 0.6545910001481734
1130 3771 -0.7099332552736111
3364 3365 -0.8979401084986542
3364 3379 0.08881320601159604
3365 3366 0.7718856492035038
3365 3380 0.16731327394281537
3366 3381 0.2540034322160303
3379 3380 -0.5360882250926826
3380 3381 -0.12200813608718386
3394 3395 0.024294595053626633
3394 3409 0.6150957453175474
3395 3396 0.18715886296102657
3395 3410 0.46686445367330154
3396 3411 0.47621309313397875
3409 3410 0.4806960391050099
3410 3411 0.44848535133448064
3424 3425 0.24778285889843432
3424 3439 0.37547162454622707
3425 3426 -0.809108408552053
3425 3440 0.0951807229233097
3426 3441 -0.960610659575216
3439 3440 -0.8773665882018593
3440 3441 0.9456409481278534
3454 3455 -0.822519383532156
3454 3469 -0.49839428551075615
3455 3456 0.08301779428864697
3455 3470 0.8131625657889654
3456 3471 -0.17572774640531685
3469 3470 -0.9565275294162996
3470 3471 -0.612426569466056
3484 3485 -0.9237308852853674
3484 3499 0.251129410006238
3485 3486 -0.5822729047980886
3485 3500 0.4967815971766958
3486 3501 0.8594678928300274
3499 3500 0.28134411500459455
3500 3501 -0.2728510042366237
3514 3515 -0.47052545791906053
3514 3529 -0.7080356636665188
3515 3516 0.24660929900237183
3515 3530 -0.8779625836595775
3516 3531 -0.6925193193303805
3529 3530 0.042869297334374945
3530 3531 0.6235314779611456
3544 3545 0.19361746241001243
3544 3559 -0.9610493032655851
3545 3546 0.44590233904223675
3545 3560 -0.09589982206440761
3546 3561 -0.8082952305830828
3559 3560 0.5561780574590167
3560 3561 -0.41852780958868196
3574 3575 -0.3979019612614303
3574 3589 0.9594740557953032
3575 3576 -0.14024237698544262
3575 3590 -0.9818031719950231
3576 3591 -0.7529287587799924
3589 3590 0.05001506757483032
3590 3591 -0.5074452637378553
3604 3605 -0.12160705775774061
3604 3619 0.09451671341819456
3605 3606 -0.4759140695981736
3605 3620 -0.10564605772139624
3606 3621 -0.686877326281822
3619 3620 -0.7508115284940815
3620 3621 -0.9441327083670763
3634 3635 0.7036161081942176
3634 3649 0.20037548239971903
3635 3636 -0.25501235007142586
3635 3650 0.02696596768849524
3636 3651 -0.34075699078369337
3649 3650 -0.5608302522029214
3650 3651 0.5679611832866904
3664 3665 0.6177877181285589
3664 3679 0.23110705856419833
3665 3666 0.8198131065003491
3665 3680 -0.7783951221975243
3666 3681 -0.8251199920805918
3679 3680 0.23149766344592204
3680 3681 0.7493896577562329
3694 3695 -0.8041439240555812
3694 3709 -0.8589112348293824
3695 3696 -0.9207450060937852
3695 3710 -0.3049390386356208
3696 3711 0.418466692368189
3709 3710 -0.7297822367647535
3710 3711 0.38880387348736645
3724 3725 -0.25254212911750185
3724 3739 0.9528745211703997
3725 3726 -0.8663152824589571
3725 3740 0.17368825752904837
3726 3741 0.3812581328519158
3739 3740 -0.40264550337498295
3740 3741 -0.4746316825778458
3754 3755 -0.7383245231640343
3754 3769 -0.9262269369210263
3755 3756 -0.12673020964777315
3755 3770 0.05686461937529752
3756 3771 -0.8416226854947486
3769 3770 -0.6507179349875001
3770 3771 0.41438553510522613
3784 3785 0.38360702716797057
3784 3799 0.1990447581747381
3785 3786 -0.1425796643017032
3785 3800 0.679164853352412
3786 3801 -0.4715224548288668
3799 3800 -0.6490938125653556
3800 3801 -0.8710041344774984
3814 3815 -0.39300235290127494
3814 3829 0.5640473877983878
3815 3816 0.8849393990936045
3815 3830 -0.7213594222897308
3816 3831 -0.9100497443401894
3829 3830 -0.6690067503484409
3830 3831 -0.2961474883061348
3844 3845 0.670459069905414
3844 3859 -0.9675244996670189
3845 3846 -0.9863732359686805
3845 3860 -0.8436283571649148
3846 3861 -0.7341474610639023
3859 3860 0.11799112089020847
3860 3861 0.179689876182483
3874 3875 -0.08779512300208259
3874 3889 0.7683496762076429
3875 3876 0.6924617571328817
3875 3890 0.48587630042928986
3876 3891 0.47886578863695806
3889 3890 0.5164529062928989
3890 3891 0.10638523236126107
