# 
603 603 1.6237836554225389
604 604 1.8740845044104821
605 605 2.0996013998924283
618 618 2.6608539461528995
619 619 -0.6229963855243534
620 620 -3.347874435509522
633 633 0.4362977433052668
634 634 0.48540194748188004
635 635 -2.9683028174002075
648 648 0.3323990273834081
649 649 0.5170767005026056
650 650 0.9753962543294694
663 663 1.9712069736720057
664 664 -0.7900738080949434
665 665 3.918005129539747
678 678 -1.634382073814062
679 679 0.29031611761680676
680 680 -3.1501266582751084
693 693 -2.2665006348217744
694 694 -2.5614579428786994
695 695 -2.5186800189386487
708 708 2.114833111638884
709 709 2.0158002599537506
710 710 -1.8417956434897969
723 723 -3.4141215598809964
724 724 -0.014574698406372377
725 725 1.5825422795344801
738 738 -2.8129633246132943
739 739 1.7634226953303438
740 740 -3.8470997617876153
753 753 0.17415971758018944
754 754 -1.0411713429260763
755 755 0.23390889156713168
768 768 0.386951753140929
769 769 -0.10902744380830409
770 770 -1.5007876974095264
783 783 2.0295407142861563
784 784 0.4581858034579609
785 785 2.6592273958178234
798 798 -3.286930094080656
799 799 3.1405466403417988
800 800 -1.4391294626948232
813 813 1.955101035741177
814 814 0.790290439195374
815 815 1.141938358846165
828 828 -2.0636043290493147
829 829 3.3790817071797026
830 830 -2.5286416754416594
843 843 -1.553998352121737
844 844 -2.6394498671264426
845 845 -1.2624282487477796
858 858 -2.9709196629615517
859 859 -0.694630798745635
860 860 -0.17607056937210608
873 873 0.34484148674091486
874 874 1.1129296968760638
875 875 1.402394672161357
888 888 3.5635664685898973
889 889 2.255294950131728
890 890 2.2588585669657437
903 903 -0.681337136924367
904 904 -1.5043508434935342
905 905 0.18357621239678856
918 918 -3.6527587176443976
919 919 2.6713964617032344
920 920 2.493297030711669
933 933 0.3637370659003576
934 934 -0.7673680261104803
935 935 3.9762501695635635
948 948 -0.13951960134381203
949 949 -1.0026190089343565
950 950 -1.1164739036971412
963 963 3.321546565216198
964 964 1.2718545086608843
965 965 1.297746932074105
978 978 -0.7048768219091723
979 979 2.33191978250981
980 980 -3.7328191073893393
993 993 2.2062199677926353
994 994 -3.761938517512701
995 995 -0.9154392085251004
1008 1008 -0.8991688639543014
1009 1009 -2.515818383449301
1010 1010 -1.8673358722403437
1023 1023 3.061159184945085
1024 1024 -3.374764690671566
1025 1025 -2.0732340286200053
1038 1038 -1.2119890568298253
1039 1039 3.127359275727951
1040 1040 2.3458611031228394
1053 1053 2.0128162327866237
1054 1054 -3.2580232152934396
1055 1055 -1.0702854070243628
1068 1068 3.7218000047166173
1069 1069 -1.220189606483335
1070 1070 -1.1427576460920497
1083 1083 1.0884559292752884
1084 1084 2.959547563667015
1085 1085 3.107629306549966
1098 1098 0.6383533875687428
1099 1099 -2.799953946109347
1100 1100 1.9269943122347764
1113 1113 -1.8207969235247043
1114 1114 -0.1330115749012677
1115 1115 -3.7878254066849966
1128 1128 -2.8846241521088567
1129 1129 0.058708242049223536
1130 1130 -3.6878567453053064
3364 3364 3.729112537602762
3365 3365 2.998446435869824
3366 3366 1.0398801587570121
3379 3379 3.4431068864000274
3380 3380 -1.3939994064274268
3381 3381 0.11863376855295993
3394 3394 2.3016572583521224
3395 3395 2.7241660083881225
3396 3396 -2.2398051918966884
3409 3409 -2.962833412969892
3410 3410 -1.4518057900743697
3411 3411 -0.7156292227087633
3424 3424 -1.6024171681259567
3425 3425 3.420423122922843
3426 3426 -0.17955196967202447
3439 3439 -3.61218507931952
3440 3440 -1.4037303225556306
3441 3441 -2.4640684933769927
3454 3454 1.7474073014548175
3455 3455 -1.15167575878192
3456 3456 -0.24411838068575875
3469 3469 3.192904052426389
3470 3470 -2.305746192398904
3471 3471 3.575244740506421
3484 3484 2.572296475649444
3485 3485 -2.0082017957123695
3486 3486 0.875114771795757
3499 3499 2.5975623534130836
3500 3500 0.7992658814925813
3501 3501 3.464825488093915
3514 3514 -1.6945570446549443
3515 3515 2.236925986230279
3516 3516 -1.6529731201093298
3529 3529 -2.5727547729739992
3530 3530 -0.5982740908372852
3531 3531 -2.416232104759441
3544 3544 2.6213923279890308
3545 3545 -0.4039340687927062
3546 3546 1.9561294903047317
3559 3559 -0.5247095725593756
3560 3560 -1.25180368196159
3561 3561 1.5439386463313038
3574 3574 0.175316205740506
3575 3575 2.270072350182615
3576 3576 -3.1236741077072727
3589 3589 -2.3235427939627957
3590 3590 -3.3613230154909823
3591 3591 1.7065288416915543
3604 3604 0.7881911000739406
3605 3605 -2.2786241285917725
3606 3606 -3.029776245398213
3619 3619 2.2290957485426643
3620 3620 2.649220906955944
3621 3621 -3.620486344593961
3634 3634 3.1752210249572412
3635 3635 -3.6019378427451834
3636 3636 0.5365217895692407
3649 3649 -2.3128115412632004
3650 3650 2.197385565341264
3651 3651 -3.600278546812609
3664 3664 1.8105729570634708
3665 3665 -3.6331865852657064
3666 3666 -1.6003472205484766
3679 3679 2.825587485789117
3680 3680 0.07933543975322266
3681 3681 0.4645408253888528
3694 3694 -0.24969872629602285
3695 3695 3.272146960580522
3696 3696 0.9718098084974534
3709 3709 2.3463930045702694
3710 3710 2.481808870917418
3711 3711 -1.819509203468444
3724 3724 1.6683368633403353
3725 3725 0.30213974685666223
3726 3726 -1.4224557981473707
3739 3739 -0.5939450770914423
3740 3740 -3.817231175857091
3741 3741 0.05516296799084586
3754 3754 -2.268788744639263
3755 3755 -3.142143314714092
3756 3756 0.11237809099742702
3769 3769 -3.795343467991052
3770 3770 2.615571713040537
3771 3771 -1.8213043564515985
3784 3784 2.6010048608496437
3785 3785 -1.578768909582009
3786 3786 -2.2155970737105317
3799 3799 0.42460438933496825
3800 3800 2.586912162924814
3801 3801 -3.0531407549837795
3814 3814 -0.3967863060083099
3815 3815 -2.6248789138946664
3816 3816 -3.2301269857497728
3829 3829 0.6384147025823212
3830 3830 0.7496611692976902
3831 3831 3.5632981315933936
3844 3844 -2.4138470319960943
3845 3845 1.1942221210655868
3846 3846 -2.373151925510994
3859 3859 -0.3736957217799395
3860 3860 -3.78831367876494
3861 3861 1.8626997020059601
3874 3874 -1.6924079066765172
3875 3875 1.9588410392816682
3876 3876 1.8214359683263233
3889 3889 -2.164050554583654
3890 3890 3.8965880031596196
3891 3891 2.6230008787916868
603 604 -0.6873633205613885
603 618 -0.6788724049748096
603 3484 0.3117648077928996
603 3499 -0.6730828020031165
603 3514 0.23256978806296225
603 3529 0.37909549350180116
604 605 -0.04180065360783658
604 619 0.7391639455752099
604 3664 0.05449142103129101
604 3679 0.6199438527810812
604 3694 -0.7971683496059803
604 3709 0.8562970051788166
605 620 0.79725209001386
605 3844 -0.2758017604866445
605 3859 0.594329560042673
605 3874 -0.12630596158356378
605 3889 -0.6427778819788057
618 619 0.7160082377126991
618 3484 0.18017659688993604
618 3499 0.2683497772096102
618 3514 -0.06972343207873832
618 3529 0.929941514268741
619 620 0.7373109908033717
619 3664 -0.6489126614247418
619 3679 0.5772869314089735
619 3694 -0.9595730797411794
619 3709 0.7687130940976838
620 3844 -0.45401481759252293
620 3859 0.12782506154425843
620 3874 0.7588354628770522
620 3889 -0.3419114561825567
633 634 0.5976222794778332
633 648 0.9990425457102274
633 3424 0.5080997062302364
633 3439 -0.7270022425108242
633 3454 0.17917674051930432
633 3469 -0.4049859878065101
633 3484 0.23789572441971418
633 3499 0.0032262222798686846
633 3514 0.9268429502687037
633 3529 -0.1283435711603511
634 635 -0.31725593414026676
634 649 0.08589859981642389
634 3604 -0.08189841453246505
634 3619 -0.20622340354387902
634 3634 -0.6391387980220664
634 3649 0.1410348224573672
634 3664 -0.5188240013087906
634 3679 0.03253096638128583
634 3694 0.4229451965423623
634 3709 0.9452631740432436
635 650 -0.266939392667249
635 3784 -0.20715578460779627
635 3799 0.8444984151378214
635 3814 0.07204572270896392
635 3829 0.06821515445345527
635 3844 -0.784767862697521
635 3859 0.26624256177307326
635 3874 0.7071040110935003
635 3889 -0.8577568613813549
648 649 0.5207823813242014
648 3424 -0.05162591677449324
648 3439 -0.46114141880194826
648 3454 0.4129758681708142
648 3469 0.869801671169278
648 3484 0.9276487685948536
648 3499 -0.2101606471214288
648 3514 -0.9793259675542134
648 3529 -0.3835856883596489
649 650 -0.41168392166509604
649 3604 0.8125262926214409
649 3619 -0.290106086043463
649 3634 -0.9328203744520573
649 3649 0.8579600182691689
649 3664 0.3074541223537577
649 3679 0.4493301128275724
649 3694 0.727169705841652
649 3709 0.9707388776446508
650 3784 0.46807522329209106
650 3799 -0.8522534435018412
650 3814 -0.16550525540730376
650 3829 0.4280097055150758
650 3844 0.9619511589983523
650 3859 -0.49091289215348843
650 3874 0.7923756136473836
650 3889 -0.45213061631357365
663 664 0.6292783850082437
663 678 -0.3426160849040103
663 3424 0.7596710821245856
663 3439 0.2762658863296692
663 3454 -0.9235167391808219
663 3469 0.8412803392706301
663 3484 0.521104413877066
663 3499 -0.5287085348011673
664 665 0.4244152285742644
664 679 0.2315928622863066
664 3604 -0.9900991310105611
664 3619 -0.09900415332523371
664 3634 0.5408412924538979
664 3649 -0.6411872877074911
664 3664 -0.6901089334506014
664 3679 0.07438685931813072
664 3514 0.9977640268828538
664 3529 0.07491437711855231
665 680 -0.6398873619831482
665 3784 0.7837523932659003
665 3799 -0.7105442956474253
665 3814 -0.9837458565207449
665 3829 0.259176039244186
665 3844 -0.5940647827359666
665 3859 0.2666658721925006
665 3694 -0.6598707522569163
665 3709 0.6897528926934993
678 679 0.2359542035076203
678 3424 -0.17351471929958695
678 3439 0.7864381145581714
678 3454 0.06289225139315513
678 3469 -0.4157028887936911
678 3484 -0.7050299925781363
678 3499 -0.3476911559464988
679 680 -0.1227901031841272
679 3604 0.3637614322618088
679 3619 0.5900178892171275
679 3634 0.9219517900175855
679 3649 0.5792453526234163
679 3664 -0.6466631075296778
679 3679 -0.8697556822316195
679 3514 -0.9886805982780771
679 3529 0.8101514862441328
680 3784 0.5840258908667515
680 3799 0.9900436638109584
680 3814 -0.8760431359437335
680 3829 -0.1871950828624036
680 3844 0.4022285554631131
680 3859 0.8088908779712773
680 3694 -0.21006998861648674
680 3709 0.15119138419881817
693 694 -0.5313252589169046
693 708 0.9040017514265717
693 3424 0.9652688765700099
693 3439 -0.13818791818422604
693 3454 -0.05435271865965463
693 3469 -0.43524121569437124
693 3484 -0.3837806051464272
693 3499 0.4064564287276211
693 3364 -0.2918048713585353
693 3379 0.13708272436604974
693 3394 -0.6233341863444548
693 3409 -0.03245366653908155
694 695 -0.35667009967555874
694 709 -0.30062016927529944
694 3604 0.27151058531653804
694 3619 0.9127833321854026
694 3634 -0.5192406375889356
694 3649 0.9510140491690358
694 3664 0.3211967828194977
694 3679 0.047729769479229356
694 3514 0.8947696703002253
694 3529 -0.15696362507228123
694 3544 0.5218441151940378
694 3559 0.15088325521227253
694 3574 -0.3150140494842131
694 3589 0.26454413384365916
695 710 -0.9198264617087608
695 3784 -0.39877115225351334
695 3799 -0.9640244882307354
695 3814 0.4020319334000426
695 3829 -0.44251786356798917
695 3844 -0.04040868217672733
695 3859 0.21084959524966385
695 3694 0.056753515549951894
695 3709 0.1927426491150297
695 3724 0.1483903129610571
695 3739 -0.6535674119888519
695 3754 0.3109355671240732
695 3769 -0.6041443710925514
708 709 -0.5810880474742914
708 3424 -0.6705163460472947
708 3439 -0.19368938638906474
708 3454 -0.85703080910781
708 3469 0.46498848280477256
708 3484 0.6180009110182394
708 3499 -0.8847279220950981
708 3364 -0.4858559110171363
708 3379 0.5531551811955708
708 3394 -0.29122932571886695
708 3409 0.9196257655376958
709 710 -0.23731861742667593
709 3604 -0.3077521705754662
709 3619 0.9322052100413909
709 3634 -0.0675028090119798
709 3649 0.8965804003374878
709 3664 0.7042506610336468
709 3679 0.15399688145581947
709 3514 0.8552120766357387
709 3529 0.45439669185117193
709 3544 0.6963530500749335
709 3559 0.49019800257463686
709 3574 -0.5837585542210855
709 3589 0.9920982841574948
710 3784 -0.10740578159320702
710 3799 -0.9110931855000262
710 3814 -0.8159908687908957
710 3829 -0.18506240811221075
710 3844 0.6373928391332655
710 3859 0.09867126098251977
710 3694 -0.5972802826126657
710 3709 0.6607287879727259
710 3724 0.5784872554408627
710 3739 0.7101077224734424
710 3754 0.05331272201616977
710 3769 0.3503424727086717
723 724 -0.21051350198761098
723 738 0.9247758502508272
723 3424 -0.49010260267271066
723 3439 0.5378334711569992
723 3364 -0.5783146332698825
723 3379 0.04581549516830674
723 3394 -0.5269524789735223
723 3409 0.07387489612257259
724 725 -0.7784946990922159
724 739 0.3058156261752447
724 3604 0.09873518201032105
724 3619 0.14384174726249066
724 3454 0.8778634024368528
724 3469 -0.6233299326050998
724 3484 -0.22312762204858116
724 3499 -0.5958010540953544
724 3514 0.2617316296501102
724 3529 -0.1655279152015081
724 3544 -0.7819548580757669
724 3559 -0.38912351339260165
724 3574 -0.3671699216467723
724 3589 -0.40172442484678417
725 740 -0.42026623527000817
725 3784 0.7895055738210175
725 3799 0.7763904063674889
725 3634 0.4488654953083959
725 3649 -0.819220526972007
725 3664 -0.8435896354414274
725 3679 -0.43535256509302056
725 3694 0.9805297502158543
725 3709 0.8936075040520064
725 3724 0.7695181727311169
725 3739 0.13904241281516372
725 3754 0.19811227049920532
725 3769 0.3514947586081858
738 739 0.3839413788479906
738 3424 -0.0353721188337468
738 3439 0.18587080492033636
738 3364 -0.0803392359571804
738 3379 -0.3827209261279918
738 3394 -0.33431542677278614
738 3409 -0.4512198205067699
739 740 0.6092197038883889
739 3604 -0.7140522427098912
739 3619 0.754322155620528
739 3454 -0.3204419673132828
739 3469 0.6618253166614811
739 3484 0.25680875653331015
739 3499 0.6535197921111975
739 3514 -0.016727518861850088
739 3529 -0.38761421277061947
739 3544 -0.5467620375091422
739 3559 0.06232159678345184
739 3574 -0.5508859029034419
739 3589 0.7248332076263984
740 3784 -0.6809324219268289
740 3799 0.9639182364943353
740 3634 0.3067534536907697
740 3649 -0.4928130680964027
740 3664 0.5357314684719525
740 3679 -0.23375988381206492
740 3694 -0.7120649150006342
740 3709 0.08538299764462187
740 3724 0.6126737612785025
740 3739 0.5794443189077643
740 3754 0.9393530112568713
740 3769 -0.2763187331255068
753 754 -0.6830206994698722
753 768 0.11757137969449416
753 3424 0.7604416989648135
753 3439 -0.34252995866206626
753 3364 -0.8720472757383366
753 3379 0.7511873793684947
753 3394 0.5529540038506033
753 3409 0.103426062655946
754 755 0.9734404281270577
754 769 -0.029637927659709407
754 3604 0.7447374727048022
754 3619 0.97382407144655
754 3454 -0.37000117786443276
754 3469 -0.6419601802071422
754 3485 0.13684804354564584
754 3500 0.5656538447700798
754 3515 -0.20487803694047768
754 3530 -0.6858071747587373
754 3544 -0.3640436657935333
754 3559 -0.31478805687678846
754 3574 0.25330665237732775
754 3589 0.018685429566997813
755 770 -0.36676871797444077
755 3784 -0.3924566184296332
755 3799 -0.8769001598682868
755 3634 0.6664616963361543
755 3649 0.19636033589215862
755 3665 -0.32527111617955673
755 3680 -0.26650930179987387
755 3695 -0.08228516370684735
755 3710 -0.08626048902800387
755 3724 0.6169622498934302
755 3739 0.7586516223236692
755 3754 -0.9564092001785549
755 3769 0.09537010186052708
768 769 0.5337978094953071
768 3424 -0.521836861659422
768 3439 -0.0177795990850258
768 3364 0.8301773540561284
768 3379 0.7736138173249683
768 3394 -0.4056890702248175
768 3409 -0.09610071062144998
769 770 -0.06062046353494743
769 3604 0.011418208608416025
769 3619 -0.2802823784412318
769 3454 0.9989947141252202
769 3469 0.7699932577308004
769 3485 0.4951981793416289
769 3500 0.039139283112306966
769 3515 0.36937282313458875
769 3530 -0.11859188348467864
769 3544 0.38262214298709063
769 3559 -0.009722153718170645
769 3574 0.0075937309408091735
769 3589 -0.05094748269879257
770 3784 -0.17142279125594428
770 3799 -0.9101869558403095
770 3634 -0.10275207089707883
770 3649 0.8623093393437988
770 3665 0.4533513039399575
770 3680 -0.8458354501084298
770 3695 -0.05895501256336
770 3710 0.0017369547583261369
770 3724 -0.5632608545659543
770 3739 0.7557648430473873
770 3754 -0.25117278844217505
770 3769 0.23999644483283755
783 784 -0.4294559450539608
783 798 -0.40875053109883663
783 3424 -0.5966232654351946
783 3439 -0.25023173219583583
783 3454 0.4460876246473453
783 3469 -0.196618044532616
783 3485 -0.42104347979744183
783 3500 -0.723994757277294
783 3515 0.7705496471339526
783 3530 -0.014428088951157436
783 3544 -0.5288636938968763
783 3559 -0.913989336522371
783 3394 0.8178784278474722
783 3409 -0.7250767797334863
784 785 -0.13140405490451834
784 799 0.3740158872176771
784 3604 0.4700250289237322
784 3619 0.346805658619904
784 3634 -0.1981119115156844
784 3649 0.4867417358033541
784 3665 -0.03260654473920521
784 3680 -0.24804745303314002
784 3695 -0.3213245666494695
784 3710 -0.49247505750038956
784 3724 -0.9785845004355957
784 3739 0.7175730279739281
784 3574 -0.3393100078247322
784 3589 -0.5259864935497403
785 800 0.38386609412146866
785 3784 -0.30676771294521354
785 3799 -0.640709980821836
785 3814 -0.7095527052626467
785 3829 -0.6372453200939041
785 3845 0.39451478326793543
785 3860 -0.4696544893448551
785 3875 -0.4723662642442239
785 3890 -0.3205853547727593
785 3754 0.029017448625385134
785 3769 -0.467967267634426
798 799 -0.42192266134614376
798 3424 -0.49162670187220026
798 3439 0.42300807138524577
798 3454 -0.10654444303933985
798 3469 0.38998036913740775
798 3485 0.8213377462469249
798 3500 -0.9536898331605677
798 3515 0.0031018576940664566
798 3530 -0.7916968323510354
798 3544 -0.691944372135455
798 3559 -0.7407550747756906
798 3394 0.995993937961215
798 3409 0.3537153140900591
799 800 -0.21820867888959872
799 3604 -0.6455223074625622
799 3619 0.16640544168946714
799 3634 -0.19390858307650682
799 3649 0.022228346534783228
799 3665 -0.08361219620297833
799 3680 0.17365876313839812
799 3695 0.5177546216867757
799 3710 -0.973078591800105
799 3724 0.4755252644701944
799 3739 -0.536179158400655
799 3574 0.40823170490044913
799 3589 0.4762911266455303
800 3784 0.9470898337943441
800 3799 0.29015484965685534
800 3814 0.9350712996394568
800 3829 -0.4576200798968759
800 3845 -0.9661373998590119
800 3860 0.8037328446400045
800 3875 -0.17416840047867788
800 3890 0.9239963537589484
800 3754 0.40308034782389224
800 3769 0.6319320181077224
813 814 0.2587687480671146
813 828 -0.22354872725939967
813 3425 -0.3498499966223041
813 3440 0.9100850642766201
813 3455 0.022509122950684413
813 3470 -0.5607322060541016
813 3485 -0.8218414644612528
813 3500 -0.8097318916286012
813 3515 0.7384664759054649
813 3530 0.5586968956500691
813 3544 0.9763561693762319
813 3559 0.20029991255675994
813 3394 -0.3147716355599903
813 3409 0.7250971043453396
814 815 0.5534448378936794
814 829 0.42227874275346156
814 3605 -0.6256926963926708
814 3620 -0.5092694330709269
814 3635 0.6836440790696778
814 3650 -0.4650008877272156
814 3665 0.9454841925726538
814 3680 -0.29654487219779324
814 3695 -0.6493378604669382
814 3710 0.8469615470447782
814 3724 0.718890804102144
814 3739 -0.9570682628313689
814 3574 0.2653054378193538
814 3589 -0.6530236058407843
815 830 0.4413597368321447
815 3785 -0.9758279041436235
815 3800 0.7019050581736848
815 3815 -0.5081472815569643
815 3830 -0.7479769248720489
815 3845 0.528321876607188
815 3860 0.4120965160390877
815 3875 0.6417597479065968
815 3890 0.9654162950308436
815 3754 0.08744031647995976
815 3769 -0.38875840232287295
828 829 0.06754488750964072
828 3425 0.9804129955578995
828 3440 -0.6673658370561406
828 3455 0.19818720406444879
828 3470 -0.40238402488160974
828 3485 0.8177595938364799
828 3500 0.21487580744806967
828 3515 -0.37764699465911766
828 3530 -0.4427008119270375
828 3544 -0.5220558725546633
828 3559 -0.8775521543666132
828 3394 -0.2735827399530979
828 3409 -0.7333697434479383
829 830 0.05126894618790789
829 3605 -0.8527543584211572
829 3620 0.22229751149887167
829 3635 -0.682181945369416
829 3650 -0.3750233194089365
829 3665 0.6287595263141985
829 3680 -0.8020426138309427
829 3695 -0.7104789750933505
829 3710 0.018872672077795194
829 3724 0.5170060734772761
829 3739 0.7714201461284376
829 3574 -0.4227403986906355
829 3589 -0.37768499971762104
830 3785 0.24321009543912608
830 3800 -0.3399707460086312
830 3815 -0.7295761560107981
830 3830 0.2011000998455923
830 3845 0.5987404779416068
830 3860 0.5188689071971251
830 3875 0.7176243063520162
830 3890 0.2508120411942312
830 3754 0.8718407430321342
830 3769 -0.5315000474168701
843 844 -0.3583950382984675
843 858 0.7343404394576138
843 3425 -0.07325664124379783
843 3440 0.4016445643637989
843 3455 -0.13728494243975442
843 3470 0.20430124220945833
843 3485 -0.6388768387242545
843 3500 -0.416924604573055
843 3364 0.8432490045790186
843 3379 -0.9646718563345973
843 3394 -0.487978523041813
843 3409 0.1738357780898021
844 845 -0.6890536513807759
844 859 0.709566532989546
844 3605 -0.6586702450456103
844 3620 -0.8228567299197038
844 3635 0.841027897379705
844 3650 -0.598896280155834
844 3665 -0.3773225364114692
844 3680 -0.6661394871792117
844 3515 0.6983174013396136
844 3530 -0.23672207928704925
844 3544 0.6605347751483299
844 3559 0.5452222938934357
844 3574 0.22809411064250806
844 3589 0.5538188604717798
845 860 -0.9792371201720464
845 3785 0.5191153013860588
845 3800 -0.04628507231692591
845 3815 -0.5285373802783344
845 3830 -0.7371012547882487
845 3845 0.6267375632948045
845 3860 0.6650066269564301
845 3695 0.24621333891850172
845 3710 -0.42619708148432767
845 3724 -0.9697050180921016
845 3739 0.9540029619820478
845 3754 0.021765158110855554
845 3769 -0.2651489088395833
858 859 -0.8084520296729683
858 3425 0.7546505278134599
858 3440 -0.8169460986705055
858 3455 0.7211056473928592
858 3470 -0.07956004822459106
858 3485 0.8005176631467008
858 3500 -0.3702401749868389
858 3364 -0.7941113568524671
858 3379 -0.2873382414240193
858 3394 -0.3569263088824899
858 3409 -0.24224408180270318
859 860 -0.0284351586406415
859 3605 -0.0024987749223750466
859 3620 -0.05148950858285395
859 3635 -0.0289342307670033
859 3650 0.6695857306691773
859 3665 0.7245888228583155
859 3680 0.17444961326385156
859 3515 -0.6476344773343026
859 3530 -0.557164190342381
859 3544 0.6399651626965899
859 3559 0.08612432790980518
859 3574 0.49385071741559705
859 3589 -0.5917313309110805
860 3785 0.7074763287432424
860 3800 -0.1412803680932131
860 3815 0.5838271165817575
860 3830 0.5409579078759439
860 3845 0.5727189173832823
860 3860 0.4105043481037609
860 3695 -0.9166910940292194
860 3710 0.015269433698951618
860 3724 -0.3165112981838436
860 3739 0.011362849299974886
860 3754 -0.6731276982749663
860 3769 -0.23488135026491253
873 874 -0.22922716190612724
873 888 0.5083804575118072
873 3425 -0.6068091926825319
873 3440 0.6859149434104681
873 3455 -0.997947351525958
873 3470 0.0073290409667907674
873 3485 0.6278022345083794
873 3500 -0.7017084388525168
873 3365 -0.1359448040160096
873 3380 -0.09088556229577804
873 3395 -0.597864479960061
873 3410 0.5908141843126979
874 875 -0.8786595018823995
874 889 0.9749867542878374
874 3605 0.47000426539323525
874 3620 0.7382875380466456
874 3635 -0.03331096144068568
874 3650 -0.3540772642638561
874 3665 -0.6238022203966322
874 3680 0.9564965325896475
874 3515 -0.9044157086836457
874 3530 0.6558412985487032
874 3545 0.3340576775457982
874 3560 0.5474724935372146
874 3575 -0.1379778865867458
874 3590 0.8219629741141192
875 890 0.6941527116564765
875 3785 0.9968176316523549
875 3800 -0.10376434104245069
875 3815 -0.9265901748747813
875 3830 -0.23049936973590657
875 3845 -0.754163262826336
875 3860 -0.5196723792992155
875 3695 -0.4799437929229047
875 3710 0.46663426865600544
875 3725 0.9462478012698301
875 3740 0.4696751513391413
875 3755 -0.18989676383747156
875 3770 -0.09461794094719811
888 889 0.7651081588122028
888 3425 -0.1427074209890915
888 3440 -0.19564252918454006
888 3455 -0.2673515553135033
888 3470 -0.5237891071662526
888 3485 -0.5286980431396053
888 3500 0.8646140999451506
888 3365 0.8011813749303556
888 3380 -0.6275459855199736
888 3395 0.8912256211207146
888 3410 -0.9799063798415037
889 890 0.3654771190476582
889 3605 -0.46692765914513457
889 3620 -0.1726203314057777
889 3635 0.6500533325074653
889 3650 -0.131862820149947
889 3665 0.1667927474520523
889 3680 0.39273423771553984
889 3515 0.7901730628168648
889 3530 -0.7960313866422761
889 3545 0.17281283753599985
889 3560 0.6676220148939589
889 3575 -0.9641342070177477
889 3590 -0.30132245161410864
890 3785 -0.5330629410734768
890 3800 -0.1621842099840718
890 3815 -0.9860031395660187
890 3830 -0.5867050090173787
890 3845 0.003566076369687643
890 3860 0.4396186512204927
890 3695 0.31175005988192983
890 3710 -0.5321865897889062
890 3725 -0.021557332294831477
890 3740 -0.18598992199043574
890 3755 -0.9817656362700948
890 3770 0.7539158294546768
903 904 0.6348358360532869
903 918 -0.8394918699578333
903 3425 0.5751008808249136
903 3440 -0.9067796137941415
903 3365 0.9254350879788997
903 3380 -0.8334032500001436
903 3395 0.7291923079319789
903 3410 0.42657776294695915
904 905 0.5733052998998562
904 919 -0.41437542430355445
904 3605 -0.4641877402812715
904 3620 0.5674114295302575
904 3455 -0.7232438019455021
904 3470 -0.571287710476416
904 3485 0.45107599254225894
904 3500 0.14738473442942945
904 3515 -0.16521895045126667
904 3530 -0.04078870226771403
904 3545 -0.6414847272597379
904 3560 0.9934458508865596
904 3575 0.7168165599871965
904 3590 -0.7877690550688248
905 920 -0.7460731012208413
905 3785 0.03327995623324553
905 3800 -0.03834003107716333
905 3635 -0.7095213264459757
905 3650 0.5278717511017752
905 3665 -0.23397639125049285
905 3680 0.39999012094720077
905 3695 -0.6330863847571069
905 3710 0.9026574497809814
905 3725 -0.5312315265743424
905 3740 0.6725703138221797
905 3755 -0.897191100221139
905 3770 -0.9298466533620173
918 919 0.7713721922272856
918 3425 0.9021080956221745
918 3440 0.49720778221283646
918 3365 -0.021458355860119793
918 3380 0.2081414862251607
918 3395 -0.07637658887971677
918 3410 -0.053682144829063416
919 920 -0.6075245302508423
919 3605 0.47752109695377554
919 3620 0.7936524814488486
919 3455 -0.5628619260252306
919 3470 -0.979751707344019
919 3485 0.8402476257241476
919 3500 -0.019382258343848324
919 3515 0.14858951330051173
919 3530 -0.015294247491527635
919 3545 -0.9327539244559608
919 3560 0.3451414752053956
919 3575 -0.553915657668149
919 3590 -0.16382157179077605
920 3785 0.11918498845573233
920 3800 -0.7247936451985917
920 3635 0.09969541088670697
920 3650 0.7369654957106908
920 3665 -0.21215068912990853
920 3680 0.7921344006493372
920 3695 0.8282974283145126
920 3710 -0.5147419100163853
920 3725 -0.5073059709616003
920 3740 -0.6586187714807992
920 3755 -0.4363725963393539
920 3770 0.4743762239698517
933 934 -0.34550878893333725
933 948 0.6933431302683297
933 3425 -0.5636452148130282
933 3440 0.6763256030414357
933 3365 -0.5747684464144331
933 3380 0.8479580815429841
933 3395 -0.050294390474986184
933 3410 -0.9045834856183443
934 935 -0.3550626893343971
934 949 0.04275535863734392
934 3605 -0.6660191380561931
934 3620 0.7785242289564169
934 3455 -0.3364100399936907
934 3470 -0.48693353483388546
934 3486 -0.3411310423257954
934 3501 -0.26804252954066143
934 3516 0.5766681504756235
934 3531 0.039647749603937577
934 3545 0.3547223703118365
934 3560 -0.13546139187903128
934 3575 -0.2477223209752779
934 3590 0.6354594465397669
935 950 0.2581558562646806
935 3785 -0.9304941996427452
935 3800 0.29299224561128234
935 3635 -0.028197411333650946
935 3650 -0.8577126794413259
935 3666 0.7340325575437543
935 3681 -0.4160062702659011
935 3696 0.2385151255663438
935 3711 0.054833964935692814
935 3725 0.28869394797021264
935 3740 -0.8539852304989728
935 3755 -0.1668453280935165
935 3770 0.6195098859339503
948 949 0.5499570907808653
948 3425 0.774224237719968
948 3440 -0.168617952697536
948 3365 -0.47098262074094444
948 3380 -0.0011131892242361996
948 3395 -0.4298310870908195
948 3410 0.4498848658539316
949 950 -0.92912878115471
949 3605 0.23836393472107842
949 3620 -0.6236726990054335
949 3455 0.5572287329491346
949 3470 -0.05023567978883947
949 3486 0.6293604960194907
949 3501 0.3869055553981189
949 3516 -0.30677551815119
949 3531 -0.5737790647164052
949 3545 -0.3349629013062765
949 3560 -0.7843382994836137
949 3575 -0.4319195507309439
949 3590 -0.3288952257213089
950 3785 -0.5075425109330389
950 3800 -0.830807159762061
950 3635 0.4794167789853523
950 3650 0.2854832914003891
950 3666 0.9611879236205021
950 3681 -0.5185318440790312
950 3696 -0.2604391886386772
950 3711 -0.37907765047199793
950 3725 -0.3200342778753811
950 3740 -0.6604842359098126
950 3755 0.9804470991690648
950 3770 0.8768096009903292
963 964 -0.4753309749939838
963 978 -0.8801237607184684
963 3425 0.3871848583606816
963 3440 -0.853119339648811
963 3455 -0.41400466563622573
963 3470 -0.33663537016418443
963 3486 0.6760198555286083
963 3501 0.9236206453577185
963 3516 -0.09340353645810762
963 3531 0.3663373915939745
963 3545 -0.0011614976175160496
963 3560 0.9593725811604146
963 3395 -0.6026292885692732
963 3410 -0.613259437722242
964 965 0.2805710261874659
964 979 0.8565239636317041
964 3605 -0.18425954168688752
964 3620 0.5083539633552379
964 3635 0.07043934299606436
964 3650 -0.9827450533580997
964 3666 -0.47913592069089694
964 3681 0.49709566833016994
964 3696 0.4965271526822721
964 3711 -0.8735875328522189
964 3725 0.4405869177793238
964 3740 -0.09280179025616753
964 3575 -0.10704279863590505
964 3590 0.3807655260631104
965 980 -0.5420067877967325
965 3785 -0.8296538014914765
965 3800 -0.6739336028543323
965 3815 0.2955177968389593
965 3830 0.5344826648825975
965 3846 -0.9174952777552006
965 3861 0.7586536735571618
965 3876 -0.4364681791663221
965 3891 0.4031196311443521
965 3755 0.7145117046119345
965 3770 -0.6538621508742333
978 979 -0.5066826361108616
978 3425 0.6587892859852105
978 3440 -0.5191805008761126
978 3455 0.9832463413630428
978 3470 0.3372853510557101
978 3486 0.5957171812671183
978 3501 -0.36606099225516564
978 3516 0.964078393089802
978 3531 0.3652886141603422
978 3545 -0.56744221177723
978 3560 0.1936943693540607
978 3395 0.5878949276214402
978 3410 0.8593330371056962
979 980 0.7079459154078107
979 3605 0.9950358738829164
979 3620 0.9410094979858643
979 3635 0.3792688120304277
979 3650 -0.5200237982947948
979 3666 0.5594955735564875
979 3681 0.2651810858600592
979 3696 -0.21750673631273165
979 3711 0.9734332510934358
979 3725 0.06286618066952232
979 3740 -0.22491032407613942
979 3575 -0.14421115834804987
979 3590 -0.22362923633594511
980 3785 0.9507994211221014
980 3800 0.8943468575754356
980 3815 -0.2987908325895581
980 3830 -0.8247755668241226
980 3846 0.5322060135992186
980 3861 -0.7381693314370457
980 3876 0.23914603502332543
980 3891 -0.6702137921829141
980 3755 0.21104281469309116
980 3770 -0.4557857944557624
993 994 0.03490290876263402
993 1008 0.939590029443621
993 3426 -0.5587064005449456
993 3441 0.47036500639439427
993 3456 -0.3361389268256274
993 3471 -0.3490148844688943
993 3486 0.5693221330814535
993 3501 -0.09953949222370251
993 3516 0.1868417125923687
993 3531 0.3386093257484666
993 3545 -0.14837694449332584
993 3560 -0.021553059010861908
993 3395 0.09928200658921527
993 3410 0.8270161351952903
994 995 -0.3790259571823422
994 1009 -0.15967028885636503
994 3606 0.781164158018282
994 3621 0.6177375757099515
994 3636 0.5675979994552331
994 3651 -0.7854208744193536
994 3666 -0.24283252570854352
994 3681 -0.2908275335570929
994 3696 -0.7267680110557277
994 3711 -0.5098294061037418
994 3725 -0.20951078877700957
994 3740 -0.5474991392000879
994 3575 0.9742589001519739
994 3590 0.9532472349219581
995 1010 0.4701622285279803
995 3786 -0.5092445439171924
995 3801 -0.27256366695835244
995 3816 0.7622259762925259
995 3831 0.48707574958504507
995 3846 0.674217660662447
995 3861 -0.5998449187125694
995 3876 -0.2327463904831839
995 3891 0.43494433485729456
995 3755 0.623958382685663
995 3770 -0.10995822104147202
1008 1009 0.00012923519215646273
1008 3426 0.4087910474850287
1008 3441 0.9685487211364412
1008 3456 0.39287355360591003
1008 3471 0.540721147560892
1008 3486 0.8783978512838242
1008 3501 0.1227679233433061
1008 3516 0.36262952702552353
1008 3531 -0.5667607264726098
1008 3545 -0.9735697001614114
1008 3560 -0.881775334820972
1008 3395 0.518136462791785
1008 3410 0.09456351540182473
1009 1010 0.25489139225815305
1009 3606 0.6591045716088537
1009 3621 -0.4720316662088606
1009 3636 0.5148810164956652
1009 3651 0.023104385393168725
1009 3666 -0.7683421589368571
1009 3681 -0.7215183521551096
1009 3696 -0.6422944707645863
1009 3711 -0.060690555973890614
1009 3725 0.41358856072680705
1009 3740 0.2624545758294794
1009 3575 -0.9076363363445563
1009 3590 -0.7047399553140725
1010 3786 0.4651598185454
1010 3801 -0.30515965975241843
1010 3816 0.3730896786435216
1010 3831 -0.1707960338068817
1010 3846 0.7601923609185384
1010 3861 0.6372859410460001
1010 3876 0.11129458476078646
1010 3891 0.5772424678650132
1010 3755 -0.8237166934982161
1010 3770 -0.8128100947188284
1023 1024 0.7261110127029633
1023 1038 0.31270991795643344
1023 3426 0.5831585731984912
1023 3441 0.987405582153847
1023 3456 -0.4839040956945684
1023 3471 -0.22261187834741603
1023 3486 0.38464485158674955
1023 3501 -0.44185558687656834
1023 3365 0.7651491031951663
1023 3380 -0.08448430741059054
1023 3395 -0.5450854180373585
1023 3410 -0.8861181701530869
1024 1025 0.07334092554992688
1024 1039 -0.7062963779182503
1024 3606 -0.584385869730315
1024 3621 0.17627694375520297
1024 3636 -0.8077636662005703
1024 3651 0.6530822734962516
1024 3666 0.9991851003500563
1024 3681 0.3615161662208448
1024 3516 -0.6337344819650705
1024 3531 -0.7494489351587752
1024 3545 -0.6148419721062395
1024 3560 0.4808030636858438
1024 3575 -0.05072222667431037
1024 3590 -0.3607942130982218
1025 1040 0.5950493802245627
1025 3786 0.22720198378644763
1025 3801 -0.9268758054737463
1025 3816 0.09386611207963558
1025 3831 -0.23742686056980866
1025 3846 0.4241301668518811
1025 3861 0.6644668129250775
1025 3696 -0.6981782320382155
1025 3711 -0.31348583778235906
1025 3725 0.8681017799235775
1025 3740 0.8526226939704025
1025 3755 0.7923126461746886
1025 3770 0.18303233725445756
1038 1039 0.03880551684701983
1038 3426 0.9710628112361224
1038 3441 -0.4175523043699203
1038 3456 -0.8866447090968497
1038 3471 0.8062700129203022
1038 3486 0.8505060580024739
1038 3501 0.1600520155037486
1038 3365 -0.13029501491823403
1038 3380 0.449362860500947
1038 3395 -0.8557054792707726
1038 3410 0.907265285066855
1039 1040 -0.24192442792395807
1039 3606 -0.1929300481246159
1039 3621 -0.41293487236932735
1039 3636 0.04308063433990239
1039 3651 0.5626553939193715
1039 3666 0.6227434238331133
1039 3681 -0.3401739822845167
1039 3516 0.34180428753868264
1039 3531 0.8064031232329902
1039 3545 -0.14945174891882074
1039 3560 0.03455018647052399
1039 3575 0.1746370188457187
1039 3590 -0.5469352727441501
1040 3786 -0.08448297064269683
1040 3801 0.7641290802386085
1040 3816 0.01589263303617927
1040 3831 -0.5454682620711462
1040 3846 -0.5358635598945511
1040 3861 0.005083795543675995
1040 3696 -0.498830424770472
1040 3711 0.6347458105827088
1040 3725 -0.26558879471789143
1040 3740 -0.5929682830169065
1040 3755 -0.31704333052550693
1040 3770 -0.07268281215653372
1053 1054 -0.0060408285095652214
1053 1068 0.1901004413566565
1053 3426 0.9357601873988821
1053 3441 0.4887453308477696
1053 3456 -0.4221500613218401
1053 3471 -0.9719887660940414
1053 3486 0.5212797540161866
1053 3501 0.5003358708242782
1053 3366 0.4378310832228174
1053 3381 -0.8907658024857399
1053 3396 0.5434041260202143
1053 3411 0.8613075225071083
1054 1055 -0.9595997701673653
1054 1069 0.3594074267271623
1054 3606 0.7958655276330564
1054 3621 -0.18590019278523795
1054 3636 -0.979523679495166
1054 3651 -0.32900609220550225
1054 3666 0.4879998360752813
1054 3681 -0.6395162100314216
1054 3516 0.1905105078983962
1054 3531 -0.014193272349605879
1054 3546 -0.6008227268821065
1054 3561 -0.7131315695013467
1054 3576 -0.8201033160010398
1054 3591 0.03758138649161702
1055 1070 -0.05091890214140249
1055 3786 -0.6174066683509287
1055 3801 -0.844220459383699
1055 3816 0.5459243702546792
1055 3831 -0.00816437415010629
1055 3846 0.11182791295899608
1055 3861 0.9035984875390519
1055 3696 -0.5600830799876011
1055 3711 -0.33202029701102953
1055 3726 0.5442024433540515
1055 3741 -0.16649878982290467
1055 3756 0.8925313874172438
1055 3771 0.12626003788066775
1068 1069 -0.7763712409633448
1068 3426 -0.6613040529134047
1068 3441 0.32233162853550645
1068 3456 0.3342462794682377
1068 3471 -0.3730387153854082
1068 3486 -0.16234306470160442
1068 3501 -0.17817566125545303
1068 3366 -0.27524985317452555
1068 3381 -0.8618038319352219
1068 3396 0.19145306040911825
1068 3411 -0.6047321322762165
1069 1070 -0.3147222009519284
1069 3606 -0.1820358653412375
1069 3621 -0.15150511102545305
1069 3636 0.21371251726867158
1069 3651 -0.20588965322961839
1069 3666 0.26074461381906233
1069 3681 -0.5125423991798033
1069 3516 -0.08984586779572079
1069 3531 0.03818549637184243
1069 3546 -0.723633338846503
1069 3561 0.37466249583159916
1069 3576 0.7063141543608948
1069 3591 0.14974989537369687
1070 3786 -0.12132858264175783
1070 3801 0.8063108612118948
1070 3816 0.6781148037634637
1070 3831 -0.5367817872505134
1070 3846 0.874740831443217
1070 3861 -0.23814694674066028
1070 3696 0.6441775681338582
1070 3711 0.019610618316172168
1070 3726 -0.8305027224730988
1070 3741 -0.11061973083936016
1070 3756 0.4242490230986036
1070 3771 -0.6016737707353754
1083 1084 0.7376184428926924
1083 1098 0.41822294276729166
1083 3426 -0.952825663033205
1083 3441 0.20627750575627513
1083 3366 -0.8842006937618603
1083 3381 0.6000014331505583
1083 3396 -0.8515765041215431
1083 3411 -0.39410098115801095
1084 1085 0.16491038001533243
1084 1099 -0.19186816720326894
1084 3606 -0.20420117001291338
1084 3621 0.09995122310852889
1084 3456 0.5418314920721221
1084 3471 0.6965190398674741
1084 3486 -0.4446263504651644
1084 3501 -0.8371222421590792
1084 3516 -0.4388553331172176
1084 3531 -0.6780486447165055
1084 3546 -0.2512753284851683
1084 3561 0.15087889214671035
1084 3576 0.8691317768780311
1084 3591 0.9868399606436904
1085 1100 0.22785665701227797
1085 3786 0.5645820622339635
1085 3801 -0.7965341286551098
1085 3636 0.14646978194025206
1085 3651 -0.7949220124508032
1085 3666 0.540817124040138
1085 3681 0.6900065465414795
1085 3696 0.9296137999699019
1085 3711 -0.6569008375535565
1085 3726 -0.2268024746316748
1085 3741 0.06987097399214948
1085 3756 0.12655736653253147
1085 3771 -0.7631186740418885
1098 1099 0.16290048411087144
1098 3426 0.7621170547534837
1098 3441 0.46795090041341303
1098 3366 0.08066270603849324
1098 3381 -0.8290330379294444
1098 3396 0.32716803283871876
1098 3411 -0.669867112599289
1099 1100 -0.6050152341878281
1099 3606 -0.8318500179613908
1099 3621 0.3195520402236125
1099 3456 -0.3922861148574408
1099 3471 -0.9801245365525078
1099 3486 0.981577103145393
1099 3501 0.8501179020382317
1099 3516 -0.7120862228503593
1099 3531 0.8804883531897412
1099 3546 0.7951161887030163
1099 3561 -0.31299021690053763
1099 3576 0.6001331473219365
1099 3591 -0.7482971517545249
1100 3786 0.9967154247364975
1100 3801 -0.001444461563117505
1100 3636 -0.4652018656726731
1100 3651 -0.2808987140247228
1100 3666 -0.307815573689584
1100 3681 -0.9466207600284482
1100 3696 0.2502487816896246
1100 3711 0.8334633528180375
1100 3726 0.7444173916848604
1100 3741 -0.8376977518321611
1100 3756 -0.5429214962973175
1100 3771 0.8911972863208968
1113 1114 -0.8167045244461526
1113 1128 0.46762301983929944
1113 3426 0.12406875776442239
1113 3441 -0.012332727960985501
1113 3366 0.5875848047106644
1113 3381 -0.46731322503530115
1113 3396 -0.875878100215697
1113 3411 0.8581778434054848
1114 1115 0.5275822177300848
1114 1129 0.213265890229545
1114 3606 0.5098037858594662
1114 3621 -0.07386816140120955
1114 3456 -0.07167828780717977
1114 3471 -0.14005008102599747
1114 3546 0.07646960435349581
1114 3561 -0.9362126087763356
1114 3576 0.9408070250065683
1114 3591 -0.8004585751929991
1115 1130 0.720835314927047
1115 3786 -0.527540346231498
1115 3801 0.4834543031561802
1115 3636 0.5799368275456427
1115 3651 -0.6595292705521509
1115 3726 0.406560626491701
1115 3741 -0.27727565070245963
1115 3756 0.09931492184525137
1115 3771 0.10889786273775104
1128 1129 -0.8348202156457756
1128 3426 -0.2274708652437818
1128 3441 0.4339439692834226
1128 3366 -0.38938342066859244
1128 3381 -0.1868394265290918
1128 3396 -0.7006397706000844
1128 3411 0.20301021293206256
1129 1130 -0.4571328146380318
1129 3606 -0.5639727534378463
1129 3621 0.3148059872621818
1129 3456 0.5991256849447719
1129 3471 -0.5475062392859591
1129 3546 -0.47993112961718776
1129 3561 0.5202878587188537
1129 3576 0.5844275808126473
1129 3591 -0.7696019958429434
1130 3786 0.286770886476748
1130 3801 0.8906972082500897
1130 3636 0.6115782567144774
1130 3651 -0.15904788420030092
1130 3726 0.1594105802809993
1130 3741 -0.1533900810890445
1130 3756 -0.24366885843761454
1130 3771 -0.8291112612147986
3364 3365 -0.9530733437263041
3364 3379 0.5820895399885948
3365 3366 0.09700957625019302
3365 3380 -0.2858850268495452
3366 3381 0.7831530660458119
3379 3380 0.20795704392259906
3380 3381 -0.2573254390790898
3394 3395 -0.4611516202986401
3394 3409 -0.8762246843691932
3395 3396 -0.22550226708126941
3395 3410 -0.09867760123486202
3396 3411 0.7605142179453219
3409 3410 -0.7148551980016522
3410 3411 -0.5594760589857046
3424 3425 0.1542144053241663
3424 3439 -0.14890090508816378
3425 3426 0.528780635455286
3425 3440 0.6460084291565737
3426 3441 0.020940384434335657
3439 3440 0.04708442913323663
3440 3441 0.16588713460168236
3454 3455 0.9504541551220449
3454 3469 -0.17490937423050168
3455 3456 0.7608775589282419
3455 3470 0.8890766515815145
3456 3471 0.8096739683467291
3469 3470 0.8948155488746858
3470 3471 -0.9500267523818355
3484 3485 -0.7876742232267051
3484 3499 0.45678789876582937
3485 3486 -0.3099357053712548
3485 3500 -0.5011765529607144
3486 3501 -0.9050370664817262
3499 3500 0.8498703427430851
3500 3501 0.3302677213107794
3514 3515 0.8214405820138928
3514 3529 -0.15198478598661525
3515 3516 0.03509931639999553
3515 3530 -0.1536563102989139
3516 3531 -0.026321549007932266
3529 3530 -0.26440040073963766
3530 3531 -0.27161114359992533
3544 3545 0.07439937076689085
3544 3559 0.5538727968124872
3545 3546 -0.09718810543327505
3545 3560 -0.8541065521936315
3546 3561 -0.25489952449278386
3559 3560 -0.20402423995172514
3560 3561 -0.8926089803648976
3574 3575 -0.36164339525418043
3574 3589 0.01881340399541509
3575 3576 0.156007611186614
3575 3590 0.9311743758132285
3576 3591 0.9221102897498419
3589 3590 0.457172006300526
3590 3591 -0.6421138582054513
3604 3605 0.18956793530797467
3604 3619 0.7966532842887095
3605 3606 0.7522195570381807
3605 3620 0.1608430744246494
3606 3621 -0.48886238463354226
3619 3620 -0.8295712814848875
3620 3621 -0.311905108056737
3634 3635 -0.15040861127501515
3634 3649 -0.22481442149403907
3635 3636 -0.9488429470014674
3635 3650 -0.9675892714011789
3636 3651 0.4710513092812141
3649 3650 -0.6325577997135168
3650 3651 -0.2908991911598344
3664 3665 0.8883350844559461
3664 3679 0.02970600103881904
3665 3666 -0.47032892533472803
3665 3680 0.31390943428186446
3666 3681 -0.47980315960334075
3679 3680 0.007918083951772292
3680 3681 -0.7838171872457949
3694 3695 -0.629468733194257
3694 3709 -0.9822060258324206
3695 3696 -0.5594129160884511
3695 3710 -0.608920402791215
3696 3711 0.23897215422943474
3709 3710 0.14041530232011246
3710 3711 -0.38238797582653494
3724 3725 -0.44113427915470416
3724 3739 -0.5141473982691704
3725 3726 0.7765595978076536
3725 3740 -0.9305408265682036
3726 3741 0.8120363767577641
3739 3740 -0.8395874686054636
3740 3741 0.6614906913321399
3754 3755 -0.4301406912526864
3754 3769 0.7185156269979491
3755 3756 -0.6703041143308714
3755 3770 0.8941576032773366
3756 3771 -0.029510327295969363
3769 3770 0.9977771174513699
3770 3771 -0.3260486135183178
3784 3785 0.9239291106669083
3784 3799 0.3191749786790439
3785 3786 0.360659073927559
3785 3800 0.5197092993646317
3786 3801 0.6698174999730524
3799 3800 -0.8795296957886007
3800 3801 0.36888746668402383
3814 3815 -0.8015499492739495
3814 3829 0.49176480090426566
3815 3816 0.24546058963654516
3815 3830 -0.02313857470320646
3816 3831 -0.7153261958540398
3829 3830 -0.3340171774016376
3830 3831 -0.3322311370109403
3844 3845 -0.7028370041387471
3844 3859 0.04358507659439126
3845 3846 -0.2718156521424451
3845 3860 -0.9639304464098082
3846 3861 0.07746043332397745
3859 3860 -0.33175771506626983
3860 3861 -0.7415642587962676
3874 3875 -0.7953986302972034
3874 3889 -0.8494581090211042
3875 3876 0.27668154374911524
3875 3890 -0.9304914972885436
3876 3891 0.9249665520578192
3889 3890 -0.8969736250469613
3890 3891 -0.37606271804291835
