# 
603 603 -1.5507144167033378
604 604 1.3581584696049314
605 605 3.99867438378062
618 618 -1.8542830462150306
619 619 -3.981716632016985
620 620 3.5022110691672728
633 633 -2.121398161981098
634 634 3.7110384412968482
635 635 0.3256997561890538
648 648 -2.9836316568270274
649 649 3.3273680035896467
650 650 3.719521918405877
663 663 -0.8826674335696243
664 664 -3.8438687206444966
665 665 0.014802004970110971
678 678 -1.351259790289535
679 679 -3.069114068931319
680 680 -2.664587805826372
693 693 3.273129929879679
694 694 -3.3745446826715915
695 695 1.650150476032679
708 708 -3.2094387617109943
709 709 -2.0582230850848164
710 710 -1.2741410322844118
723 723 -0.03738944594631022
724 724 -0.6338963177660473
725 725 1.5549002980835205
738 738 -2.089138475993982
739 739 3.6472746163890992
740 740 1.387044251205765
753 753 0.9496539599651559
754 754 -3.0409284808252375
755 755 0.7696845013665854
768 768 0.7902380330196852
769 769 -0.5932902288433244
770 770 -3.056449405742258
783 783 -0.05958184883799156
784 784 -0.7510980797328788
785 785 2.273520549574788
798 798 3.8754706312723712
799 799 -1.904114445941918
800 800 -2.5172133696170427
813 813 -0.5742947684074444
814 814 -1.22136498275448
815 815 -1.456317045062388
828 828 -0.8628690189297394
829 829 -2.5517349092013957
830 830 1.3699837244079136
843 843 -2.184684574211846
844 844 -0.8425669976578005
845 845 0.2012248220141899
858 858 -0.47587837307433745
859 859 -2.4673058027295323
860 860 -0.34097563659546903
873 873 3.7939971533136694
874 874 1.0252969459351737
875 875 1.9601852872743688
888 888 1.7334855827794415
889 889 -3.891108371808536
890 890 -2.4296845538950427
903 903 -2.835882371255102
904 904 -1.7157222783072203
905 905 -3.2885975076214127
918 918 0.19564267362715348
919 919 -2.0452346919507685
920 920 1.2244038107082655
933 933 -3.2103512258353435
934 934 -2.782834498370204
935 935 3.3058137232503695
948 948 1.2059542914194026
949 949 -2.599236931298858
950 950 -0.08540305128829129
963 963 0.5366944464393164
964 964 -2.3755568425704885
965 965 1.440506726718369
978 978 -0.9665061468240523
979 979 3.295699940524689
980 980 -0.2812970301258533
993 993 -0.8009717839102137
994 994 -0.27611008843521034
995 995 -2.058441484343393
1008 1008 -0.5940977329903472
1009 1009 -2.2832987642989098
1010 1010 -1.0263662790972798
1023 1023 0.021611373465336925
1024 1024 1.284148605997343
1025 1025 -1.0012840785459378
1038 1038 3.0093411226225157
1039 1039 2.991139800310309
1040 1040 1.4269075586076063
1053 1053 3.9139740218380794
1054 1054 -1.615721981636625
1055 1055 -0.10076007350002758
1068 1068 0.37419471715689845
1069 1069 2.420884131234925
1070 1070 2.0560505815632117
1083 1083 -0.5948402404780424
1084 1084 -0.7884011545279899
1085 1085 -1.7570316413327323
1098 1098 -2.084543554972151
1099 1099 -3.148484785025132
1100 1100 1.5592368475624507
1113 1113 0.7772700426938215
1114 1114 2.1001218348742574
1115 1115 -1.4806940307803842
1128 1128 -0.40847204301001216
1129 1129 -3.747417142646425
1130 1130 -0.6290558935565285
3364 3364 2.064878684936108
3365 3365 1.7350895646831024
3366 3366 -0.09561445383517686
3379 3379 0.16503191423556007
3380 3380 -0.3375021365436206
3381 3381 -0.6771531973719087
3394 3394 -2.7634637251604968
3395 3395 1.3305032295114154
3396 3396 3.4710857136769633
3409 3409 1.2236396985932396
3410 3410 1.8788144052572608
3411 3411 -2.795912030615205
3424 3424 -0.7286298766651411
3425 3425 2.318043098868136
3426 3426 -0.23810336033043455
3439 3439 -0.8029479363476195
3440 3440 -2.0696990731343465
3441 3441 1.7987281415766931
3454 3454 -0.4209162127509245
3455 3455 2.3295422670350243
3456 3456 -1.505429956456303
3469 3469 -2.4573307672879032
3470 3470 -2.288183788172919
3471 3471 -2.436661397095028
3484 3484 1.7366911408762036
3485 3485 0.0781994260917882
3486 3486 -2.5706528774353874
3499 3499 1.6460970854563586
3500 3500 3.2175146298725013
3501 3501 -1.948846590843444
3514 3514 2.420943474268129
3515 3515 -3.3045296050525286
3516 3516 -1.7994133038367846
3529 3529 1.8127305725524634
3530 3530 0.1817199328178436
3531 3531 -3.4864520606952434
3544 3544 0.9881459817712415
3545 3545 -2.56721381457334
3546 3546 -1.3106846089869517
3559 3559 -2.6829265666456417
3560 3560 -2.742351689026542
3561 3561 -3.8926558302976133
3574 3574 -1.5010031591239468
3575 3575 -2.439458696809689
3576 3576 -2.8224632927730715
3589 3589 -1.401218557334424
3590 3590 -0.9946079110134471
3591 3591 -2.9087399493790302
3604 3604 -0.5631270058650948
3605 3605 -0.20379914837729007
3606 3606 0.17871380640049406
3619 3619 1.1197199984175512
3620 3620 1.682354317166764
3621 3621 2.1385959783904536
3634 3634 -0.6653661740065484
3635 3635 0.5858894186709698
3636 3636 -2.3692710736198253
3649 3649 -0.7279786926436334
3650 3650 0.5452715072080183
3651 3651 0.29857765449965434
3664 3664 1.5790921133600264
3665 3665 -1.6010848509974638
3666 3666 3.9170439918193063
3679 3679 -1.0916458105917197
3680 3680 -1.0160204870129235
3681 3681 3.584714368965523
3694 3694 -1.529161837197094
3695 3695 -2.205699622214256
3696 3696 2.9923350657182892
3709 3709 -1.5494001298181264
3710 3710 3.4048341874430657
3711 3711 -1.910053046047226
3724 3724 1.4819844918359477
3725 3725 2.397328779738922
3726 3726 1.9801683768129479
3739 3739 -3.5194658673056347
3740 3740 3.892301195469967
3741 3741 -3.5873599585442646
3754 3754 -1.6537861769109998
3755 3755 2.4013238173060776
3756 3756 -0.4517894904977551
3769 3769 2.478028018795367
3770 3770 1.6663344801777162
3771 3771 -1.8723144707698456
3784 3784 2.4658484496155166
3785 3785 1.8441450419321184
3786 3786 -1.6023751235551105
3799 3799 1.382037460275649
3800 3800 3.9575678546070945
3801 3801 2.9020844111208532
3814 3814 -3.674339660690131
3815 3815 1.8464093314495162
3816 3816 -3.949053718405838
3829 3829 -0.8625615145148471
3830 3830 -1.6613040815498854
3831 3831 3.6444469460970073
3844 3844 3.5432026865878017
3845 3845 1.7429375482431322
3846 3846 -1.461155874153973
3859 3859 3.0847841542996592
3860 3860 0.6427197943133693
3861 3861 3.7611538106741333
3874 3874 -0.6387189867665546
3875 3875 -1.6673326908468917
3876 3876 -2.011348356577323
3889 3889 3.099882004007905
3890 3890 -0.48836368797991003
3891 3891 -1.4619456386093361
603 604 0.9964165036112229
603 618 0.6648094504358886
603 3484 -0.07087710681752335
603 3499 0.003591003515504454
603 3514 -0.3590214537639749
603 3529 0.23103402951925722
604 605 0.7214123424456826
604 619 0.9750829407205515
604 3664 -0.5400540315223437
604 3679 0.11671719349504128
604 3694 -0.4313204573013072
604 3709 0.3807216603064012
605 620 0.7452356927898081
605 3844 -0.16915118442699795
605 3859 -0.89771884040095
605 3874 -0.5410858191395223
605 3889 -0.6296159625087823
618 619 -0.17741046286310702
618 3484 -0.10475749666444756
618 3499 0.38216748570380643
618 3514 0.38702716837877893
618 3529 -0.4637788353643142
619 620 0.19511859106266227
619 3664 -0.7846009931743616
619 3679 0.8932271943085803
619 3694 0.01573642559213262
619 3709 0.8899852676727027
620 3844 -0.8614939845817473
620 3859 0.18866449309149358
620 3874 -0.6549509855050797
620 3889 -0.9675808626170745
633 634 0.8700320229021807
633 648 -0.32680594857266265
633 3424 -0.7073481780558297
633 3439 -0.7504987609095728
633 3454 -0.04006987209653268
633 3469 -0.08517329872117596
633 3484 0.8776165963498139
633 3499 -0.5338498168294905
633 3514 -0.5643627412050969
633 3529 0.4223018338945608
634 635 0.07558146319782622
634 649 0.06489992520744603
634 3604 -0.29398455521368483
634 3619 -0.6819736370570888
634 3634 -0.032298195138078745
634 3649 -0.2910980371874585
634 3664 -0.29582215081145735
634 3679 0.2079148531042152
634 3694 -0.3099379014460668
634 3709 -0.5221763966094273
635 650 -0.6130084400923161
635 3784 0.2688695952858444
635 3799 0.2207322758732686
635 3814 0.11024928269755319
635 3829 -0.8881841871839844
635 3844 0.12141308582201549
635 3859 -0.3110032336071331
635 3874 -0.41792064190259515
635 3889 -0.9094501735185521
648 649 -0.8961548095729082
648 3424 0.9269049475840918
648 3439 0.34695175387081023
648 3454 -0.07733363133024618
648 3469 -0.7390035422958288
648 3484 -0.21539814618436948
648 3499 0.5163337370322356
648 3514 0.61571587394547
648 3529 -0.5911637509427026
649 650 0.7279597215690072
649 3604 0.8788985187712055
649 3619 0.7914719845396783
649 3634 -0.6682934214891423
649 3649 0.516460629330477
649 3664 0.2471641859114695
649 3679 0.8933041156824584
649 3694 -0.5496539224420862
649 3709 -0.9512316419888929
650 3784 0.7969464449492913
650 3799 0.3750512807931059
650 3814 0.9367120725542784
650 3829 -0.019614657442130534
650 3844 0.06843569793398685
650 3859 0.31005442948445183
650 3874 0.4463674778002027
650 3889 0.06032802256090086
663 664 0.9367682777464408
663 678 0.41812606453025336
663 3424 -0.916532126279636
663 3439 -0.888125381675881
663 3454 -0.9588167034945667
663 3469 0.8159154322219635
663 3484 0.9589738675947042
663 3499 -0.6125046168785533
664 665 -0.9058866092740707
664 679 0.2273253652032241
664 3604 0.5860344575431418
664 3619 -0.2144578414406404
664 3634 0.383018645856926
664 3649 -0.8496162504351892
664 3664 -0.7951455394579883
664 3679 -0.079158477058491
664 3514 0.35715802007892505
664 3529 0.42693021417922683
665 680 0.26295542426682883
665 3784 -0.3963047573835363
665 3799 -0.5929162819025047
665 3814 -0.007374238148540657
665 3829 -0.49193863761129
665 3844 0.6914820022106998
665 3859 -0.86373268059988
665 3694 -0.34689948430907513
665 3709 -0.9138880146900286
678 679 -0.5642833531458593
678 3424 -0.06782511955386394
678 3439 -0.6351209854592343
678 3454 -0.24990983883253115
678 3469 -0.4165844925699531
678 3484 0.9538888071876535
678 3499 -0.08701973821825648
679 680 0.5376029142077683
679 3604 0.20237353021841686
679 3619 0.6879681542780463
679 3634 0.34711991110538043
679 3649 -0.2600917059326573
679 3664 0.0349236431582729
679 3679 0.7147994996529674
679 3514 -0.6330217184257436
679 3529 -0.14681802898530383
680 3784 -0.009335677033464052
680 3799 0.25250849428148125
680 3814 -0.46663117471485216
680 3829 -0.7353175150067282
680 3844 0.4754246945993097
680 3859 -0.19728985489565343
680 3694 0.4619558742696874
680 3709 0.5572231857288263
693 694 -0.6348101458173552
693 708 0.7122487093876722
693 3424 0.7296926249596034
693 3439 0.8670101255580227
693 3454 0.3033057892210882
693 3469 -0.13451671407489263
693 3484 0.7469040458200173
693 3499 -0.30570383147949953
693 3364 0.4520607440984039
693 3379 -0.8099946555792312
693 3394 0.6884523730823247
693 3409 0.5707305436563586
694 695 0.9010424097889658
694 709 -0.7691293553108975
694 3604 -0.8660778445095432
694 3619 0.5133784399986434
694 3634 0.7979514411413104
694 3649 -0.647873846970189
694 3664 0.9308642883518183
694 3679 -0.2213805046637749
694 3514 -0.6154872087786625
694 3529 0.3214867699541679
694 3544 0.10309736243789369
694 3559 0.6498994517208501
694 3574 0.460400650281068
694 3589 0.2496674020547338
695 710 -0.17554832107858243
695 3784 0.2642496383104669
695 3799 -0.05062304231972692
695 3814 0.7930222351328231
695 3829 0.9242231838661472
695 3844 -0.8612864347916689
695 3859 -0.17917954665746505
695 3694 0.658063994296999
695 3709 0.8684681632261109
695 3724 -0.5064534717803977
695 3739 -0.543818711346417
695 3754 -0.6381301833914761
695 3769 0.9449520123831108
708 709 -0.5840968237444382
708 3424 -0.10410267266919404
708 3439 -0.6617849633520334
708 3454 0.14894181049349386
708 3469 0.4285920079458365
708 3484 -0.514303244616557
708 3499 0.7711731480090449
708 3364 -0.6611303846259518
708 3379 -0.7933735359651226
708 3394 0.7863619169196674
708 3409 -0.5793620537373874
709 710 0.36429285459983674
709 3604 -0.08734869044857696
709 3619 -0.33440513304957853
709 3634 -0.5597989556918321
709 3649 0.8840137777606787
709 3664 -0.3581071542650982
709 3679 -0.42598735514368014
709 3514 0.9117196832463825
709 3529 0.22685769684031798
709 3544 0.22830699499708662
709 3559 0.4045743281994243
709 3574 0.9670254231749116
709 3589 -0.9701887938470521
710 3784 0.8302572306879075
710 3799 -0.46830762674979387
710 3814 -0.07672891308537433
710 3829 0.5100012888906162
710 3844 -0.36172626530662666
710 3859 0.38474847133777934
710 3694 0.17022782754924748
710 3709 0.0727443483664374
710 3724 -0.29222035574902927
710 3739 0.9332780619267347
710 3754 0.8637139413624197
710 3769 0.5063567480795534
723 724 0.59066901081515
723 738 0.38099877827067985
723 3424 0.3750389862618546
723 3439 -0.001974528929942654
723 3364 0.6782043097097665
723 3379 -0.25198693414240747
723 3394 -0.3057302762125771
723 3409 -0.6610016279784825
724 725 -0.36276699131822676
724 739 0.007706159504968779
724 3604 0.7107357372073744
724 3619 -0.5757093847114336
724 3454 -0.6546537717430772
724 3469 -0.539194866469187
724 3484 0.861257466119203
724 3499 0.8351290422671995
724 3514 0.862992346986883
724 3529 -0.2440607626383411
724 3544 -0.533507703725504
724 3559 -0.018031896407072034
724 3574 -0.36527534930142824
724 3589 -0.8865479978705157
725 740 -0.01675423496916495
725 3784 0.20616262567421395
725 3799 0.09125987868078611
725 3634 -0.5005672708811688
725 3649 -0.994348332849591
725 3664 0.39800565802337307
725 3679 -0.07810609949914205
725 3694 0.15821581525250483
725 3709 0.12880102153202877
725 3724 -0.37885892127292187
725 3739 0.40408264277397077
725 3754 -0.7664345954435496
725 3769 -0.15674947783223048
738 739 0.42037143780148134
738 3424 -0.12256567838290122
738 3439 0.018283026882611964
738 3364 -0.8277797485624099
738 3379 0.842750777452798
738 3394 0.8167195044227022
738 3409 -0.2934413899305448
739 740 -0.4252892576049614
739 3604 0.3988087104108806
739 3619 -0.7166090957605651
739 3454 0.12393971267021509
739 3469 -0.5424173199518694
739 3484 0.49649805183461715
739 3499 0.7749348583798137
739 3514 0.4786937832009148
739 3529 0.4648681331414166
739 3544 0.6264121509021225
739 3559 -0.8377289882591206
739 3574 -0.08992576099900562
739 3589 0.21768336858729698
740 3784 -0.7664506469784262
740 3799 0.47091274226118474
740 3634 -0.7672391086051076
740 3649 -0.4417699018377883
740 3664 -0.6575067544398863
740 3679 0.0980042863736359
740 3694 -0.8591333774088257
740 3709 -0.3338225844914138
740 3724 -0.4962706543043005
740 3739 -0.06921156926458694
740 3754 0.2777719775373064
740 3769 -0.08281173239868811
753 754 -0.5666216226782663
753 768 0.47854838601272043
753 3424 -0.23609404719336768
753 3439 -0.7981747837276594
753 3364 -0.5563655695080751
753 3379 -0.5293705438103447
753 3394 0.6721315767233602
753 3409 -0.3851754275074637
754 755 0.3957445694248005
754 769 -0.8420891959448784
754 3604 0.40268470746388507
754 3619 0.6036767049356264
754 3454 -0.15183500600787103
754 3469 -0.7027379095822044
754 3485 0.644168917167457
754 3500 0.9194844110720304
754 3515 0.6776352864049549
754 3530 -0.9872413657897876
754 3544 0.9084373194537751
754 3559 0.2958946572054302
754 3574 -0.3335455785249002
754 3589 0.4200663469918202
755 770 -0.5392719905722365
755 3784 0.005494387643724563
755 3799 -0.3904194184412648
755 3634 0.7767577070155662
755 3649 0.9724864768829551
755 3665 -0.6624758043062127
755 3680 0.18875803788144085
755 3695 -0.12115135826365564
755 3710 -0.35797047913795743
755 3724 -0.7936545643995472
755 3739 0.4575002369575334
755 3754 -0.49087602549022935
755 3769 0.883261216785165
768 769 0.6557384247508193
768 3424 -0.6655295842035973
768 3439 0.017896678401637667
768 3364 -0.1871513184399447
768 3379 -0.953137076903976
768 3394 0.6788118555766667
768 3409 0.37442382989486567
769 770 -0.30459516472481774
769 3604 0.5313348701314102
769 3619 0.9632760422004576
769 3454 -0.9113012550663337
769 3469 -0.01577329976152697
769 3485 -0.30320956601478266
769 3500 0.5194358384451923
769 3515 -0.05899819095771197
769 3530 -0.27659822479387386
769 3544 0.37133821246268717
769 3559 -0.3791277761345657
769 3574 0.42050480149037917
769 3589 0.49994982630719775
770 3784 -0.7967174228792671
770 3799 -0.11635319841401137
770 3634 0.569318203190275
770 3649 0.45773205508449855
770 3665 0.8800096858700595
770 3680 -0.30623705081553787
770 3695 0.5430196490982111
770 3710 0.0015421133192785597
770 3724 -0.6230752486962281
770 3739 0.7358837737251374
770 3754 -0.5021017418169647
770 3769 -0.09078683371542429
783 784 0.9569681813504818
783 798 0.5977454582272115
783 3424 -0.05187234450955169
783 3439 -0.44359168120088377
783 3454 -0.8317969308819186
783 3469 0.727204577790151
783 3485 -0.7894624346633794
783 3500 -0.6532417964913158
783 3515 -0.05386182097076886
783 3530 -0.7350386291530091
783 3544 -0.0635483078152812
783 3559 -0.7777336345657195
783 3394 -0.5083367850454277
783 3409 0.7078348285328437
784 785 -0.6850548666614849
784 799 -0.3652761555661399
784 3604 -0.9764356216152041
784 3619 -0.127519079219494
784 3634 -0.6604312154661931
784 3649 -0.9989559760641384
784 3665 -0.6195975761845656
784 3680 -0.09505501108314363
784 3695 -0.3839254825264198
784 3710 -0.49134905128310025
784 3724 0.509049261488959
784 3739 0.7858918031786413
784 3574 -0.4721384851414627
784 3589 0.0019682784314940527
785 800 0.799824798556237
785 3784 0.7040725224299484
785 3799 -0.42211830829263053
785 3814 0.06636963574398647
785 3829 0.48975964599513855
785 3845 -0.9060669001343096
785 3860 -0.29342072457380897
785 3875 0.8779694141809435
785 3890 0.13860496084158647
785 3754 0.5183449386444574
785 3769 0.36691270552535116
798 799 0.5972810290097501
798 3424 0.6713106365277701
798 3439 -0.029971115179060925
798 3454 0.22744808800248384
798 3469 0.6909947022462166
798 3485 0.755680423626381
798 3500 0.2231475963217393
798 3515 -0.8445398087030984
798 3530 -0.6430933716442799
798 3544 0.3032966944880673
798 3559 0.7590789647533269
798 3394 -0.6516734302672813
798 3409 -0.5074004590679739
799 800 0.17756937025960928
799 3604 0.39281696621880857
799 3619 0.9291659351478214
799 3634 -0.7788386137150098
799 3649 0.8042799467921498
799 3665 -0.9238359885492315
799 3680 0.2751605388705807
799 3695 -0.03157450973081821
799 3710 0.42460767859770154
799 3724 0.22945263185256604
799 3739 -0.6831278953324929
799 3574 0.7235508789576224
799 3589 0.4844450408534824
800 3784 0.17765470310940845
800 3799 0.030833396859432538
800 3814 -0.22092007294984572
800 3829 0.7502353400542807
800 3845 -0.5105850571572483
800 3860 0.21389260865972304
800 3875 0.701213569928355
800 3890 0.06623230577594219
800 3754 -0.8220960706026481
800 3769 0.7746295343639906
813 814 -0.9284869316262785
813 828 -0.5810142690742237
813 3425 0.7116246083928182
813 3440 0.09919377997803269
813 3455 -0.4938222893836255
813 3470 -0.9914943976467774
813 3485 0.9104240699238237
813 3500 -0.22187313148378873
813 3515 0.5669365943429299
813 3530 0.7494822150034459
813 3544 0.10309057724609594
813 3559 0.10009731000590638
813 3394 0.48431102400671255
813 3409 -0.34736640617632353
814 815 0.7353850011002947
814 829 -0.1599196017865876
814 3605 -0.07850332157175499
814 3620 -0.5589763859479484
814 3635 -0.14210518090272317
814 3650 -0.8010142029066911
814 3665 -0.23357306702951108
814 3680 -0.6739799799734116
814 3695 -0.025606494156152904
814 3710 0.7011872383479396
814 3724 -0.5063190123401642
814 3739 0.7473756825320164
814 3574 0.8198734528860037
814 3589 -0.0014309717785403464
815 830 -0.8404086200781566
815 3785 -0.6407679929945327
815 3800 -0.4735922063020479
815 3815 0.4335850174885181
815 3830 -0.34608255827381074
815 3845 -0.6277213354396805
815 3860 0.025699467587462888
815 3875 -0.6745694474045936
815 3890 0.18439923995967233
815 3754 0.33469935720518373
815 3769 -0.9613690284148371
828 829 -0.41505217756878277
828 3425 0.34935913880710356
828 3440 -0.988203213131335
828 3455 0.022439093907481
828 3470 -0.9919771413218899
828 3485 -0.545807506444085
828 3500 -0.5767183908366142
828 3515 0.5801756915910781
828 3530 -0.8718217835604567
828 3544 -0.7246667972068053
828 3559 -0.13119484392434688
828 3394 -0.21944323401569266
828 3409 0.6139683340618187
829 830 0.7194541535096768
829 3605 0.2812225470888079
829 3620 -0.487452446754185
829 3635 -0.9054651189748375
829 3650 0.4154163820546055
829 3665 0.6483757140903199
829 3680 -0.9772107670204009
829 3695 0.4157245963025269
829 3710 -0.19766237259347985
829 3724 0.3212777632807371
829 3739 -0.09592424985092407
829 3574 -0.5692463187364605
829 3589 0.6274121364050185
830 3785 0.5617271868600808
830 3800 -0.3408591843885105
830 3815 0.7367355504140451
830 3830 -0.381317751943556
830 3845 0.8681110092241475
830 3860 -0.8288663021164737
830 3875 -0.08996777409429857
830 3890 0.15826238092773837
830 3754 0.39770979178870425
830 3769 0.27365493152247744
843 844 -0.8782507218069688
843 858 -0.29729228377636074
843 3425 -0.7181708981222861
843 3440 -0.31999615470469456
843 3455 -0.6382930252864163
843 3470 0.5128206590033109
843 3485 0.1757908533065473
843 3500 -0.8855933409105496
843 3364 -0.6464166870853509
843 3379 -0.2398214539400938
843 3394 -0.743527270065748
843 3409 -0.9751588264586646
844 845 0.9715295999538571
844 859 -0.8518048606369903
844 3605 0.6023226238169077
844 3620 -0.41059446036889446
844 3635 0.3773970936868525
844 3650 -0.489920940447371
844 3665 -0.7273405254280036
844 3680 -0.03205955582401088
844 3515 0.7100932071503665
844 3530 0.8141829407069172
844 3544 0.4299757795492152
844 3559 -0.8804638123841921
844 3574 -0.25107962942395523
844 3589 0.6097014664056866
845 860 -0.9437770898776878
845 3785 0.48474473575648047
845 3800 -0.9865890169528964
845 3815 0.9830018964507268
845 3830 -0.29082577172297874
845 3845 0.42972287964392253
845 3860 0.25596574990306875
845 3695 -0.1216881681203601
845 3710 -0.8745933810999318
845 3724 -0.1350411982454951
845 3739 -0.45214787063639794
845 3754 0.43618348537391416
845 3769 -0.9783874814476068
858 859 -0.5614865564723244
858 3425 0.29547495769607446
858 3440 0.9636019014184021
858 3455 -0.8288861061815109
858 3470 -0.14538722381683078
858 3485 -0.9688984262731011
858 3500 -0.5424904406466233
858 3364 0.12205443176131614
858 3379 0.4292207196000688
858 3394 -0.18229004663409243
858 3409 -0.6022271918462263
859 860 -0.1696729476816412
859 3605 0.8937614271134255
859 3620 -0.4342311173386306
859 3635 -0.44274273149209487
859 3650 -0.9287625117340679
859 3665 -0.9613466569751867
859 3680 0.16275527743262463
859 3515 -0.4844355838526917
859 3530 0.814999855303908
859 3544 0.057772792769263503
859 3559 -0.30048397053557685
859 3574 -0.42368632599013356
859 3589 -0.8458071322894507
860 3785 -0.5447039695298708
860 3800 0.657580576128797
860 3815 -0.45009474865362553
860 3830 0.5165727637368129
860 3845 -0.89802189028521
860 3860 -0.4363994358226184
860 3695 0.5609151050757828
860 3710 -0.15016499510266668
860 3724 0.501481306271762
860 3739 0.3498370193719289
860 3754 0.26092364270317403
860 3769 -0.38592748485974093
873 874 -0.9396239798045822
873 888 0.0359070600152156
873 3425 -0.11090776719745654
873 3440 -0.2656847781831839
873 3455 0.07193330502748907
873 3470 -0.024749235348427323
873 3485 -0.7536596448737269
873 3500 0.3046977267277875
873 3365 0.11383246378638501
873 3380 0.9560735216738949
873 3395 0.7957160837700783
873 3410 -0.17004442517653673
874 875 0.7876057525792981
874 889 0.5090993954351763
874 3605 -0.7457771508957178
874 3620 -0.37296472744789755
874 3635 0.3078274721704315
874 3650 0.4579202222872938
874 3665 -0.08992136028372544
874 3680 -0.19872765931591507
874 3515 0.7581106775400412
874 3530 0.45841720702325306
874 3545 0.40411433843339384
874 3560 0.303356537937145
874 3575 -0.6393444637158765
874 3590 0.1937012597291019
875 890 0.20710131541483645
875 3785 -0.728591954859162
875 3800 -0.34887194545093325
875 3815 0.36757687001185824
875 3830 0.543109979462876
875 3845 0.079008453995983
875 3860 -0.36339241273335765
875 3695 0.9485446810166593
875 3710 0.5225230547981785
875 3725 0.3781778724138132
875 3740 0.451745655954654
875 3755 0.12783889613036248
875 3770 -0.16652809290558634
888 889 0.5273966890452924
888 3425 -0.4542312650658684
888 3440 0.28077408102361634
888 3455 -0.848698512804335
888 3470 0.34556202087472765
888 3485 -0.013279781238472177
888 3500 -0.62006503952308
888 3365 -0.798042352895344
888 3380 -0.08365364898638572
888 3395 0.10707189815966456
888 3410 -0.2649205485897326
889 890 0.22641577562162318
889 3605 -0.814324377189557
889 3620 0.17115628599885402
889 3635 0.7648744714791833
889 3650 -0.06885609843100271
889 3665 -0.8279608579034494
889 3680 -0.11827539246621743
889 3515 -0.6778104973315098
889 3530 -0.5636555197796225
889 3545 0.9396331555168627
889 3560 0.6493949483120451
889 3575 0.3553709482791878
889 3590 0.058799498834964936
890 3785 0.26202155678971417
890 3800 -0.6610611736598595
890 3815 -0.6671704874185127
890 3830 0.8400806441304456
890 3845 0.6788301845460329
890 3860 0.5223124971343742
890 3695 -0.6640886239010428
890 3710 0.8702265083698169
890 3725 -0.7104604142361608
890 3740 0.49711278950504934
890 3755 -0.2827128471046967
890 3770 0.899563114603561
903 904 0.17223154638258142
903 918 -0.7621250052377873
903 3425 -0.18609786014729401
903 3440 -0.7335367707389848
903 3365 0.25358375709654624
903 3380 0.7396983392014884
903 3395 0.7141617789785495
903 3410 0.2344782354856063
904 905 -0.41777822176454804
904 919 -0.23596462766396087
904 3605 -0.6501069917374085
904 3620 -0.1391047477198506
904 3455 0.6642278866753135
904 3470 -0.5433109964752938
904 3485 -0.7646833052018729
904 3500 -0.09170480521919222
904 3515 0.9786481325014689
904 3530 -0.30520189838073075
904 3545 -0.6363501176668271
904 3560 -0.7704100017139479
904 3575 0.051589519303940845
904 3590 0.9333106271273008
905 920 0.8759889214930046
905 3785 0.7340570023485813
905 3800 -0.18421149710198192
905 3635 0.8102924258833315
905 3650 0.31526100817382763
905 3665 -0.06672802886331897
905 3680 0.9715133674026983
905 3695 -0.8646792015094429
905 3710 -0.547497383287646
905 3725 0.331664957431943
905 3740 -0.9938230819788456
905 3755 -0.209379686992766
905 3770 0.19440811185035956
918 919 -0.36741948257621115
918 3425 0.04456876671516952
918 3440 -0.16649557824518624
918 3365 -0.024002060528687252
918 3380 0.08595879279604213
918 3395 -0.9767834790626424
918 3410 0.08061551794971211
919 920 0.34382121093650464
919 3605 -0.933929917471964
919 3620 0.8018351665718959
919 3455 0.143334434624254
919 3470 -0.7852344640856124
919 3485 -0.48798452053300667
919 3500 -0.70610682515389
919 3515 -0.30718611991540845
919 3530 0.019247053630488953
919 3545 0.4452469494883031
919 3560 0.6770861582768066
919 3575 0.66002086004721
919 3590 -0.17743747371486673
920 3785 0.8061850588942989
920 3800 -0.47125858424037803
920 3635 -0.2635224449304767
920 3650 -0.2102763649862922
920 3665 0.06974007572739804
920 3680 0.9142197341508476
920 3695 0.7516074452183088
920 3710 0.22047493481285185
920 3725 0.46026749951299206
920 3740 -0.42926922548260626
920 3755 0.5928741952308518
920 3770 0.4622602587689242
933 934 0.9804878717468297
933 948 0.8814401912959857
933 3425 -0.45385107181410866
933 3440 -0.5484978098983091
933 3365 0.574485193132596
933 3380 -0.507923442565331
933 3395 0.1669462877020933
933 3410 -0.9697740657582508
934 935 0.5251197623322024
934 949 -0.8293188448381443
934 3605 -0.5567230198177948
934 3620 -0.6510464166702523
934 3455 -0.32592323442134763
934 3470 0.5386309545155126
934 3486 0.4719152800242823
934 3501 -0.7091485603684784
934 3516 0.35843052717532253
934 3531 0.11201550376943326
934 3545 0.8160029539285898
934 3560 0.12841799975089208
934 3575 0.9794864256578175
934 3590 0.4500399956017942
935 950 0.4516388911768443
935 3785 -0.4872496650757612
935 3800 0.2960187338156208
935 3635 -0.7525610619997944
935 3650 -0.2832140964191292
935 3666 -0.3153617365347079
935 3681 0.11531202733260182
935 3696 0.2916843271177738
935 3711 0.003276561946529588
935 3725 -0.677684255575703
935 3740 0.4280996435947211
935 3755 0.4492895610008285
935 3770 0.9923325664342726
948 949 0.10578249854438915
948 3425 0.41037082284982795
948 3440 0.7692496082596032
948 3365 -0.1196809891001771
948 3380 -0.8747686822086711
948 3395 -0.20963317631770573
948 3410 0.29629559707918984
949 950 -0.0637578092563027
949 3605 0.21064714602560874
949 3620 -0.7354497174120032
949 3455 0.542457901826602
949 3470 -0.7432047751040971
949 3486 -0.16135378325322147
949 3501 -0.4535901587573734
949 3516 0.4435321743338141
949 3531 -0.9911991733888439
949 3545 -0.4878191614599159
949 3560 0.1790164881092402
949 3575 0.5282274367623481
949 3590 0.0008417206177564474
950 3785 -0.4330813984933426
950 3800 -0.3895714807140751
950 3635 -0.0512504471741273
950 3650 0.16712087856744295
950 3666 -0.5200567707382988
950 3681 -0.999513511112532
950 3696 0.8184860427071123
950 3711 -0.26118359039155314
950 3725 0.4593229269776504
950 3740 -0.18185513708958223
950 3755 0.31461430703099524
950 3770 0.09187867837622199
963 964 0.7224492884681566
963 978 -0.35069211313306803
963 3425 0.25809172463989905
963 3440 0.4200527480632841
963 3455 -0.904576390193695
963 3470 -0.5404502985882358
963 3486 -0.9379131055273082
963 3501 -0.049741396846392005
963 3516 -0.6798919425395811
963 3531 -0.6509903866526201
963 3545 -0.7936809238111633
963 3560 0.5023310022948004
963 3395 -0.5433788657203928
963 3410 -0.3118549287481225
964 965 0.549314101871418
964 979 0.6323737703649648
964 3605 0.21820900869559035
964 3620 -0.4109394007540439
964 3635 0.6491974691406979
964 3650 0.3060553801072883
964 3666 0.9198772556703021
964 3681 0.015863125658529986
964 3696 -0.43145831422601866
964 3711 -0.44722251197592655
964 3725 0.03565246477780559
964 3740 0.17605647078718656
964 3575 0.10699078376550131
964 3590 -0.24862659868406034
965 980 -0.23103854587047
965 3785 0.16958499323827536
965 3800 -0.7663877705919873
965 3815 0.8181275081410766
965 3830 -0.4863187159843625
965 3846 0.9739400634037814
965 3861 0.08656508565606225
965 3876 -0.43116312277007784
965 3891 -0.7610258578310161
965 3755 -0.325987645445438
965 3770 -0.92591395203013
978 979 0.31923174737824933
978 3425 -0.3420034277667947
978 3440 -0.30414062618643056
978 3455 -0.21992391284452073
978 3470 0.837140455617148
978 3486 0.5642721497185992
978 3501 0.9959424118824132
978 3516 -0.8854415159269811
978 3531 0.7478232455195684
978 3545 0.981560597135732
978 3560 0.6317195336981871
978 3395 0.6460010605663014
978 3410 0.5811896518065132
979 980 -0.7893405576478301
979 3605 0.8187119123921995
979 3620 -0.3223509677948353
979 3635 0.8520199269894198
979 3650 -0.03740374046687056
979 3666 -0.3101512787401204
979 3681 -0.1522748051110856
979 3696 0.23453393933906597
979 3711 -0.25541350522885864
979 3725 0.4340006720068308
979 3740 0.30733431239760756
979 3575 0.3938263304654641
979 3590 0.6403812903501223
980 3785 -0.6861451633026143
980 3800 -0.8601603690287587
980 3815 -0.12716587788705813
980 3830 -0.4944284531187204
980 3846 0.45917829502502516
980 3861 0.947448378129526
980 3876 0.08147842386180804
980 3891 -0.49287391062764163
980 3755 -0.5231619437101838
980 3770 0.07740823176049472
993 994 0.7138532013711925
993 1008 0.13508368442876528
993 3426 -0.34756201696058486
993 3441 -0.8423687670489037
993 3456 -0.7925351072058455
993 3471 0.9084825376892591
993 3486 0.34155921996032834
993 3501 -0.32581800183359033
993 3516 0.08126468932987851
993 3531 -0.8173610664981077
993 3545 -0.7488795565500361
993 3560 0.4243836515817925
993 3395 0.033809961584774006
993 3410 0.7672817899974509
994 995 -0.9790175584312655
994 1009 -0.7832934698510143
994 3606 -0.7988307858906265
994 3621 0.4035771122244727
994 3636 -0.7796796433354551
994 3651 0.15492528685591167
994 3666 0.6005893778772402
994 3681 0.35433600307499935
994 3696 0.014999168960361908
994 3711 -0.7882519890467823
994 3725 0.9114265384793261
994 3740 -0.8635520477805525
994 3575 0.9138674208099118
994 3590 0.45988833498047765
995 1010 -0.31380512755211787
995 3786 -0.21318427596729173
995 3801 0.3929470006253337
995 3816 -0.23581860461086213
995 3831 -0.43483764162014693
995 3846 0.05661502757215997
995 3861 0.15221358214655223
995 3876 -0.1934981184268878
995 3891 -0.3949596900366239
995 3755 0.9544988660596747
995 3770 0.5380162499100207
1008 1009 -0.8329191568333645
1008 3426 -0.6288122211625897
1008 3441 -0.6760072021144068
1008 3456 0.08379362778766408
1008 3471 0.2793529946290376
1008 3486 -0.5900972035868253
1008 3501 0.46403371037677
1008 3516 0.8563031919722548
1008 3531 -0.8854749074486434
1008 3545 0.9394664935185701
1008 3560 0.19367346846265554
1008 3395 0.7143449536093194
1008 3410 -0.8706897021513882
1009 1010 0.5806293392594093
1009 3606 0.4304565763305246
1009 3621 -0.34362281207400125
1009 3636 -0.42972052293733776
1009 3651 -0.11134417061811464
1009 3666 0.4910342004151107
1009 3681 0.0628869940188086
1009 3696 -0.955292298348863
1009 3711 -0.7753654037445554
1009 3725 -0.8169322007844455
1009 3740 0.09716940772689586
1009 3575 0.8607575231976095
1009 3590 -0.3121398797590018
1010 3786 -0.6110211899352631
1010 3801 0.2704469462653374
1010 3816 0.8045440405995592
1010 3831 0.2915957738968471
1010 3846 0.8184058280296473
1010 3861 -0.7701258414968866
1010 3876 0.387650731929692
1010 3891 -0.5095064385005421
1010 3755 -0.6347142719393584
1010 3770 0.6022121670994034
1023 1024 -0.10613264715618675
1023 1038 -0.5955289704405937
1023 3426 -0.4705871624147753
1023 3441 -0.852670234043948
1023 3456 0.05182834714422224
1023 3471 -0.3840199854898487
1023 3486 -0.9947479011062177
1023 3501 0.5005603048937193
1023 3365 -0.35649210470781045
1023 3380 0.9548517712191691
1023 3395 -0.9887761493628462
1023 3410 0.12178438498544097
1024 1025 0.3278081944307303
1024 1039 0.676832534933788
1024 3606 0.7560473199350162
1024 3621 0.4628771142961885
1024 3636 -0.16741814709756686
1024 3651 0.9975455501676387
1024 3666 -0.4582702642378891
1024 3681 0.16300103284000111
1024 3516 -0.25356353123095343
1024 3531 0.6418699997404995
1024 3545 -0.41529883175673854
1024 3560 -0.049422283179759274
1024 3575 0.5605256465282231
1024 3590 -0.35963110542473786
1025 1040 -0.03454337462961532
1025 3786 -0.36772178275158907
1025 3801 0.3840662885642565
1025 3816 0.6229406988841693
1025 3831 -0.5890667305332009
1025 3846 -0.7305910814039098
1025 3861 -0.7974645659960671
1025 3696 -0.529449928546391
1025 3711 0.9029133238088236
1025 3725 0.0026990188171001073
1025 3740 -0.08943084949791302
1025 3755 0.0858729297405405
1025 3770 0.20997288925241953
1038 1039 -0.7793897249185859
1038 3426 -0.4153893479521442
1038 3441 0.0341683862950779
1038 3456 -0.3351983494231683
1038 3471 -0.3797930427396117
1038 3486 0.21085155601551486
1038 3501 -0.04023422603094051
1038 3365 -0.40546077678644754
1038 3380 -0.550476775196564
1038 3395 -0.730275735863329
1038 3410 0.4894807406771995
1039 1040 -0.5854574182471026
1039 3606 0.55347257532536
1039 3621 0.9336213933576214
1039 3636 0.8159848362804327
1039 3651 0.2787504655949302
1039 3666 -0.0941361636242275
1039 3681 -0.8162181395066621
1039 3516 -0.6340260458413027
1039 3531 0.6501981026670174
1039 3545 -0.8869342454736939
1039 3560 -0.7624558523846074
1039 3575 -0.9625025159298581
1039 3590 -0.9511386738347063
1040 3786 0.9150709212963528
1040 3801 -0.5318277089971135
1040 3816 -0.9909794325361261
1040 3831 0.3935723288775008
1040 3846 0.5506124606661642
1040 3861 -0.10617375488501613
1040 3696 -0.6183888148582866
1040 3711 0.08539104326127567
1040 3725 -0.8558423174820693
1040 3740 0.81760777845527
1040 3755 -0.38934647852768656
1040 3770 0.4535282205469271
1053 1054 -0.9691162295953781
1053 1068 -0.22245783500872607
1053 3426 0.12573956335682457
1053 3441 -0.7426902807646159
1053 3456 0.93067770755157
1053 3471 -0.6954436317371817
1053 3486 -0.6066673239693527
1053 3501 -0.6134003563193233
1053 3366 0.7726028860235219
1053 3381 -0.424966709551297
1053 3396 -0.45797611762126134
1053 3411 -0.8006174779292934
1054 1055 0.9539966329723069
1054 1069 -0.24798723494898023
1054 3606 0.07880575690734748
1054 3621 0.8697475006140316
1054 3636 -0.9101134532780462
1054 3651 -0.26572396013983046
1054 3666 -0.801793692691599
1054 3681 -0.8804315670206639
1054 3516 -0.3643496638577306
1054 3531 -0.38214318942080827
1054 3546 0.7165212540538339
1054 3561 0.3647410858504967
1054 3576 0.5138501776870392
1054 3591 0.3338513563952248
1055 1070 0.9144955387837517
1055 3786 0.7611863617937917
1055 3801 -0.7687447941915746
1055 3816 -0.6004274220759318
1055 3831 -0.8830590518322283
1055 3846 -0.32272045293927487
1055 3861 -0.8378690046173323
1055 3696 -0.914395983455198
1055 3711 -0.5771570313854792
1055 3726 0.1839177389511042
1055 3741 -0.7181020033932415
1055 3756 0.6857250721056283
1055 3771 0.6033032067238688
1068 1069 0.06248982541384307
1068 3426 0.7482103378720029
1068 3441 -0.7086248084856659
1068 3456 0.6048726809313563
1068 3471 0.3717843539176915
1068 3486 -0.754789591656301
1068 3501 -0.8016626142557506
1068 3366 0.15578775874640227
1068 3381 -0.976683018728612
1068 3396 -0.21608529868506055
1068 3411 0.6655829389060464
1069 1070 -0.3978008596588192
1069 3606 0.5361553443989777
1069 3621 0.6295937395494107
1069 3636 0.4518969665075583
1069 3651 0.0934530180219133
1069 3666 -0.6981326710102074
1069 3681 -0.7779081010161173
1069 3516 0.2872666161443185
1069 3531 0.6292285119483423
1069 3546 0.19264957510012226
1069 3561 0.6952044322782784
1069 3576 -0.1622821432231636
1069 3591 -0.2522357458132056
1070 3786 -0.5761885959236595
1070 3801 0.532413283140551
1070 3816 -0.9627968163198684
1070 3831 -0.6749001193923148
1070 3846 -0.06270763803368218
1070 3861 0.8613724084969145
1070 3696 -0.3577272444680628
1070 3711 0.02873257386064587
1070 3726 -0.6288035801324177
1070 3741 -0.2808374452630553
1070 3756 -0.8677158600449635
1070 3771 0.02205993663420225
1083 1084 -0.24405902758740017
1083 1098 -0.7072551475135842
1083 3426 0.22738861415243172
1083 3441 0.45867110803718525
1083 3366 0.5816795525725456
1083 3381 -0.04173980424949919
1083 3396 0.5853376285910146
1083 3411 0.5776524981291411
1084 1085 -0.32493603005708493
1084 1099 0.8097272535063962
1084 3606 -0.2753735852089896
1084 3621 -0.9221917056101654
1084 3456 -0.2417840797802624
1084 3471 -0.3801249236526043
1084 3486 -0.03824123027517046
1084 3501 0.46362427224516645
1084 3516 -0.499718404840249
1084 3531 -0.3959338748436434
1084 3546 0.29944798394542405
1084 3561 -0.8777758191942622
1084 3576 0.2129896714563866
1084 3591 0.13664205000978136
1085 1100 0.5592474749717653
1085 3786 0.7629391312645402
1085 3801 0.2339322782846105
1085 3636 0.9694873405088242
1085 3651 -0.08572815221169794
1085 3666 0.8366090921417193
1085 3681 0.5683484505498988
1085 3696 -0.6071578742735018
1085 3711 0.5410755687996163
1085 3726 -0.783176060952935
1085 3741 -0.907147559261239
1085 3756 0.3306945481188548
1085 3771 0.4376428475909864
1098 1099 0.14569669632986337
1098 3426 0.47941631536338725
1098 3441 0.6189431003203174
1098 3366 -0.6857946886421828
1098 3381 0.11751140301571783
1098 3396 -0.9072184813697142
1098 3411 0.007400065398541766
1099 1100 0.20634380387215967
1099 3606 0.08390163647280757
1099 3621 0.013936459663526524
1099 3456 0.6906894430946595
1099 3471 -0.6811919637858017
1099 3486 -0.0004976331883910223
1099 3501 0.8779868844055823
1099 3516 -0.31601519197677064
1099 3531 0.7958255446973517
1099 3546 -0.612123773451511
1099 3561 0.03545353551497188
1099 3576 -0.00335014348813778
1099 3591 -0.6916156172645405
1100 3786 -0.5645674339425566
1100 3801 -0.8245521642617069
1100 3636 0.7884619124619889
1100 3651 0.32448296321582637
1100 3666 0.231306217289035
1100 3681 -0.9337777228391857
1100 3696 -0.2251275337032992
1100 3711 -0.4354230965162895
1100 3726 0.9850443991349966
1100 3741 -0.94990921778328
1100 3756 -0.47335254336960153
1100 3771 0.6972228116138972
1113 1114 -0.4119366637373636
1113 1128 0.7589291238901761
1113 3426 -0.6814759500846488
1113 3441 -0.28633748407585613
1113 3366 0.6887753014210383
1113 3381 0.8128343806660436
1113 3396 0.9160914760258794
1113 3411 0.0026747701157188164
1114 1115 -0.7615176524087168
1114 1129 0.21924401266545157
1114 3606 0.3911392079493432
1114 3621 -0.8794373171415366
1114 3456 -0.2579605279615991
1114 3471 0.2798659447592713
1114 3546 -0.4669797206826014
1114 3561 -0.8132877493813662
1114 3576 -0.41829538342724226
1114 3591 -0.4805863365002314
1115 1130 0.8168633586870502
1115 3786 -0.8269494986035759
1115 3801 0.165556937876552
1115 3636 -0.3555853373488176
1115 3651 0.7306048431545604
1115 3726 -0.4192765324884278
1115 3741 0.2692732736451191
1115 3756 -0.7483723981474293
1115 3771 0.35835307325950616
1128 1129 -0.03891265151837486
1128 3426 -0.30267134046962285
1128 3441 -0.7563595947023731
1128 3366 0.36169352785165043
1128 3381 0.07323108570146264
1128 3396 0.6869991545715539
1128 3411 -0.2478523189203976
1129 1130 -0.17513922647053226
1129 3606 0.7319367400043686
1129 3621 -0.7131206141801947
1129 3456 0.5320239118687422
1129 3471 -0.8965128409358152
1129 3546 -0.39157297925754886
1129 3561 0.29220098119405225
1129 3576 0.2038386708512121
1129 3591 -0.15722851693060136
1130 3786 -0.773039670403131
1130 3801 0.7953642327075703
1130 3636 -0.6742589647325008
1130 3651 -0.3783606566585196
1130 3726 0.576964892062044
1130 3741 0.6704159591229009
1130 3756 0.7520998428140879
1130 3771 -0.6436997870766366
3364 3365 0.10517566784517318
3364 3379 -0.13793425747815236
3365 3366 -0.2597546784238398
3365 3380 -0.633101435059535
3366 3381 0.8182164473844626
3379 3380 -0.7662735540566505
3380 3381 0.44065391619053607
3394 3395 -0.7479725794338714
3394 3409 0.9055997995664808
3395 3396 0.6529707341225481
3395 3410 -0.428917291622944
3396 3411 0.36677914327843664
3409 3410 0.2070165079134365
3410 3411 0.7577802760277608
3424 3425 0.823099922823358
3424 3439 -0.30556350182195
3425 3426 -0.5398388798317828
3425 3440 -0.8469870102113819
3426 3441 -0.15837405247057612
3439 3440 -0.48955691068941865
3440 3441 -0.4026821196918573
3454 3455 0.3342075748125364
3454 3469 0.4195658041062511
3455 3456 0.07228800119419776
3455 3470 -0.5350411588684154
3456 3471 -0.9936064193143166
3469 3470 0.4628209419825957
3470 3471 -0.08376447485593208
3484 3485 -0.41942003269515604
3484 3499 -0.1760632616653537
3485 3486 -0.7783016784219599
3485 3500 0.3830097559800343
3486 3501 -0.9246436081382299
3499 3500 0.5383247706266487
3500 3501 -0.9358848507906263
3514 3515 0.7749716491725327
3514 3529 0.31453077831894016
3515 3516 -0.9363719120761271
3515 3530 -0.7598353707279033
3516 3531 0.4506729389491586
3529 3530 -0.705770879877756
3530 3531 0.9892632302490898
3544 3545 -0.37636855876949604
3544 3559 -0.2305473523388768
3545 3546 -0.8462274215509076
3545 3560 -0.5626547016619303
3546 3561 0.2769923860081591
3559 3560 -0.5452622083145904
3560 3561 0.31214689086314507
3574 3575 0.6729923234201811
3574 3589 0.2503603678600548
3575 3576 0.5355756459774272
3575 3590 -0.6321166310937605
3576 3591 0.031361429340262204
3589 3590 0.66651460873051
3590 3591 0.3428719976694643
3604 3605 0.9692955866265698
3604 3619 0.13460292817099684
3605 3606 -0.9235378116125477
3605 3620 -0.5179538545821054
3606 3621 0.5467892288434792
3619 3620 0.09082057135559496
3620 3621 0.11864502180264225
3634 3635 -0.25490561742680984
3634 3649 -0.45924620975926267
3635 3636 -0.9034525170153473
3635 3650 0.89159806095639
3636 3651 0.10119371108112385
3649 3650 0.9357592525584559
3650 3651 0.20468918649038192
3664 3665 0.8370783325444151
3664 3679 0.41180916882323193
3665 3666 -0.7905831727105652
3665 3680 -0.19327234942139548
3666 3681 -0.7787685940717715
3679 3680 -0.8993867212257509
3680 3681 -0.09488266724160832
3694 3695 -0.7676832680191239
3694 3709 0.46682736832249794
3695 3696 -0.08320967061534223
3695 3710 0.47248249824762256
3696 3711 0.21819863435995668
3709 3710 -0.06727156555344993
3710 3711 -0.007140901239676367
3724 3725 0.6133434645028755
3724 3739 -0.06206836166407825
3725 3726 -0.5958082796558821
3725 3740 -0.23127155704535296
3726 3741 0.3353075849115388
3739 3740 0.4682229220648617
3740 3741 0.07155369546012813
3754 3755 -0.11430458268301336
3754 3769 -0.7759885948359591
3755 3756 -0.19552135435674112
3755 3770 -0.5255622515666785
3756 3771 0.553643517097951
3769 3770 -0.09336314975298232
3770 3771 0.5269509076682328
3784 3785 0.7693499967328405
3784 3799 0.4801375129265224
3785 3786 0.5614198696406683
3785 3800 -0.7242752939445525
3786 3801 0.8181934462417322
3799 3800 0.7925143598264437
3800 3801 -0.09021369371196464
3814 3815 0.024433972579469998
3814 3829 0.5321305861256544
3815 3816 0.9814216185343023
3815 3830 -0.654900420145266
3816 3831 0.6618993692784447
3829 3830 -0.053917187765971875
3830 3831 0.31744568793239325
3844 3845 -0.5693517143129319
3844 3859 -0.24041750073781176
3845 3846 0.47118794664053887
3845 3860 0.1376371666335532
3846 3861 -0.7065657784580834
3859 3860 -0.5813382171596155
3860 3861 -0.6151443970476731
3874 3875 -0.5325093724664023
3874 3889 -0.794120861382527
3875 3876 0.8714717296022516
3875 3890 -0.07448988028434345
3876 3891 0.9084771524050472
3889 3890 0.8956776124618027
3890 3891 0.08433557854629492
