# 
603 603 -0.6628677117224084
604 604 -3.2940077160526338
605 605 -3.366260583169593
618 618 0.47634418976946424
619 619 2.9683618752656926
620 620 3.676434806378735
633 633 2.9668234796369974
634 634 -1.4915616789676953
635 635 -3.6716067030111246
648 648 1.4225944302802098
649 649 -0.8003124046329955
650 650 -2.0282409021166306
663 663 0.902497568700567
664 664 -1.9884574983078451
665 665 -2.3187479483679327
678 678 -2.0307594065508816
679 679 3.3412786749650367
680 680 -1.595510943047092
693 693 -0.8210496727112986
694 694 -0.2677825933147613
695 695 1.7953355755934455
708 708 3.700552493346378
709 709 3.4672448492060264
710 710 -2.3865879689805
723 723 -0.6479921608443933
724 724 3.891769411423323
725 725 -1.7931940354705258
738 738 -0.8503598899724656
739 739 2.731012458478461
740 740 3.869220201475983
753 753 3.7299532982184154
754 754 2.9267762095171
755 755 -0.7871532918681403
768 768 2.537419466815387
769 769 0.0046673350048251905
770 770 -2.0770770530158895
783 783 -1.0264511878435911
784 784 2.617282813285027
785 785 0.17126518077435282
798 798 -3.9436233458063317
799 799 -2.787990641682991
800 800 2.6512073467721615
813 813 3.6488444621630753
814 814 3.9629286562089145
815 815 -0.7417285714063491
828 828 2.821694847256903
829 829 -2.1801909725306006
830 830 -1.175946708000268
843 843 1.6658592121715756
844 844 -2.7923840211087327
845 845 -0.9637947307260282
858 858 0.15657098704810846
859 859 -2.3837853722699043
860 860 3.0586104307474926
873 873 -2.45753097378213
874 874 2.1679895472373403
875 875 3.44612251758336
888 888 2.2128790184199785
889 889 0.9974701980963996
890 890 1.4531594571795683
903 903 1.0703458985194727
904 904 1.4381364586616208
905 905 -0.1544181739600834
918 918 -3.179903556813003
919 919 -0.8282231389357673
920 920 -0.3072300606663809
933 933 -3.5798146949511187
934 934 2.539622444166435
935 935 -3.535757470423283
948 948 3.2140094503724512
949 949 0.5893501825734981
950 950 -1.6583468308606522
963 963 -3.7377828749195325
964 964 -1.2631225066484078
965 965 2.498250831554529
978 978 2.2697165505615793
979 979 -3.050627426465134
980 980 2.909464984582831
993 993 2.88054838527819
994 994 -1.0127974893489844
995 995 -3.8349438142311882
1008 1008 -2.924035044646863
1009 1009 -0.10312928086779571
1010 1010 -0.44447224146394326
1023 1023 2.0754297592730673
1024 1024 -1.263540797479628
1025 1025 3.1911332680989233
1038 1038 -2.3951926858208576
1039 1039 0.5512436261751459
1040 1040 1.8961896523771262
1053 1053 1.2015934794655223
1054 1054 -1.5217806697042802
1055 1055 3.984511440096032
1068 1068 -1.100316494318987
1069 1069 1.7178703541804872
1070 1070 -1.6056719263231374
1083 1083 0.5498193934984981
1084 1084 3.0594759749760314
1085 1085 -0.6308080072284197
1098 1098 -1.8672362453826592
1099 1099 -3.909702365961218
1100 1100 3.4739119886333985
1113 1113 -2.1181538167575455
1114 1114 1.733615248946239
1115 1115 1.024494739838092
1128 1128 -1.9741257672113282
1129 1129 -2.6141317949399783
1130 1130 3.001899738094637
3364 3364 -3.76547310312617
3365 3365 -1.0939977852128049
3366 3366 -0.4489905492022457
3379 3379 2.2032713622134628
3380 3380 2.7953248336081424
3381 3381 3.2026076258324583
3394 3394 2.783428228132939
3395 3395 -3.961953551596774
3396 3396 -0.4328833523673774
3409 3409 -2.4395201830540127
3410 3410 -1.9327527867299281
3411 3411 0.2411921058062365
3424 3424 1.6186149357214337
3425 3425 3.073461210816367
3426 3426 3.17600972494066
3439 3439 2.5702753763883486
3440 3440 1.303960135723229
3441 3441 -1.4967938197989126
3454 3454 2.1265764341843463
3455 3455 -2.336947830283367
3456 3456 0.129060612968658
3469 3469 -2.038192776139925
3470 3470 3.4156915901386933
3471 3471 -0.3494496757743413
3484 3484 -0.12047229265163928
3485 3485 2.0520000526138222
3486 3486 0.35488858724757755
3499 3499 -2.5507735478946767
3500 3500 -2.4076616704011444
3501 3501 -2.1291349112990714
3514 3514 3.67993917602862
3515 3515 -2.996548044366178
3516 3516 -3.930638465134469
3529 3529 -2.215086471036617
3530 3530 -1.9863846208703153
3531 3531 -2.1115491899351557
3544 3544 3.055610712493224
3545 3545 -2.3837052735499515
3546 3546 -3.863015051479705
3559 3559 2.1341946531830507
3560 3560 -0.5592228497150096
3561 3561 -1.1616851159914798
3574 3574 3.598765636834213
3575 3575 -3.9930255772431105
3576 3576 3.76265035600509
3589 3589 -2.267771721757007
3590 3590 1.5076902185351475
3591 3591 0.5610106858184567
3604 3604 3.3363780207785405
3605 3605 2.5412912177511062
3606 3606 0.38850275697824976
3619 3619 -2.6411832754818736
3620 3620 0.700468976528577
3621 3621 3.1883170255468665
3634 3634 3.7203542714977003
3635 3635 -3.4158683289804017
3636 3636 -2.8235183833883895
3649 3649 3.3994848638124795
3650 3650 0.12251936280819908
3651 3651 3.6336026741525025
3664 3664 -2.095727169095497
3665 3665 -0.4256829911482596
3666 3666 3.790651621068581
3679 3679 -2.44126973256496
3680 3680 1.7370545915102067
3681 3681 -1.2799044279694742
3694 3694 -0.7297742427794569
3695 3695 3.7304820060040527
3696 3696 -1.633314257224085
3709 3709 -3.7505981083353443
3710 3710 0.45518182815778196
3711 3711 -0.22641856227189816
3724 3724 -3.2364310344614085
3725 3725 -0.2597180262580796
3726 3726 0.415402356397208
3739 3739 -1.6084727765744926
3740 3740 -1.328181176448762
3741 3741 1.5701884043761467
3754 3754 1.252099624246119
3755 3755 -1.3088738777550315
3756 3756 1.0524381670279501
3769 3769 -1.439422196625526
3770 3770 2.3792724788125152
3771 3771 0.4441621002670697
3784 3784 -2.070388826240797
3785 3785 -1.1511929523327566
3786 3786 0.6769003046501565
3799 3799 0.8355314319493212
3800 3800 -0.6137047815584724
3801 3801 3.848478395503081
3814 3814 -2.9758116743706253
3815 3815 -3.3349405136232093
3816 3816 0.4006341588317417
3829 3829 0.06850443265451833
3830 3830 -3.0183489017040914
3831 3831 3.1229569733883933
3844 3844 2.7758326661972497
3845 3845 2.5594275978715766
3846 3846 -1.3093154359922456
3859 3859 3.415314779235662
3860 3860 1.9526637789709662
3861 3861 2.670635351491451
3874 3874 0.7827986923069705
3875 3875 2.2278984412819325
3876 3876 3.2297103671159384
3889 3889 0.6143669380244088
3890 3890 1.1385422664360965
3891 3891 3.9960221223429855
603 604 0.6200659377425233
603 618 0.8176047983118675
603 3484 0.7055026317212505
603 3499 0.2311613330266551
603 3514 0.7131772037821584
603 3529 0.6430889944712896
604 605 -0.807659470171078
604 619 -0.7612411342041532
604 3664 -0.3153680823769611
604 3679 -0.5799349105077991
604 3694 0.16605399908014173
604 3709 0.7610495741551435
605 620 0.028393478478689005
605 3844 0.573724989552036
605 3859 0.2759902407011099
605 3874 -0.8074601531177545
605 3889 0.49320974497827375
618 619 0.5834537911525015
618 3484 -0.23771163932561334
618 3499 -0.4596000084003016
618 3514 0.7066536292246908
618 3529 0.34984368963840895
619 620 0.6903513252726032
619 3664 0.7091161456882111
619 3679 0.015933118475288666
619 3694 -0.8312076955083922
619 3709 -0.017524254153917562
620 3844 -0.6324943590021026
620 3859 0.43470114354076905
620 3874 -0.6458516346422924
620 3889 -0.6347126249328057
633 634 -0.18758244257703116
633 648 -0.36668692386774016
633 3424 -0.05719929923104483
633 3439 -0.7023686595193628
633 3454 -0.08817170950890496
633 3469 -0.4601337057044037
633 3484 0.9896729972310219
633 3499 -0.5626058580829065
633 3514 -0.7753882686518316
633 3529 -0.8548443943254489
634 635 0.6721021976647878
634 649 0.8402455984416488
634 3604 0.7991666020965549
634 3619 -0.9898411247303671
634 3634 -0.8734552358505876
634 3649 -0.02133282459769492
634 3664 -0.053254459339849625
634 3679 -0.219737058654063
634 3694 -0.5224268130524343
634 3709 -0.37988817105184536
635 650 -0.09427624524073797
635 3784 0.32416255657901627
635 3799 -0.517952419714796
635 3814 -0.9869262284099625
635 3829 -0.004160169881565201
635 3844 0.2601011045372832
635 3859 0.44184087021694607
635 3874 0.6264251835830168
635 3889 -0.9313522843071609
648 649 0.5363813639396637
648 3424 0.3336243279102644
648 3439 -0.20836978013704743
648 3454 -0.20573668139579748
648 3469 0.23499468020108627
648 3484 -0.8996117769813026
648 3499 0.8270035569094369
648 3514 0.9964622968634194
648 3529 0.3223813134466953
649 650 0.5570861778206728
649 3604 0.0014230108991435397
649 3619 -0.29142630789173474
649 3634 0.26116583420575945
649 3649 -0.39423554187706844
649 3664 -0.8905323210718186
649 3679 0.000796826596080713
649 3694 0.8536568255575483
649 3709 -0.5858171158899632
650 3784 0.3781511575710119
650 3799 -0.8067709329307575
650 3814 0.8140568204826817
650 3829 0.8384985236399927
650 3844 0.9411498755445409
650 3859 0.18476404500487842
650 3874 0.3687387202555221
650 3889 -0.5164886011853953
663 664 0.9032716912124683
663 678 0.5365600968762931
663 3424 0.5746816880901513
663 3439 0.9648950864380261
663 3454 -0.365688247129645
663 3469 -0.34310069784955965
663 3484 -0.5818488351510496
663 3499 0.23959592565799714
664 665 -0.8622586918919384
664 679 -0.9350223556721571
664 3604 -0.44346383882458285
664 3619 0.13938214856960718
664 3634 -0.25219810852538216
664 3649 -0.7471580169433603
664 3664 -0.35063387110369226
664 3679 -0.41693290725807075
664 3514 0.7517240089451251
664 3529 -0.02591890982460221
665 680 -0.3481252337357539
665 3784 0.7208315160474337
665 3799 -0.3137545588760451
665 3814 0.17325580966928245
665 3829 -0.08928129069748736
665 3844 0.4523528985631948
665 3859 0.7753559579441807
665 3694 0.4610766734710654
665 3709 -0.8351227753127111
678 679 -0.742431410189202
678 3424 0.7493548921949549
678 3439 0.05828061148977959
678 3454 0.21798960347680985
678 3469 -0.9088065496277593
678 3484 -0.5509689140849092
678 3499 -0.0007060258250450868
679 680 -0.9069068072351782
679 3604 0.6381554625406467
679 3619 -0.3425634045714565
679 3634 -0.002941332610801428
679 3649 0.26043392995548387
679 3664 -0.3546001748686931
679 3679 -0.026613032485642174
679 3514 0.27235899301620825
679 3529 0.5928871740096395
680 3784 0.9396307814300109
680 3799 -0.5449594874437702
680 3814 -0.8618627881410788
680 3829 -0.10212858411018888
680 3844 0.03301619133750333
680 3859 0.23039895317111037
680 3694 -0.6936020382610331
680 3709 -0.32093233529183385
693 694 -0.062423268391238684
693 708 -0.010375229843369915
693 3424 -0.25254805176006156
693 3439 0.5309891218068212
693 3454 0.8126417303095164
693 3469 0.8402852384063755
693 3484 -0.20967943475988982
693 3499 0.3287172668346714
693 3364 -0.8832852084181215
693 3379 -0.7827821711258922
693 3394 -0.33177602748176693
693 3409 0.09995308222972477
694 695 0.5032159374531966
694 709 0.6385099596057393
694 3604 -0.9379410668747099
694 3619 0.12955708177857028
694 3634 0.26243587679641567
694 3649 0.9378749196980978
694 3664 -0.8847904331632055
694 3679 0.15215873631026167
694 3514 0.9028378955090128
694 3529 -0.5797057974183051
694 3544 0.6369577955164007
694 3559 -0.1533597375413982
694 3574 0.9914866640588349
694 3589 0.9566574213049781
695 710 0.8921604258207083
695 3784 0.33144928679373065
695 3799 -0.46218961758461763
695 3814 0.4900371922739808
695 3829 0.13054146905572672
695 3844 -0.39151564075433565
695 3859 0.5087790020142449
695 3694 -0.6955122164955527
695 3709 -0.10760787085458734
695 3724 -0.527186053836572
695 3739 -0.2061429162075077
695 3754 0.264797894647701
695 3769 0.45038303919155953
708 709 -0.39107956934475707
708 3424 0.45945377126665043
708 3439 0.7983104595567077
708 3454 -0.7651978218908817
708 3469 -0.23609967576381252
708 3484 -0.8376128586311593
708 3499 0.7233351900687148
708 3364 -0.36345495046693554
708 3379 0.6129471271129578
708 3394 -0.5156527589388158
708 3409 0.8432030204313647
709 710 -0.46378330635281295
709 3604 -0.3546670251063204
709 3619 0.8636526154555253
709 3634 -0.46316701035117847
709 3649 -0.6296362332918035
709 3664 0.07429822000557507
709 3679 0.7988119152259494
709 3514 0.9557973788977971
709 3529 0.06471877644665747
709 3544 0.11866085644378255
709 3559 0.3427697924188069
709 3574 -0.07424088508904858
709 3589 -0.5152776240559394
710 3784 0.1173132869964395
710 3799 -0.5085505021368033
710 3814 -0.26770009906570724
710 3829 -0.23656447604012465
710 3844 -0.15299367354521798
710 3859 -0.37118018587953117
710 3694 0.7698883583864939
710 3709 0.536449799383085
710 3724 0.6720358126319639
710 3739 -0.7417402747308579
710 3754 0.9879958802181688
710 3769 0.21890882967754544
723 724 0.6025022524710362
723 738 0.03902135763444892
723 3424 0.710672296809683
723 3439 -0.30692048901234137
723 3364 -0.27441801223263584
723 3379 -0.1849204352315803
723 3394 0.33902040753961726
723 3409 0.2839872277996922
724 725 -0.06588917132460859
724 739 -0.024101330066032656
724 3604 0.9414729184438473
724 3619 0.8960591559305839
724 3454 -0.08817716516710528
724 3469 -0.9572041443904544
724 3484 -0.5819042176192601
724 3499 -0.2967687757752884
724 3514 -0.3503407651079511
724 3529 0.1700507038502983
724 3544 -0.15749343095747093
724 3559 0.6864177050716693
724 3574 -0.39150909220678765
724 3589 0.484425469448202
725 740 -0.8962528650738433
725 3784 0.6775795764759134
725 3799 -0.12000698652834751
725 3634 0.6965904167470671
725 3649 -0.7448417549158386
725 3664 -0.5632127353085135
725 3679 -0.20977321957317896
725 3694 -0.5499068389141968
725 3709 0.1859013809621155
725 3724 0.15444169237045569
725 3739 0.3374124853212468
725 3754 -0.34411189500782413
725 3769 0.6039851429657082
738 739 -0.6682507295271463
738 3424 -0.3752448586947905
738 3439 0.5638988979821422
738 3364 -0.5429380680644582
738 3379 -0.9447883631040581
738 3394 0.4633695814590897
738 3409 0.12986735734477128
739 740 -0.5952799315562585
739 3604 -0.30605149326725956
739 3619 -0.6681936786717568
739 3454 -0.4963906889365668
739 3469 0.49975837496934283
739 3484 -0.4361322785937889
739 3499 -0.18183070771101373
739 3514 0.6143953518438372
739 3529 -0.9504495340193708
739 3544 0.1474136538804176
739 3559 -0.23515326158246608
739 3574 -0.04590553025053157
739 3589 -0.7878775379515939
740 3784 0.857296067598764
740 3799 -0.408746742919029
740 3634 0.41970212021872144
740 3649 -0.28657913199372875
740 3664 0.8175624000638171
740 3679 0.9011683167095439
740 3694 0.09281340469894173
740 3709 0.43495036198502657
740 3724 -0.7242258363231839
740 3739 -0.7237708355693728
740 3754 -0.39878166233157963
740 3769 -0.42236845442630133
753 754 -0.0012184913287038857
753 768 -0.08404310499502765
753 3424 -0.8768359682495668
753 3439 -0.8314015626774618
753 3364 -0.0006697191311619832
753 3379 -0.2654611930152848
753 3394 0.5319579753977011
753 3409 -0.4677139552500571
754 755 -0.09571332917835651
754 769 -0.8305671146358802
754 3604 0.3600084069501521
754 3619 -0.8155917375798067
754 3454 -0.9896261634236663
754 3469 -0.11340350249075493
754 3485 0.1026483335302566
754 3500 0.38018505297652494
754 3515 0.11144793184838564
754 3530 0.7663236735701284
754 3544 -0.22388111178407222
754 3559 -0.9081392508974229
754 3574 -0.06547696434533767
754 3589 -0.28943645647064886
755 770 -0.4051334893380729
755 3784 -0.29348441932541824
755 3799 0.27357317658137426
755 3634 0.08555355026351141
755 3649 -0.12184173339900495
755 3665 0.48132599146691724
755 3680 0.45087638482312364
755 3695 -0.004971628401200245
755 3710 0.43673313087626897
755 3724 0.4163553931284052
755 3739 0.14023261259610065
755 3754 -0.09033987159641743
755 3769 0.40788016256223236
768 769 0.633752085417906
768 3424 0.157295867636708
768 3439 -0.8994296342824757
768 3364 0.7613504319826676
768 3379 -0.36374238621341126
768 3394 0.010413890862897235
768 3409 0.3422027044965916
769 770 -0.1601832902916691
769 3604 -0.6152201010849552
769 3619 0.8918408474147552
769 3454 -0.45739958641283085
769 3469 -0.8792182500698258
769 3485 -0.7100278558578097
769 3500 -0.16443155224323736
769 3515 -0.8456591424781863
769 3530 0.4730671544919054
769 3544 -0.2889314181348599
769 3559 -0.30737691280658286
769 3574 -0.9487438708776639
769 3589 0.6067738928736002
770 3784 -0.9276753156336859
770 3799 0.45389616944731737
770 3634 0.2945401805860004
770 3649 -0.40758362805326764
770 3665 0.4748358664906329
770 3680 -0.3213556551039609
770 3695 -0.9921454092660695
770 3710 -0.6134136660824543
770 3724 0.04259915914541401
770 3739 -0.5757037881567695
770 3754 0.9700805028404058
770 3769 -0.9306552646152946
783 784 0.44672384334814064
783 798 0.5981530577096867
783 3424 -0.7842765751063485
783 3439 -0.06276539884617272
783 3454 0.9849195431655837
783 3469 0.5836077566854143
783 3485 0.8669108547634554
783 3500 0.4752842389495575
783 3515 -0.9805904606930418
783 3530 0.08966140586669025
783 3544 0.5240662591165732
783 3559 0.9318061200429608
783 3394 -0.8719256289716633
783 3409 -0.5373254502138949
784 785 -0.7946139401382395
784 799 0.18719423103403776
784 3604 0.8508898162090497
784 3619 0.2586077161961673
784 3634 0.3617809510916945
784 3649 -0.1304071682767476
784 3665 -0.24641024822683733
784 3680 0.7602923676416069
784 3695 0.9210641579781418
784 3710 0.7600997478084428
784 3724 -0.8514246636085099
784 3739 -0.028938636548069496
784 3574 -0.914306436652208
784 3589 -0.9033343098834645
785 800 0.7111981513095602
785 3784 -0.9519857984150972
785 3799 0.005455283603472472
785 3814 -0.021560588944209425
785 3829 0.9037454594272818
785 3845 0.3836475818779934
785 3860 -0.5601663196595981
785 3875 -0.35877218056961935
785 3890 -0.8979336254090113
785 3754 -0.6111807621058392
785 3769 -0.785809833117223
798 799 0.23220594949643214
798 3424 0.6403231128763958
798 3439 0.004034970682770922
798 3454 0.13974043248483614
798 3469 0.16837717991431278
798 3485 0.825408823960561
798 3500 0.7589778068686872
798 3515 0.20343095605713213
798 3530 -0.33997533781716927
798 3544 0.3163007565038385
798 3559 0.7730982536903535
798 3394 0.7742869581545582
798 3409 0.9179066289196345
799 800 0.19673960178114225
799 3604 -0.5301723768351603
799 3619 -0.015631803376177533
799 3634 0.9662800915704735
799 3649 0.2037864681637811
799 3665 -0.8644878363395045
799 3680 -0.6454922387356736
799 3695 -0.03621667041193022
799 3710 -0.376694851553119
799 3724 -0.5473527169349459
799 3739 0.8674445128389623
799 3574 0.7410894039216036
799 3589 0.11557999125292628
800 3784 0.4598382420906546
800 3799 0.44317517864465983
800 3814 0.004188542947244134
800 3829 0.18393233040385248
800 3845 0.8281629362373129
800 3860 0.9019940141124851
800 3875 0.460572666252548
800 3890 -0.013643285815688078
800 3754 -0.4456022078758266
800 3769 0.4242389607319319
813 814 -0.3526581217635001
813 828 0.8811901782235869
813 3425 -0.4426225380050264
813 3440 -0.4671972331403864
813 3455 0.7313452633570374
813 3470 0.5900347684947338
813 3485 -0.12217331591210279
813 3500 -0.24035263598331436
813 3515 0.7641533074374975
813 3530 -0.8092960664066855
813 3544 0.780421369685399
813 3559 -0.9149902252357627
813 3394 0.49045401230909214
813 3409 -0.4019127902787665
814 815 -0.7728450678821686
814 829 0.8119483421040001
814 3605 -0.06489088061254122
814 3620 -0.7083920652331159
814 3635 -0.09271794989508941
814 3650 -0.9245585151711226
814 3665 -0.958241173980706
814 3680 -0.2673640581201868
814 3695 0.30176146321495256
814 3710 -0.5381339727312193
814 3724 -0.9278496879728433
814 3739 0.29395702550159397
814 3574 -0.1783758562652824
814 3589 0.5293947521489899
815 830 0.14079049438040037
815 3785 -0.7913588946443788
815 3800 -0.4034140031250746
815 3815 -0.02714589058748995
815 3830 -0.002696066268641939
815 3845 -0.39708114768839864
815 3860 -0.48955457430294236
815 3875 0.08602488846949208
815 3890 0.9676329892893369
815 3754 -0.5382058438254862
815 3769 -0.3976409794919664
828 829 0.007072695809568819
828 3425 0.3371825934558137
828 3440 -0.4792177608567836
828 3455 0.41490599506025716
828 3470 0.38309518665214437
828 3485 -0.2076155505951094
828 3500 0.4965035555101902
828 3515 0.5082466934232508
828 3530 -0.6570963254316236
828 3544 0.38567008441914985
828 3559 -0.6216878118882345
828 3394 0.7923430012892849
828 3409 -0.3007332152743232
829 830 -0.32208675181597224
829 3605 0.30913940734774914
829 3620 -0.20332093339424362
829 3635 -0.6385327891149628
829 3650 0.955717804193307
829 3665 0.7463513735357505
829 3680 0.8039705737680873
829 3695 0.5705548162389986
829 3710 0.9919775324649089
829 3724 0.7426089072393773
829 3739 0.7175761722354663
829 3574 -0.09933757269262578
829 3589 0.12728838935059716
830 3785 0.5840696880109146
830 3800 0.8175972536693048
830 3815 -0.9388399898623674
830 3830 0.43877031086977825
830 3845 -0.8689728424666898
830 3860 0.8294120263572495
830 3875 0.9207401917600553
830 3890 0.3358966774484309
830 3754 0.028866693135690458
830 3769 0.3284637720396586
843 844 -0.6992334648336072
843 858 0.022243804449381344
843 3425 -0.3268307660173131
843 3440 -0.5677168771161429
843 3455 0.6200515236073445
843 3470 -0.24656594704163726
843 3485 -0.058430548551482664
843 3500 -0.5052312499929892
843 3364 0.6985782514415699
843 3379 -0.711957829450224
843 3394 -0.7329990440275509
843 3409 -0.827590549963644
844 845 0.01904809395980278
844 859 0.04243377000799531
844 3605 -0.6461383303272192
844 3620 -0.1156254787329225
844 3635 0.6104647527421116
844 3650 0.9743781296000957
844 3665 0.04612501594068141
844 3680 0.8225514138589374
844 3515 -0.22566174672011452
844 3530 -0.7106713099569428
844 3544 -0.23641816383330871
844 3559 -0.3310056413317777
844 3574 -0.09522213324701956
844 3589 -0.8114752477559475
845 860 -0.25305379625013114
845 3785 -0.18579572853739612
845 3800 0.24108528229203663
845 3815 0.8135692068725078
845 3830 -0.8609096685468922
845 3845 0.4149242400752471
845 3860 0.6866341935446061
845 3695 0.6172198665122142
845 3710 -0.8573167999120574
845 3724 -0.19547753582565663
845 3739 -0.6171430297965297
845 3754 0.2708739906452171
845 3769 0.7297788429764829
858 859 -0.6516992537806825
858 3425 0.9724586270340301
858 3440 -0.990246129985739
858 3455 -0.28374481503393256
858 3470 -0.341266849857377
858 3485 -0.15237822011590962
858 3500 0.07249559050012921
858 3364 0.6107165062914104
858 3379 0.11783279071472696
858 3394 -0.7596124419119765
858 3409 -0.4896630105033897
859 860 -0.18565604505458166
859 3605 0.8493575731458809
859 3620 0.514078407831414
859 3635 0.3195465089389957
859 3650 -0.9810755741261385
859 3665 -0.6049988078883068
859 3680 -0.6555603599799547
859 3515 0.18232875181571107
859 3530 -0.2023184860896623
859 3544 -0.7287686882148408
859 3559 -0.3351081890756451
859 3574 0.6624158365715078
859 3589 -0.193729745005512
860 3785 0.021149021380891586
860 3800 -0.2779047923935549
860 3815 -0.6284638588610654
860 3830 0.8030273973953985
860 3845 0.2796936604046516
860 3860 -0.9242410600441695
860 3695 -0.36611316099781277
860 3710 -0.6558493195501631
860 3724 0.02640203588675938
860 3739 0.9116566205099002
860 3754 0.8386503872070363
860 3769 -0.32820386385643685
873 874 -0.27316397181874486
873 888 0.41722860572906595
873 3425 -0.8495486189598969
873 3440 -0.5127830446668633
873 3455 -0.15912631866112203
873 3470 -0.7819908748814062
873 3485 -0.4820285541138589
873 3500 -0.7578438821479363
873 3365 0.07519555541818801
873 3380 0.9006270683741613
873 3395 -0.15180570902219737
873 3410 -0.3691878164889846
874 875 0.23797110185539205
874 889 -0.759035194115216
874 3605 -0.2992707056402466
874 3620 -0.8400683785105427
874 3635 -0.9800575651262806
874 3650 -0.3652627319657842
874 3665 -0.4859193865556195
874 3680 0.6059098708961641
874 3515 0.16775587162896777
874 3530 0.917374830836839
874 3545 -0.275178443304275
874 3560 0.08382070175171319
874 3575 -0.17376247785844345
874 3590 0.25279044994517186
875 890 0.47599744184812365
875 3785 -0.13842175437829995
875 3800 -0.3064811571876629
875 3815 -0.3814374615563838
875 3830 0.9697425238493236
875 3845 -0.4772167667798395
875 3860 -0.03159663534757007
875 3695 -0.76396889327167
875 3710 -0.33567105087097904
875 3725 -0.7254354206888369
875 3740 0.5142623172986274
875 3755 -0.7806587403545824
875 3770 0.06766592582006181
888 889 -0.6953743369649539
888 3425 0.4902999255612841
888 3440 0.13216528019256968
888 3455 -0.20282587448670486
888 3470 0.08795266536290103
888 3485 0.11138297075624393
888 3500 -0.4445968227299102
888 3365 -0.8106949965436565
888 3380 0.6228776750323162
888 3395 -0.27884833414257804
888 3410 -0.24310263776923513
889 890 -0.318252473794731
889 3605 0.2824814110327538
889 3620 -0.42649002898850563
889 3635 -0.04824219336641833
889 3650 -0.38589786420233696
889 3665 -0.21775902695492833
889 3680 -0.2861425700015392
889 3515 0.8913979354573747
889 3530 -0.376468837803013
889 3545 -0.16608228330975927
889 3560 0.41553643779114346
889 3575 -0.9818156447034845
889 3590 -0.26467380812704966
890 3785 0.599949242574269
890 3800 -0.2493848100606355
890 3815 -0.03301395931011175
890 3830 0.05121094952330996
890 3845 -0.08295789233063022
890 3860 0.06723375322173286
890 3695 0.6906847129009948
890 3710 -0.2078697442073456
890 3725 -0.3898903510111904
890 3740 0.027604954055046704
890 3755 0.9676626418283238
890 3770 -0.1003416662366583
903 904 0.29708058436677165
903 918 -0.23132114207907373
903 3425 0.7456900739453691
903 3440 -0.2653919067258539
903 3365 -0.20656427451850412
903 3380 0.4363584359636452
903 3395 0.0406814483197222
903 3410 0.24848845769259986
904 905 -0.3407342699841729
904 919 0.11992779009757149
904 3605 -0.7821241110699721
904 3620 -0.24362938953778768
904 3455 -0.18338999672627554
904 3470 -0.3905047044215275
904 3485 -0.3749905699718723
904 3500 0.34156771368938577
904 3515 0.28760807283407175
904 3530 0.015657413124936514
904 3545 -0.2933626324449059
904 3560 0.786009552476238
904 3575 -0.34038638339247784
904 3590 0.1971938181666939
905 920 -0.09277170393437206
905 3785 -0.8204372569743759
905 3800 -0.9978568721564911
905 3635 -0.7409131017582988
905 3650 0.9470418974006263
905 3665 -0.04303960033706988
905 3680 0.37070899541317526
905 3695 -0.905213745263487
905 3710 0.41788991198729697
905 3725 0.13032403015681582
905 3740 0.9523355405378602
905 3755 0.6637195203135275
905 3770 -0.08358937971251201
918 919 0.5624938628519718
918 3425 0.8404386486968334
918 3440 -0.5159614290222929
918 3365 0.803278105169678
918 3380 -0.23936562713860665
918 3395 -0.6285871840890844
918 3410 0.6306799711878823
919 920 -0.25947427515952937
919 3605 -0.24756308569614527
919 3620 0.1644738042877243
919 3455 0.5887767221387405
919 3470 0.2693594711002343
919 3485 -0.02918238299411602
919 3500 -0.2811312030364064
919 3515 -0.587991806244905
919 3530 -0.2859442231666094
919 3545 -0.7524006969588946
919 3560 -0.30915732713165034
919 3575 -0.367199944287083
919 3590 -0.7726842170839341
920 3785 -0.44759645337101905
920 3800 -0.10825445742321582
920 3635 -0.952288945510771
920 3650 -0.7689879572562368
920 3665 0.5501907432103856
920 3680 -0.7191077157049344
920 3695 0.1305622273506306
920 3710 -0.7529348117850234
920 3725 0.03523633266737791
920 3740 0.6168353891832705
920 3755 -0.3179428369464685
920 3770 -0.7213035357827644
933 934 0.9153431328208781
933 948 0.6778303125142491
933 3425 -0.8152709676232497
933 3440 -0.04600837939821312
933 3365 -0.797154236771977
933 3380 0.8328202400202664
933 3395 0.6982917791540459
933 3410 -0.2747077559601332
934 935 -0.856215399086873
934 949 -0.20091817255491162
934 3605 -0.5211029021190077
934 3620 0.22597178875124246
934 3455 -0.5332182849536888
934 3470 0.11991527476135633
934 3486 -0.18979325109068346
934 3501 0.9639888562109795
934 3516 0.8422183951825417
934 3531 0.4755857296849777
934 3545 0.6120989559086789
934 3560 -0.5415589461052357
934 3575 -0.6400345937014706
934 3590 -0.465421138585028
935 950 -0.42430222826861996
935 3785 -0.0465758698433989
935 3800 0.5063273024787771
935 3635 0.8121192642354131
935 3650 0.6729393702025683
935 3666 -0.7628856504226367
935 3681 -0.1397296146081839
935 3696 0.5773034010987534
935 3711 -0.3589807220195511
935 3725 0.04009100570585278
935 3740 -0.8466953984738024
935 3755 -0.49238661645527304
935 3770 -0.15382160189651017
948 949 -0.9881975534032665
948 3425 -0.10992440813326443
948 3440 -0.9720173762214628
948 3365 -0.9624080191097681
948 3380 0.9531319877636033
948 3395 0.08687964012572613
948 3410 0.28725450330703617
949 950 -0.14919260651689603
949 3605 -0.7329798833021743
949 3620 0.3772075644843669
949 3455 -0.5137294051665304
949 3470 -0.4509037174247741
949 3486 -0.6956525748690201
949 3501 0.057485089031229064
949 3516 -0.417822128460986
949 3531 0.7638865041230385
949 3545 -0.6687537692454633
949 3560 0.013147964531280865
949 3575 0.7372435965446393
949 3590 -0.055791669597456295
950 3785 -0.5056663037580309
950 3800 0.36702442816580194
950 3635 -0.63681702873704
950 3650 -0.22268943285884335
950 3666 0.4925194186800832
950 3681 0.7784398801726624
950 3696 -0.9472130183620333
950 3711 -0.7373071220825478
950 3725 -0.016023274453345948
950 3740 0.7320538768116942
950 3755 -0.45459164321082657
950 3770 -0.3869157209822216
963 964 -0.06806695822919817
963 978 -0.7263394443814353
963 3425 0.11847680493871215
963 3440 0.9346688346935021
963 3455 -0.5617804427234703
963 3470 0.8642897554946802
963 3486 0.0474001384630629
963 3501 -0.09018834694217026
963 3516 0.9710888089060092
963 3531 0.7983188668011916
963 3545 0.39860530187844256
963 3560 -0.6013132393200018
963 3395 -0.11726380254917457
963 3410 0.28475198702417415
964 965 0.8604323845335573
964 979 0.8218297597378508
964 3605 0.8826113132985958
964 3620 -0.79882366618205
964 3635 0.9556294490550701
964 3650 -0.9835571716242415
964 3666 -0.36619603224768293
964 3681 -0.9577565329096087
964 3696 0.25344140291087625
964 3711 -0.8997718167309559
964 3725 -0.3248831142965598
964 3740 0.741927023303641
964 3575 0.4016004415960046
964 3590 0.6489175615875535
965 980 -0.596971189922672
965 3785 0.34931767454081597
965 3800 0.7014938819538579
965 3815 -0.34960926229501577
965 3830 -0.5153617500757666
965 3846 0.3741042443510565
965 3861 0.7280972935841956
965 3876 -0.867141028014794
965 3891 0.4118089452887086
965 3755 0.8950576587096208
965 3770 0.8495854712355895
978 979 0.5238926331131923
978 3425 0.1112509984649428
978 3440 0.028192885829160463
978 3455 0.6589888406255608
978 3470 -0.23177025087116299
978 3486 -0.11721280236727072
978 3501 0.7064253825243203
978 3516 -0.9067186819528701
978 3531 -0.23665397067364902
978 3545 0.9326539490702586
978 3560 0.9149193059580731
978 3395 0.4069723725162433
978 3410 -0.21298487364629892
979 980 0.5581344649864506
979 3605 0.09839769453103342
979 3620 0.2039014922819664
979 3635 -0.6030099780567435
979 3650 -0.040736501872700615
979 3666 0.7702986225780744
979 3681 -0.9573618124846976
979 3696 -0.1989918806939477
979 3711 -0.36127825847544903
979 3725 -0.19756095377334315
979 3740 -0.17721059650840476
979 3575 0.11187631578855162
979 3590 -0.26232237940767034
980 3785 -0.7845058458719285
980 3800 0.4170943681832575
980 3815 -0.8695161694383606
980 3830 -0.1309203853534162
980 3846 0.4069941432370481
980 3861 -0.8605574341934452
980 3876 -0.49647297580248884
980 3891 0.6161464722813743
980 3755 0.37711495862916555
980 3770 0.6279682980336747
993 994 -0.7996361431725014
993 1008 -0.20138825902265722
993 3426 -0.002577627447703401
993 3441 -0.4747521785066833
993 3456 0.5777604405204071
993 3471 0.8660700959990459
993 3486 -0.013614579393771864
993 3501 -0.6739990130168729
993 3516 -0.060546112733047996
993 3531 0.3798792528752226
993 3545 0.43062485302224696
993 3560 -0.4042411721676866
993 3395 -0.21550943629085717
993 3410 -0.7273932084764971
994 995 -0.7110870764144879
994 1009 0.8195233941181617
994 3606 0.8922255394293364
994 3621 -0.1653138303347308
994 3636 -0.45663425206567543
994 3651 0.03838036445781956
994 3666 0.08853436642984214
994 3681 -0.11605054810223137
994 3696 0.3925516330475076
994 3711 -0.5834890038400278
994 3725 0.5900513555297546
994 3740 -0.5873094106023689
994 3575 0.10277825134583729
994 3590 -0.7823489414386497
995 1010 -0.17772146877132
995 3786 0.4233706272215254
995 3801 0.16059217666224468
995 3816 -0.17900570014611428
995 3831 0.278677683459567
995 3846 -0.949359571370012
995 3861 0.6629513997141072
995 3876 0.3393791200174241
995 3891 0.2665626656577442
995 3755 0.21689830554528688
995 3770 -0.5284514089484236
1008 1009 -0.31172101823582343
1008 3426 0.6574859553695953
1008 3441 0.8690760264768151
1008 3456 -0.6180225655783436
1008 3471 0.42864016829921137
1008 3486 -0.1358450455823328
1008 3501 -0.44904350979652685
1008 3516 -0.9994051820903533
1008 3531 0.21244360719348765
1008 3545 -0.4079350717634129
1008 3560 0.49759378078303595
1008 3395 -0.023515116634199806
1008 3410 -0.2573232720786929
1009 1010 -0.5493426200922735
1009 3606 -0.2920213700733649
1009 3621 -0.14155073789499428
1009 3636 0.48870764698443203
1009 3651 -0.8729911961547081
1009 3666 -0.8469534600183166
1009 3681 -0.23794195244670746
1009 3696 0.37419212594039997
1009 3711 -0.11229994381055741
1009 3725 0.935501068925001
1009 3740 -0.922375812328635
1009 3575 -0.7130252832005444
1009 3590 0.6638449788297776
1010 3786 0.15344096856306466
1010 3801 0.6475726245036992
1010 3816 -0.43266751805099246
1010 3831 0.7353589614534246
1010 3846 0.18665334255818
1010 3861 -0.874933421886569
1010 3876 0.22052953934516228
1010 3891 0.24543434507863915
1010 3755 -0.8675042094918064
1010 3770 -0.7861659142494428
1023 1024 -0.9270475564866318
1023 1038 -0.7522415239529334
1023 3426 0.2877393807244826
1023 3441 -0.9204377105401309
1023 3456 -0.9441498059235527
1023 3471 0.978003727957931
1023 3486 0.13645518524770073
1023 3501 0.03830833762470398
1023 3365 -0.7283171706808544
1023 3380 0.7671273263762379
1023 3395 0.08941785471634267
1023 3410 0.5421332319117751
1024 1025 0.6104567056755552
1024 1039 0.4454838822465925
1024 3606 -0.5265087917015874
1024 3621 0.06739189588436956
1024 3636 -0.8065925916698111
1024 3651 0.9723218601015742
1024 3666 -0.26427603312059267
1024 3681 0.4240454965397489
1024 3516 -0.9905356627752604
1024 3531 -0.742703224462004
1024 3545 0.34834147752277955
1024 3560 -0.37611913792683693
1024 3575 -0.059289294859635966
1024 3590 0.6407221601592157
1025 1040 -0.12016683763411362
1025 3786 0.18366226124127705
1025 3801 -0.46072818049031694
1025 3816 0.6949327087107777
1025 3831 -0.0758573609588633
1025 3846 0.05505065517428953
1025 3861 0.6250512737132532
1025 3696 0.9382777184019644
1025 3711 0.8350695840449154
1025 3725 0.13129672304324935
1025 3740 0.6149089346031773
1025 3755 -0.5834708906244805
1025 3770 -0.7726924249208844
1038 1039 -0.09559317183353633
1038 3426 0.9408463853672286
1038 3441 -0.010525997605794757
1038 3456 0.1644100707910623
1038 3471 -0.5968205482667392
1038 3486 0.6379968999093122
1038 3501 0.39987571778586783
1038 3365 -0.20206022042814276
1038 3380 0.727459531828581
1038 3395 -0.5003353032314688
1038 3410 0.6650387424776396
1039 1040 -0.06565626229457355
1039 3606 0.26487562757228544
1039 3621 -0.5669057000678925
1039 3636 -0.041480798396915874
1039 3651 0.7035272780386332
1039 3666 -0.049342577739401206
1039 3681 0.38368397066200033
1039 3516 -0.9434987593277231
1039 3531 0.5612077830005042
1039 3545 -0.1574125808423743
1039 3560 0.520745240576709
1039 3575 0.8565409127673016
1039 3590 -0.20464973938879427
1040 3786 0.005374114597612278
1040 3801 0.464266424447632
1040 3816 0.3351120999928283
1040 3831 -0.401083255556389
1040 3846 0.6119781663652659
1040 3861 0.7765270928826122
1040 3696 -0.9069706991015105
1040 3711 -0.9791083668362195
1040 3725 0.5083332840944945
1040 3740 0.8352407327222473
1040 3755 -0.750799976975606
1040 3770 0.7498649585702379
1053 1054 -0.9300484112547112
1053 1068 0.37529413514682664
1053 3426 0.6429932863742958
1053 3441 0.771352772841668
1053 3456 -0.4055183427997777
1053 3471 -0.9306179757519302
1053 3486 -0.8531516763016522
1053 3501 -0.6207833051959595
1053 3366 0.8767171442229587
1053 3381 0.22928522377890226
1053 3396 0.4461201424707948
1053 3411 0.8816023078702004
1054 1055 0.2976665251010795
1054 1069 0.9436223141775624
1054 3606 0.5126606681647967
1054 3621 0.20460696606237505
1054 3636 -0.22084869199081614
1054 3651 0.1477863468823264
1054 3666 0.36199413600459884
1054 3681 0.41941154379465617
1054 3516 -0.07450304668708352
1054 3531 0.751134570340874
1054 3546 -0.7879326303444589
1054 3561 -0.39463948928405523
1054 3576 -0.7018662821076209
1054 3591 -0.8336032519968639
1055 1070 0.7420775086011826
1055 3786 0.7901726387390211
1055 3801 -0.5959868189394273
1055 3816 -0.22345243711815965
1055 3831 -0.0549435572970387
1055 3846 0.35920484429426214
1055 3861 0.7166465468984016
1055 3696 0.32563083512810853
1055 3711 -0.9658089301801995
1055 3726 -0.35585115410117973
1055 3741 0.567182790279152
1055 3756 0.6819881412907336
1055 3771 -0.41895905227415997
1068 1069 -0.7392293864612034
1068 3426 0.9468721701902858
1068 3441 -0.04333795497540849
1068 3456 0.23561523362956516
1068 3471 -0.550252315155995
1068 3486 0.1915132197347018
1068 3501 -0.3988468741365321
1068 3366 -0.49452361228198094
1068 3381 -0.2160209949037133
1068 3396 -0.06480175368703489
1068 3411 -0.27506422006185205
1069 1070 0.7635873216597628
1069 3606 -0.9170489590581006
1069 3621 -0.3809515668961452
1069 3636 -0.8494946648834854
1069 3651 -0.8664830774720322
1069 3666 0.566158337028901
1069 3681 0.29426516651671775
1069 3516 0.8305945573428886
1069 3531 -0.7375030499388919
1069 3546 0.06049228783622307
1069 3561 0.4739858002704074
1069 3576 -0.37331191172295264
1069 3591 0.8314530811780889
1070 3786 -0.6889109120763235
1070 3801 0.5362701135900629
1070 3816 0.12980665266054658
1070 3831 0.2027746202696885
1070 3846 0.8338884975557237
1070 3861 -0.4386165895101539
1070 3696 0.14243040722567746
1070 3711 -0.7357472106809722
1070 3726 0.7291067985006405
1070 3741 -0.5867807837120742
1070 3756 -0.19211578926003958
1070 3771 0.16932922447270893
1083 1084 -0.5796186273557835
1083 1098 0.5876526135768101
1083 3426 -0.5117424680435518
1083 3441 0.7633701324646525
1083 3366 0.7800254267126949
1083 3381 -0.4236354326197769
1083 3396 -0.2562304933553623
1083 3411 -0.15605432425908927
1084 1085 -0.904230829287888
1084 1099 0.013015419240367754
1084 3606 -0.5334875587251038
1084 3621 -0.7199408775537861
1084 3456 -0.5990439901603253
1084 3471 0.07771460634717098
1084 3486 -0.937567039372911
1084 3501 -0.6504241745046926
1084 3516 -0.47900955717453186
1084 3531 0.5011695676584182
1084 3546 -0.08799797358283845
1084 3561 -0.38091710575639115
1084 3576 -0.03117798974155006
1084 3591 -0.0503822917174801
1085 1100 -0.4113457810316401
1085 3786 0.7956871277158919
1085 3801 0.6631403055069971
1085 3636 0.09241163051001933
1085 3651 -0.8406586133183052
1085 3666 0.08308884994357624
1085 3681 0.1952050644756287
1085 3696 -0.058763559633080664
1085 3711 0.3683792686620786
1085 3726 0.018929418350300153
1085 3741 -0.4671692733240502
1085 3756 -0.918831761375601
1085 3771 0.4355495562366931
1098 1099 0.6301468997698965
1098 3426 0.7724538702020458
1098 3441 -0.9196502979222938
1098 3366 -0.959729738327018
1098 3381 0.35003836241318953
1098 3396 0.804281159352112
1098 3411 -0.8611516874475766
1099 1100 0.2401943636967756
1099 3606 0.9710746698272263
1099 3621 -0.3672100190241534
1099 3456 0.5227595414908208
1099 3471 0.3996547632692109
1099 3486 0.17622454219267314
1099 3501 0.9852699069357986
1099 3516 0.6531365835656047
1099 3531 -0.2222105986849887
1099 3546 0.9945073702042933
1099 3561 -0.5562939705007497
1099 3576 0.4917655156774037
1099 3591 0.4737960400674397
1100 3786 0.9506463060585129
1100 3801 -0.9089019140651715
1100 3636 -0.3196061095489249
1100 3651 0.21782259120862624
1100 3666 -0.5835062071173549
1100 3681 0.6711055133498072
1100 3696 0.6905826303735243
1100 3711 0.8105032837629949
1100 3726 -0.2187780371588961
1100 3741 -0.9467430894329376
1100 3756 0.4626046492530653
1100 3771 -0.31923033221039776
1113 1114 -0.6446783120938382
1113 1128 -0.9316363563299415
1113 3426 -0.7841122367255418
1113 3441 -0.17318860373120049
1113 3366 -0.6542595074095294
1113 3381 0.40476956347139836
1113 3396 -0.22913336163387554
1113 3411 0.35174210932764094
1114 1115 0.9302288006615134
1114 1129 0.07507879710336707
1114 3606 -0.33281055076375976
1114 3621 -0.8713897989340522
1114 3456 -0.4215213816362007
1114 3471 -0.931533938853782
1114 3546 -0.4450748479350748
1114 3561 0.9277296931306045
1114 3576 -0.5732545797371595
1114 3591 -0.9476485643863524
1115 1130 0.21044702599977483
1115 3786 -0.803568308680352
1115 3801 0.32890521661814764
1115 3636 -0.6056559401353667
1115 3651 -0.8037334087293468
1115 3726 0.9067287726762465
1115 3741 0.7555455604862782
1115 3756 -0.7168793637228881
1115 3771 0.5087926634235507
1128 1129 0.48477133332147826
1128 3426 0.8226700836303227
1128 3441 -0.45605961634760805
1128 3366 -0.33651486090104576
1128 3381 0.1727392950971114
1128 3396 0.34849289497730496
1128 3411 0.6944902146288698
1129 1130 0.3977685305529881
1129 3606 -0.7320554987488839
1129 3621 -0.8192518190900859
1129 3456 0.34603982330852556
1129 3471 -0.6508586064173987
1129 3546 -0.9247380109352756
1129 3561 0.03376292136374359
1129 3576 0.01573097550553637
1129 3591 -0.6189996079256568
1130 3786 -0.5223521053012457
1130 3801 -0.7316730266182592
1130 3636 0.08608039562132586
1130 3651 -0.29166904958199025
1130 3726 0.5813502693807933
1130 3741 0.9629407414973228
1130 3756 0.7260339423460009
1130 3771 -0.8078009202929237
3364 3365 0.6474717079558365
3364 3379 0.62743701167507
3365 3366 -0.6075873451967388
3365 3380 -0.3519734869528104
3366 3381 -0.8151416605353388
3379 3380 -0.4256190857647639
3380 3381 0.5417564567955901
3394 3395 -0.5419045914972471
3394 3409 0.3229575815605268
3395 3396 0.16459070500031525
3395 3410 -0.5809805172805551
3396 3411 0.7411838050626356
3409 3410 -0.14380925527002897
3410 3411 -0.02638379502015864
3424 3425 0.06064271900427265
3424 3439 -0.9487991172802119
3425 3426 0.21652169395975251
3425 3440 0.038207886369872934
3426 3441 0.8051732799049434
3439 3440 -0.32499060908028543
3440 3441 -0.6588378312272725
3454 3455 0.09184444476900966
3454 3469 0.9366247095427309
3455 3456 0.8442681809983015
3455 3470 0.6263998852147317
3456 3471 0.9618006055967718
3469 3470 -0.10906759855123771
3470 3471 -0.997017273589822
3484 3485 -0.8859730440458546
3484 3499 -0.15393448048561864
3485 3486 -0.4654009597684181
3485 3500 0.1411587097458964
3486 3501 0.06920471685988083
3499 3500 0.7984267644118883
3500 3501 -0.7501442939842835
3514 3515 -0.6855672701363458
3514 3529 0.7820088564831371
3515 3516 0.7234888891168976
3515 3530 0.5055800386428293
3516 3531 -0.33613903954864965
3529 3530 0.8836753708326375
3530 3531 -0.440248254258633
3544 3545 0.4845481523817765
3544 3559 -0.6282547669513898
3545 3546 -0.1526978132895771
3545 3560 0.29153181771523085
3546 3561 -0.3091895674211693
3559 3560 -0.5548406013905836
3560 3561 -0.9252916546678918
3574 3575 -0.31611336489078745
3574 3589 -0.003453272460447687
3575 3576 -0.08425694876333245
3575 3590 -0.6867068491819577
3576 3591 0.32405778346570524
3589 3590 -0.2573600818434223
3590 3591 -0.7965200148183071
3604 3605 0.437326507362261
3604 3619 -0.8086167707669567
3605 3606 0.83413308167148
3605 3620 -0.7258495829611045
3606 3621 -0.5029395341877796
3619 3620 0.0510599128913114
3620 3621 -0.8927616948428887
3634 3635 0.6893472453566691
3634 3649 -0.7834153342178649
3635 3636 0.7877342007816241
3635 3650 -0.21132570513472326
3636 3651 0.5614443539620082
3649 3650 0.28019295854585535
3650 3651 -0.7437865132656225
3664 3665 -0.6328860521968052
3664 3679 -0.8446610272267261
3665 3666 -0.18908106443885697
3665 3680 -0.4804232610636665
3666 3681 -0.3213137008724747
3679 3680 -0.45887710560196093
3680 3681 -0.07568283637908357
3694 3695 -0.26170208590132527
3694 3709 0.043535795349563866
3695 3696 0.6137768187962787
3695 3710 -0.8984693313544532
3696 3711 -0.685980551778534
3709 3710 -0.21414122706955374
3710 3711 0.3642283504773187
3724 3725 0.7601831764236138
3724 3739 -0.7091714054489224
3725 3726 -0.07262055135983148
3725 3740 0.5113352941123961
3726 3741 0.660232045895333
3739 3740 0.8752729972923308
3740 3741 -0.46147311698557325
3754 3755 -0.6169173100901189
3754 3769 -0.4907887968293849
3755 3756 -0.26920171853214625
3755 3770 -0.9415527594448023
3756 3771 0.3215466373184177
3769 3770 0.20000566532020336
3770 3771 -0.4511327659997506
3784 3785 -0.431886002948217
3784 3799 0.37000380924651477
3785 3786 0.2375723804768599
3785 3800 0.8718972892352046
3786 3801 -0.4470124701988487
3799 3800 -0.22062541845068995
3800 3801 -0.1714983603067295
3814 3815 0.7505829946251827
3814 3829 0.9001120229193509
3815 3816 0.2704518238249647
3815 3830 -0.6708348174074763
3816 3831 -0.6429355591614418
3829 3830 -0.8212646729868436
3830 3831 0.9786663718240889
3844 3845 0.7680160769254898
3844 3859 -0.5481975301879347
3845 3846 -0.2651594019648107
3845 3860 -0.21796091001425166
3846 3861 -0.46415459864269626
3859 3860 0.04445734763755271
3860 3861 -0.7648167053237491
3874 3875 0.04150558053606823
3874 3889 -0.19956489607489214
3875 3876 -0.22182349825390046
3875 3890 -0.1441205848172249
3876 3891 0.26029773738113704
3889 3890 0.7028260282851793
3890 3891 -0.45111992939473944
