# 
603 603 1.3687416250533708
604 604 3.460431040955849
605 605 -3.7963851796998913
618 618 -0.21823275707901857
619 619 -3.6172485557991454
620 620 -2.167218755495795
633 633 0.2537136376236502
634 634 0.4450286218644468
635 635 -0.009544382207010038
648 648 1.0250628153839472
649 649 0.3281042145944051
650 650 -0.24932713583279842
663 663 1.6011935365020218
664 664 -0.7809888450359059
665 665 -1.4561767792228153
678 678 -0.2845259594946441
679 679 -3.7336690492630975
680 680 1.9393872077976502
693 693 -1.4489085044218148
694 694 -0.8029505651434494
695 695 -3.2498266681113037
708 708 1.9836372116559344
709 709 1.3785914689524894
710 710 -0.792724409404217
723 723 -0.5925644101351981
724 724 -0.849727319167453
725 725 3.7950790209213308
738 738 -2.8621812606971755
739 739 -1.2380565883822747
740 740 1.2176408375779575
753 753 1.8346089829418597
754 754 -3.988004747054796
755 755 -3.586948163162174
768 768 3.4053598266701313
769 769 -3.434891032940379
770 770 -2.5951315968704076
783 783 3.886290928227969
784 784 -1.061691320798281
785 785 -3.579954570491414
798 798 1.834652876215844
799 799 -3.4968675867312893
800 800 -1.525051926149148
813 813 2.4893113033803784
814 814 3.2437649423937778
815 815 -3.43407092318062
828 828 1.8018567967204087
829 829 0.7637896841055261
830 830 -1.331986755058744
843 843 1.4905500893960077
844 844 2.1757168015414665
845 845 -2.093338403682206
858 858 3.7017257708437405
859 859 -3.70904346142388
860 860 -1.2120336269135006
873 873 3.6813953744802808
874 874 0.02806813516693296
875 875 -0.15104948011888464
888 888 -0.8163087474227666
889 889 -0.42796904164699257
890 890 -1.8200963174223714
903 903 3.561398000690093
904 904 -2.1148439903989553
905 905 1.8528876801166927
918 918 0.14226203589175768
919 919 -3.0972403992206097
920 920 2.3106326289157852
933 933 -2.93485246490481
934 934 -3.7789417939369754
935 935 -3.0252919348268374
948 948 1.4148783905071696
949 949 -3.445501429199969
950 950 -3.79515814739053
963 963 -3.452248716618917
964 964 3.5238976679595098
965 965 0.8664771863387637
978 978 2.6317006628894983
979 979 2.897048788775983
980 980 2.9334197744183435
993 993 3.267925740167776
994 994 1.8056273629500375
995 995 1.0151860471051153
1008 1008 -1.2071300888362888
1009 1009 2.4843515054981946
1010 1010 0.0760214926946734
1023 1023 1.3950048019845767
1024 1024 -1.8134872946372917
1025 1025 1.2061448977546494
1038 1038 -2.561214047280864
1039 1039 2.6551746662884295
1040 1040 -0.9505227954164504
1053 1053 -0.7903701065182114
1054 1054 3.222917367109811
1055 1055 -0.8912049438759793
1068 1068 -2.5828350890249485
1069 1069 1.6856197240345843
1070 1070 -3.066396840596915
1083 1083 -3.02535541804001
1084 1084 -3.574625440125409
1085 1085 -3.2688694612582188
1098 1098 -1.6149536435149594
1099 1099 -3.993536935888341
1100 1100 1.9225920939409784
1113 1113 0.7504448763824785
1114 1114 0.7365493200830358
1115 1115 0.03899336993946623
1128 1128 -0.7069996949254174
1129 1129 -3.2551333560959055
1130 1130 -3.1019403188753287
3364 3364 -2.6480111379467868
3365 3365 1.5377398626950125
3366 3366 2.0533679658486452
3379 3379 0.15212628475763434
3380 3380 -3.5295282049302434
3381 3381 1.8767452697901534
3394 3394 2.9567900801060576
3395 3395 -1.6349633212411048
3396 3396 -3.7136531466433516
3409 3409 0.28279955046245053
3410 3410 0.28889591076306154
3411 3411 0.434164939006477
3424 3424 -3.61669838889629
3425 3425 0.45833294489091525
3426 3426 -2.04844663043737
3439 3439 3.973870530310987
3440 3440 -3.5536469826880355
3441 3441 0.6582638178146887
3454 3454 2.92280822115557
3455 3455 -3.5675189604915083
3456 3456 -2.323793184913444
3469 3469 2.6431726342296455
3470 3470 3.3299007640048393
3471 3471 2.9496737192042506
3484 3484 -3.943833425937333
3485 3485 -2.8794232528329013
3486 3486 -1.553515213186424
3499 3499 1.2564387595755608
3500 3500 -3.106942510765955
3501 3501 -2.312325130767846
3514 3514 -3.011413914932181
3515 3515 0.6313993874732517
3516 3516 0.6107995028258166
3529 3529 -0.5547496223362023
3530 3530 -0.6226039995040074
3531 3531 -0.4842301986563875
3544 3544 2.951961642029583
3545 3545 2.149580576570279
3546 3546 2.6938971612561504
3559 3559 -0.19063158252122037
3560 3560 0.5288908361451776
3561 3561 1.0329575107673206
3574 3574 1.8980326730539971
3575 3575 -1.4329515316330994
3576 3576 -2.1249405092799645
3589 3589 2.2985870939588473
3590 3590 0.692391325745076
3591 3591 0.5592892770102162
3604 3604 2.023928582201452
3605 3605 1.855001453354225
3606 3606 -3.8156452641714713
3619 3619 0.3293404167122711
3620 3620 1.5943225609394167
3621 3621 -1.8894705907271314
3634 3634 -3.3643769604722467
3635 3635 -3.312356013076414
3636 3636 -1.6390126438568648
3649 3649 -3.3280908209938573
3650 3650 -2.3942950554604634
3651 3651 0.08091460696634911
3664 3664 -1.3814593947957947
3665 3665 -2.325049975231906
3666 3666 -3.0619285462918544
3679 3679 0.6699525473518912
3680 3680 0.2991992270212487
3681 3681 2.9188905442641584
3694 3694 -0.9725984485449537
3695 3695 3.4543862575091087
3696 3696 -0.38641640470804983
3709 3709 -0.7043441668349342
3710 3710 0.3520998811342615
3711 3711 -1.1228692541802499
3724 3724 -3.3237242137196805
3725 3725 -3.292047568064331
3726 3726 2.8871390011172995
3739 3739 -2.9812146260804715
3740 3740 -3.386013073128801
3741 3741 1.468838466333981
3754 3754 -1.8405636763445345
3755 3755 0.8226331976007151
3756 3756 2.7420211155407745
3769 3769 3.3787390060604476
3770 3770 -2.592042779523254
3771 3771 -0.5237133657760689
3784 3784 3.6277496988129423
3785 3785 -3.1061395850131053
3786 3786 -2.1192836539600606
3799 3799 1.7375363935943584
3800 3800 2.6180548379709165
3801 3801 -2.277931102237492
3814 3814 -0.33270785430872785
3815 3815 2.2700176588538126
3816 3816 -1.378627056368619
3829 3829 1.0413520227342872
3830 3830 1.2184768676928686
3831 3831 -2.2138531188270907
3844 3844 1.5243190756471403
3845 3845 2.8377136881316742
3846 3846 -1.0854951763956082
3859 3859 2.342383246472709
3860 3860 -1.4333263946248591
3861 3861 1.5143271800926197
3874 3874 -2.404841124511785
3875 3875 2.9269146122323706
3876 3876 -3.9344768848976512
3889 3889 2.0775246546494124
3890 3890 -0.7988594663261956
3891 3891 0.7922173300807156
603 604 0.17048787320871028
603 618 0.019317642164487392
603 3484 -0.7142422357594151
603 3499 0.5192631136391264
603 3514 0.38370480780426997
603 3529 0.336376670174517
604 605 -0.97350069163915
604 619 0.3248019564015794
604 3664 -0.554959162211599
604 3679 -0.37282350693712973
604 3694 -0.6977775241066069
604 3709 -0.461601132546255
605 620 0.7096575571081276
605 3844 0.18905939600788857
605 3859 0.6494329854062506
605 3874 0.7657722719792852
605 3889 -0.6779338597249949
618 619 -0.14872217693617507
618 3484 0.5010029711113337
618 3499 -0.33268766121326543
618 3514 -0.37622519092497253
618 3529 0.729219600468789
619 620 -0.45776939038513187
619 3664 0.9862940937497111
619 3679 -0.48287416678010997
619 3694 0.6975684312807702
619 3709 0.49038697877291315
620 3844 0.6672013512166943
620 3859 -0.4520411897062142
620 3874 -0.21530556882915075
620 3889 0.5175123975643812
633 634 -0.4790727875664478
633 648 -0.9978509900348391
633 3424 0.9634642889663212
633 3439 0.8968971217323796
633 3454 -0.30868162065045635
633 3469 0.2483589525112737
633 3484 0.6639503596523406
633 3499 0.30435796066838416
633 3514 -0.6710613513685231
633 3529 -0.7845620915982321
634 635 0.484884324990299
634 649 -0.6645735489788647
634 3604 -0.274748842502907
634 3619 0.6181898859508068
634 3634 -0.8034677239600501
634 3649 0.14258772071338743
634 3664 -0.7363341671446277
634 3679 -0.9069434161771828
634 3694 -0.9707036764831201
634 3709 -0.36924745117766267
635 650 -0.19703470398549627
635 3784 0.05955656258817377
635 3799 0.6435776092177847
635 3814 -0.937730914344814
635 3829 0.7356408423205498
635 3844 -0.19517466869134337
635 3859 -0.8205116017689877
635 3874 -0.6813320174513333
635 3889 0.03372775358826163
648 649 0.5796346830218297
648 3424 -0.5410647435057869
648 3439 -0.6614794588246746
648 3454 -0.4680071471447822
648 3469 0.6242950493273542
648 3484 0.5749152814024983
648 3499 0.5020951139231251
648 3514 -0.9253883662633502
648 3529 -0.0024330149166449377
649 650 0.6337718709319906
649 3604 -0.9624454555347148
649 3619 -0.2378124633025891
649 3634 -0.7862350546558383
649 3649 0.2752157512368629
649 3664 0.44077171736596443
649 3679 -0.8207536644018363
649 3694 -0.20803425513942364
649 3709 0.29068903757740805
650 3784 0.03812277938965569
650 3799 -0.02819958708469361
650 3814 -0.023827445013348214
650 3829 -0.8582591160986923
650 3844 -0.8772926349482655
650 3859 0.6862049045210781
650 3874 -0.9873223596244314
650 3889 -0.30919292284614297
663 664 0.8812362330457781
663 678 -0.36103648853531145
663 3424 0.8434943701574529
663 3439 -0.3785660707362677
663 3454 0.11972960268473254
663 3469 -0.6621520117560544
663 3484 -0.8760610871587362
663 3499 -0.10966938452312225
664 665 0.41402893879169445
664 679 -0.9096581278755989
664 3604 0.0454183318080954
664 3619 0.06164964276737117
664 3634 0.5161506388150734
664 3649 0.2701899323720913
664 3664 -0.1494117543496254
664 3679 -0.2741520651201088
664 3514 -0.2169761547874871
664 3529 -0.8316937095919255
665 680 0.22208195982485956
665 3784 0.045160244836936814
665 3799 0.011867632166110642
665 3814 0.8066036383983712
665 3829 -0.6662468340051237
665 3844 -0.3239083157486182
665 3859 -0.7226446385924536
665 3694 -0.4841017968962278
665 3709 -0.7617187601225426
678 679 0.5346306396419311
678 3424 0.1865108779487228
678 3439 0.46048958138337426
678 3454 0.42949446441103767
678 3469 -0.6978995882434273
678 3484 0.5091300541842032
678 3499 0.11223165121743439
679 680 -0.9895640022762775
679 3604 -0.9056941589144458
679 3619 -0.895145786086867
679 3634 -0.9163501443739943
679 3649 -0.4003530895349692
679 3664 -0.2798149658568294
679 3679 -0.31137134052492543
679 3514 0.11103409033504685
679 3529 0.5855426417646012
680 3784 -0.5952894607408215
680 3799 -0.4166902170076294
680 3814 0.40081915172305815
680 3829 -0.381279745487346
680 3844 -0.4772975049285144
680 3859 0.4655143535127666
680 3694 -0.4617649074689878
680 3709 -0.660177969866321
693 694 -0.06048181351923465
693 708 -0.20734591094231725
693 3424 0.05742888560872861
693 3439 -0.8651792257977593
693 3454 0.07285408038038965
693 3469 0.5729823230056212
693 3484 0.6019058694219526
693 3499 -0.8153579503083399
693 3364 0.4366339705382629
693 3379 -0.3635553350976686
693 3394 0.6694644854372465
693 3409 0.1458845289530477
694 695 0.08532715213976783
694 709 0.8989551026298508
694 3604 -0.22923255901300532
694 3619 0.10331366468815961
694 3634 -0.12966300943690823
694 3649 -0.7951955011161882
694 3664 -0.8974847450104644
694 3679 -0.03627259445034414
694 3514 0.2511263935998931
694 3529 0.23541845851454135
694 3544 -0.61403969351875
694 3559 0.543420096660771
694 3574 -0.12752390461481444
694 3589 -0.5986383604036938
695 710 0.3829241053990593
695 3784 -0.5008849186471103
695 3799 -0.9273387201669305
695 3814 -0.5645830463670225
695 3829 -0.44379634282333824
695 3844 -0.13736720851771156
695 3859 -0.2792283408642491
695 3694 0.3919538880992921
695 3709 -0.7074699640228272
695 3724 0.06983839207080411
695 3739 0.5483142765603621
695 3754 0.6582170039135573
695 3769 0.22055075499804389
708 709 -0.847034194764752
708 3424 -0.9841151237078432
708 3439 0.7494803761435538
708 3454 0.8145915573885671
708 3469 0.23394544467520184
708 3484 0.39307679923472594
708 3499 -0.1990743284457861
708 3364 0.875923387054752
708 3379 0.9453346710362125
708 3394 -0.8537814948098295
708 3409 -0.2487995191219028
709 710 -0.891299120203749
709 3604 0.5015950205890107
709 3619 0.47116247076088524
709 3634 0.8457322360868351
709 3649 -0.45879375835322733
709 3664 -0.13015927493970025
709 3679 0.24818504624970084
709 3514 -0.4767359512932672
709 3529 -0.24849252388501908
709 3544 -0.9519965772430186
709 3559 -0.2862300209263342
709 3574 -0.663536304955199
709 3589 -0.515314979877799
710 3784 -0.10192524404667136
710 3799 -0.11591875444095878
710 3814 -0.883378940584058
710 3829 -0.7804026155149255
710 3844 -0.3837977725441495
710 3859 0.36767473590573063
710 3694 0.31836238508906467
710 3709 -0.8982278778201551
710 3724 0.4447039212291328
710 3739 0.2744614978806039
710 3754 -0.39158116317445457
710 3769 0.062066750414543126
723 724 -0.6331615536579867
723 738 -0.4137945037873205
723 3424 -0.9778866267510771
723 3439 -0.5672893738950298
723 3364 0.117137309091218
723 3379 0.1880639594045166
723 3394 -0.18593760487894695
723 3409 0.9586843010545614
724 725 -0.7500827410811541
724 739 -0.5204241108990175
724 3604 -0.789472890993443
724 3619 -0.12077420712827736
724 3454 -0.17423559402117195
724 3469 -0.8065576358256341
724 3484 0.3260872615520414
724 3499 0.36837979750674754
724 3514 -0.3395312592102826
724 3529 0.9241665373254655
724 3544 -0.5716245290332824
724 3559 -0.9616699745933441
724 3574 -0.7848564405317722
724 3589 -0.5919569000093958
725 740 -0.8005952306715958
725 3784 0.07094327482704998
725 3799 0.6602282249226925
725 3634 0.2669196362584052
725 3649 -0.9212439798389573
725 3664 0.8584677024891778
725 3679 0.01338207756417975
725 3694 0.8571316313900887
725 3709 -0.7552015656210385
725 3724 -0.9260055729697765
725 3739 -0.46677899461635675
725 3754 -0.653657649277696
725 3769 -0.5763854508500952
738 739 0.7001185241460683
738 3424 -0.8277713799687567
738 3439 -0.40544234660061695
738 3364 0.3463576846223444
738 3379 0.6933189444714041
738 3394 0.5359876008591065
738 3409 -0.3327808762459008
739 740 0.380052826421285
739 3604 -0.8545243679162096
739 3619 -0.7500510793023052
739 3454 -0.9782236104464466
739 3469 -0.2018665375931692
739 3484 -0.7951388335422505
739 3499 -0.863087407671635
739 3514 0.9649520772618345
739 3529 -0.8829662569225856
739 3544 0.4557705186876495
739 3559 -0.9591128274478204
739 3574 -0.6267276217965745
739 3589 0.8214696342054562
740 3784 0.5770081911845308
740 3799 0.7669689641592892
740 3634 -0.10639878717006268
740 3649 -0.7187331566375628
740 3664 0.6268861081086565
740 3679 0.20733763216973267
740 3694 0.22651420911663123
740 3709 0.17115627457557436
740 3724 0.7947835633889311
740 3739 -0.9736676484887876
740 3754 0.08592314153471148
740 3769 0.660334417612124
753 754 -0.3652344778320542
753 768 -0.6293335841268559
753 3424 -0.9729763016038955
753 3439 -0.9929332365460073
753 3364 0.5342120580944405
753 3379 -0.4870390407123386
753 3394 -0.05433974990397816
753 3409 -0.09469794392223263
754 755 -0.9930936423073975
754 769 -0.5186682028485601
754 3604 -0.23627016206294282
754 3619 -0.9278718486093804
754 3454 0.043302101668721615
754 3469 -0.45370334717419913
754 3485 0.027561716383831758
754 3500 -0.32167160303799625
754 3515 0.6416903851836375
754 3530 0.5621323828130922
754 3544 0.5817273352106347
754 3559 -0.8070100635395323
754 3574 -0.2856117123594015
754 3589 -0.37023704117147016
755 770 0.2542009106134293
755 3784 0.6795764832224755
755 3799 -0.7651834411939378
755 3634 0.02805115263949487
755 3649 -0.9158002389355411
755 3665 -0.008817411828459631
755 3680 -0.36122725720829396
755 3695 -0.11957105626487974
755 3710 -0.35771521336702494
755 3724 0.951656110057794
755 3739 -0.7115839306580993
755 3754 0.9887053911123276
755 3769 0.19543190754270312
768 769 0.7232256539704256
768 3424 0.9501074904475681
768 3439 0.7546693417799388
768 3364 -0.5177140208240205
768 3379 0.5881585458568994
768 3394 0.27646342682209757
768 3409 -0.8841809400048795
769 770 0.5896403873939633
769 3604 0.2131608522703594
769 3619 0.006405053743679945
769 3454 -0.19924087792719036
769 3469 -0.7787698996512129
769 3485 -0.21689626671077478
769 3500 -0.7734829139159101
769 3515 0.03923352926951762
769 3530 0.4708508427312237
769 3544 -0.043725337201681924
769 3559 0.2955406825666895
769 3574 -0.4433431910124186
769 3589 -0.4293234594098032
770 3784 -0.8717881930226483
770 3799 -0.8302310005695197
770 3634 -0.9379733014471203
770 3649 -0.7437621780397727
770 3665 0.7467554329322048
770 3680 -0.3325886942954024
770 3695 0.36969173976324377
770 3710 0.5767156146389474
770 3724 0.8268511414781068
770 3739 0.4509957851637265
770 3754 0.12801936418604187
770 3769 0.8186241799301879
783 784 0.5224961216952131
783 798 0.23450866492247346
783 3424 -0.535554299436978
783 3439 -0.7987107917884555
783 3454 -0.39076338940364885
783 3469 0.8696520166905954
783 3485 -0.4115730858001998
783 3500 -0.7751391013848428
783 3515 -0.6415549254118778
783 3530 0.5957540613565864
783 3544 0.5173819175793168
783 3559 -0.06200076684417599
783 3394 -0.9616990188382528
783 3409 -0.3712236990623643
784 785 -0.30883991363894325
784 799 0.8061516381769096
784 3604 -0.9342185307503579
784 3619 0.13023327221145453
784 3634 -0.8639156135228383
784 3649 -0.31456900538529853
784 3665 -0.867446294662678
784 3680 -0.256212760375629
784 3695 -0.5800438693657328
784 3710 0.4881712597268262
784 3724 0.2727070864419483
784 3739 0.21849392848583027
784 3574 0.19603222275705812
784 3589 -0.17204468441564558
785 800 -0.3331840883072186
785 3784 -0.6279118880476802
785 3799 0.7795049855187015
785 3814 -0.043642189284530675
785 3829 0.44369156929110387
785 3845 0.9839047184636043
785 3860 -0.20794682666413733
785 3875 -0.9924951726417426
785 3890 0.9259622814536685
785 3754 0.8749605804458902
785 3769 -0.7505836669304422
798 799 -0.278026850104917
798 3424 -0.8462678874354734
798 3439 0.07331405468811947
798 3454 -0.17099147032902917
798 3469 0.40199706603730334
798 3485 0.7688231513065309
798 3500 -0.8054334158289633
798 3515 0.57346709929611
798 3530 -0.07393998228070986
798 3544 0.12892064973909445
798 3559 0.24853496211530168
798 3394 -0.26225479718298206
798 3409 0.39253140113059404
799 800 0.48176022949744235
799 3604 0.7062414068469709
799 3619 -0.7708370279965726
799 3634 -0.11955092885718921
799 3649 0.3812191924925936
799 3665 -0.38989468281954687
799 3680 -0.7762147935556771
799 3695 0.1284339654492328
799 3710 -0.5546692487175835
799 3724 0.693533388188289
799 3739 -0.4572196289563557
799 3574 0.7741466764568299
799 3589 -0.4554626521313543
800 3784 0.39345997010395695
800 3799 -0.3585468054649894
800 3814 0.08581770450529813
800 3829 0.16123065227557354
800 3845 -0.7586341362700157
800 3860 -0.7488403238817594
800 3875 -0.8996596715822391
800 3890 -0.6143275928888505
800 3754 0.5176820606927071
800 3769 -0.5119310139053161
813 814 -0.30260950449251145
813 828 -0.6095363648632979
813 3425 -0.7696146173333505
813 3440 -0.45383566413757315
813 3455 -0.05781784287374836
813 3470 0.45733649333487403
813 3485 -0.3963116353713336
813 3500 0.7280970556319819
813 3515 0.10070299750395706
813 3530 0.9630107736168845
813 3544 -0.29188075870640584
813 3559 -0.44214055274596564
813 3394 -0.5381350291017262
813 3409 0.1493750802464071
814 815 0.28050155047892567
814 829 -0.38899679810046583
814 3605 0.7908568836931178
814 3620 0.7918409405540994
814 3635 -0.23920552655151583
814 3650 0.2495363737097065
814 3665 0.5001089245804258
814 3680 -0.1474107054230469
814 3695 0.6017605864864994
814 3710 0.22474825495561968
814 3724 -0.37764448436323184
814 3739 -0.05973711878517274
814 3574 0.4644759226045996
814 3589 0.764183119769325
815 830 -0.22794363967265796
815 3785 -0.9881376141997962
815 3800 0.262697995152833
815 3815 -0.7193536194856853
815 3830 0.8577943182368302
815 3845 -0.9104885278556452
815 3860 -0.8890022520576166
815 3875 0.1967495533016772
815 3890 -0.9016422231493657
815 3754 0.5102656771067018
815 3769 0.3159755258434258
828 829 -0.14804624238872433
828 3425 -0.37347070092943113
828 3440 -0.9335050420292079
828 3455 -0.4349463572512582
828 3470 0.0187919738378981
828 3485 -0.6192960999163171
828 3500 -0.40383541649152166
828 3515 -0.11177421588942327
828 3530 0.3013054781917268
828 3544 0.40280563215436804
828 3559 0.7651126024406805
828 3394 -0.3431203501851283
828 3409 -0.5979331915426587
829 830 -0.9387861536041806
829 3605 0.5619668176253974
829 3620 0.44006995158556417
829 3635 -0.4894612293979155
829 3650 -0.32895806040458675
829 3665 0.132418960345849
829 3680 0.7100010528263474
829 3695 0.20262112345209138
829 3710 0.24365968364093882
829 3724 0.5741570909757157
829 3739 -0.9135162352877098
829 3574 -0.629946904972968
829 3589 0.7408705021417104
830 3785 0.06069187899362993
830 3800 0.055069677951303575
830 3815 0.9421802145085385
830 3830 -0.37935693566051665
830 3845 -0.47456337006385896
830 3860 0.16685614697425133
830 3875 -0.14101990080832727
830 3890 0.6872574684333348
830 3754 0.6241291758989651
830 3769 0.5313926912396967
843 844 -0.7320935215392075
843 858 0.004472025810843716
843 3425 -0.23120970991919187
843 3440 -0.4081789709203689
843 3455 -0.006096043389094419
843 3470 0.9112453561390736
843 3485 0.8784651107620354
843 3500 0.002808978868862555
843 3364 0.9329547431051655
843 3379 0.1346295015449812
843 3394 0.36473184299505745
843 3409 -0.18004454655146374
844 845 -0.4442028744513442
844 859 -0.31339515913996707
844 3605 0.01567396192676207
844 3620 0.6948869530575599
844 3635 -0.1012723388972403
844 3650 -0.6972419664177658
844 3665 0.37608661061644355
844 3680 0.5476892909391684
844 3515 0.9687166743778928
844 3530 0.9769753495406226
844 3544 0.11070960798332052
844 3559 -0.11940894906346133
844 3574 0.1476333733547479
844 3589 -0.1361038969921493
845 860 -0.2009567843875557
845 3785 -0.7862087449074922
845 3800 -0.8363605539338892
845 3815 -0.17553511887639694
845 3830 -0.3865108184020274
845 3845 -0.9475375624398519
845 3860 -0.3777602373944555
845 3695 0.3766892470142871
845 3710 -0.9264519258680948
845 3724 0.991149492303784
845 3739 0.8663090484951077
845 3754 0.9424544313773218
845 3769 0.8841531015277109
858 859 0.6747445127507996
858 3425 0.03456922314185662
858 3440 0.9539823056787262
858 3455 -0.6048080975149503
858 3470 0.5224666996463256
858 3485 0.47874460023101917
858 3500 0.3367837764417194
858 3364 -0.5621711137338052
858 3379 -0.627428733658348
858 3394 -0.12871128974510793
858 3409 0.5956021398047908
859 860 -0.8391817715839189
859 3605 -0.10106986586642575
859 3620 0.7222113076546346
859 3635 -0.5783834563795056
859 3650 -0.4670384581962477
859 3665 0.6585769165285036
859 3680 0.46939073972891276
859 3515 0.4486397312225252
859 3530 -0.8030121097737779
859 3544 0.9223524273661006
859 3559 -0.49955890032590844
859 3574 0.1663881229833135
859 3589 0.30630373612063444
860 3785 -0.7818421423922923
860 3800 0.36606835182488995
860 3815 -0.16535432312999632
860 3830 -0.7546593794283971
860 3845 0.17692601826323506
860 3860 0.32222923295520056
860 3695 -0.20534293633501322
860 3710 -0.8891829839546006
860 3724 -0.9486865265333664
860 3739 -0.7514424380502089
860 3754 -0.004179848223171856
860 3769 -0.281433625241049
873 874 -0.30560120627382115
873 888 0.5057725938343345
873 3425 0.4980881160388002
873 3440 -0.5655254775638274
873 3455 0.633539962011715
873 3470 -0.29204275827540593
873 3485 -0.41991034248830594
873 3500 -0.5483191439869042
873 3365 0.8108074901604005
873 3380 0.4826092432017517
873 3395 0.553286472953278
873 3410 -0.32249742270741444
874 875 -0.37912816730910137
874 889 0.6927220269688341
874 3605 -0.47072622153599086
874 3620 0.20141576532049177
874 3635 0.5818804717798691
874 3650 -0.6055223861956962
874 3665 0.3433124080542962
874 3680 0.9770719941792676
874 3515 -0.8343967349044459
874 3530 -0.35945978747791485
874 3545 -0.8107483691809769
874 3560 0.3216876865519016
874 3575 -0.644204054353253
874 3590 -0.8017707300666288
875 890 -0.6846217583241825
875 3785 0.7275883724314556
875 3800 0.6392976705140561
875 3815 -0.9463818596932994
875 3830 -0.987308926547988
875 3845 0.06807774638792652
875 3860 0.196258035637926
875 3695 -0.3420632648167359
875 3710 0.6971033532674356
875 3725 -0.9836964365298899
875 3740 0.9384623420488218
875 3755 0.7492274397366594
875 3770 -0.2689479198320057
888 889 -0.24321706615781946
888 3425 -0.11336654626299314
888 3440 0.33058568719982784
888 3455 -0.6317071910051988
888 3470 0.0527726165746798
888 3485 -0.20633585450326142
888 3500 -0.8793054028724734
888 3365 -0.041555199768807505
888 3380 -0.40334462539414506
888 3395 0.9692841050869097
888 3410 -0.05118269333682801
889 890 0.8398271029866049
889 3605 0.33093958659926437
889 3620 -0.183663462180766
889 3635 0.715457830262566
889 3650 -0.8794449857202302
889 3665 -0.49449628772370025
889 3680 -0.9769464553140814
889 3515 0.4694874538618934
889 3530 -0.7154506175633641
889 3545 0.35660590627168043
889 3560 0.09457145390306909
889 3575 0.251102513358997
889 3590 0.328186719690011
890 3785 0.04757954160779532
890 3800 0.501103457902133
890 3815 0.9790771781056347
890 3830 0.16916043724493002
890 3845 -0.25494872400434265
890 3860 0.523996604729305
890 3695 -0.03200219058634457
890 3710 -0.2747867486579523
890 3725 0.7873069820198881
890 3740 0.7115673542878829
890 3755 0.24414718875057995
890 3770 -0.5249707824823313
903 904 -0.9065472361835409
903 918 0.7873248127462094
903 3425 0.36609308455890677
903 3440 0.8132081966688551
903 3365 -0.5282172802532907
903 3380 0.9640589814917129
903 3395 -0.8557108771836459
903 3410 -0.9472767314723589
904 905 0.49853088813757807
904 919 0.9789567354542448
904 3605 -0.9486122140108291
904 3620 -0.07175958504115654
904 3455 -0.5054210887685509
904 3470 0.13752734402056221
904 3485 0.030896351857619075
904 3500 0.27946062490669554
904 3515 0.30770328185277696
904 3530 -0.6413962745135295
904 3545 0.12084848735513543
904 3560 -0.21066590114024475
904 3575 0.330247312410755
904 3590 0.3473588447396343
905 920 -0.5048215009420634
905 3785 -0.8501334566574359
905 3800 0.21468306675600224
905 3635 0.6598720784695562
905 3650 -0.3163787092468049
905 3665 0.2793005830735664
905 3680 -0.35559751153449115
905 3695 0.3685913861658865
905 3710 0.02628092441857266
905 3725 0.13881637249123546
905 3740 0.8598957321460126
905 3755 0.5457738073128673
905 3770 -0.01230789663586962
918 919 -0.9254318436371725
918 3425 -0.6427014509276749
918 3440 0.46673183799626994
918 3365 0.09697610690192371
918 3380 -0.6411822737126951
918 3395 -0.3721650017920102
918 3410 0.0017786694383248314
919 920 0.05980328448782535
919 3605 -0.6148706021749604
919 3620 0.9994669505876572
919 3455 -0.6115832261796725
919 3470 0.5469330043454512
919 3485 0.5073874828539258
919 3500 0.11829106994309946
919 3515 -0.29565395864486654
919 3530 -0.23295736226843156
919 3545 0.15339996025225133
919 3560 -0.012397040620637734
919 3575 0.27999319349190954
919 3590 0.7532277671066363
920 3785 0.7006026488063115
920 3800 0.27943159450267196
920 3635 -0.8395388782724109
920 3650 0.3819527246796228
920 3665 -0.3511988367490497
920 3680 0.43911118856778053
920 3695 0.6602070172566652
920 3710 0.1270103257092381
920 3725 0.8738416449512361
920 3740 -0.5386175380732903
920 3755 -0.9287638521597146
920 3770 0.5320197819673931
933 934 0.7799337818825418
933 948 0.49880822598090346
933 3425 0.14085507147127996
933 3440 0.4689492611746551
933 3365 -0.4255197695685031
933 3380 -0.779726469939346
933 3395 0.4736793877867842
933 3410 0.6177099870987344
934 935 0.5882415072031331
934 949 -0.0858758373866837
934 3605 -0.23930722636691804
934 3620 -0.38104535064976197
934 3455 0.15339315470145265
934 3470 0.012797380013864545
934 3486 -0.9397101059702528
934 3501 0.7690530089363736
934 3516 0.5179014498342367
934 3531 0.026288280664763963
934 3545 -0.7858376112366476
934 3560 -0.4310013332525384
934 3575 -0.9372585259393529
934 3590 0.14145116678121195
935 950 0.03904362524844651
935 3785 0.9377733286531211
935 3800 0.1528915976566685
935 3635 -0.6566202456569634
935 3650 0.10285652172653137
935 3666 -0.8805369662029359
935 3681 0.5353631422286542
935 3696 -0.9189359967449195
935 3711 0.22856997540363055
935 3725 0.9849763428401839
935 3740 0.6358621845776882
935 3755 -0.10399104407403792
935 3770 0.3630723525790813
948 949 0.5663544418859088
948 3425 0.9596316031477448
948 3440 0.2772054236013224
948 3365 -0.9775862294237694
948 3380 0.7036336915292154
948 3395 0.8210940580113848
948 3410 -0.033824089913544464
949 950 0.9697309048139959
949 3605 -0.8816554669153878
949 3620 -0.3444690976554703
949 3455 -0.2703775383647864
949 3470 0.7344588472094458
949 3486 0.845165370603117
949 3501 -0.4586747253016823
949 3516 0.34309576528815255
949 3531 -0.2754976226042991
949 3545 0.35952202701499014
949 3560 0.5922928769773403
949 3575 0.316932966352925
949 3590 0.03910882931146453
950 3785 0.8200705126677161
950 3800 0.13649663440630744
950 3635 0.408201369663989
950 3650 0.19563166952605004
950 3666 -0.25468364416478484
950 3681 0.5802051072096055
950 3696 0.37137903822015006
950 3711 -0.7691928446887839
950 3725 -0.7646789182736757
950 3740 0.08789862451072272
950 3755 -0.5387344893654356
950 3770 0.5088702337572046
963 964 -0.05443608314788806
963 978 -0.6451653106884814
963 3425 -0.282731338315662
963 3440 0.5878166079825184
963 3455 -0.35828525575803916
963 3470 -0.23179904242735927
963 3486 0.8649405194850999
963 3501 -0.9490826674948825
963 3516 -0.5967844816858725
963 3531 0.5832611206152447
963 3545 -0.23567624397201814
963 3560 0.9977471622751848
963 3395 -0.3456922859940108
963 3410 -0.775612421469785
964 965 -0.5557543508870035
964 979 0.13407508616657515
964 3605 -0.9181353802647176
964 3620 0.4496766293959704
964 3635 -0.37746400660522617
964 3650 -0.6283867125509706
964 3666 0.9437546679746127
964 3681 0.22259955039305024
964 3696 0.7706932826318742
964 3711 -0.12114469314177523
964 3725 -0.4231324815366395
964 3740 -0.8511626031451398
964 3575 0.23736199564108507
964 3590 0.3821985269508319
965 980 0.2896984087191503
965 3785 0.968548594029403
965 3800 -0.14345132761871482
965 3815 0.9090363797538255
965 3830 0.1542774456968543
965 3846 0.6947668302336183
965 3861 -0.9181183498950738
965 3876 0.8024638957045447
965 3891 0.106418585885238
965 3755 -0.9958887251069695
965 3770 -0.9240178263663981
978 979 0.03192262211397745
978 3425 -0.500674050874818
978 3440 0.540774400737505
978 3455 -0.482273811785886
978 3470 0.3396942300045749
978 3486 0.34492013591704107
978 3501 0.9862922217971859
978 3516 0.8389868825122422
978 3531 -0.8279593913634151
978 3545 -0.9223531829317386
978 3560 -0.6002032685073928
978 3395 0.05069511649681746
978 3410 -0.6735556142673103
979 980 -0.41566749258231317
979 3605 -0.04449530345449393
979 3620 0.15284267727026024
979 3635 0.6639306660332527
979 3650 -0.7736535261943265
979 3666 -0.14623754108512044
979 3681 -0.7470118702946908
979 3696 -0.45117095388579087
979 3711 0.039956381709657984
979 3725 -0.441142861908407
979 3740 0.8027711533171003
979 3575 0.6190618405662942
979 3590 0.006581602017325716
980 3785 -0.1350103811530774
980 3800 0.0583104329491646
980 3815 -0.9224188645327271
980 3830 -0.23371823521548274
980 3846 0.38595704397172637
980 3861 0.606586059151955
980 3876 -0.964784163124548
980 3891 0.24588110750634362
980 3755 -0.2547520827306573
980 3770 -0.7584455782661221
993 994 -0.4531103516671362
993 1008 -0.34146900651850753
993 3426 -0.1288086969177995
993 3441 -0.3685293615113596
993 3456 -0.9148948350355706
993 3471 -0.2993732113136125
993 3486 -0.5426738293624829
993 3501 0.7770092029695028
993 3516 0.3769441876539974
993 3531 -0.8030672520475972
993 3545 0.47500425300077675
993 3560 0.7412922126967301
993 3395 0.7849870922180255
993 3410 0.3552990117012518
994 995 -0.7447513619899266
994 1009 -0.9176729865485833
994 3606 0.42942767102940227
994 3621 -0.9994626106756987
994 3636 0.7911807875671293
994 3651 -0.11853410174390544
994 3666 -0.6844358523714236
994 3681 0.8576571575812277
994 3696 0.34672420560218153
994 3711 0.31045842020545655
994 3725 -0.383829646283141
994 3740 0.5401779013452979
994 3575 -0.3228773665697917
994 3590 -0.2161835061710664
995 1010 -0.380715012376029
995 3786 -0.5731807607491168
995 3801 0.430817633276547
995 3816 -0.8311174491957238
995 3831 -0.9004225557041157
995 3846 0.6396891933187405
995 3861 -0.46967031342462917
995 3876 -0.934703995408841
995 3891 0.6740353675102992
995 3755 -0.5264254079384254
995 3770 0.3768882254799264
1008 1009 -0.4442282176109533
1008 3426 -0.6902115547342649
1008 3441 -0.6403045776169554
1008 3456 -0.553921111749897
1008 3471 0.9271815994633084
1008 3486 0.08275918782080649
1008 3501 0.7445287156442453
1008 3516 -0.21605088677310835
1008 3531 0.5348884587315448
1008 3545 -0.289563125738882
1008 3560 -0.2907055380536341
1008 3395 0.6087909542599501
1008 3410 -0.42146288716460023
1009 1010 -0.49207958719217304
1009 3606 -0.3373415785694138
1009 3621 -0.20007640484357125
1009 3636 0.009181536184406092
1009 3651 0.5729738898936443
1009 3666 0.21302515924754828
1009 3681 0.8918869632456168
1009 3696 0.3084450926911704
1009 3711 0.16739619795756555
1009 3725 -0.14630344894314562
1009 3740 0.40037892843243617
1009 3575 -0.04796470998204816
1009 3590 -0.98828016063442
1010 3786 0.9934023467352076
1010 3801 -0.8509024826742329
1010 3816 -0.07052945433174096
1010 3831 -0.9129686951789784
1010 3846 0.08150414710952436
1010 3861 -0.4809412786710894
1010 3876 0.10704752425536168
1010 3891 -0.03803015231351847
1010 3755 0.07515052557680746
1010 3770 0.16437800371791544
1023 1024 0.7335727164920893
1023 1038 0.742942934534975
1023 3426 -0.46560206927813663
1023 3441 0.24424438946282678
1023 3456 -0.0999445248373303
1023 3471 0.5551126676802935
1023 3486 -0.08642606794744756
1023 3501 0.8713709333732682
1023 3365 0.44178820605281177
1023 3380 -0.8493570421206362
1023 3395 -0.5459926368827501
1023 3410 -0.9952905555135099
1024 1025 0.4876472247152277
1024 1039 -0.24481687660621154
1024 3606 -0.29174323384407774
1024 3621 0.4744362652876142
1024 3636 -0.9278508264150163
1024 3651 0.3879329306477963
1024 3666 -0.9529288055069678
1024 3681 -0.3056327836261541
1024 3516 0.08838010168462662
1024 3531 -0.8935411590276063
1024 3545 -0.03737846381924603
1024 3560 0.03681380475641016
1024 3575 -0.64559788965453
1024 3590 -0.5027197371843504
1025 1040 -0.6355475820809193
1025 3786 -0.2912517072731633
1025 3801 -0.52158537851717
1025 3816 0.8820886266903349
1025 3831 0.5177861226902232
1025 3846 -0.8425001448577278
1025 3861 -0.015708321843588946
1025 3696 0.8532106540541298
1025 3711 -0.05182997354205732
1025 3725 0.5848832472583325
1025 3740 -0.5927296015940071
1025 3755 0.8984450968508602
1025 3770 -0.19408892406922762
1038 1039 0.9312284502924661
1038 3426 -0.6240522707237421
1038 3441 -0.3985140966539571
1038 3456 -0.697215857783998
1038 3471 -0.4722594941977942
1038 3486 -0.9490052702170939
1038 3501 0.8255139398691118
1038 3365 -0.7813233633806602
1038 3380 0.22475180616306445
1038 3395 0.8437254276339652
1038 3410 -0.3657623953605298
1039 1040 0.29667847333139563
1039 3606 -0.4636030040591337
1039 3621 -0.12794486691106588
1039 3636 0.8305368848765091
1039 3651 0.2993840740055147
1039 3666 0.6572646080971862
1039 3681 0.5256950889933685
1039 3516 0.4470508140200604
1039 3531 -0.20520999106324966
1039 3545 0.8407337362953797
1039 3560 -0.6843408239543229
1039 3575 0.7832280920264167
1039 3590 -0.9548001752708126
1040 3786 -0.7886877579425076
1040 3801 -0.7940810456304388
1040 3816 -0.5990701860693519
1040 3831 -0.29534263111823456
1040 3846 0.2981191810394419
1040 3861 -0.1743836017274516
1040 3696 -0.7825579124082676
1040 3711 -0.4977817640655029
1040 3725 0.6887390960377484
1040 3740 0.6917305255948367
1040 3755 -0.9847662028321693
1040 3770 0.11208068476018007
1053 1054 -0.7100157737199144
1053 1068 0.1811385413008748
1053 3426 -0.1795901564979261
1053 3441 0.16451871851306477
1053 3456 0.2334688274951109
1053 3471 -0.27100895967656435
1053 3486 -0.5131915635390207
1053 3501 0.5556403009360469
1053 3366 0.9336405452778787
1053 3381 -0.25364295924597346
1053 3396 0.9188365782165842
1053 3411 -0.11062787715083378
1054 1055 -0.6349779398136646
1054 1069 -0.29259887562223286
1054 3606 0.28293116706066446
1054 3621 -0.9417330200076051
1054 3636 0.27820399633004533
1054 3651 -0.7820790587072648
1054 3666 -0.84465595325641
1054 3681 -0.6340797652784114
1054 3516 -0.584936235706426
1054 3531 -0.6884854284965967
1054 3546 0.1920759333733275
1054 3561 0.7967938452205023
1054 3576 -0.9382410534870418
1054 3591 -0.40383583902836917
1055 1070 -0.07942150510954793
1055 3786 -0.439206830260386
1055 3801 -0.15300338781219391
1055 3816 0.3076040099956532
1055 3831 -0.3261569731511724
1055 3846 -0.8706573279101608
1055 3861 -0.1345868878242178
1055 3696 0.054567386117702954
1055 3711 0.16003822608969398
1055 3726 0.8369010640098444
1055 3741 0.2560783482402136
1055 3756 -0.4934902758955302
1055 3771 0.1704855339222897
1068 1069 0.7704679307434674
1068 3426 0.17659849818135065
1068 3441 -0.07355930042859726
1068 3456 0.6209708163629981
1068 3471 0.7394386970207452
1068 3486 -0.8800650574067317
1068 3501 -0.7099551777803741
1068 3366 0.6748540087310408
1068 3381 0.8088614780584309
1068 3396 -0.6551426287456295
1068 3411 0.8231070073270113
1069 1070 0.2924125873056118
1069 3606 0.47504302106692164
1069 3621 -0.20885417744260715
1069 3636 -0.05380491555532174
1069 3651 -0.2318262008089329
1069 3666 -0.6231718846012746
1069 3681 -0.7917075037228289
1069 3516 -0.8150702486959576
1069 3531 -0.5478810554661862
1069 3546 0.005741569227058152
1069 3561 -0.2110446064202447
1069 3576 -0.05005159676918791
1069 3591 -0.821972793433033
1070 3786 0.5129768923443925
1070 3801 -0.2192212124034174
1070 3816 -0.048670413220977204
1070 3831 -0.4561203074033042
1070 3846 0.7343589039627632
1070 3861 -0.8246701374492416
1070 3696 0.9875976556333934
1070 3711 -0.6013960286810383
1070 3726 0.22780111873254416
1070 3741 0.18175838552754198
1070 3756 -0.4277726730648046
1070 3771 -0.7081953672788233
1083 1084 -0.22117989774714997
1083 1098 -0.3959945664479452
1083 3426 0.5831268591042478
1083 3441 -0.5773929434251222
1083 3366 -0.0050819888722617446
1083 3381 0.5878234280741519
1083 3396 0.9594356580502283
1083 3411 -0.7725247670771167
1084 1085 -0.7516639341627711
1084 1099 -0.3589329463238895
1084 3606 0.030829753457535247
1084 3621 -0.30611915642239507
1084 3456 -0.8331569630817994
1084 3471 -0.5571184770728466
1084 3486 0.8638074583749238
1084 3501 0.6564672563638494
1084 3516 0.5071291307607853
1084 3531 0.985455722128926
1084 3546 -0.20171002267674698
1084 3561 0.6350332421045879
1084 3576 -0.8321606141382967
1084 3591 -0.8971034574796823
1085 1100 0.6432056051140216
1085 3786 -0.012632237804768742
1085 3801 0.2441970500340207
1085 3636 -0.5198505307647319
1085 3651 -0.16596222930778604
1085 3666 0.4012181000599526
1085 3681 0.12306396941150743
1085 3696 0.6849462721372939
1085 3711 -0.8946826939130053
1085 3726 -0.655155710049248
1085 3741 0.1823002855557545
1085 3756 0.7532290625999312
1085 3771 -0.6900633926314523
1098 1099 -0.7215607196763887
1098 3426 -0.26938428535847536
1098 3441 0.9442107395199268
1098 3366 0.2830957709886619
1098 3381 -0.07437570571814311
1098 3396 -0.8869100075895755
1098 3411 0.11115764347310786
1099 1100 0.06871319391943942
1099 3606 0.5779933624723148
1099 3621 0.8951802877677251
1099 3456 0.9886281855713432
1099 3471 0.14230657303863326
1099 3486 -0.7580249019765015
1099 3501 -0.2530908182705185
1099 3516 -0.29277937103416196
1099 3531 -0.6735152177781298
1099 3546 0.47794767090944346
1099 3561 -0.45153257433480154
1099 3576 0.07472173156371853
1099 3591 0.1952123439008504
1100 3786 0.3690887528046334
1100 3801 -0.6051261251001332
1100 3636 0.40035399504320046
1100 3651 0.07870767283091062
1100 3666 -0.9621096340700179
1100 3681 0.14770708932155263
1100 3696 -0.6102766491928322
1100 3711 0.36499674996092635
1100 3726 0.4470134265628585
1100 3741 -0.9553772508141465
1100 3756 -0.1772706822892729
1100 3771 -0.3963743116739036
1113 1114 -0.721061034311574
1113 1128 0.18781155172370623
1113 3426 0.657214257477504
1113 3441 0.8254860361980323
1113 3366 -0.08061445229298392
1113 3381 -0.9264080628733211
1113 3396 -0.33600920711089466
1113 3411 -0.32325372558781584
1114 1115 -0.5627070381166412
1114 1129 -0.05995789234476612
1114 3606 0.45468748860110386
1114 3621 0.15070087083146988
1114 3456 0.6525584817963477
1114 3471 -0.19446276446785693
1114 3546 0.7005706187886747
1114 3561 0.8312955286091306
1114 3576 -0.7299355762827222
1114 3591 -0.245813115813037
1115 1130 0.24832365063011785
1115 3786 0.10603495243252103
1115 3801 -0.04187247937304295
1115 3636 0.21134458587622484
1115 3651 0.7834649896143193
1115 3726 0.16051923639580745
1115 3741 0.5242745245592653
1115 3756 0.3400678386661842
1115 3771 0.35998458345132733
1128 1129 -0.2835060965526801
1128 3426 0.04641414461250437
1128 3441 -0.8788864584847802
1128 3366 0.15163622200317106
1128 3381 0.8975257781007306
1128 3396 0.06698001118662411
1128 3411 0.24172291853159877
1129 1130 -0.7378954249041498
1129 3606 0.45575574074090586
1129 3621 0.11119456581266185
1129 3456 -0.4160308938405739
1129 3471 -0.47201158549686006
1129 3546 -0.6767700039826667
1129 3561 -0.13233282057828144
1129 3576 0.12063140839013364
1129 3591 0.8125569552348471
1130 3786 -0.7827592297496262
1130 3801 0.9087358342643874
1130 3636 0.6319758402438802
1130 3651 -0.8297441426009897
1130 3726 0.41193163832221
1130 3741 -0.8481232071989653
1130 3756 -0.4423762213412792
1130 3771 0.06808661550968109
3364 3365 -0.7748204462429389
3364 3379 -0.8557500072169646
3365 3366 0.049475429337100696
3365 3380 0.8987672582536663
3366 3381 0.4987322278251205
3379 3380 -0.2105979265196254
3380 3381 -0.27380101300826043
3394 3395 0.3337579645325113
3394 3409 0.07957444289395688
3395 3396 0.06563886383504314
3395 3410 -0.6000646959058635
3396 3411 -0.74474070866418
3409 3410 0.23126501074250072
3410 3411 -0.5845156489970993
3424 3425 0.992565898003043
3424 3439 0.12349113418563284
3425 3426 0.5024346669138777
3425 3440 0.03798895594435825
3426 3441 -0.869486811042949
3439 3440 -0.896549008407201
3440 3441 0.9121359034391445
3454 3455 -0.731067171198704
3454 3469 -0.23520886004702168
3455 3456 0.4281825116952127
3455 3470 0.22521068507363284
3456 3471 0.5856990550930739
3469 3470 -0.07877819849675882
3470 3471 0.5334057844841131
3484 3485 0.394188748582869
3484 3499 -0.08625318745771482
3485 3486 -0.018726360817203247
3485 3500 -0.2996644510442765
3486 3501 -0.5367790516607991
3499 3500 0.18198585847472448
3500 3501 0.3174692442971998
3514 3515 0.9902105400886045
3514 3529 -0.3441213267570675
3515 3516 0.10136505248230576
3515 3530 -0.5390078590097114
3516 3531 0.6727397366216439
3529 3530 0.16258475730062272
3530 3531 0.26960456565832613
3544 3545 -0.05214940025138115
3544 3559 -0.6304650373785827
3545 3546 -0.48298560193067064
3545 3560 -0.010424045902901913
3546 3561 -0.855358344625913
3559 3560 0.06195630657901674
3560 3561 0.25269162159613856
3574 3575 -0.28711672080307493
3574 3589 0.027126698600886456
3575 3576 0.4134938180393639
3575 3590 0.6458375213290422
3576 3591 0.612959197601179
3589 3590 -0.6171549150279512
3590 3591 0.03688786491998841
3604 3605 -0.6993569367027779
3604 3619 0.7701778913521964
3605 3606 -0.922916560150927
3605 3620 -0.7043122524973773
3606 3621 0.13993408385282224
3619 3620 0.5732902724193589
3620 3621 -0.32109710864838936
3634 3635 -0.9972008028273953
3634 3649 0.016008000282548007
3635 3636 -0.5304530468129931
3635 3650 -0.6033039450418372
3636 3651 -0.48705294998127346
3649 3650 0.3769081868209416
3650 3651 0.35535773888373856
3664 3665 0.19139304897005527
3664 3679 -0.615414906745781
3665 3666 0.6426838896199849
3665 3680 -0.7821496963734895
3666 3681 0.2357297229934996
3679 3680 -0.0013542016474377139
3680 3681 -0.846446758618685
3694 3695 -0.6812124038383274
3694 3709 -0.6692223970022335
3695 3696 0.2247500058012355
3695 3710 -0.7399105680334874
3696 3711 -0.5440789058985815
3709 3710 0.2180412768509199
3710 3711 -0.6937929725240393
3724 3725 0.9731172817054106
3724 3739 0.0128461520344485
3725 3726 0.27283877182076544
3725 3740 0.5403772763434491
3726 3741 -0.7776409500550385
3739 3740 0.6948931993743266
3740 3741 -0.06496347385960766
3754 3755 0.19861616277061733
3754 3769 -0.7795830275947553
3755 3756 -0.22749374942022227
3755 3770 -0.6277497473442293
3756 3771 -0.8673935569096374
3769 3770 -0.6426702767723014
3770 3771 -0.1307525872066242
3784 3785 0.19496155131608872
3784 3799 -0.16926152866909638
3785 3786 0.9583521062583222
3785 3800 -0.9463581023527732
3786 3801 0.002968786610984875
3799 3800 -0.6210379523905332
3800 3801 -0.6109616742874266
3814 3815 -0.6319911312017246
3814 3829 -0.8353120013031516
3815 3816 -0.7001518358390146
3815 3830 0.021363356775060627
3816 3831 -0.6987748407981866
3829 3830 -0.836876012998959
3830 3831 -0.42564751125465405
3844 3845 0.5316156905951186
3844 3859 0.276439933493815
3845 3846 0.9704685949869158
3845 3860 -0.8205739703363577
3846 3861 -0.12706931001939825
3859 3860 -0.33985499629405513
3860 3861 0.6270272424792789
3874 3875 0.2968816243211756
3874 3889 -0.5592836307571543
3875 3876 0.43864306861086466
3875 3890 -0.2738795575709998
3876 3891 0.09968171740756882
3889 3890 -0.9050173175355545
3890 3891 -0.38803404206029235
