# 
603 603 -2.6090531825769796
604 604 -2.369612921387298
605 605 3.970142210780388
618 618 2.356238109851172
619 619 -1.343139577336986
620 620 2.893997857681481
633 633 -2.0217794531018676
634 634 -1.8475216405775425
635 635 -0.9656191997630739
648 648 -3.16285479706813
649 649 -0.592584397506557
650 650 2.378199709850061
663 663 -1.0430225819251078
664 664 3.20122207668459
665 665 -1.045374642144595
678 678 0.25915296468712334
679 679 3.0633172682418035
680 680 1.6906698778698397
693 693 0.6606880356969675
694 694 0.21717020876202042
695 695 0.26953962411982424
708 708 0.8697684609323844
709 709 -0.4015359965160714
710 710 -3.143703963412433
723 723 3.6404776550652285
724 724 2.1356049977254115
725 725 -1.6873345889901472
738 738 3.616141787377873
739 739 -1.058133233159861
740 740 0.5732169601833323
753 753 2.961009346142654
754 754 1.5694448003711008
755 755 2.577597618470252
768 768 -2.184657725225363
769 769 -2.6256403842872382
770 770 1.0766992998461742
783 783 0.8248675383425441
784 784 0.1681025547812922
785 785 -0.3360337931813655
798 798 -1.7193930166734077
799 799 -1.574632497796042
800 800 -2.3858706405535655
813 813 -1.1513146301320427
814 814 1.974312436110008
815 815 2.254518700199629
828 828 0.5937206332539997
829 829 0.11676252155896716
830 830 3.998699739387952
843 843 3.87399909283619
844 844 3.155536038863536
845 845 -1.8791964867490325
858 858 0.9842027592816676
859 859 3.8482639271462444
860 860 -1.638090214254353
873 873 -0.2829220970796049
874 874 -3.888629182803599
875 875 -3.4761691224789004
888 888 -0.43030018289490446
889 889 0.1612007334412473
890 890 -0.7300768729330196
903 903 2.395021713822758
904 904 1.3331844473932284
905 905 1.68526900242738
918 918 1.890386936361594
919 919 1.7863794082183517
920 920 0.7983358085959429
933 933 0.290516011508541
934 934 -3.771888555452173
935 935 2.930574730977173
948 948 -2.926633329928701
949 949 1.1924151505471876
950 950 -1.1866198278044564
963 963 -0.5040169899966003
964 964 0.17119495790222672
965 965 3.8215635219495763
978 978 2.2109580632555934
979 979 1.1148232107057412
980 980 2.2811046881472805
993 993 1.534743661741775
994 994 -3.572391572507068
995 995 -3.734370653107284
1008 1008 2.8119038909981873
1009 1009 -0.19138053645997033
1010 1010 0.9523187311877503
1023 1023 1.5654149896770368
1024 1024 3.4382513350668917
1025 1025 -2.925894229952527
1038 1038 0.29379962527742265
1039 1039 -0.17904278543716945
1040 1040 3.3094055486007745
1053 1053 -0.1893975534444028
1054 1054 3.093611553998466
1055 1055 2.679406696864456
1068 1068 3.2726768427937234
1069 1069 3.3129594204316053
1070 1070 -2.652761908034294
1083 1083 3.0593246798433293
1084 1084 1.9371794697339269
1085 1085 -2.4974798351298526
1098 1098 3.0175606513975604
1099 1099 2.062597071131851
1100 1100 -0.8996830967973297
1113 1113 2.0449773111484566
1114 1114 -2.8882142197523573
1115 1115 0.5929691160877608
1128 1128 -3.7613662545115503
1129 1129 1.11794873701621
1130 1130 -0.0020939887264495027
3364 3364 2.9526227407566035
3365 3365 2.959160520510924
3366 3366 2.5814735010379852
3379 3379 2.1665045990111924
3380 3380 3.7362757296308704
3381 3381 1.3041401997685638
3394 3394 -2.815194802931206
3395 3395 1.822058777879076
3396 3396 3.6505074623044633
3409 3409 -3.08822384739094
3410 3410 3.6059590115918656
3411 3411 -3.944848348514191
3424 3424 -0.33320035001146486
3425 3425 3.0225055583223197
3426 3426 -0.10886360262547523
3439 3439 0.47924197758665077
3440 3440 0.9101704070001153
3441 3441 -2.8187053485859783
3454 3454 -2.844232662897621
3455 3455 -1.035961984436855
3456 3456 2.581214942742421
3469 3469 3.873742344406769
3470 3470 1.8215142169388834
3471 3471 1.926553354659574
3484 3484 0.03368076421991262
3485 3485 2.7470692784733703
3486 3486 -1.64918368183812
3499 3499 1.1685456372382843
3500 3500 1.139811783241261
3501 3501 1.4411590031982042
3514 3514 -1.0296177660758667
3515 3515 -3.6975371405338757
3516 3516 0.19339016682469712
3529 3529 -3.2058486649877276
3530 3530 0.30561718301381635
3531 3531 -0.07014428699158692
3544 3544 -2.0158569587246813
3545 3545 0.16638545526239668
3546 3546 -3.324274553244358
3559 3559 -3.6802173383803494
3560 3560 2.011191487997957
3561 3561 3.656128532255103
3574 3574 -1.3513728153600164
3575 3575 -3.5916782936827794
3576 3576 0.7515308219797419
3589 3589 -3.3554892615900176
3590 3590 -1.4881050317023101
3591 3591 -2.7094845533157237
3604 3604 -0.475483389748268
3605 3605 0.32447601603454057
3606 3606 -0.18033441109410475
3619 3619 -0.304824581534886
3620 3620 -3.0223116820672358
3621 3621 3.9116238664473313
3634 3634 1.3633712986334796
3635 3635 1.9817010465151048
3636 3636 0.6621294775879711
3649 3649 -1.5579619354158316
3650 3650 -0.4636634539683335
3651 3651 1.442097523182622
3664 3664 1.6069448295119804
3665 3665 2.5783201960974083
3666 3666 1.0278817590251919
3679 3679 -3.4512281279744847
3680 3680 -3.911483688703437
3681 3681 3.7355538229654295
3694 3694 -1.9910986411210283
3695 3695 -3.6773259494869306
3696 3696 -1.700025720482051
3709 3709 3.3694019288961483
3710 3710 2.606522176494801
3711 3711 3.284806073053483
3724 3724 3.1464439557045294
3725 3725 -0.5920427536189772
3726 3726 0.6864040933427766
3739 3739 0.0026874292102858632
3740 3740 -1.0648373576419194
3741 3741 -3.354811919591868
3754 3754 2.2132318608796604
3755 3755 -2.661846182461253
3756 3756 -2.1833462206673095
3769 3769 -0.7907455320763033
3770 3770 2.9570435176108996
3771 3771 -2.672832144021113
3784 3784 -3.816427071245583
3785 3785 0.9750651975355771
3786 3786 3.824609724144606
3799 3799 0.4937877376817825
3800 3800 2.3464627014354535
3801 3801 0.20653421507972247
3814 3814 -3.434739878366317
3815 3815 0.31062933249442004
3816 3816 0.09339340651220862
3829 3829 -1.1830469338170397
3830 3830 1.0141739082996706
3831 3831 2.9327945650234595
3844 3844 -0.0157430829524845
3845 3845 0.5673694825810323
3846 3846 2.5455172346563195
3859 3859 3.386969356378648
3860 3860 -1.1958022901549619
3861 3861 1.6166441627299868
3874 3874 2.6393775896415566
3875 3875 0.35051047969097926
3876 3876 -0.6150154524137328
3889 3889 -0.6679288352172756
3890 3890 3.194290005395576
3891 3891 2.5764495232450386
603 604 0.15523555754498775
603 618 -0.9848998498017325
603 3484 -0.9630476249887598
603 3499 -0.24234672036560867
603 3514 -0.11763271550194343
603 3529 0.08448841795876527
604 605 -0.32748777382647587
604 619 -0.1005205259561861
604 3664 0.8307352722536459
604 3679 -0.5727227920399796
604 3694 -0.6327231256069905
604 3709 0.8554555168785436
605 620 -0.8427068135734019
605 3844 0.21624056739550057
605 3859 0.14270729385043412
605 3874 -0.12821244571885204
605 3889 -0.8736951966378135
618 619 0.1789274749897265
618 3484 0.7159665509182582
618 3499 0.8559714580178379
618 3514 -0.03989581428524924
618 3529 0.6542764330838782
619 620 0.01958889850963108
619 3664 -0.24162966677331954
619 3679 -0.7148176594132178
619 3694 -0.17086257317312104
619 3709 -0.3806584030244038
620 3844 -0.9000426624781184
620 3859 0.7678781831443968
620 3874 -0.23772324685132173
620 3889 0.6258095632396883
633 634 0.885025903468363
633 648 0.7330577799811224
633 3424 -0.032492422028107315
633 3439 0.7604026301984812
633 3454 -0.1646290208140737
633 3469 -0.9791124768781956
633 3484 -0.4611538099942518
633 3499 0.14843350187557292
633 3514 -0.1175191465297496
633 3529 -0.7106721803060496
634 635 -0.6257664107191172
634 649 0.5017329738738829
634 3604 0.26217684382820017
634 3619 -0.914397688407143
634 3634 -0.792720489392376
634 3649 -0.999314154112962
634 3664 -0.072186223093327
634 3679 -0.7645754262765163
634 3694 0.35338461992980497
634 3709 -0.2900721895986629
635 650 -0.05607339978761017
635 3784 0.49109419236056095
635 3799 -0.01627227330211589
635 3814 -0.08593987640383127
635 3829 -0.29049600188545877
635 3844 0.2962908053323683
635 3859 0.7774536612451752
635 3874 -0.33743584334288546
635 3889 0.7153043594661606
648 649 -0.43661285297293895
648 3424 -0.3869148132410263
648 3439 -0.4441119141942247
648 3454 -0.8674440734340745
648 3469 -0.6544815846740415
648 3484 0.3988300527872213
648 3499 0.11037403076369312
648 3514 -0.7045259487199167
648 3529 -0.5804247494873023
649 650 -0.670600326942647
649 3604 -0.8439930718449278
649 3619 -0.3219862031007845
649 3634 0.9513937548527358
649 3649 -0.9541855531323464
649 3664 -0.21786804797560877
649 3679 0.7638794961920943
649 3694 -0.9465638285099525
649 3709 -0.2776913073790461
650 3784 0.31984288591455723
650 3799 0.848121296114851
650 3814 -0.07144106502160974
650 3829 0.795838684822068
650 3844 0.3194695190271186
650 3859 0.8968841207661211
650 3874 -0.8454012568013178
650 3889 0.5587271473461031
663 664 0.14509414260230624
663 678 0.9269384824575686
663 3424 0.28414804317310693
663 3439 0.9792631866767769
663 3454 0.01589881507919033
663 3469 0.6706874174202015
663 3484 -0.08762669440539539
663 3499 0.6274571445799779
664 665 0.18756929340376516
664 679 0.07090251975885109
664 3604 -0.8948375380238429
664 3619 0.9774859431645075
664 3634 -0.9544213533769177
664 3649 0.7476262399963614
664 3664 0.2153134156931289
664 3679 0.31022203696710804
664 3514 0.2171909050542895
664 3529 0.03582175887890049
665 680 -0.09819142517590951
665 3784 0.04395870495103771
665 3799 -0.9170774023341732
665 3814 0.7668087421070526
665 3829 0.4997923613610957
665 3844 0.3033084271238191
665 3859 0.9145859239353822
665 3694 0.06390094549271286
665 3709 -0.5534008097014753
678 679 -0.058305345383913965
678 3424 -0.35642341363371566
678 3439 0.6599576792892476
678 3454 -0.8942269975098334
678 3469 0.9958417549087395
678 3484 0.10619037607495874
678 3499 -0.15869358149922963
679 680 -0.5246218202906408
679 3604 0.3845830550719951
679 3619 -0.7429047727923921
679 3634 -0.1898733657336562
679 3649 0.6454109521565405
679 3664 0.12478584201177179
679 3679 0.9209241611976098
679 3514 -0.7736678598956008
679 3529 0.38903856158717454
680 3784 0.16840880966669203
680 3799 0.5083324531456139
680 3814 0.4543723059425162
680 3829 0.6389790772680712
680 3844 0.6990577041784645
680 3859 0.255203979914026
680 3694 -0.9477544390665957
680 3709 -0.32824638081835134
693 694 -0.3668304368340667
693 708 -0.6231151089574349
693 3424 0.13662675358774368
693 3439 0.8023456589810447
693 3454 -0.45846586353294727
693 3469 0.041912544239703475
693 3484 -0.0946628200900852
693 3499 -0.5307992342801957
693 3364 -0.7972991103511766
693 3379 0.5077979470750562
693 3394 0.33019951394889624
693 3409 0.8239447325024238
694 695 0.729900374790533
694 709 -0.22349606139706157
694 3604 -0.9261240039783734
694 3619 -0.8362363825293655
694 3634 0.5333432975999006
694 3649 0.16780478652451025
694 3664 -0.6356927285133818
694 3679 -0.1753288186401194
694 3514 0.6436790386946534
694 3529 0.7228967288666182
694 3544 -0.0030846603241290182
694 3559 -0.3489526586567344
694 3574 -0.9855499752718628
694 3589 0.6308238040385963
695 710 0.7603132546660083
695 3784 -0.3218961548248238
695 3799 0.19603886679372673
695 3814 0.8175217940021899
695 3829 -0.8866028179594936
695 3844 0.09629385516582567
695 3859 0.8210027373382733
695 3694 -0.44226780203606597
695 3709 0.01303664182845754
695 3724 0.43642098674923946
695 3739 -0.3423224944457781
695 3754 -0.9402484707548442
695 3769 -0.2610325955822914
708 709 0.37947122851218107
708 3424 0.6915577928563661
708 3439 0.575631036460283
708 3454 0.05619950681920516
708 3469 -0.6597978491459036
708 3484 0.47890874942996975
708 3499 0.7974797056526868
708 3364 -0.4035102067179901
708 3379 0.7259000563832527
708 3394 0.020707762899825788
708 3409 0.5827682653929931
709 710 0.9758523741339693
709 3604 0.9727039237245421
709 3619 0.21126805722013042
709 3634 -0.8981978798355044
709 3649 0.930448352990036
709 3664 -0.9260519010125694
709 3679 0.6067281731704153
709 3514 0.4834376199686168
709 3529 -0.20083048509059842
709 3544 -0.10559180886843844
709 3559 -0.42040843246639237
709 3574 0.8348335412238901
709 3589 0.8986798189067629
710 3784 -0.21723265233973432
710 3799 -0.08450264075272962
710 3814 0.2798090244215561
710 3829 0.5866347418069402
710 3844 0.5077810753601923
710 3859 0.7655956076347687
710 3694 -0.38218432462116114
710 3709 0.10240038387061556
710 3724 0.7651077335693581
710 3739 -0.18252482932971748
710 3754 -0.5129685125419736
710 3769 -0.8218872280807727
723 724 0.16434823867035275
723 738 0.14660082596370105
723 3424 -0.8867489417013377
723 3439 0.33503248288806087
723 3364 0.9373144618338418
723 3379 -0.49976759038075724
723 3394 -0.9131151520234779
723 3409 0.7180446784765695
724 725 -0.17207307246743775
724 739 0.2664920124499417
724 3604 0.6502720752262159
724 3619 -0.18844669401574743
724 3454 0.7685217893082326
724 3469 0.42160931743633046
724 3484 0.6452375942923498
724 3499 -0.7328951027210293
724 3514 0.9789541673375242
724 3529 -0.10827090568009878
724 3544 -0.19444745810143504
724 3559 0.18167983643987617
724 3574 -0.4717134758351962
724 3589 0.877157589125998
725 740 -0.6761471272636632
725 3784 -0.2610937589384532
725 3799 -0.49484439188289486
725 3634 -0.8643437915851617
725 3649 -0.9906069495423981
725 3664 -0.4200054060167251
725 3679 -0.7837068239769764
725 3694 0.5085232602395933
725 3709 0.5632521626689613
725 3724 -0.32389392416888896
725 3739 0.7574927475438329
725 3754 -0.6814524556824586
725 3769 -0.7012125528120503
738 739 0.4703510493932306
738 3424 -0.9750265763281185
738 3439 0.14261267318824333
738 3364 -0.9188183971403099
738 3379 0.4612015191497021
738 3394 0.3206118389162407
738 3409 -0.643430290259192
739 740 0.772298199005083
739 3604 0.8730948706014949
739 3619 -0.9154097688725784
739 3454 0.8344787471398327
739 3469 0.8658044588853999
739 3484 -0.005921741709103312
739 3499 -0.15640560500964718
739 3514 0.3181990675516071
739 3529 0.6402779002776822
739 3544 -0.7896365669098104
739 3559 -0.8150910028279188
739 3574 0.789010542217099
739 3589 0.9215832725267541
740 3784 -0.9462187405776932
740 3799 0.38637230411071655
740 3634 -0.253526091407108
740 3649 0.4869855090734314
740 3664 0.15012328145137177
740 3679 0.9253731586604022
740 3694 0.8738664709961976
740 3709 -0.15772054978390204
740 3724 0.012021543133835522
740 3739 -0.1704872378377913
740 3754 -0.6223219453344602
740 3769 -0.9128310759504228
753 754 0.5796939059489905
753 768 0.40579509949426806
753 3424 0.5617460631412257
753 3439 0.37034065679623795
753 3364 -0.9766219410475567
753 3379 0.9905230338513298
753 3394 -0.9975436512029554
753 3409 -0.0795904172021864
754 755 0.45383130651747616
754 769 0.4592833361789599
754 3604 0.002993749350021835
754 3619 -0.09173452182079145
754 3454 0.8078224932632643
754 3469 0.25831301535180873
754 3485 -0.17566865346678062
754 3500 -0.3768052501133998
754 3515 0.8959916721505568
754 3530 0.7440928046583912
754 3544 -0.39190400078376975
754 3559 -0.8461569090489927
754 3574 -0.5322465920729937
754 3589 -0.5600489320616937
755 770 -0.3693515495289752
755 3784 0.8577243438045197
755 3799 -0.969830119208791
755 3634 0.9229458220985871
755 3649 0.2726858498964788
755 3665 0.6037230800332916
755 3680 -0.03322896095514127
755 3695 -0.9446905471692246
755 3710 0.23326559760194643
755 3724 0.5859051870876242
755 3739 0.8587321211769499
755 3754 0.2954012876271759
755 3769 0.35651175180247274
768 769 -0.40858173226545236
768 3424 0.04315590289245841
768 3439 0.5711340281619259
768 3364 -0.76536091198608
768 3379 0.12499230373223158
768 3394 0.5904681790988264
768 3409 0.5805424553805534
769 770 -0.8600152048698235
769 3604 -0.43371765959187836
769 3619 0.03860993406897717
769 3454 0.8128625726863274
769 3469 0.7981305748663361
769 3485 -0.8873800861439105
769 3500 -0.4667062213343962
769 3515 0.30229128972057073
769 3530 -0.21933022061822793
769 3544 0.8663581254475523
769 3559 0.6754427912073315
769 3574 0.46011309129734235
769 3589 -0.2425687636340499
770 3784 -0.5878239943790651
770 3799 -0.7274025605570416
770 3634 0.13644133307359096
770 3649 0.9740223229949181
770 3665 -0.06747687815150516
770 3680 -0.10928953317381995
770 3695 -0.09377134423808076
770 3710 -0.6755406703988038
770 3724 -0.27917315693929856
770 3739 0.22325523252248125
770 3754 0.47686307473637246
770 3769 0.05108842233170097
783 784 0.09395364281530938
783 798 -0.6371681293762168
783 3424 0.7478556931509637
783 3439 -0.9639542651830693
783 3454 0.5137929351019557
783 3469 -0.5185351316908864
783 3485 0.4639345337318783
783 3500 0.6288733516604343
783 3515 0.2771631037591029
783 3530 -0.30462261887507247
783 3544 0.08125607153318781
783 3559 0.5444893668951452
783 3394 0.14449681631536504
783 3409 -0.8011548991132236
784 785 -0.47024016531681867
784 799 0.4533049605708943
784 3604 0.08607654898711736
784 3619 0.5758601114969706
784 3634 0.5126531339159701
784 3649 -0.4811994839849669
784 3665 -0.25122217978394334
784 3680 -0.7197000767682469
784 3695 0.9434160270069383
784 3710 0.4282652624850052
784 3724 -0.8619105994111294
784 3739 -0.8240324629790012
784 3574 0.07385151997171913
784 3589 0.5256942415234662
785 800 -0.7352630206021462
785 3784 0.7726971568614069
785 3799 0.2548694460381673
785 3814 -0.692697217079322
785 3829 -0.22222196012982964
785 3845 -0.6863065055521815
785 3860 0.4325870342975413
785 3875 -0.9434435812225266
785 3890 -0.6508481436190368
785 3754 0.632769289982221
785 3769 0.47225256786341574
798 799 0.6821885992605972
798 3424 0.5789696631137038
798 3439 0.6041424787314587
798 3454 0.31769687907590405
798 3469 -0.10265524364954293
798 3485 0.04405372161851884
798 3500 0.5535640233092503
798 3515 0.7422432900421305
798 3530 0.7191917636202174
798 3544 -0.016870063437123717
798 3559 0.2885436661449876
798 3394 -0.15452325164329817
798 3409 0.8795602627300012
799 800 0.8559799180126051
799 3604 -0.7359298105554093
799 3619 0.11047398280393272
799 3634 0.4075808586832028
799 3649 -0.9596392565377847
799 3665 0.3005119936760696
799 3680 -0.06152591133223484
799 3695 0.7677641013466923
799 3710 -0.19173141334580168
799 3724 0.6300271867070761
799 3739 0.2561030799969939
799 3574 0.4000632875001522
799 3589 0.9984590579788457
800 3784 0.2628719594899298
800 3799 -0.5778559924338877
800 3814 -0.9374193714785781
800 3829 -0.04738558332063825
800 3845 -0.29513752121089487
800 3860 0.3996580531886944
800 3875 -0.2900924263125535
800 3890 -0.38054319515498647
800 3754 -0.06706660056998226
800 3769 0.7677311581986039
813 814 0.3527149513699046
813 828 0.025567297348600304
813 3425 -0.6222414458359846
813 3440 -0.9478239653783289
813 3455 -0.07827694433154209
813 3470 0.06290623650280192
813 3485 0.13479823100731214
813 3500 -0.1268806536074496
813 3515 -0.33334404354138303
813 3530 0.1772300426056932
813 3544 0.1960750369783586
813 3559 0.16543069849360692
813 3394 0.9145871982275804
813 3409 -0.0022238249213990535
814 815 -0.7312346181755327
814 829 0.09202975499474397
814 3605 0.27226623628052593
814 3620 0.6183472921471325
814 3635 0.11930113723983315
814 3650 0.8522806299874999
814 3665 -0.3553422796052972
814 3680 0.43761501333889985
814 3695 -0.5611021379647345
814 3710 0.6208117169259448
814 3724 -0.8799894752269357
814 3739 -0.6156256036200021
814 3574 -0.9271108484863559
814 3589 -0.07469465407607134
815 830 -0.7538200319871184
815 3785 -0.639406039880595
815 3800 0.4750476325128128
815 3815 0.24722379234164715
815 3830 -0.2814415848767058
815 3845 0.7627043315002884
815 3860 0.9686646138468777
815 3875 -0.2206966085588813
815 3890 0.7148961865104464
815 3754 -0.8614282260147128
815 3769 0.8697708101087669
828 829 0.8345650777999372
828 3425 -0.28038208073538917
828 3440 0.7670341213450502
828 3455 -0.11602476863180233
828 3470 -0.2607602358559098
828 3485 0.2403936351633298
828 3500 -0.35295638555190223
828 3515 0.0301794613794093
828 3530 0.33394886849945027
828 3544 0.6209559272295588
828 3559 0.399282578284764
828 3394 -0.8512233117352319
828 3409 -0.2507037816858464
829 830 -0.14369624483267418
829 3605 -0.18300514545551327
829 3620 -0.7055067686941767
829 3635 -0.24918977217183635
829 3650 0.07849959101266846
829 3665 -0.7170303995715765
829 3680 0.03844968649306746
829 3695 -0.3872141300566967
829 3710 0.9875954300349914
829 3724 -0.71181918960204
829 3739 0.46011244547165253
829 3574 -0.10866536823991235
829 3589 0.25493011252149533
830 3785 -0.139522504521693
830 3800 -0.6475675428848402
830 3815 0.006400639258404173
830 3830 0.7976459567877123
830 3845 -0.8556623296610888
830 3860 0.9890463981928921
830 3875 -0.9127889113406042
830 3890 0.6788173749485831
830 3754 0.35404447718074095
830 3769 0.6702989575821932
843 844 0.20753385786006961
843 858 0.47308417614481435
843 3425 0.5752828096474727
843 3440 0.6356310456064209
843 3455 -0.9964644631709598
843 3470 0.21071439758521948
843 3485 0.301387101115556
843 3500 0.6598712583441844
843 3364 -0.9330829291485947
843 3379 0.7595833475238778
843 3394 0.49353886448479356
843 3409 -0.9493179020906175
844 845 -0.4377308132318878
844 859 0.5480903788670075
844 3605 -0.14688475884086039
844 3620 0.0668939352510931
844 3635 0.7065064126439098
844 3650 -0.4100369593717259
844 3665 -0.9085755059920453
844 3680 -0.9905201952090696
844 3515 -0.46058115077520534
844 3530 0.7375226100287147
844 3544 0.4626162591659997
844 3559 0.7523893664806169
844 3574 0.9837201372513524
844 3589 0.2962905159446454
845 860 -0.3322615942424434
845 3785 0.29649046213777264
845 3800 -0.7264423723606452
845 3815 0.8999793830275025
845 3830 -0.6397430792452077
845 3845 0.16919772649710407
845 3860 -0.9557038688752253
845 3695 -0.15242710607859156
845 3710 0.9618527496231541
845 3724 0.9493021943702125
845 3739 0.4793354277536488
845 3754 0.3557255288345307
845 3769 -0.13907818529796323
858 859 -0.38847860099658593
858 3425 -0.4268237162325177
858 3440 0.11839887283057382
858 3455 0.5208828423579006
858 3470 -0.8977793611519547
858 3485 0.4897027088351995
858 3500 -0.9989424133829987
858 3364 -0.05619927621241416
858 3379 0.5568277546994069
858 3394 0.15407016358079062
858 3409 0.25184027032060685
859 860 0.37470230381758984
859 3605 0.04097586459078961
859 3620 0.007982439014998954
859 3635 -0.8296661619699803
859 3650 0.12313406569115837
859 3665 -0.932779616299227
859 3680 0.6497401908187248
859 3515 0.6801607130958303
859 3530 0.35111271143811096
859 3544 0.6019766878827888
859 3559 -0.2506560707867118
859 3574 0.49058048136974874
859 3589 0.217316602536908
860 3785 0.8582935786013417
860 3800 0.2579283693949963
860 3815 -0.979398337209505
860 3830 -0.2518883776072276
860 3845 0.6883429079326913
860 3860 0.20582901000523512
860 3695 -0.29082862972596724
860 3710 -0.5825047347173957
860 3724 -0.53716989839359
860 3739 -0.3088544470988477
860 3754 -0.5045463242416472
860 3769 -0.3696151365995448
873 874 0.5127386265323142
873 888 -0.013061437404130238
873 3425 -0.5109506577397007
873 3440 -0.04788939828588279
873 3455 -0.8482715165311245
873 3470 -0.07947529977636214
873 3485 -0.5920027525243321
873 3500 -0.7953023129789425
873 3365 -0.8513875127704558
873 3380 -0.9429079076235996
873 3395 0.3832736683316882
873 3410 0.41379153725466256
874 875 0.3391039642400733
874 889 0.5619744095733281
874 3605 0.10722767612107575
874 3620 -0.10277366293621837
874 3635 -0.6350901471374097
874 3650 -0.3872730196271974
874 3665 0.1300623196214894
874 3680 -0.023555392231941363
874 3515 0.5572765506819024
874 3530 0.8165903371942631
874 3545 0.2516420941552253
874 3560 0.6855809866301683
874 3575 0.9665594941071673
874 3590 -0.11049298565627041
875 890 -0.4461364143676816
875 3785 0.9024533916838495
875 3800 -0.6764720144733893
875 3815 0.08290824495051297
875 3830 0.7839221744952083
875 3845 0.7012776380171091
875 3860 0.3547352480695196
875 3695 0.36241567579803013
875 3710 -0.659461735780172
875 3725 -0.5021430112871732
875 3740 -0.2476277421845523
875 3755 0.8903818965254089
875 3770 -0.011239511236640798
888 889 -0.6331778344513652
888 3425 0.4146880273862317
888 3440 0.13513505666712833
888 3455 -0.5973907293851499
888 3470 -0.5944590704601915
888 3485 0.89088167906565
888 3500 0.9452879642777301
888 3365 -0.9180633740844566
888 3380 -0.010946461227589133
888 3395 0.5020730377149654
888 3410 -0.37162816665057075
889 890 0.5471952120150498
889 3605 -0.191560357243018
889 3620 -0.8834498622489204
889 3635 0.7857970596850772
889 3650 -0.9402343490312954
889 3665 -0.3508309934738747
889 3680 -0.15157486479727256
889 3515 -0.4571742776102048
889 3530 0.49795809970649674
889 3545 -0.8483611406222717
889 3560 -0.7394056534979467
889 3575 0.6074665360282412
889 3590 0.3985713579534984
890 3785 0.201999328844791
890 3800 0.3960598787289604
890 3815 -0.04976555957909068
890 3830 -0.5108181912670178
890 3845 -0.41413404522071584
890 3860 -0.08529399987516983
890 3695 0.3701509081729246
890 3710 0.5634023995670074
890 3725 -0.9646303658091364
890 3740 0.47115494934515656
890 3755 0.5456132775518279
890 3770 -0.8155473891704983
903 904 0.20148788699471298
903 918 0.26011522813921983
903 3425 -0.05785511831572232
903 3440 0.5511952624004244
903 3365 -0.9195410691842167
903 3380 -0.7818640645305295
903 3395 -0.6057511876057848
903 3410 0.81002145863649
904 905 0.2576027411906885
904 919 0.4574296599123715
904 3605 0.42873575802556996
904 3620 0.41334426096157606
904 3455 0.18388865222843354
904 3470 -0.4695368323664275
904 3485 0.6917385263725289
904 3500 -0.5678103176744944
904 3515 0.23067477891963395
904 3530 0.33397491158142456
904 3545 -0.6579363453669305
904 3560 -0.9082674158524993
904 3575 0.12847741873993956
904 3590 -0.6507428921953642
905 920 0.49150166083825786
905 3785 -0.7726766371719689
905 3800 0.5037394996001663
905 3635 -0.7815025829797488
905 3650 -0.6266026810529735
905 3665 0.11385443703449227
905 3680 -0.6663099516344124
905 3695 0.31544991447628346
905 3710 -0.807053259744229
905 3725 -0.9801438391450523
905 3740 -0.6824078565317824
905 3755 -0.26165369864500176
905 3770 -0.2899812152421173
918 919 0.1630086910650197
918 3425 0.936633997076989
918 3440 0.26074062396095177
918 3365 -0.15036049401800589
918 3380 -0.8323056301754803
918 3395 -0.713768710949376
918 3410 -0.1743083645187511
919 920 -0.10970993666166273
919 3605 0.1717328999315284
919 3620 -0.4904943483675368
919 3455 -0.5941650888509411
919 3470 0.5645015353859313
919 3485 -0.4825804188438638
919 3500 -0.019915147693382762
919 3515 -0.4121620425289081
919 3530 0.4557078535926846
919 3545 -0.05126473009396415
919 3560 0.4747377483535218
919 3575 -0.9176497261851178
919 3590 0.8643687683140795
920 3785 0.07304052655428661
920 3800 0.9149525133892247
920 3635 0.6228130133798544
920 3650 0.9398199515230545
920 3665 -0.5944508637735655
920 3680 -0.7569550558937106
920 3695 -0.6478543067983438
920 3710 0.4676207433314856
920 3725 0.35152828100158673
920 3740 0.4569165976674989
920 3755 0.8087682632992788
920 3770 -0.9651511574031832
933 934 0.06107870307760921
933 948 -0.903449186321535
933 3425 -0.9569285199310367
933 3440 -0.4901997557020603
933 3365 -0.838899429866452
933 3380 -0.7201108794332387
933 3395 0.5736082841671524
933 3410 -0.9035788051242544
934 935 -0.18707043405963497
934 949 -0.6096924079533768
934 3605 -0.8311193493383535
934 3620 0.3717004309242242
934 3455 0.24014376686002947
934 3470 0.2825238118582587
934 3486 -0.04845338196000659
934 3501 -0.8020187585349228
934 3516 -0.9482547053429058
934 3531 -0.4298745587609736
934 3545 -0.13370936364372166
934 3560 -0.5713180870918759
934 3575 0.34886707260296124
934 3590 0.29255486238970163
935 950 0.6561429163206298
935 3785 0.39799883433574634
935 3800 0.7517690698587758
935 3635 0.6957670211381222
935 3650 -0.32207934004936334
935 3666 -0.8204972564544324
935 3681 -0.178894293685115
935 3696 -0.09563102949929236
935 3711 0.12587388107903585
935 3725 -0.1535452069655565
935 3740 0.25820413767121875
935 3755 -0.7213701920342435
935 3770 0.4130998584713319
948 949 -0.11521233767540595
948 3425 0.7506045829743919
948 3440 -0.8737163952220595
948 3365 0.6249709742462333
948 3380 -0.359161437842344
948 3395 -0.47694180911514983
948 3410 0.7982218581673939
949 950 -0.2827329698719705
949 3605 -0.22338057647725051
949 3620 -0.07992675397095361
949 3455 -0.16683972768924615
949 3470 -0.716392804576343
949 3486 -0.6162119885859028
949 3501 -0.9527443857333637
949 3516 -0.8964464307406914
949 3531 0.02689770721976159
949 3545 0.13311021120225663
949 3560 0.03185773539061998
949 3575 0.22418323354128855
949 3590 -0.6738897602147347
950 3785 -0.8707599150112084
950 3800 -0.5068352013098383
950 3635 0.13074961825769438
950 3650 0.5758502549382716
950 3666 -0.18756101899711464
950 3681 -0.6083153081015609
950 3696 0.9075070955748368
950 3711 0.2828857925946495
950 3725 0.14271684510169824
950 3740 -0.4616868568741366
950 3755 0.017273047194203306
950 3770 0.7402127367067037
963 964 -0.41692918956404545
963 978 0.2901386551573597
963 3425 -0.3915449462054448
963 3440 -0.23853659470971111
963 3455 0.30683935437081833
963 3470 0.9802220366121615
963 3486 -0.6845131031694618
963 3501 0.5451202596488314
963 3516 0.48825319654343025
963 3531 -0.021072833385586298
963 3545 0.37063573832395535
963 3560 0.6881785239530407
963 3395 0.43946980994741125
963 3410 0.3977096852630204
964 965 0.3313948864735572
964 979 0.7574944913614141
964 3605 0.5054043308328786
964 3620 -0.9921219987856045
964 3635 -0.3040592480419866
964 3650 -0.8098673848627356
964 3666 0.42875933675917266
964 3681 -0.8508767763257836
964 3696 -0.39866212485293007
964 3711 0.35032585386298787
964 3725 -0.4144051031434217
964 3740 0.49000109700601957
964 3575 0.41434254220620703
964 3590 0.022159027203357606
965 980 -0.09746691790882855
965 3785 -0.35745254613646193
965 3800 0.32068774283080415
965 3815 -0.9650030738778692
965 3830 0.5663502963146323
965 3846 0.8811859039103624
965 3861 -0.692606942677287
965 3876 -0.40657756838323733
965 3891 -0.6792342773400257
965 3755 -0.08461389730212021
965 3770 0.46025750250511654
978 979 0.7936702244383058
978 3425 0.5585303459686837
978 3440 -0.9593609718990699
978 3455 -0.9947350830983419
978 3470 0.32182851606964924
978 3486 0.6909463829208149
978 3501 -0.07841134478849265
978 3516 -0.37822731257110687
978 3531 0.5135220582962396
978 3545 0.4058823341435862
978 3560 0.4783249976254502
978 3395 -0.3635070719451723
978 3410 0.27692703749261893
979 980 0.7330915875524846
979 3605 0.48273842013140555
979 3620 -0.6583200734280423
979 3635 0.8954138970868262
979 3650 0.053709706217268005
979 3666 -0.40548905215222963
979 3681 -0.03035695658248172
979 3696 -0.3696146290429285
979 3711 -0.35239154261391237
979 3725 0.05794999828865666
979 3740 0.7912238773942155
979 3575 0.636569229506917
979 3590 -0.9311373879714422
980 3785 -0.3560159978250961
980 3800 0.9862666908449964
980 3815 -0.4629413602479526
980 3830 -0.1622726624553832
980 3846 -0.8390949142105166
980 3861 0.3114822236121051
980 3876 -0.888714603050746
980 3891 0.25339280532902975
980 3755 -0.1875492397638654
980 3770 -0.5880993048183991
993 994 -0.2676770112761859
993 1008 0.24645595745293258
993 3426 0.36783686656129877
993 3441 0.30737607308347425
993 3456 -0.6578149378523941
993 3471 0.8677780865426488
993 3486 0.29770171755560515
993 3501 0.6790425703624885
993 3516 -0.7574533592879071
993 3531 0.08207620018247064
993 3545 -0.14149287433139612
993 3560 -0.2969105049873826
993 3395 0.8540867145840403
993 3410 0.4737889570978582
994 995 0.907966959157853
994 1009 0.14534069284191187
994 3606 0.9083511451120869
994 3621 0.6558628656581467
994 3636 -0.9334062942934749
994 3651 0.1305470985471966
994 3666 0.10426749995692242
994 3681 0.6103474946820486
994 3696 -0.1362699000807861
994 3711 0.08358002397899611
994 3725 0.16335103292550324
994 3740 0.6780774771242457
994 3575 0.6016089597859284
994 3590 0.9825610850073012
995 1010 0.9923004738412635
995 3786 -0.5246069827802073
995 3801 -0.5714817195539346
995 3816 0.4338872816021535
995 3831 0.3060445517330279
995 3846 -0.9037211535098013
995 3861 0.4714019652607784
995 3876 0.2302731748233593
995 3891 0.8661966481063825
995 3755 -0.18199504792749233
995 3770 -0.5225573539073531
1008 1009 -0.8743855106317229
1008 3426 -0.6610176175093585
1008 3441 -0.912746044674352
1008 3456 -0.44103476376189055
1008 3471 0.019321063668713778
1008 3486 -0.057703605251724355
1008 3501 0.5984040845045331
1008 3516 0.6335780716644925
1008 3531 -0.09920217431494827
1008 3545 0.5216262889110879
1008 3560 0.6028193795390087
1008 3395 -0.7857120562946482
1008 3410 -0.22847418192913183
1009 1010 0.8848080219754253
1009 3606 -0.296929041126635
1009 3621 -0.734076813588552
1009 3636 -0.01787843855198923
1009 3651 0.8649817734667009
1009 3666 -0.9258189699341222
1009 3681 0.9659925828825522
1009 3696 0.43309950563433675
1009 3711 0.5665221365881183
1009 3725 0.34494084411505255
1009 3740 0.8330537036629166
1009 3575 0.6159746006540134
1009 3590 -0.0120172125659197
1010 3786 -0.8429840549051832
1010 3801 -0.9844339306692711
1010 3816 -0.12694706223300045
1010 3831 0.9896801709077316
1010 3846 0.6193309664051252
1010 3861 -0.8126998506722569
1010 3876 -0.541033048880111
1010 3891 0.13920314441634307
1010 3755 0.20102874327000042
1010 3770 0.5724911629763334
1023 1024 -0.1323864151416687
1023 1038 0.2010179071208218
1023 3426 0.3517869568909999
1023 3441 -0.2074766539702242
1023 3456 -0.9336129840322054
1023 3471 -0.45679039640323515
1023 3486 -0.8900754703520217
1023 3501 -0.04213767559816528
1023 3365 -0.2871271100511099
1023 3380 0.5886431770638714
1023 3395 -0.4679391034617597
1023 3410 -0.6489649150316972
1024 1025 -0.8914484311225328
1024 1039 -0.6482881846106454
1024 3606 -0.008873829723150983
1024 3621 0.27193878328125765
1024 3636 0.2802883556726812
1024 3651 -0.6939579683024522
1024 3666 0.23805943856868272
1024 3681 -0.4346302126584243
1024 3516 -0.09893126641465488
1024 3531 -0.5034677926038196
1024 3545 -0.16380984149310174
1024 3560 0.11976121281811958
1024 3575 0.8041970128242824
1024 3590 -0.5515076398042016
1025 1040 -0.5146280827439969
1025 3786 -0.9794694041049425
1025 3801 0.9376330152332979
1025 3816 0.35422695542879046
1025 3831 -0.6585024544991847
1025 3846 -0.4012654666298274
1025 3861 0.9285009352742424
1025 3696 -0.8313464272203945
1025 3711 0.7921130067760829
1025 3725 -0.10984702318187911
1025 3740 -0.013442766248590088
1025 3755 -0.32988491804245457
1025 3770 -0.07583991284732883
1038 1039 -0.9694293836665266
1038 3426 -0.4365780464712452
1038 3441 -0.5629193304634885
1038 3456 0.6256680230324716
1038 3471 -0.6873026361557091
1038 3486 -0.6688185560222799
1038 3501 0.4445098274102448
1038 3365 -0.6671746333890192
1038 3380 -0.8807219471063374
1038 3395 -0.18587629323339017
1038 3410 -0.0022966866105804673
1039 1040 0.22778923160397713
1039 3606 -0.47473597212321117
1039 3621 0.818841330791171
1039 3636 -0.40851901869951446
1039 3651 0.726865688599327
1039 3666 0.298858503240488
1039 3681 0.3384382760058291
1039 3516 -0.7095044814558569
1039 3531 -0.14725082208780615
1039 3545 -0.024270286526709706
1039 3560 -0.7500330360813625
1039 3575 -0.5813277935840646
1039 3590 -0.8970196282765379
1040 3786 0.5224943965119544
1040 3801 0.0899288487987544
1040 3816 -0.5105168820856298
1040 3831 -0.03825290711126539
1040 3846 0.3226248985916482
1040 3861 -0.5016168538478933
1040 3696 0.6345801434290637
1040 3711 -0.2532591832507882
1040 3725 0.05843092337511857
1040 3740 0.583326682575213
1040 3755 0.9217562990844723
1040 3770 0.10782219624202205
1053 1054 0.03320841587291978
1053 1068 -0.24543437243682686
1053 3426 -0.5484551038654963
1053 3441 -0.8619341615747147
1053 3456 0.1000678722943038
1053 3471 -0.35734765351214937
1053 3486 0.556257201839709
1053 3501 -0.1958197527244383
1053 3366 0.6975179594837868
1053 3381 0.5208516340660485
1053 3396 -0.053158734237443994
1053 3411 -0.9606851429175154
1054 1055 0.11803867534540946
1054 1069 -0.17790466781225112
1054 3606 0.6643571966521962
1054 3621 0.31973489058759164
1054 3636 0.5420425327413694
1054 3651 0.3858064835433579
1054 3666 -0.8699571560424737
1054 3681 0.1929369619079515
1054 3516 -0.26862165970240537
1054 3531 -0.9082735655288539
1054 3546 -0.9605155229470708
1054 3561 0.5982845925041294
1054 3576 -0.7446144368589289
1054 3591 -0.3286367728016879
1055 1070 -0.459284391869883
1055 3786 0.4968870451635412
1055 3801 -0.10114109093796086
1055 3816 -0.5853606674174505
1055 3831 0.8718740306820612
1055 3846 0.8389911999832553
1055 3861 -0.9758135838702793
1055 3696 0.9999409738717535
1055 3711 0.6639728715407307
1055 3726 0.23171943131724948
1055 3741 -0.6184365725296765
1055 3756 -0.6179503069105399
1055 3771 -0.3770608153175783
1068 1069 0.6087129935742994
1068 3426 0.46005194153280127
1068 3441 -0.41397557894728965
1068 3456 -0.10422949245422686
1068 3471 -0.3060802320872251
1068 3486 0.025095031038313786
1068 3501 -0.64439726970967
1068 3366 -0.8723338538817638
1068 3381 -0.7846105869694537
1068 3396 -0.9049689793619424
1068 3411 0.03211251487512601
1069 1070 0.20639369889329728
1069 3606 -0.3577881367296538
1069 3621 0.0022509152443876967
1069 3636 -0.10412676474628779
1069 3651 0.7739482474412571
1069 3666 0.11588073739665172
1069 3681 0.5130247515464177
1069 3516 0.8012879066396077
1069 3531 -0.6207702816810181
1069 3546 -0.4390752214932576
1069 3561 -0.8794345607039411
1069 3576 0.013022330379638625
1069 3591 -0.446799256580386
1070 3786 0.21192391848630265
1070 3801 0.9781095087311218
1070 3816 0.8397242287371598
1070 3831 0.08298784338742249
1070 3846 -0.9638984717955215
1070 3861 0.6240207636900672
1070 3696 -0.5388682393965925
1070 3711 0.8739422722811923
1070 3726 -0.6334241497332913
1070 3741 0.6511024485595402
1070 3756 0.080782221174305
1070 3771 0.6659364895806177
1083 1084 0.7678355404778818
1083 1098 0.8669402407772426
1083 3426 -0.09560774026473817
1083 3441 0.9279602311128416
1083 3366 -0.437976652209092
1083 3381 0.6769782120652938
1083 3396 0.9691851195430177
1083 3411 0.8960406858539396
1084 1085 0.9590687121830586
1084 1099 0.34396579472117494
1084 3606 -0.35831252383616863
1084 3621 -0.07445094997937152
1084 3456 -0.7965963419998667
1084 3471 -0.893133909896263
1084 3486 0.7946203325837928
1084 3501 -0.08632845719293525
1084 3516 0.44252235875620527
1084 3531 -0.35744072483767897
1084 3546 -0.591189815577317
1084 3561 0.987443251951456
1084 3576 0.4128158943745268
1084 3591 0.19700499620046674
1085 1100 0.2772146767553376
1085 3786 0.9575187919628414
1085 3801 -0.8249807336538286
1085 3636 -0.7480906961493339
1085 3651 0.32114993600174335
1085 3666 0.011062008646287813
1085 3681 -0.8858227232971094
1085 3696 -0.21634808195214061
1085 3711 0.793913550421782
1085 3726 -0.15559094807218377
1085 3741 0.14528237371769026
1085 3756 -0.758788046549336
1085 3771 0.9298190732319238
1098 1099 -0.49377098967873145
1098 3426 -0.04712694628319736
1098 3441 -0.5660110447619626
1098 3366 -0.025354011908543805
1098 3381 -0.6705725674461562
1098 3396 0.5186275819718709
1098 3411 -0.9595161583775411
1099 1100 -0.06955495375119591
1099 3606 -0.4464604535221488
1099 3621 0.2290412132205395
1099 3456 -0.9405039602884124
1099 3471 0.6121064746635432
1099 3486 -0.8798682527409787
1099 3501 -0.45211105584969236
1099 3516 0.026705118811537032
1099 3531 0.89823720364514
1099 3546 0.4788908302097712
1099 3561 0.6417629206213642
1099 3576 -0.060039904363175856
1099 3591 0.5510072684499463
1100 3786 -0.974926712430161
1100 3801 0.6950574426084861
1100 3636 0.06615164602033086
1100 3651 -0.5130825728314232
1100 3666 0.643952423381926
1100 3681 0.9856837290626488
1100 3696 0.8862349811765013
1100 3711 0.9781594409040819
1100 3726 0.265606230304154
1100 3741 -0.1955305895582764
1100 3756 -0.0004344458468292789
1100 3771 -0.3590395393643686
1113 1114 -0.3586862309389198
1113 1128 0.39970422284098817
1113 3426 0.27860283339583014
1113 3441 -0.6526607490297827
1113 3366 -0.20792108867417913
1113 3381 -0.673590653123467
1113 3396 -0.30004299499699094
1113 3411 0.767615773100383
1114 1115 -0.10286300477859434
1114 1129 0.050003728272664194
1114 3606 0.4146961716089499
1114 3621 0.2767835645129251
1114 3456 0.549221017960354
1114 3471 -0.7927801037266013
1114 3546 -0.15449477229817532
1114 3561 0.5672134874057448
1114 3576 0.7817300111772933
1114 3591 -0.1481268807633056
1115 1130 0.8729640150547331
1115 3786 -0.24331979235293377
1115 3801 -0.27440041127389936
1115 3636 -0.17556188566228514
1115 3651 0.7233280180093138
1115 3726 0.8391986123109774
1115 3741 0.9036645851237268
1115 3756 0.371128183253999
1115 3771 0.9481994427146567
1128 1129 -0.29557710195813636
1128 3426 -0.5989522569149794
1128 3441 -0.985141942503388
1128 3366 -0.3259605956363436
1128 3381 -0.40022123298777257
1128 3396 -0.7733280189034082
1128 3411 0.0713729920547641
1129 1130 0.9378815112978764
1129 3606 0.5057656026366157
1129 3621 -0.6694129295885958
1129 3456 -0.7011661653302426
1129 3471 0.007548195366054333
1129 3546 -0.25501887687964686
1129 3561 0.6729744767992927
1129 3576 0.7715276793614709
1129 3591 -0.9453384347740257
1130 3786 -0.058347630632519465
1130 3801 -0.3602117920262575
1130 3636 0.40043368456667605
1130 3651 -0.2992118499686043
1130 3726 -0.5179329560230777
1130 3741 0.769412243639406
1130 3756 0.544588587062057
1130 3771 0.3281441402383687
3364 3365 -0.4329061844823259
3364 3379 0.9233284885929534
3365 3366 0.7042710971283852
3365 3380 0.9890046312520759
3366 3381 0.458480921919741
3379 3380 0.9601083856522554
3380 3381 0.986412104554041
3394 3395 0.201225156287401
3394 3409 0.49961081209112
3395 3396 -0.6731036429417865
3395 3410 0.6409339712337936
3396 3411 -0.8069079933341088
3409 3410 0.0866902449170539
3410 3411 -0.6293463950439484
3424 3425 -0.8566333955697956
3424 3439 0.7369493329839227
3425 3426 -0.9371824499832648
3425 3440 0.8683490851345219
3426 3441 0.9296901554118151
3439 3440 -0.3844019276598807
3440 3441 0.7591176935685242
3454 3455 0.794233265386306
3454 3469 0.30254504725638176
3455 3456 -0.6022409384598002
3455 3470 -0.566710098980127
3456 3471 0.3872901169367837
3469 3470 -0.2158533732443484
3470 3471 -0.6490959003760413
3484 3485 -0.3699145458999691
3484 3499 -0.6999870662357544
3485 3486 -0.08330801770709839
3485 3500 -0.6623521674546917
3486 3501 0.04652956742212222
3499 3500 -0.03850267785933825
3500 3501 -0.20834289430589137
3514 3515 -0.9868473907757851
3514 3529 -0.6047314275042206
3515 3516 -0.8636674791184524
3515 3530 0.8480825518862312
3516 3531 -0.5306954861354611
3529 3530 0.1098683807414178
3530 3531 -0.21231222310248166
3544 3545 -0.5528015985145223
3544 3559 -0.35302080899369614
3545 3546 0.6266535560005042
3545 3560 0.3171305236406232
3546 3561 0.45965430754894054
3559 3560 0.8077104717008712
3560 3561 -0.4687786758130217
3574 3575 -0.7070253084227722
3574 3589 -0.0652737715053926
3575 3576 0.10626135002521409
3575 3590 -0.4321755518054273
3576 3591 -0.6507140613763494
3589 3590 -0.8930255949399002
3590 3591 0.49045228054961787
3604 3605 0.18078147010377776
3604 3619 -0.7842988623568674
3605 3606 -0.5924893535540499
3605 3620 0.8900748488792698
3606 3621 0.7116334353718754
3619 3620 0.8601473014124974
3620 3621 0.4766922200727104
3634 3635 -0.08840879123236411
3634 3649 0.5044864961949944
3635 3636 -0.06975914471639477
3635 3650 -0.6440292676106929
3636 3651 0.6888930751696294
3649 3650 0.7349886118754891
3650 3651 -0.8412439927048219
3664 3665 -0.9234842120809637
3664 3679 0.11344141193214363
3665 3666 0.48108144811072995
3665 3680 -0.48987814071838565
3666 3681 0.23201999839200393
3679 3680 -0.018517523085937126
3680 3681 -0.36580036304339036
3694 3695 -0.6295789097581113
3694 3709 0.38028653098449006
3695 3696 -0.9905861743429742
3695 3710 0.12701730904342745
3696 3711 0.11931280017814472
3709 3710 -0.48328538139403254
3710 3711 -0.640121779994727
3724 3725 0.8737647761821583
3724 3739 -0.23865136909787243
3725 3726 0.5093609841057309
3725 3740 0.35904420871169784
3726 3741 0.7685031776442877
3739 3740 -0.8568327281247343
3740 3741 0.40952882232565635
3754 3755 -0.27626355174007666
3754 3769 -0.5904910539129753
3755 3756 0.6066121789483014
3755 3770 -0.3566068523167816
3756 3771 0.5117585121951143
3769 3770 0.7661313424775666
3770 3771 -0.914585607144287
3784 3785 -0.5770690554780051
3784 3799 0.2892897479636649
3785 3786 0.6451310804937194
3785 3800 0.17165925677116012
3786 3801 0.7214776609366227
3799 3800 0.17793575502498515
3800 3801 0.020777721649775982
3814 3815 0.9513403203724302
3814 3829 -0.5304079877031118
3815 3816 -0.0059845802824751715
3815 3830 0.6872550585047263
3816 3831 -0.8187112340228158
3829 3830 -0.4582300275785156
3830 3831 0.05734644768444319
3844 3845 0.007462786279240463
3844 3859 -0.2810401228354533
3845 3846 0.3860138264840667
3845 3860 0.9576746586403251
3846 3861 0.5787625482358711
3859 3860 0.24154951663995683
3860 3861 0.6744753962827583
3874 3875 0.45988649226733025
3874 3889 0.4219729337906053
3875 3876 0.24026388641165508
3875 3890 -0.17614291856158149
3876 3891 -0.21593664217831043
3889 3890 0.6689337582801658
3890 3891 -0.3136285169508439
