# 
603 603 3.1665985185389873
604 604 1.4115732070586882
605 605 2.9282935359504325
618 618 -0.20026270404177016
619 619 -0.9722545257247006
620 620 -0.6219212730331778
633 633 2.0972752554947967
634 634 -3.99666018567073
635 635 0.05839858453288116
648 648 2.486474904259855
649 649 -3.838585886799753
650 650 -3.4227567592629873
663 663 0.940796570649673
664 664 1.3905510145277145
665 665 -3.856484904415015
678 678 -1.8634893038363796
679 679 -1.1518852524262524
680 680 -1.821221844375855
693 693 1.358447703915349
694 694 0.29542714803080905
695 695 -0.7681738802351816
708 708 1.4610816127688446
709 709 -3.125575713480358
710 710 -1.4915055012970582
723 723 1.2787884737300326
724 724 -1.996236896911908
725 725 -0.8417259597241529
738 738 -1.7875169857795896
739 739 -1.3981122892319036
740 740 1.529865293675165
753 753 3.9004394269022518
754 754 -2.5117214850671026
755 755 -2.0940490425952367
768 768 -2.019226685858345
769 769 2.4759573760211575
770 770 -0.28719693031309834
783 783 3.5164715847403327
784 784 -2.0338131445297902
785 785 0.9920504879653134
798 798 -2.088112334862802
799 799 3.687836011521984
800 800 1.8637733279028428
813 813 0.13275242661568054
814 814 -1.23989901491068
815 815 3.7727000817611307
828 828 1.7442733757934565
829 829 -3.695246357094809
830 830 0.7958379170702718
843 843 2.2114388301339902
844 844 -0.7244687608371381
845 845 2.33350366509259
858 858 3.6252817277415543
859 859 0.7033300137673253
860 860 0.6320351401758284
873 873 -3.7286725351693697
874 874 2.319877511213794
875 875 3.568137572853809
888 888 -3.4560845875020094
889 889 2.5762651056048655
890 890 0.5222978596711156
903 903 3.790153735245191
904 904 2.433091437685041
905 905 -3.65289609873056
918 918 -0.5714749970405162
919 919 1.899714164178671
920 920 -1.266787472706464
933 933 -3.995951389692734
934 934 2.495362185579224
935 935 -2.465559002000698
948 948 -0.6147904242774676
949 949 -0.9783181107536709
950 950 -0.2669320715625778
963 963 -2.5090966499948344
964 964 -1.8739726564499364
965 965 -2.9189148880879516
978 978 3.2653068878975677
979 979 -3.5637049619453913
980 980 0.8359062765421044
993 993 -0.7422119345616265
994 994 3.83732998618712
995 995 -1.3705869353136144
1008 1008 0.6338263912683111
1009 1009 1.0605916648024323
1010 1010 1.1980245408191985
1023 1023 -2.9197164621201654
1024 1024 -3.2829622018361277
1025 1025 -3.157245624777362
1038 1038 -1.0878956445320496
1039 1039 2.853642808049721
1040 1040 3.3385489467208638
1053 1053 -0.7968704298105518
1054 1054 1.8172718631020608
1055 1055 0.13542819954108953
1068 1068 -2.434499350853116
1069 1069 1.0441563232098288
1070 1070 -0.0521609713894744
1083 1083 0.8904239963305747
1084 1084 -3.2537401898494718
1085 1085 1.6842878646854684
1098 1098 2.8317580791120394
1099 1099 3.8297902226551335
1100 1100 3.1932188284244356
1113 1113 -0.7033577042504149
1114 1114 2.1658902932488964
1115 1115 2.4267406992872678
1128 1128 1.2882319277511307
1129 1129 1.5540229138834203
1130 1130 1.7687070835426137
3364 3364 2.1674568733859916
3365 3365 1.549281541082057
3366 3366 -0.749423780001556
3379 3379 1.9830185735219752
3380 3380 3.0914505538264905
3381 3381 3.488503799904459
3394 3394 3.516698754344973
3395 3395 -2.5128801774111755
3396 3396 -2.873624599600409
3409 3409 -3.397974114432258
3410 3410 3.181848034735107
3411 3411 0.5216484393809742
3424 3424 2.338155526431259
3425 3425 1.3981854786352148
3426 3426 1.464811445752395
3439 3439 -2.830580446903083
3440 3440 1.1925890639211092
3441 3441 -1.2232883096805516
3454 3454 -3.408976579222501
3455 3455 3.641495613972869
3456 3456 -3.1302096959207892
3469 3469 2.098669275834501
3470 3470 0.37339281946366665
3471 3471 -0.13468317715897005
3484 3484 1.1782554239075669
3485 3485 -2.2369955395923924
3486 3486 0.8557726132727392
3499 3499 3.6647922609026002
3500 3500 -0.8295972984105013
3501 3501 -1.6452825389050725
3514 3514 3.2032342666939932
3515 3515 3.209064917463298
3516 3516 -2.2586102137447224
3529 3529 2.8240364981216715
3530 3530 -1.7823379673295916
3531 3531 3.2032079878492787
3544 3544 0.07461431773867666
3545 3545 -2.8341824423729705
3546 3546 -2.415868072300884
3559 3559 1.2446993476743051
3560 3560 -2.4440154250328643
3561 3561 2.8060332491117057
3574 3574 1.5445736136152437
3575 3575 3.1265814224673765
3576 3576 3.687826690585384
3589 3589 -2.1955391040586756
3590 3590 3.922215611316018
3591 3591 1.1208046076420253
3604 3604 -1.0450569688007825
3605 3605 1.0841593379927374
3606 3606 -1.693127639522733
3619 3619 3.0046909380253632
3620 3620 -0.31778032964137815
3621 3621 -2.169811008426497
3634 3634 1.2286617069890697
3635 3635 -3.2677595213539066
3636 3636 3.9321584607230022
3649 3649 2.89967309974619
3650 3650 1.6235723407683542
3651 3651 -1.8180992015659445
3664 3664 -0.8267094877161201
3665 3665 1.035148135595934
3666 3666 -2.3452801009720075
3679 3679 3.7604183054804983
3680 3680 -0.9955575750929606
3681 3681 -1.94627460225077
3694 3694 3.074557630042893
3695 3695 3.2355116158546524
3696 3696 0.12565552890100928
3709 3709 -2.4192656231715386
3710 3710 -3.436837483247287
3711 3711 -1.1683229525775074
3724 3724 2.7781571352731023
3725 3725 0.42754990547434346
3726 3726 -1.506036533918766
3739 3739 3.2174554079393927
3740 3740 0.11552851353676896
3741 3741 3.8566857526117904
3754 3754 -1.1427681336353572
3755 3755 1.525821573867109
3756 3756 2.109627610648902
3769 3769 1.6688109580382697
3770 3770 3.289710270601325
3771 3771 -2.53756646617346
3784 3784 3.4922052909509187
3785 3785 -1.636495108151701
3786 3786 0.7240874280738723
3799 3799 -1.6440564083841496
3800 3800 -2.3237743704549745
3801 3801 -3.9732580446470376
3814 3814 2.7824746710101156
3815 3815 -0.1968870751730405
3816 3816 1.9061317670390014
3829 3829 2.0801893576704646
3830 3830 -0.11665707996300245
3831 3831 0.7122582292290467
3844 3844 3.939627352119105
3845 3845 -2.6384131405635918
3846 3846 0.5992822872511301
3859 3859 -2.941477929247406
3860 3860 -3.514325647199505
3861 3861 2.255836113489945
3874 3874 -0.4978202858306213
3875 3875 1.442691956512566
3876 3876 3.173978395586863
3889 3889 2.790206885312987
3890 3890 -3.416660739709977
3891 3891 3.0736011921772253
603 604 0.49327062473540595
603 618 -0.16793852653139552
603 3484 -0.013084718124261707
603 3499 -0.953212121241169
603 3514 -0.25187016358850567
603 3529 -0.9077389181322313
604 605 -0.04583692180410104
604 619 -0.9112614406585637
604 3664 -0.6844772146194233
604 3679 0.9790902848990928
604 3694 0.4093160128624038
604 3709 0.6790496396361931
605 620 -0.878568783658189
605 3844 0.06871584660568275
605 3859 -0.31563319181899585
605 3874 -0.5960066865436837
605 3889 0.013219344765493357
618 619 -0.5916072860391941
618 3484 -0.5019761986070468
618 3499 0.9597907603457767
618 3514 0.4340714542222963
618 3529 0.9183233760399496
619 620 0.6398487992790916
619 3664 -0.3836262743191454
619 3679 0.40825076087213796
619 3694 0.8584108334105343
619 3709 0.06177321031781191
620 3844 0.43488042406619476
620 3859 0.8703404636603109
620 3874 -0.43704410397702786
620 3889 -0.48287182275537344
633 634 -0.8589914720300005
633 648 -0.22951469641960265
633 3424 -0.06929936747490362
633 3439 -0.5574975359123042
633 3454 -0.5993924842249205
633 3469 0.1872742435301018
633 3484 0.5608969077195398
633 3499 -0.6344418564429686
633 3514 0.5848820622408859
633 3529 -0.18277097967660216
634 635 -0.8141736688570749
634 649 -0.3367705347662011
634 3604 -0.3014842189574869
634 3619 0.9140767029490231
634 3634 0.6385612850797946
634 3649 0.7753932835000159
634 3664 -0.13252776651006948
634 3679 0.7413199671934061
634 3694 0.2233972029773479
634 3709 0.4302060475669782
635 650 -0.3354590022126209
635 3784 -0.2133194860230052
635 3799 0.4113946696947115
635 3814 0.7132484761332996
635 3829 -0.07658681046071836
635 3844 0.6492182183893669
635 3859 0.755250577779194
635 3874 -0.9068240000117895
635 3889 -0.7390811328236018
648 649 0.5990890871584726
648 3424 -0.19800866791635485
648 3439 0.3675417793495708
648 3454 -0.6092741055781041
648 3469 0.5546522567749059
648 3484 0.7740931488346812
648 3499 0.8103426569212571
648 3514 0.3772287533093819
648 3529 -0.14486374542325664
649 650 0.29202350860533843
649 3604 0.36561595229633825
649 3619 0.2559132600235132
649 3634 -0.9150137289602454
649 3649 0.5517674063242963
649 3664 0.32923133936913973
649 3679 -0.8721922443566854
649 3694 -0.6915586487746226
649 3709 -0.11910046081735781
650 3784 -0.9216696782788212
650 3799 -0.12480253389138651
650 3814 -0.15123974981351318
650 3829 -0.5555475073351188
650 3844 -0.99803658809749
650 3859 -0.8976783301724818
650 3874 -0.12745920921420195
650 3889 -0.43399396645998234
663 664 0.40268002631621
663 678 -0.7875198206215803
663 3424 -0.3590406349676838
663 3439 0.19890747129391118
663 3454 0.3608640324174617
663 3469 -0.09666405125777366
663 3484 0.9913935087533368
663 3499 0.13567839413524152
664 665 0.6739483893760532
664 679 0.1648090066940271
664 3604 0.6479660857784941
664 3619 0.10353319204291678
664 3634 0.6218216138234411
664 3649 -0.06371718371932622
664 3664 -0.9409450441253853
664 3679 0.7732328297742281
664 3514 0.8137090160689997
664 3529 -0.8787625876291247
665 680 0.406308875781886
665 3784 -0.14522663228090815
665 3799 -0.5357177411120579
665 3814 0.8376529677711797
665 3829 0.6671395323775617
665 3844 -0.6184740481183342
665 3859 -0.41622936621345374
665 3694 -0.10452151781982688
665 3709 0.6576287482073053
678 679 -0.7471377025979671
678 3424 0.44276683723763344
678 3439 -0.6713328230231337
678 3454 -0.8985356326444771
678 3469 0.589037221929704
678 3484 0.12354763946361169
678 3499 -0.3196118100491401
679 680 0.3705689170227928
679 3604 0.7391389916023545
679 3619 0.37956557345574726
679 3634 -0.6725423690067676
679 3649 0.9148520878491735
679 3664 -0.793252963097353
679 3679 0.4479166842550457
679 3514 0.27350789524500474
679 3529 -0.7108329751630169
680 3784 -0.1434290050314646
680 3799 0.4713268277516067
680 3814 -0.8276968944680905
680 3829 0.20119391227266603
680 3844 -0.9184344563603544
680 3859 0.03578010719800728
680 3694 0.5571479174850145
680 3709 -0.3762769955863827
693 694 0.23768409861043094
693 708 0.38945429530553777
693 3424 -0.7643185506203487
693 3439 -0.09875521912478846
693 3454 0.8616196616932115
693 3469 -0.6780133710185101
693 3484 0.1937705531390872
693 3499 -0.7590582002176649
693 3364 -0.6189368501052661
693 3379 -0.6466461617292196
693 3394 0.21360692535433068
693 3409 -0.7253024313794174
694 695 -0.6888867304006838
694 709 -0.36349770601941866
694 3604 0.814745597164864
694 3619 -0.2522012857859257
694 3634 0.4082468358833238
694 3649 -0.5979503616432063
694 3664 -0.11537745469217442
694 3679 -0.5938014777802256
694 3514 -0.6020956448987862
694 3529 0.5262561201855782
694 3544 -0.3686317792075513
694 3559 0.22698128538776197
694 3574 0.697217775192492
694 3589 0.270894169175971
695 710 0.4848326457765302
695 3784 0.8026237486460048
695 3799 -0.19301763647441939
695 3814 0.8155694192000245
695 3829 -0.8909483361488524
695 3844 -0.9665524403188328
695 3859 -0.6217822250960772
695 3694 -0.6491592839610711
695 3709 0.5210348165350109
695 3724 -0.4948652767790549
695 3739 -0.25062293493845855
695 3754 0.8461904760833239
695 3769 0.8049349318492134
708 709 -0.9654230983663354
708 3424 -0.05411105742508737
708 3439 -0.624725378062819
708 3454 0.3162905186705014
708 3469 0.12565014540004094
708 3484 -0.46634924525054133
708 3499 -0.6802284418210509
708 3364 -0.8146150727409103
708 3379 -0.4356023671984792
708 3394 -0.7115757027552072
708 3409 0.5402824775818313
709 710 -0.4201928053545505
709 3604 0.6498955808005691
709 3619 0.05752122749858857
709 3634 -0.7734166769113442
709 3649 -0.6734494994908775
709 3664 0.9385885976953834
709 3679 0.9868031179347931
709 3514 -0.4087064800925502
709 3529 0.4664538031485297
709 3544 0.5707044890610573
709 3559 0.39478100419054285
709 3574 -0.9571190908143214
709 3589 -0.11053364743550098
710 3784 -0.4197535865908608
710 3799 -0.3046950446883441
710 3814 0.32097254566325906
710 3829 -0.2801105742336154
710 3844 -0.3891468021339035
710 3859 0.9708111940075557
710 3694 0.7824800900713478
710 3709 -0.05572088541536768
710 3724 -0.029818642358037994
710 3739 -0.3586652201600291
710 3754 -0.24289983580060226
710 3769 0.007900423074793217
723 724 0.4745362128595052
723 738 -0.2373793399581683
723 3424 0.16506480694828474
723 3439 0.09436630364197285
723 3364 0.7500269012990104
723 3379 0.046919815299183654
723 3394 0.1480730147010052
723 3409 0.575563402038864
724 725 0.4707527355157657
724 739 0.2220651743375439
724 3604 -0.7688378859485485
724 3619 0.33642616019813243
724 3454 -0.4848305092673182
724 3469 -0.9410424659234999
724 3484 -0.31721339837423135
724 3499 -0.5128987758583663
724 3514 0.39952874496830737
724 3529 0.9228081299952444
724 3544 -0.21801206273863283
724 3559 -0.899105726493957
724 3574 -0.6031473896221582
724 3589 -0.07384578867419656
725 740 0.6893353714068955
725 3784 0.10350287536625347
725 3799 -0.36254399850890295
725 3634 0.22489103803129518
725 3649 -0.687988384922668
725 3664 -0.4198878909932886
725 3679 0.037536727234835476
725 3694 -0.9724496581071156
725 3709 0.04188087703478871
725 3724 0.9775366586551655
725 3739 0.5121016726339267
725 3754 0.5402148096248354
725 3769 -0.6589722854341693
738 739 0.6268838829879542
738 3424 0.21676738966559128
738 3439 -0.4258812240485481
738 3364 -0.24294585489119513
738 3379 -0.8025462764762155
738 3394 -0.7964657563877975
738 3409 -0.929514012630495
739 740 -0.5848312797701092
739 3604 -0.8910741083058302
739 3619 0.09513930581253138
739 3454 -0.9778464896570271
739 3469 0.9551773807913242
739 3484 0.06867549666796369
739 3499 0.23756369620411655
739 3514 -0.535944426954897
739 3529 0.8562480239288723
739 3544 -0.9190342196069925
739 3559 0.009088668543258072
739 3574 -0.8413164195110643
739 3589 -0.8693867550477947
740 3784 -0.2911095425470518
740 3799 -0.13863197130232563
740 3634 -0.6780766366241984
740 3649 0.5368651467352745
740 3664 -0.4352723140754686
740 3679 -0.26251953996594257
740 3694 -0.7250687203425163
740 3709 0.9245104216777107
740 3724 -0.35776450715077757
740 3739 0.004273694761488089
740 3754 0.39316502341983495
740 3769 -0.09695358300057255
753 754 0.9969211663290662
753 768 -0.43255700757880344
753 3424 -0.847960132027608
753 3439 -0.4290924435588712
753 3364 -0.31459043381587204
753 3379 0.730537362552391
753 3394 0.5486727431454677
753 3409 -0.06660210795628241
754 755 0.31708052661246566
754 769 0.9292622961842085
754 3604 -0.8211395457699493
754 3619 0.2036702067997449
754 3454 -0.8389382039630151
754 3469 -0.7401712713170938
754 3485 -0.45363396152401525
754 3500 0.18398057308550042
754 3515 0.20676814960113088
754 3530 0.015390714555214347
754 3544 -0.33007957996207615
754 3559 0.1560182907096621
754 3574 0.5479438220023962
754 3589 -0.7496892963124266
755 770 0.18875976669424444
755 3784 -0.9066003215063261
755 3799 0.555380057408515
755 3634 0.6676736421306702
755 3649 -0.9398614529844407
755 3665 -0.885287999275757
755 3680 -0.67766942011167
755 3695 0.5236411893676047
755 3710 0.9435116869122668
755 3724 0.6834985632272657
755 3739 0.404298642003748
755 3754 -0.18122294078483026
755 3769 0.8725997118447464
768 769 0.7136694398324375
768 3424 0.22479478585781587
768 3439 -0.4831886274223134
768 3364 -0.25555728992247206
768 3379 0.777827140203752
768 3394 -0.427575814667976
768 3409 -0.1909786099372237
769 770 0.044586607505876064
769 3604 0.30798697974780387
769 3619 -0.33814158246821324
769 3454 -0.467252180536339
769 3469 -0.3744171551482425
769 3485 0.07103969596599513
769 3500 0.2958461113438049
769 3515 -0.7812060911299226
769 3530 0.0390055942292451
769 3544 -0.8604664858782456
769 3559 -0.7878280525695176
769 3574 -0.3048518568586518
769 3589 -0.5115747011814482
770 3784 0.30008691173792923
770 3799 0.5156801356482617
770 3634 -0.5186513430733892
770 3649 -0.24912546464007557
770 3665 0.397575212842181
770 3680 -0.2850973194312749
770 3695 -0.4488817946863368
770 3710 0.4825808621710985
770 3724 -0.6288740754069806
770 3739 0.010539314803292843
770 3754 -0.42926032585171914
770 3769 0.3913195069669144
783 784 -0.40630165207244606
783 798 -0.29242861919277696
783 3424 0.5596109541161667
783 3439 0.1973197857969513
783 3454 0.5141889734157716
783 3469 -0.41136002190772314
783 3485 0.9660408758578083
783 3500 -0.9229276090361098
783 3515 -0.7719920184775646
783 3530 -0.5646776281752786
783 3544 -0.3886483266731593
783 3559 0.049153987924998255
783 3394 -0.07340510807186496
783 3409 0.31134899295972973
784 785 0.20425140056364222
784 799 -0.03568114545677581
784 3604 0.7831819911618918
784 3619 -0.5561736617419888
784 3634 0.26262495300658917
784 3649 -0.43279755007243614
784 3665 -0.8462342957189151
784 3680 0.3325921386424908
784 3695 0.9478664379142647
784 3710 -0.4427198705623594
784 3724 0.8579374614271729
784 3739 0.01955302102422829
784 3574 0.8172233141446761
784 3589 0.06974812498885874
785 800 -0.638476141918431
785 3784 -0.6175419120843186
785 3799 0.9650319978769446
785 3814 -0.3774725024082499
785 3829 0.2626491302888163
785 3845 -0.4337481228411171
785 3860 -0.8124024025722643
785 3875 -0.34279633736046256
785 3890 0.4385192218365692
785 3754 0.7516464760914023
785 3769 -0.643800569427535
798 799 0.07278860574801649
798 3424 0.38493864208757334
798 3439 0.638203808825472
798 3454 0.9985917748174498
798 3469 0.7193966313379114
798 3485 -0.17455108745710657
798 3500 0.6944291647049621
798 3515 0.24080929732929057
798 3530 0.5947640780146528
798 3544 0.9212490568945317
798 3559 0.9841493815218809
798 3394 -0.9768156458861281
798 3409 -0.11642626752327834
799 800 0.35774840178359346
799 3604 0.4677874640990145
799 3619 -0.8442671146894505
799 3634 0.24619457087680763
799 3649 -0.46940140111470763
799 3665 0.5914463766195199
799 3680 -0.5188401145901225
799 3695 -0.30221074567957085
799 3710 0.6607524977011168
799 3724 -0.44331493809889855
799 3739 -0.16913932251714225
799 3574 -0.36261699755105314
799 3589 0.8335071165761361
800 3784 -0.5767165643540115
800 3799 -0.6472098692949821
800 3814 -0.007277008922761619
800 3829 -0.7529619316558065
800 3845 0.468489211331792
800 3860 -0.4084858331616381
800 3875 0.6339625411687426
800 3890 -0.13533533408105924
800 3754 -0.7071306813613363
800 3769 -0.1333843710030298
813 814 0.15142185975013156
813 828 -0.008963138640954327
813 3425 0.4327354646447088
813 3440 0.7303901015362873
813 3455 -0.8333639510159163
813 3470 -0.34437167887102316
813 3485 -0.006120967980819625
813 3500 -0.13118586095121687
813 3515 0.5759274722599934
813 3530 -0.6411701862854897
813 3544 -0.834526433381271
813 3559 0.8097590578588594
813 3394 -0.00980292604749522
813 3409 -0.9457310099934435
814 815 -0.9750570623085875
814 829 0.6530993435460097
814 3605 0.043134993855832526
814 3620 0.022148868740321515
814 3635 -0.14446636338262642
814 3650 0.9919165542377602
814 3665 -0.5602596622199254
814 3680 -0.6492784026421852
814 3695 -0.7675049600990391
814 3710 0.16032353118885223
814 3724 0.627166053370837
814 3739 -0.5343692527694379
814 3574 0.7735287092732333
814 3589 0.6464979128567709
815 830 0.48704139749306674
815 3785 0.10535203944458105
815 3800 0.7104836509175614
815 3815 0.26016746883076824
815 3830 0.10745725598171374
815 3845 -0.5653252326330598
815 3860 0.29995992779142
815 3875 -0.7564797599834501
815 3890 0.05448066020554165
815 3754 -0.7167638640066714
815 3769 0.943064523710406
828 829 -0.6803517741285976
828 3425 -0.6505886438253898
828 3440 0.5706766564467773
828 3455 0.38705268931324555
828 3470 -0.833146001807447
828 3485 -0.8608516183329995
828 3500 0.8099325249182725
828 3515 0.3109602808876675
828 3530 0.7217845397978306
828 3544 0.43103044897704446
828 3559 0.5789672508951913
828 3394 0.9791775059022949
828 3409 -0.23370086638588772
829 830 0.7116632468817443
829 3605 -0.6855001452250367
829 3620 0.524478341857201
829 3635 0.2920775694451869
829 3650 0.21061518249961875
829 3665 -0.4756613521046922
829 3680 -0.41772890067955215
829 3695 0.9267720900968521
829 3710 -0.04117928946982086
829 3724 -0.7283900099197731
829 3739 0.0004741580606713036
829 3574 -0.4818907673316575
829 3589 0.728006511634286
830 3785 0.4486735453682873
830 3800 -0.32649222957886437
830 3815 -0.006660024198456904
830 3830 0.6258891501202961
830 3845 -0.13131340518251333
830 3860 -0.3720376665197771
830 3875 0.045353531472001274
830 3890 -0.26133721160983847
830 3754 -0.6180143361998367
830 3769 -0.7463038465930125
843 844 0.13455086070785582
843 858 0.38324693178381697
843 3425 -0.27925932045208945
843 3440 0.526551660533521
843 3455 -0.0894858270860841
843 3470 -0.9131405275994005
843 3485 0.7820168550729634
843 3500 0.9144635190656305
843 3364 0.25356011437365567
843 3379 0.8796055232342734
843 3394 -0.6329102896119252
843 3409 0.7061639157970803
844 845 -0.742123903185443
844 859 0.5326413992194814
844 3605 0.23128631513370546
844 3620 0.039880183463857355
844 3635 0.488330425348833
844 3650 -0.8393696130435839
844 3665 -0.837919003405776
844 3680 -0.8989864686755682
844 3515 0.5535098704151544
844 3530 -0.21234902348647933
844 3544 0.8407431844266406
844 3559 0.07497070432704867
844 3574 -0.2833448119296973
844 3589 0.6186261894802949
845 860 0.27176306604369027
845 3785 -0.08402447129010837
845 3800 -0.44449393652393643
845 3815 0.15856183576786598
845 3830 0.8949728348494963
845 3845 0.5525540041949439
845 3860 0.3896991962831189
845 3695 0.9593832311960544
845 3710 0.8913752633769487
845 3724 0.5135151713438946
845 3739 0.2460475094757324
845 3754 0.7826524660730236
845 3769 0.5364099533268598
858 859 0.6037602840219902
858 3425 0.5696552300148778
858 3440 0.1741442601147496
858 3455 -0.8696795359847158
858 3470 0.8256426334122897
858 3485 0.8171187159076434
858 3500 -0.24501397953661974
858 3364 0.5602890301140455
858 3379 -0.016023174101059245
858 3394 -0.5975206230129386
858 3409 0.45805546307545497
859 860 -0.5063443477858827
859 3605 0.19127375933553759
859 3620 -0.19775250536961875
859 3635 0.9236545493295665
859 3650 -0.603049929597224
859 3665 -0.98384163773846
859 3680 -0.7153301151514719
859 3515 -0.14081418027362802
859 3530 0.4068420220065343
859 3544 -0.5928060072420895
859 3559 0.6961025771500524
859 3574 -0.3599929214521709
859 3589 -0.036875715859652214
860 3785 -0.6528387435499547
860 3800 0.743622948357195
860 3815 -0.4411664327337641
860 3830 -0.7884422060623255
860 3845 -0.732868428668352
860 3860 0.048729922477209975
860 3695 -0.4096154943079473
860 3710 -0.43913337866864177
860 3724 -0.7789210403643811
860 3739 0.21423730247981787
860 3754 0.7163744761370605
860 3769 -0.3049686294372933
873 874 -0.957450355102553
873 888 0.4352677271449077
873 3425 0.6143270281318565
873 3440 -0.48288693860797016
873 3455 0.6747748531206712
873 3470 -0.09167292864353183
873 3485 0.08073680256959248
873 3500 -0.7124122814918061
873 3365 -0.9282899013883452
873 3380 0.1038949774752802
873 3395 -0.0956891795335586
873 3410 0.4299620953582659
874 875 -0.8953494947526139
874 889 -0.8266992915034896
874 3605 -0.4083114460145225
874 3620 0.3133026134446244
874 3635 -0.6798687466693762
874 3650 -0.11995126333895456
874 3665 -0.7853056176405224
874 3680 0.7922632163278622
874 3515 -0.8378787214968284
874 3530 0.4128766575257352
874 3545 0.7185163341074932
874 3560 2.7924718722260877e-05
874 3575 0.3740826532724757
874 3590 -0.620173483222461
875 890 0.3427356158141668
875 3785 -0.8214761238009252
875 3800 0.2732016190181381
875 3815 0.9691642814832486
875 3830 -0.052829656198158936
875 3845 -0.880678031386414
875 3860 -0.31376540138722864
875 3695 -0.8480301038802125
875 3710 -0.14492699704932677
875 3725 -0.16543256678816354
875 3740 -0.22356598054670807
875 3755 -0.45896842895702905
875 3770 -0.7666373363619192
888 889 0.30210583733861807
888 3425 -0.15832116396839901
888 3440 0.3914813494429208
888 3455 0.9405416262199997
888 3470 -0.6125040771863526
888 3485 -0.4080820743281286
888 3500 0.20000839756103628
888 3365 -0.11331797994737824
888 3380 0.6921346030652933
888 3395 -0.9720332931066702
888 3410 0.8201830129263181
889 890 0.46224824858619895
889 3605 -0.7748618989253584
889 3620 -0.9143636824486749
889 3635 -0.3642398374748128
889 3650 0.7778471432989069
889 3665 -0.7638337083678766
889 3680 -0.9450319421181814
889 3515 -0.37820021686755845
889 3530 -0.27571411851860095
889 3545 0.9896236436163117
889 3560 0.6333330324387136
889 3575 0.5013093956788952
889 3590 -0.7788102861501158
890 3785 0.5919674963450492
890 3800 0.1287652280721694
890 3815 -0.22346900069254527
890 3830 -0.7564942757528719
890 3845 -0.4589144575941655
890 3860 -0.13595048935705334
890 3695 -0.8615953429681455
890 3710 0.9391644193179911
890 3725 0.21443092559868715
890 3740 0.9934747095442533
890 3755 0.5419486321624258
890 3770 -0.4907217019894645
903 904 -0.9464141694714538
903 918 0.3322480424541314
903 3425 0.6456352708168405
903 3440 -0.7456369946708559
903 3365 -0.09231771676876299
903 3380 -0.256884097701519
903 3395 0.5688590644003164
903 3410 0.7169631799953715
904 905 0.3192884432192489
904 919 -0.7125195589161342
904 3605 -0.814214205250924
904 3620 -0.7767247430687421
904 3455 -0.004797827016788325
904 3470 0.6181374587087258
904 3485 0.771426843047357
904 3500 0.7252760710320623
904 3515 0.23893679894848896
904 3530 -0.7016708693949627
904 3545 -0.6779093692826546
904 3560 -0.08432982434180536
904 3575 -0.6017577442093383
904 3590 -0.1337583653970451
905 920 0.9260499598904668
905 3785 0.5905339552487516
905 3800 -0.15293815830974222
905 3635 0.7791155869733501
905 3650 0.5048757594556033
905 3665 -0.12018259350789662
905 3680 0.7793593481130483
905 3695 0.9940428571106903
905 3710 0.17208300716848424
905 3725 0.4988870911270913
905 3740 0.4948957825803484
905 3755 -0.44204776972360627
905 3770 0.10671753224322233
918 919 -0.10849493086210527
918 3425 -0.156827882408338
918 3440 0.5509990391537307
918 3365 -0.14282386262189983
918 3380 -0.14039963232955133
918 3395 0.45166227500166256
918 3410 0.9928738330212306
919 920 -0.329564567432971
919 3605 -0.4914910145317761
919 3620 -0.2217131012326785
919 3455 -0.8244384297345679
919 3470 0.617817642032841
919 3485 0.27519572842606355
919 3500 -0.8379654945850221
919 3515 0.4035716913217082
919 3530 0.5477556286145522
919 3545 0.7049497043926958
919 3560 0.5728954958783028
919 3575 -0.6954624006754286
919 3590 0.14712194680987256
920 3785 -0.6897771072866619
920 3800 -0.7359105970714117
920 3635 0.35536087891012236
920 3650 -0.27746143136619983
920 3665 0.8144631901099602
920 3680 -0.5525642475396337
920 3695 0.4662470235235123
920 3710 0.08177044323849314
920 3725 -0.7088980234527589
920 3740 0.24166544094513442
920 3755 0.5030427184573276
920 3770 0.8792369013852126
933 934 0.1432393956800897
933 948 -0.1667795596452537
933 3425 -0.7012942606514387
933 3440 0.8883671844988736
933 3365 0.21647882679640484
933 3380 0.6177534260688606
933 3395 0.46070860093736177
933 3410 0.7709287262132967
934 935 0.7202425323456916
934 949 -0.2628139019371156
934 3605 0.1363872184840642
934 3620 0.15748311876495413
934 3455 -0.7836399486353389
934 3470 -0.9465702738111386
934 3486 -0.579158164975853
934 3501 -0.6907902437803173
934 3516 0.43576820638965175
934 3531 -0.6874846604650748
934 3545 -0.3800933414517971
934 3560 -0.47444827041092696
934 3575 0.14961064259682777
934 3590 -0.9717817468332393
935 950 -0.42025500387015025
935 3785 -0.16320604286451235
935 3800 -0.9593046365400433
935 3635 -0.9426341040843897
935 3650 0.5502450117018369
935 3666 0.423455387104513
935 3681 -0.014127803372999015
935 3696 0.6382822411982985
935 3711 -0.4024038499178826
935 3725 0.05974678523497379
935 3740 -0.7464358790111447
935 3755 -0.3216678292338555
935 3770 -0.6943503330280674
948 949 -0.08984685839321194
948 3425 0.23663247807148968
948 3440 -0.3074602094195571
948 3365 -0.5685184622341921
948 3380 0.9443930791309512
948 3395 0.9064966146432138
948 3410 0.9394313059761688
949 950 0.16059496763358716
949 3605 0.8964127520925966
949 3620 -0.6655845939419092
949 3455 -0.4883714265905552
949 3470 -0.322741713480567
949 3486 0.4082787003373567
949 3501 -0.7656696086683688
949 3516 -0.20918686938180353
949 3531 0.768403950578959
949 3545 -0.7165521060226014
949 3560 0.1935751070797287
949 3575 0.39978865885230075
949 3590 -0.4038742582227903
950 3785 0.6781171682549518
950 3800 0.8251534734298493
950 3635 0.421414679377178
950 3650 0.5916084250924636
950 3666 -0.9013516858866693
950 3681 -0.13668533077039235
950 3696 -0.4684193998707342
950 3711 0.2759865017115992
950 3725 -0.2609177231640958
950 3740 -0.6166799051412815
950 3755 -0.6765851747722436
950 3770 -0.34105893942946075
963 964 0.3831068798956556
963 978 0.04465980726665841
963 3425 -0.09078019274920068
963 3440 0.35341864990773475
963 3455 -0.6546339460638246
963 3470 -0.4767705577366983
963 3486 -0.7265700028798634
963 3501 0.24223792751322004
963 3516 -0.7955998893202529
963 3531 0.44405082911687566
963 3545 0.7310610624679896
963 3560 -0.7554787712141131
963 3395 -0.04376669317759663
963 3410 0.303620893339263
964 965 0.29490475005683714
964 979 0.8994107268466589
964 3605 0.007926268203520381
964 3620 -0.4542182634216847
964 3635 -0.8701412129352257
964 3650 0.2102169621664567
964 3666 0.8330409886018826
964 3681 -0.8147098922668077
964 3696 -0.6587199841841587
964 3711 -0.4739946460093567
964 3725 0.8600189243060157
964 3740 -0.5523542748283166
964 3575 0.7621957350657842
964 3590 0.022097929487175705
965 980 0.06160320370648242
965 3785 -0.7403270124862034
965 3800 -0.12462727389227934
965 3815 0.6133709769929061
965 3830 -0.4691587243334914
965 3846 -0.713786838290811
965 3861 -0.00046806177249636427
965 3876 -0.9998001566610057
965 3891 -0.34647011806978223
965 3755 -0.7184466903574149
965 3770 -0.06847140467526946
978 979 -0.23571045224914866
978 3425 -0.004483199655730186
978 3440 -0.763092114949891
978 3455 0.7130670399737851
978 3470 0.19231861993207677
978 3486 -0.40356029359773293
978 3501 -0.6907205705928874
978 3516 0.9918840627022669
978 3531 0.017119815595278087
978 3545 0.5134555085259196
978 3560 -0.0470308944192126
978 3395 -0.4336613535906113
978 3410 0.5965845195733648
979 980 0.6594611680305871
979 3605 0.8117195645161339
979 3620 0.11705644900460421
979 3635 0.31027049609343704
979 3650 0.34102915852660676
979 3666 0.8669575872101039
979 3681 0.4648773560879409
979 3696 0.4731994440824532
979 3711 -0.9186097892318286
979 3725 -0.0474884212170239
979 3740 0.7266093909178588
979 3575 -0.03315569815641539
979 3590 -0.2363346962441868
980 3785 0.0346594951860677
980 3800 0.7143409467207802
980 3815 0.7331739521299796
980 3830 -0.5223435052123335
980 3846 0.8278614073894259
980 3861 -0.6089587008484454
980 3876 0.647038169020463
980 3891 0.6926128094631756
980 3755 0.17625709211878626
980 3770 -0.03382210960011811
993 994 -0.5379547108734337
993 1008 0.37387505472861293
993 3426 -0.9288328380599984
993 3441 0.49836011578617123
993 3456 -0.725781776444947
993 3471 0.07735274809890447
993 3486 -0.5158825424198625
993 3501 -0.15833700361401948
993 3516 0.2847962023511543
993 3531 -0.27615422665638145
993 3545 0.2580300988416837
993 3560 -0.2830410162861101
993 3395 0.5224912135026993
993 3410 0.8480079363125586
994 995 0.5345363435513109
994 1009 0.3047839687738485
994 3606 -0.5141101129753771
994 3621 0.02714921260832326
994 3636 -0.916479834927654
994 3651 -0.061824802972017645
994 3666 0.7110266685322206
994 3681 0.050902789509762236
994 3696 0.40894098383348365
994 3711 -0.16713317810537176
994 3725 -0.29098337857567746
994 3740 -0.15575523127350022
994 3575 0.04317115936686822
994 3590 -0.7995384378027066
995 1010 0.9179816249936046
995 3786 -0.4866268490688457
995 3801 -0.805077320989342
995 3816 -0.20918511663878747
995 3831 0.5835897189114159
995 3846 -0.18236156973679196
995 3861 0.7126603377065819
995 3876 0.1292138480856686
995 3891 0.8615416028149163
995 3755 0.10801685291270813
995 3770 0.08302474916244895
1008 1009 0.3472056357852018
1008 3426 -0.7716681571424022
1008 3441 -0.5347191537220823
1008 3456 -0.23632332854194327
1008 3471 0.8342421662196051
1008 3486 -0.9300174533843473
1008 3501 0.3051417624438173
1008 3516 -0.6297751971138019
1008 3531 0.3599359804335853
1008 3545 -0.18725705185344665
1008 3560 -0.18736081807781368
1008 3395 0.18088227143876678
1008 3410 -0.1861283610829214
1009 1010 -0.20213966534837757
1009 3606 0.4600585608579999
1009 3621 -0.8322931980838573
1009 3636 0.09620443524359668
1009 3651 0.12053780624661536
1009 3666 0.5441726885230935
1009 3681 -0.386776166881575
1009 3696 0.5077060092378851
1009 3711 -0.3889304721419258
1009 3725 -0.1124596761605745
1009 3740 0.22820362772179803
1009 3575 -0.9897359376727171
1009 3590 0.047786121079470334
1010 3786 0.19094675167906572
1010 3801 -0.8155129054152701
1010 3816 0.48799255183712353
1010 3831 -0.44900837653158354
1010 3846 0.7068551518417596
1010 3861 0.48489177051621746
1010 3876 -0.4050532384606118
1010 3891 0.2672169299716065
1010 3755 0.4731159627477124
1010 3770 0.26817259099564983
1023 1024 0.9045642253142738
1023 1038 0.04629234012248484
1023 3426 0.2834429658142654
1023 3441 0.8016253302185095
1023 3456 -0.6184265180484683
1023 3471 0.968337216894785
1023 3486 0.4741420008626831
1023 3501 0.7831615948866884
1023 3365 -0.21589240821786548
1023 3380 -0.005375089260114763
1023 3395 0.09018903289090119
1023 3410 -0.41129510332943386
1024 1025 0.958581416066866
1024 1039 0.24632967878530843
1024 3606 0.2616106144212449
1024 3621 -0.5084214262576878
1024 3636 0.04239575128894102
1024 3651 0.7863166392513028
1024 3666 0.7340972858755113
1024 3681 0.8408868404511629
1024 3516 -0.8920459531851788
1024 3531 -0.9602103329836393
1024 3545 0.33329627782503346
1024 3560 0.9503842848828308
1024 3575 0.6605746073168866
1024 3590 -0.728760983766708
1025 1040 0.6617147474566092
1025 3786 -0.8926598956315017
1025 3801 0.8929456945961101
1025 3816 0.53259178391533
1025 3831 -0.2605688784005653
1025 3846 -0.9253136630072927
1025 3861 0.3292483842768108
1025 3696 -0.5365798633360161
1025 3711 0.8605068868154573
1025 3725 0.4234348161768977
1025 3740 -0.143572996721814
1025 3755 0.5029437754001127
1025 3770 0.6515536853204766
1038 1039 0.6861964166208354
1038 3426 -0.9100059659587882
1038 3441 0.5249459225852431
1038 3456 0.841810351626693
1038 3471 0.470765787013363
1038 3486 0.45315503530599055
1038 3501 0.25641936062971005
1038 3365 -0.8664201662488085
1038 3380 -0.3243191156576768
1038 3395 -0.6423972729162235
1038 3410 -0.8181143381956704
1039 1040 -0.1451307791473324
1039 3606 -0.11795347430254166
1039 3621 0.7507448577300015
1039 3636 0.4978633049771293
1039 3651 0.04905674697389162
1039 3666 0.02369864576170655
1039 3681 0.8124370247528385
1039 3516 0.9325135963424269
1039 3531 0.8413924052523203
1039 3545 0.8569252902894351
1039 3560 -0.06389686106161019
1039 3575 -0.6996634496518803
1039 3590 -0.5844867145468449
1040 3786 -0.646864296913247
1040 3801 -0.26471903519497464
1040 3816 -0.5946053299220015
1040 3831 0.7249608555055291
1040 3846 -0.04461375596025463
1040 3861 0.6078955583338899
1040 3696 0.08214444224530526
1040 3711 0.8015653327354575
1040 3725 -0.27624980390998877
1040 3740 0.2464751424295628
1040 3755 -0.45773879610435464
1040 3770 -0.035962661836240306
1053 1054 0.22205435675517227
1053 1068 -0.16914979778620443
1053 3426 0.392056271402182
1053 3441 -0.4730720005665361
1053 3456 -0.7612634909294742
1053 3471 -0.5843487222071571
1053 3486 0.45067300951893174
1053 3501 0.5643163853724746
1053 3366 -0.3075004639873109
1053 3381 -0.40212649405509016
1053 3396 -0.7351720434639386
1053 3411 0.3025542186413923
1054 1055 -0.11184636896563505
1054 1069 0.3483902458629409
1054 3606 0.09383425406396229
1054 3621 0.7224881796830485
1054 3636 -0.4169813739685524
1054 3651 0.24898573345737418
1054 3666 0.110899967972246
1054 3681 0.4238003087254252
1054 3516 0.7254285248705541
1054 3531 0.002994201788371731
1054 3546 0.12590050159700783
1054 3561 0.664879462760332
1054 3576 -0.930252396009617
1054 3591 0.3765085095023808
1055 1070 -0.423608776666754
1055 3786 0.9155394789164348
1055 3801 -0.24463276098585407
1055 3816 0.7442784195661005
1055 3831 -0.1865962396130343
1055 3846 -0.4130559371947482
1055 3861 -0.4402792980214909
1055 3696 -0.08475700036741873
1055 3711 0.8333391233098411
1055 3726 -0.4801109347137691
1055 3741 -0.26782019746329633
1055 3756 0.01142211162571205
1055 3771 0.3434010463979513
1068 1069 -0.512520072513126
1068 3426 0.09121714981915718
1068 3441 0.23940923733962505
1068 3456 -0.7395909400322274
1068 3471 0.7064977660689671
1068 3486 -0.6103142642805963
1068 3501 0.22090714099578102
1068 3366 0.35593418556190226
1068 3381 -0.09671778330207581
1068 3396 0.9832949328315261
1068 3411 -0.16855252145009358
1069 1070 -0.3195330160449388
1069 3606 0.0738681595401911
1069 3621 -0.2529197472082825
1069 3636 0.8643460630753268
1069 3651 -0.31260278799111063
1069 3666 -0.04704100214906104
1069 3681 0.9704505523268068
1069 3516 0.39779285353363636
1069 3531 -0.11161734069660656
1069 3546 -0.21660655846766041
1069 3561 -0.802564625619455
1069 3576 -0.7087642630255278
1069 3591 -0.0010381338126961293
1070 3786 -0.7639677025776821
1070 3801 0.3581796401838724
1070 3816 -0.7095678455150536
1070 3831 0.2582092065113384
1070 3846 0.1491155349039326
1070 3861 0.5104483537322964
1070 3696 0.25265405637042515
1070 3711 -0.9688736039850592
1070 3726 -0.7798507940021457
1070 3741 0.5599731522419451
1070 3756 -0.08788329690513308
1070 3771 0.21686523734598584
1083 1084 -0.8183641780935942
1083 1098 0.8047700457156508
1083 3426 -0.1590827972682043
1083 3441 0.5973305280828378
1083 3366 0.5212039112076765
1083 3381 0.009118048783917532
1083 3396 0.26247189027897133
1083 3411 -0.15047267042010515
1084 1085 -0.17631306707891636
1084 1099 -0.9696177236120949
1084 3606 0.5364011300908227
1084 3621 0.4595276563001607
1084 3456 0.2515867923112687
1084 3471 -0.8813913993186078
1084 3486 -0.7485537852554889
1084 3501 -0.32066051964605324
1084 3516 -0.7330645863068452
1084 3531 0.486734496290383
1084 3546 0.20626726605480794
1084 3561 -0.8300661361331501
1084 3576 0.5821222320282136
1084 3591 0.0556921478819683
1085 1100 -0.9129866030575466
1085 3786 -0.13786903875271106
1085 3801 -0.16831205063663313
1085 3636 -0.05235207765403871
1085 3651 0.06266877280120675
1085 3666 0.24852905097153188
1085 3681 -0.9189009123365284
1085 3696 -0.5862025535667046
1085 3711 -0.6187340196266542
1085 3726 0.5514720950490961
1085 3741 -0.09303468760184996
1085 3756 0.683174468302868
1085 3771 0.9727782709337607
1098 1099 -0.5892267082330283
1098 3426 0.19627843420487023
1098 3441 0.9525603046354914
1098 3366 -0.20833569856649414
1098 3381 -0.9435873421783532
1098 3396 -0.004357076423829653
1098 3411 -0.9404569897821726
1099 1100 0.8246618167979842
1099 3606 0.4437052828500516
1099 3621 -0.9848278754281727
1099 3456 -0.23286989645772627
1099 3471 -0.9948575423747257
1099 3486 -0.17398619191223563
1099 3501 -0.723433931810284
1099 3516 -0.5730412596380412
1099 3531 -0.08507566522018073
1099 3546 -0.9085192192250342
1099 3561 0.5192146060889773
1099 3576 0.06785511889555251
1099 3591 0.9068650051298919
1100 3786 0.49116989176050874
1100 3801 0.5222335759601757
1100 3636 -0.8931760357496192
1100 3651 -0.6912573065141339
1100 3666 -0.20147795814430736
1100 3681 0.16171598875274085
1100 3696 0.7050383559961682
1100 3711 0.43348470286994467
1100 3726 -0.2087693351818085
1100 3741 -0.4668981636345344
1100 3756 0.05484020670906653
1100 3771 -0.5193876348179169
1113 1114 0.4590871508003058
1113 1128 0.8005507890100796
1113 3426 -0.5564043009568382
1113 3441 0.2262344356954593
1113 3366 -0.028097219743830504
1113 3381 0.17793193909459903
1113 3396 -0.4181764754086559
1113 3411 -0.5600112801885633
1114 1115 0.730883374482276
1114 1129 -0.6881640656892489
1114 3606 0.20714580809675565
1114 3621 -0.9060035006688774
1114 3456 -0.4376275214857439
1114 3471 0.7531767751552867
1114 3546 0.8668766170533322
1114 3561 -0.7717427031472699
1114 3576 -0.646781078282407
1114 3591 -0.7461009283836948
1115 1130 0.6008332710360043
1115 3786 0.1583203930506396
1115 3801 0.8574981437722391
1115 3636 -0.06338590047907133
1115 3651 0.9900956444348687
1115 3726 0.7419231386488898
1115 3741 0.5521306527576377
1115 3756 0.7929369533117541
1115 3771 0.11635343318024782
1128 1129 -0.8744137529657203
1128 3426 -0.9588452058420225
1128 3441 -0.14666420984513406
1128 3366 -0.5872992399013002
1128 3381 0.39605664310584254
1128 3396 -0.3366377153715445
1128 3411 0.37160986627073544
1129 1130 0.5705063108862365
1129 3606 0.9851040521187211
1129 3621 -0.32847865411557753
1129 3456 0.9918086365029464
1129 3471 0.6264895869658176
1129 3546 0.29958485007181523
1129 3561 0.0859754882380579
1129 3576 -0.12712068324621084
1129 3591 0.07268141969344555
1130 3786 -0.6970652171225
1130 3801 0.490090665936193
1130 3636 0.009835017849435745
1130 3651 0.1631673924526702
1130 3726 -0.9606897887508707
1130 3741 0.9731127479630532
1130 3756 0.9879237032685972
1130 3771 -0.9458305790645405
3364 3365 0.31784428500581985
3364 3379 -0.8990595841275417
3365 3366 -0.6985293153540377
3365 3380 0.7025280020233187
3366 3381 -0.952541356092989
3379 3380 0.7773794648293737
3380 3381 0.09508210592313393
3394 3395 -0.6546686804417678
3394 3409 -0.389566882767439
3395 3396 -0.3569805178940113
3395 3410 -0.168035895213011
3396 3411 -0.8351822378193223
3409 3410 -0.7206723132863091
3410 3411 0.3435660690711919
3424 3425 -0.1166468453135685
3424 3439 0.26557200283960314
3425 3426 -0.811328862109651
3425 3440 -0.6171799421198161
3426 3441 -0.8443993667221199
3439 3440 0.9456778265901864
3440 3441 -0.17760883055039312
3454 3455 0.6297859526845473
3454 3469 -0.9545355084670626
3455 3456 -0.09993849385211462
3455 3470 0.82267619101503
3456 3471 -0.7436909613134945
3469 3470 0.38278553080158195
3470 3471 -0.2855595660595356
3484 3485 -0.16488582841497168
3484 3499 -0.9616056409223539
3485 3486 -0.06179404855897852
3485 3500 -0.2104487048167345
3486 3501 -0.15556953025404452
3499 3500 -0.6115690018442723
3500 3501 -0.1254825730054563
3514 3515 -0.9369271270888304
3514 3529 -0.4214036999631847
3515 3516 -0.35113401268847677
3515 3530 -0.03653532325964659
3516 3531 0.6101468697696499
3529 3530 -0.281333967021435
3530 3531 -0.6934819850458052
3544 3545 0.9959721538680031
3544 3559 0.5951162797232912
3545 3546 -0.08393658303458795
3545 3560 0.5794710639561
3546 3561 0.3012631747195822
3559 3560 -0.8605440144166698
3560 3561 -0.7510260649052092
3574 3575 0.25200101932169994
3574 3589 0.1024942408234546
3575 3576 -0.31761393094949586
3575 3590 -0.4862823420648299
3576 3591 -0.24634050341090896
3589 3590 -0.5081444974935609
3590 3591 0.14603283176433846
3604 3605 -0.03819870226760225
3604 3619 -0.8440992337509603
3605 3606 -0.45551784295383624
3605 3620 0.5545062752713934
3606 3621 0.17975719506378662
3619 3620 0.5334726133876291
3620 3621 0.0033467178907073958
3634 3635 -0.32912135143029286
3634 3649 0.6299611682632618
3635 3636 0.11697615649084714
3635 3650 -0.24371105672100213
3636 3651 0.1870635667534788
3649 3650 0.3633180654644639
3650 3651 -0.5701263496425617
3664 3665 -0.411281361914865
3664 3679 0.7226863385890863
3665 3666 -0.4667895389359651
3665 3680 -0.401624589950234
3666 3681 0.06861040584765554
3679 3680 -0.5388118300955302
3680 3681 0.5318259799817773
3694 3695 0.45595172846391985
3694 3709 0.23385327921876664
3695 3696 -0.16503604810254702
3695 3710 0.7796799972809203
3696 3711 -0.21907368090282153
3709 3710 -0.4639519838218473
3710 3711 -0.14884420492288686
3724 3725 -0.8501627352543031
3724 3739 -0.9374060560109072
3725 3726 0.3197240120641345
3725 3740 0.37615738153627887
3726 3741 0.3063125371692246
3739 3740 -0.033326836054158315
3740 3741 0.008388797460745723
3754 3755 -0.33333610901903854
3754 3769 0.7131284331816805
3755 3756 -0.15783609431783874
3755 3770 -0.8046225502245985
3756 3771 -0.7673331405015378
3769 3770 -0.567977114189933
3770 3771 -0.04744463439755231
3784 3785 0.6527293340469285
3784 3799 -0.9405568655670429
3785 3786 0.2798569038104277
3785 3800 0.19583338863807098
3786 3801 0.3302743650703819
3799 3800 0.5682106490298064
3800 3801 0.6644584701347664
3814 3815 0.3276456052075658
3814 3829 -0.18892687293077115
3815 3816 0.3994945736647675
3815 3830 0.6548099901833353
3816 3831 0.6103389304342981
3829 3830 -0.42052996088689687
3830 3831 -0.5090595116036398
3844 3845 0.7818302189642332
3844 3859 0.7404519914284771
3845 3846 0.4069264377223558
3845 3860 -0.22902088934863252
3846 3861 -0.9876520850267889
3859 3860 -0.23034264789473413
3860 3861 -0.1437153635936943
3874 3875 0.8982032103547652
3874 3889 0.5419447125205774
3875 3876 0.48104641663764447
3875 3890 0.48325457220711954
3876 3891 -0.7388887061710836
3889 3890 -0.9544502672711577
3890 3891 0.2690040299439709
