# 
603 603 -0.5549275929041988
604 604 1.4098004739142418
605 605 3.6596236485019977
618 618 0.6746442927887273
619 619 -3.6747434489803954
620 620 2.772567651278454
633 633 -3.120283982479921
634 634 -2.1459538123059696
635 635 -2.3555451671601206
648 648 -3.1327071891328773
649 649 0.6273046282396617
650 650 -1.1163017528200063
663 663 0.6772648825869432
664 664 -0.7099099974891017
665 665 2.1067717464224804
678 678 1.1818013452415048
679 679 -1.7906954653585725
680 680 1.685679636568775
693 693 2.50883262141397
694 694 0.7780736920270437
695 695 3.4139023220431195
708 708 0.16063490302527228
709 709 -2.204155465043737
710 710 -2.239282301896446
723 723 1.5556455749340063
724 724 -3.3065517137146383
725 725 1.0731212411890674
738 738 2.8666260821695877
739 739 -0.694451088432249
740 740 -0.1591969919353593
753 753 0.8109525481953685
754 754 2.6150902736333546
755 755 2.0893318211230536
768 768 -0.09560946222782185
769 769 1.8664791987040221
770 770 -3.099488604218333
783 783 -2.8165759491372873
784 784 3.448509738333999
785 785 -3.2957279552564707
798 798 3.1721719251296436
799 799 0.7164498682427602
800 800 -3.479361022395662
813 813 3.0519466242435236
814 814 -3.0044666580386137
815 815 -1.1217055949621457
828 828 -2.4287032584657977
829 829 0.09980446856249436
830 830 0.44259286009139576
843 843 1.9631754803661696
844 844 1.3010628862165259
845 845 0.18911057156088606
858 858 -3.644418545916908
859 859 1.3052903318757538
860 860 1.383697031039822
873 873 3.237205752755118
874 874 0.37481398290914125
875 875 1.146266680397786
888 888 -2.0410073492892895
889 889 2.1629739316654932
890 890 -1.2403599939037218
903 903 3.686647789885277
904 904 -3.6676030602807437
905 905 2.9053688133788125
918 918 1.1677603093184095
919 919 0.7134050024683622
920 920 1.0433990334098988
933 933 -0.3064271685757678
934 934 2.606409295397273
935 935 2.5191662928091496
948 948 -1.5142349334646363
949 949 -2.7294422511522862
950 950 3.836982905854872
963 963 3.5766606280947606
964 964 -2.3455419100099446
965 965 0.30580553348229866
978 978 -3.6621398669069407
979 979 2.3593882352436317
980 980 1.7808669281959748
993 993 -3.342669617232091
994 994 -1.226200767745178
995 995 -1.441017530760818
1008 1008 0.8995030063270626
1009 1009 -1.624608798015788
1010 1010 -3.7023326622536024
1023 1023 3.7777886095831263
1024 1024 -0.9154857857227503
1025 1025 -3.6936713733937445
1038 1038 2.3707257594123092
1039 1039 -1.9757872474685447
1040 1040 2.4887757563593986
1053 1053 3.154191676352246
1054 1054 0.5710860526253736
1055 1055 3.26947734908385
1068 1068 -2.224769851310242
1069 1069 2.780381188635239
1070 1070 -3.099543654182418
1083 1083 1.0973276218802441
1084 1084 -3.852315020631207
1085 1085 1.444202110650128
1098 1098 -1.065291696854227
1099 1099 3.3401044705533547
1100 1100 2.3017492566057394
1113 1113 3.4438594666463986
1114 1114 2.583187526367669
1115 1115 -2.589104458335184
1128 1128 -0.32153817951787644
1129 1129 -1.5025364692188568
1130 1130 0.08151812132101188
3364 3364 -2.2939885992116373
3365 3365 1.4406574517040598
3366 3366 -0.6146181874602297
3379 3379 1.5475971186281416
3380 3380 3.351456929943195
3381 3381 -1.2257332319684684
3394 3394 1.1009133761491778
3395 3395 -3.533399283893594
3396 3396 2.352151624588381
3409 3409 0.47034343940083634
3410 3410 -2.654280513579348
3411 3411 -1.2826770595206893
3424 3424 1.859177317968551
3425 3425 2.117982149683572
3426 3426 -3.674821397786986
3439 3439 -1.552826337614814
3440 3440 -3.8579416852194006
3441 3441 -3.489282156746518
3454 3454 -1.2240692429788274
3455 3455 -3.9821499468750456
3456 3456 0.056802911728374816
3469 3469 -0.4811849555895096
3470 3470 3.3888024447244725
3471 3471 1.7093873660362329
3484 3484 3.562628987874281
3485 3485 0.38346695455150037
3486 3486 -3.2372061317485956
3499 3499 3.2897693354593827
3500 3500 -2.732704743623567
3501 3501 -3.4912958389096636
3514 3514 1.1298514414579257
3515 3515 -2.8512160996796903
3516 3516 -2.794585842820964
3529 3529 2.6720416504231723
3530 3530 -1.678955364114354
3531 3531 2.27560625243183
3544 3544 1.526840341320403
3545 3545 -1.4905537971163776
3546 3546 -1.6123479704753931
3559 3559 -3.86447567437133
3560 3560 2.4418584924634867
3561 3561 -3.0363878207189217
3574 3574 -3.351209276390894
3575 3575 2.6790089360337364
3576 3576 -0.9700580991593002
3589 3589 0.9191285924429842
3590 3590 -2.535862910795526
3591 3591 -1.2441663863370493
3604 3604 0.39785054568034894
3605 3605 0.2692430081895152
3606 3606 -1.8357143078920197
3619 3619 2.3619329821224255
3620 3620 -3.902860814753234
3621 3621 -3.889802400801419
3634 3634 -1.5478261092995016
3635 3635 1.1870283357993525
3636 3636 -3.924176489807902
3649 3649 -1.4162974061676659
3650 3650 -2.5324433513262647
3651 3651 -1.1144236238504321
3664 3664 0.8435325638331168
3665 3665 3.352111457822004
3666 3666 -0.43646848159769824
3679 3679 -3.948963830505729
3680 3680 0.5871793858485548
3681 3681 -0.8234880276439496
3694 3694 0.06336208507311802
3695 3695 3.343965983861583
3696 3696 -0.684744854769419
3709 3709 -2.7985203748113037
3710 3710 3.4084447800164446
3711 3711 -3.334289471126363
3724 3724 -3.4879635144091843
3725 3725 -3.5266856765393397
3726 3726 -1.2949054131827262
3739 3739 -3.2514298613494823
3740 3740 3.0684261771888
3741 3741 -2.7550394816813455
3754 3754 -3.7464426770544357
3755 3755 -2.5560777549163625
3756 3756 -3.356049812678151
3769 3769 -2.641221318350988
3770 3770 -1.7487902094743522
3771 3771 0.5274245144150722
3784 3784 2.8829529983361057
3785 3785 -1.5152685578754106
3786 3786 -2.959189738730773
3799 3799 3.1821630668546037
3800 3800 -0.6736625381773234
3801 3801 -3.932876139953601
3814 3814 -2.4246060009002175
3815 3815 0.7245053514331632
3816 3816 2.0243290322899865
3829 3829 1.1824414882894523
3830 3830 0.6103924600139576
3831 3831 1.393881991981929
3844 3844 2.1932320993747965
3845 3845 1.6257683813105146
3846 3846 2.4060549654072485
3859 3859 3.939012740557218
3860 3860 1.9293584100024601
3861 3861 -3.9855741003841585
3874 3874 2.9778783319012687
3875 3875 -2.09952518801759
3876 3876 -0.8460359980872036
3889 3889 1.3230716061993597
3890 3890 1.9568465994120219
3891 3891 -1.8803244906416667
603 604 0.15456478382659755
603 618 -0.20999160434361275
603 3484 -0.34444901540095696
603 3499 -0.833551492480038
603 3514 0.21953135655078837
603 3529 0.7383807281486059
604 605 0.8856944548535701
604 619 -0.9926405682011241
604 3664 -0.4867793857957199
604 3679 0.5497282227119702
604 3694 0.95894030298518
604 3709 -0.262113724036416
605 620 -0.5406619346283736
605 3844 -0.39785696963314776
605 3859 -0.5232713735528778
605 3874 -0.03377346774525236
605 3889 0.8358892889324443
618 619 -0.3224247756749672
618 3484 -0.014915721083527789
618 3499 -0.4716745446754338
618 3514 0.5309051526172108
618 3529 -0.06987169961679962
619 620 0.8692672877438739
619 3664 -0.17926065812916914
619 3679 0.6065101451409938
619 3694 -0.744890695209143
619 3709 -0.7189347300821987
620 3844 -0.37796690259265997
620 3859 0.9928674696751003
620 3874 -0.0487871642840505
620 3889 -0.3088460476804886
633 634 0.01984572705612031
633 648 0.8442403196000159
633 3424 -0.2714848982328564
633 3439 -0.8629048488948867
633 3454 -0.7300799213620148
633 3469 0.6942452894077846
633 3484 0.8228754947424257
633 3499 -0.9040625813265046
633 3514 0.0027939877760339016
633 3529 0.9362030871296743
634 635 0.832177286135541
634 649 -0.7364971151404685
634 3604 -0.24145860394401208
634 3619 -0.44099195105781663
634 3634 -0.053796225060356084
634 3649 0.562251179104817
634 3664 -0.5389679803792533
634 3679 -0.4972814080130403
634 3694 -0.4668641577753003
634 3709 -0.16274551073228483
635 650 -0.3942389714806369
635 3784 0.1249630649334823
635 3799 -0.42703167477255866
635 3814 -0.8570201469499437
635 3829 -0.9487089318179651
635 3844 0.7868661436036151
635 3859 -0.3840339288880301
635 3874 -0.22998539115390337
635 3889 0.6752702863572537
648 649 -0.22395941365547745
648 3424 0.3688627429407436
648 3439 -0.0279858851175272
648 3454 -0.9647575561159396
648 3469 0.6157132425397058
648 3484 0.7818085460897268
648 3499 0.3400450561966062
648 3514 -0.4682676986755341
648 3529 0.8089478667929857
649 650 -0.9604643575091796
649 3604 0.8119805697523383
649 3619 -0.7708937250956449
649 3634 -0.05359775872235173
649 3649 -0.5451812665398208
649 3664 0.7926633285543887
649 3679 0.4803826842284262
649 3694 -0.01642577275967705
649 3709 0.6293776742236745
650 3784 -0.9087446748706354
650 3799 -0.9875627534714868
650 3814 -0.18069579494375265
650 3829 -0.9107424382864835
650 3844 0.5874460251412839
650 3859 -0.012626425319038237
650 3874 -0.9260864327226228
650 3889 -0.4582578401412303
663 664 0.8217675667289197
663 678 -0.1322455123175834
663 3424 0.9586505634920297
663 3439 0.5915277620758186
663 3454 -0.36209630153565153
663 3469 0.22039652209127536
663 3484 0.29937044267699275
663 3499 -0.62738966329668
664 665 0.2524715362811738
664 679 -0.501225495565274
664 3604 0.9014900865009787
664 3619 0.04995604258115849
664 3634 -0.8807608233121238
664 3649 -0.10956690184120954
664 3664 0.0009824670513740585
664 3679 -0.8234702240235494
664 3514 -0.13180757123277087
664 3529 0.6292341038053657
665 680 -0.5982352092539713
665 3784 0.2422527745010543
665 3799 0.8812770056339105
665 3814 -0.4139164673123701
665 3829 0.3086696598293299
665 3844 -0.5282677054405187
665 3859 -0.36785106261170375
665 3694 0.6105827636328145
665 3709 -0.9208993849666067
678 679 0.8346687518819447
678 3424 -0.6949885141526344
678 3439 0.09796127836320445
678 3454 0.6944238215223768
678 3469 0.43459742141938795
678 3484 0.28110620385792084
678 3499 0.7880649368202899
679 680 0.9692475531198261
679 3604 -0.8595534748233999
679 3619 -0.2238098179289134
679 3634 0.60354444722605
679 3649 0.32813528268185954
679 3664 0.3569802306718206
679 3679 -0.6784447929641519
679 3514 0.8784905733928208
679 3529 -0.5751833929358201
680 3784 0.8067688305976561
680 3799 0.8326401783973532
680 3814 0.2053868607450997
680 3829 0.14650033892988823
680 3844 -0.16170850772911494
680 3859 0.9475364038959493
680 3694 -0.9332098786248315
680 3709 -0.004960265046708212
693 694 0.6208214011856779
693 708 0.09112720081453074
693 3424 0.5457570910585929
693 3439 0.04224343788871332
693 3454 -0.744967343944418
693 3469 -0.5203926703138004
693 3484 -0.23626572114836164
693 3499 -0.5113935499147999
693 3364 -0.5983530248903688
693 3379 0.8629649451476982
693 3394 0.8862858449147857
693 3409 -0.22350814315908174
694 695 0.16795486937313608
694 709 -0.885922186164789
694 3604 -0.48862465919666764
694 3619 0.06469798560334006
694 3634 0.23746480819845983
694 3649 0.5309056307727584
694 3664 -0.4459472120619383
694 3679 0.306775979635294
694 3514 -0.6201399778080878
694 3529 0.4015983478118905
694 3544 -0.3274343202883623
694 3559 0.39005162084355094
694 3574 0.020721478100536705
694 3589 0.5518768405035699
695 710 -0.24840433275704155
695 3784 0.14786975457236173
695 3799 0.6953048893251588
695 3814 0.4135341001903168
695 3829 -0.2932642609012732
695 3844 0.8740629737887107
695 3859 -0.44390175149571665
695 3694 0.6093916842404263
695 3709 0.8381275814154672
695 3724 -0.5746404706689077
695 3739 0.023129405789352298
695 3754 0.3935779563876358
695 3769 0.27991294954085255
708 709 -0.9542296161304875
708 3424 -0.26433788271334824
708 3439 0.8356869395560342
708 3454 0.3114449937189754
708 3469 0.2460956487781465
708 3484 -0.47637206237673535
708 3499 -0.8214736312698363
708 3364 0.7489550949556516
708 3379 -0.6932482412529246
708 3394 -0.9019507380783711
708 3409 -0.5887411263259403
709 710 -0.47142496803776957
709 3604 -0.24761764545192722
709 3619 -0.32988588778255346
709 3634 -0.6632095036197587
709 3649 -0.4585532613601979
709 3664 -0.5175547560915967
709 3679 -0.5691523667236473
709 3514 -0.8977890791944085
709 3529 0.40953950291771624
709 3544 0.9775838931840093
709 3559 -0.5623550322883453
709 3574 0.34460843204522895
709 3589 -0.4044182834341248
710 3784 -0.21734019048761666
710 3799 0.9496525455973106
710 3814 0.39310105178222043
710 3829 0.18369761493146508
710 3844 -0.8619604039678184
710 3859 0.7338314796575265
710 3694 0.3417394290253457
710 3709 -0.7419387913075706
710 3724 -0.8716770902404667
710 3739 -0.4329453752487771
710 3754 0.5412511662219324
710 3769 0.5116421102471465
723 724 0.6993820243642284
723 738 -0.978032417444068
723 3424 0.505487319489528
723 3439 0.6332026411781295
723 3364 -0.5244948483719174
723 3379 0.08692745067188667
723 3394 0.21833495389221969
723 3409 -0.9408389988069668
724 725 0.18951307436297227
724 739 -0.5298633240661386
724 3604 0.2959137511476624
724 3619 0.30628321010998283
724 3454 -0.8850223556009864
724 3469 0.9039386405175347
724 3484 0.18323026821515898
724 3499 0.9530236005355692
724 3514 0.03168859785966327
724 3529 -0.3380426908199061
724 3544 0.5240775898943939
724 3559 -0.38079965109659475
724 3574 0.21985882992722994
724 3589 0.690849461407864
725 740 -0.4632338062391548
725 3784 0.9611128616790969
725 3799 0.7995698363988117
725 3634 -0.7069785614226693
725 3649 0.7420680363681069
725 3664 -0.7859270342413269
725 3679 -0.39260714759488247
725 3694 -0.18276133191741728
725 3709 0.6777604293191555
725 3724 0.5683865636946059
725 3739 0.30954314705000385
725 3754 0.8725719630255129
725 3769 -0.05186315980913747
738 739 -0.1616585709796945
738 3424 -0.4853844109352301
738 3439 0.23946715248520745
738 3364 -0.8972556770695763
738 3379 0.9670373355209716
738 3394 0.7292018689829061
738 3409 0.735666606953087
739 740 -0.4708452056566368
739 3604 0.2988382386924564
739 3619 -0.7914240784416966
739 3454 -0.2600766206417666
739 3469 -0.25153825100493243
739 3484 -0.21907117612022775
739 3499 0.7631891723126525
739 3514 -0.49727590254126475
739 3529 -0.758224983234079
739 3544 0.5847077995132108
739 3559 0.305971241861142
739 3574 -0.3557077763041889
739 3589 -0.7485072428125159
740 3784 -0.3708809056442681
740 3799 0.4243007494979598
740 3634 0.443458297614709
740 3649 -0.8033649023161731
740 3664 0.8269011219054394
740 3679 -0.5675730902983798
740 3694 0.6922141799572263
740 3709 -0.6105630073864694
740 3724 -0.7399249280078533
740 3739 -0.2115411766003794
740 3754 0.7062172133016589
740 3769 0.7893646694651202
753 754 -0.2808334171611926
753 768 -0.24166068056324197
753 3424 -0.7379072833369624
753 3439 0.7649021838327479
753 3364 0.0067410745978413456
753 3379 0.9285725309797359
753 3394 0.8168582554392416
753 3409 0.5368869548118076
754 755 0.47592892373841567
754 769 -0.2578340486988231
754 3604 -0.6176058900218622
754 3619 -0.33915898516278586
754 3454 -0.4421224644683026
754 3469 -0.7397944643673378
754 3485 -0.5195706831653939
754 3500 0.5810295161307357
754 3515 -0.44364056495369875
754 3530 0.9584856707214453
754 3544 -0.7299567177604036
754 3559 -0.7036388310668802
754 3574 -0.10981571749921248
754 3589 0.5678214130918122
755 770 0.24497997580226483
755 3784 0.3610023993983742
755 3799 0.7224528952018492
755 3634 0.422082985969749
755 3649 0.3726590586963352
755 3665 -0.25595492817865617
755 3680 -0.49729015827025225
755 3695 0.8822555198906741
755 3710 -0.47433939424594884
755 3724 -0.9442284104671501
755 3739 -0.5274282247120283
755 3754 -0.09671453472946157
755 3769 -0.11956179771407127
768 769 -0.7706689983241688
768 3424 -0.2737626389243435
768 3439 0.8858736408824237
768 3364 -0.4624738758551379
768 3379 0.7224061295796977
768 3394 0.8463622374200137
768 3409 0.5267358599174088
769 770 0.10382768820157384
769 3604 0.14443982811395406
769 3619 -0.877541087785352
769 3454 0.8828550218758042
769 3469 -0.7588566016718981
769 3485 -0.5974166165510992
769 3500 0.34159106097090275
769 3515 -0.9909104414551233
769 3530 0.1910684416471018
769 3544 -0.691243436860147
769 3559 -0.21414111906841993
769 3574 -0.6378832485560726
769 3589 -0.6283005705569262
770 3784 0.5291791544676581
770 3799 -0.8375750023734454
770 3634 0.562864822827831
770 3649 -0.9198527735685986
770 3665 -0.7056590319839653
770 3680 0.905892550656338
770 3695 0.4999201400318771
770 3710 0.9721440476158414
770 3724 -0.3661921646258277
770 3739 0.4739539605634764
770 3754 0.4628648304654157
770 3769 -0.4421824757269761
783 784 0.7358429643456232
783 798 -0.8317333304124546
783 3424 0.1466444100118518
783 3439 0.6739075063769242
783 3454 0.491650198355595
783 3469 -0.20068928732817182
783 3485 -0.9538138015063566
783 3500 0.5441690792279126
783 3515 0.5534607823417228
783 3530 0.03963607416453385
783 3544 0.9215862455820389
783 3559 0.7417183931427469
783 3394 0.40356236271332735
783 3409 -0.5217439340576948
784 785 -0.31113087748759893
784 799 -0.8689012291133895
784 3604 -0.6162463395795204
784 3619 0.7398091632057842
784 3634 0.7408545907628112
784 3649 -0.5008698636585494
784 3665 0.4680610287693452
784 3680 0.5617088514615793
784 3695 0.051772319572258585
784 3710 -0.8101078545894236
784 3724 -0.5065496850258098
784 3739 -0.8144001712338247
784 3574 0.6644237298275861
784 3589 0.7332209898031536
785 800 0.39575049813007723
785 3784 -0.6188685407466832
785 3799 -0.7267948000172877
785 3814 0.8260459179693449
785 3829 -0.7538672485758691
785 3845 -0.8965239210240556
785 3860 0.172030105984053
785 3875 -0.9782877231591909
785 3890 -0.18893079677669977
785 3754 -0.24174631515875422
785 3769 -0.9929578442519633
798 799 0.10259706946436187
798 3424 -0.015953998274876646
798 3439 0.3523856266262617
798 3454 -0.4954928446335056
798 3469 -0.19769822661521452
798 3485 -0.31215246600461155
798 3500 -0.5184394444809113
798 3515 0.2604741505729242
798 3530 -0.45761947326982444
798 3544 0.02455025192815974
798 3559 -0.37936137266187964
798 3394 -0.46469217197388835
798 3409 -0.6807544404444068
799 800 0.16791969213436309
799 3604 0.21309760259998622
799 3619 -0.25962003023482483
799 3634 -0.1386161349990216
799 3649 0.31521986944008296
799 3665 -0.19496970952674286
799 3680 0.4953819010112819
799 3695 -0.9723855304797069
799 3710 -0.7981594818839381
799 3724 0.3205661387495877
799 3739 -0.76028091088963
799 3574 0.6549301445495648
799 3589 -0.48227340463983026
800 3784 0.938347187474714
800 3799 0.2724883325958256
800 3814 -0.026760793271928707
800 3829 -0.943160577795926
800 3845 0.9859083542270395
800 3860 -0.5409338529653889
800 3875 -0.03612136911336794
800 3890 -0.07747999553238882
800 3754 0.3621368985296207
800 3769 -0.16211953806660606
813 814 0.9961875260444428
813 828 -0.3585953245006348
813 3425 0.2226544345887682
813 3440 0.4816512331092424
813 3455 0.2001312511271507
813 3470 0.917704182622759
813 3485 0.5293030261893055
813 3500 -0.8394720177653925
813 3515 0.23001616675699332
813 3530 -0.13632110625835714
813 3544 0.3104744451159658
813 3559 0.24829777473488468
813 3394 0.29866236186817474
813 3409 0.15251142120532069
814 815 0.5462221222963002
814 829 -0.3783744212599476
814 3605 0.7000441140190785
814 3620 -0.8302130880065388
814 3635 0.30550055441964163
814 3650 0.7965134821645634
814 3665 -0.6721340459359963
814 3680 0.27646273578883096
814 3695 0.7853148685707816
814 3710 0.256170038047129
814 3724 0.33364380360219936
814 3739 0.5495209201218514
814 3574 -0.2339751145201956
814 3589 -0.5489529703626042
815 830 0.8509116889519011
815 3785 0.046123520309281574
815 3800 0.22888453111319662
815 3815 0.01620145996132738
815 3830 -0.37368815516702436
815 3845 -0.6196173304094774
815 3860 0.007898451763473258
815 3875 0.5795955033169631
815 3890 0.9709710620716159
815 3754 0.7892397259987327
815 3769 -0.3116520365094746
828 829 -0.287375276291868
828 3425 -0.8107117287891596
828 3440 -0.9541706900860953
828 3455 0.5390338982194038
828 3470 -0.7236182212902218
828 3485 0.30589602593277276
828 3500 0.09215110010866812
828 3515 -0.745404348431816
828 3530 0.7326151233250686
828 3544 0.629298343217839
828 3559 -0.24484672362218252
828 3394 -0.34619670912391887
828 3409 0.9160527364265496
829 830 0.6867574590827281
829 3605 -0.8589020716002211
829 3620 0.3732990691211906
829 3635 -0.32904593498622403
829 3650 -0.7906064516968114
829 3665 0.06916975463435437
829 3680 -0.04133733972280762
829 3695 -0.24764212438958233
829 3710 -0.7281797618505925
829 3724 0.6563149154568555
829 3739 0.37332525023519514
829 3574 -0.7670509633724596
829 3589 0.2815346356841535
830 3785 0.6276418441083778
830 3800 0.2948800738095203
830 3815 -0.25174200600276064
830 3830 0.28533530991045764
830 3845 -0.9628693704579316
830 3860 0.5100173074368148
830 3875 -0.41058377220726405
830 3890 -0.5328863302807569
830 3754 -0.5243191249377199
830 3769 -0.1843284945550907
843 844 -0.17863097800198324
843 858 -0.8518169171517977
843 3425 -0.9691439262475112
843 3440 -0.40851469115106087
843 3455 -0.4915495534869474
843 3470 -0.5383529682144397
843 3485 0.8927198277579331
843 3500 0.2837773090040412
843 3364 -0.8598477003582568
843 3379 0.2167053150119984
843 3394 0.4996115361762943
843 3409 -0.1319619740389999
844 845 0.7464085860060019
844 859 0.7191234144593479
844 3605 0.7928075079598962
844 3620 0.3349508979985729
844 3635 -0.9558816105354073
844 3650 0.5186161682391182
844 3665 -0.8867934784670171
844 3680 -0.14450097763185243
844 3515 -0.3611032094847373
844 3530 -0.11657946297623556
844 3544 -0.8098429204235127
844 3559 0.35124866614308803
844 3574 -0.7375140176435622
844 3589 0.48054521344316603
845 860 0.13358894563499524
845 3785 0.25752587444285324
845 3800 0.7505954853876657
845 3815 -0.15164283322579908
845 3830 0.5949737910474391
845 3845 -0.2628425898751703
845 3860 0.5787106047791502
845 3695 0.050366036492350386
845 3710 0.5784078534766355
845 3724 -0.003893751618042396
845 3739 -0.8717373060267792
845 3754 -0.07146381560929327
845 3769 0.598504421442291
858 859 -0.46795328563424454
858 3425 -0.1688262680561332
858 3440 -0.5046160975968033
858 3455 0.31826699580991713
858 3470 -0.24460226230270155
858 3485 0.7616780773697149
858 3500 -0.4766562030367034
858 3364 0.2209774615573985
858 3379 0.43590707764655257
858 3394 -0.6932197547951324
858 3409 -0.7703160716929589
859 860 0.4174620362637327
859 3605 0.8189893022173014
859 3620 0.820216783310747
859 3635 -0.5969428789282292
859 3650 0.24970014178582312
859 3665 -0.9676286041002515
859 3680 -0.023104262927680974
859 3515 -0.029659549640419502
859 3530 -0.8426843031506721
859 3544 -0.2872058974792919
859 3559 -0.7949650829095927
859 3574 -0.04293470727720439
859 3589 0.14180942054220314
860 3785 0.13464168528284537
860 3800 -0.6151450874959357
860 3815 -0.3568804215183887
860 3830 -0.9862375837640751
860 3845 0.47865879052212934
860 3860 0.055265219019170475
860 3695 -0.1935381884561389
860 3710 0.8756599307263624
860 3724 -0.08130060568826392
860 3739 -0.6437593813688975
860 3754 0.9294233774601586
860 3769 0.0003524587704006876
873 874 -0.8967053966638263
873 888 0.7958221532353791
873 3425 0.023499706607504223
873 3440 -0.6565965379887795
873 3455 -0.41059733951616884
873 3470 0.840773871857817
873 3485 -0.3482345918907883
873 3500 0.5594672601121125
873 3365 -0.19979248021933693
873 3380 -0.5663853783228661
873 3395 -0.8871732341632876
873 3410 0.9119316995664777
874 875 -0.5750148526227039
874 889 -0.7178867515215319
874 3605 -0.3363065009558779
874 3620 -0.0065355379959362025
874 3635 0.4150501711241026
874 3650 0.838828363802608
874 3665 -0.7938240471383049
874 3680 0.2574404703267481
874 3515 0.4094997636251132
874 3530 -0.7065580905795203
874 3545 -0.3747077816488191
874 3560 0.46177340143923584
874 3575 -0.5788644775888838
874 3590 0.8547913850153932
875 890 -0.5066758753429079
875 3785 0.03740744731924228
875 3800 -0.2620699670203206
875 3815 -0.8051158632976592
875 3830 -0.6476495554889008
875 3845 0.7807742783841685
875 3860 -0.3906152732434722
875 3695 0.20959625237161905
875 3710 0.3308727382345773
875 3725 0.6221658156578
875 3740 0.7592628415283758
875 3755 -0.13428512575185247
875 3770 -0.8791802417439118
888 889 -0.42741130043573183
888 3425 -0.026625439005883766
888 3440 -0.3978094780509518
888 3455 -0.2573432711233481
888 3470 0.49349712287335157
888 3485 -0.24463996736409177
888 3500 0.018696732932969695
888 3365 -0.17754425801873341
888 3380 0.284086293740226
888 3395 -0.8237279059595579
888 3410 -0.9701167874379077
889 890 0.614791955332133
889 3605 0.27167719852286276
889 3620 -0.56244969258999
889 3635 0.2248892694365503
889 3650 0.15814575937733277
889 3665 0.7339346572897738
889 3680 0.42450745334686535
889 3515 -0.11208173029077328
889 3530 0.8557455582146418
889 3545 0.545090146055266
889 3560 -0.02124581658150615
889 3575 0.33295312689044954
889 3590 -0.3458456146069102
890 3785 -0.04564087443700804
890 3800 -0.02085527205218951
890 3815 0.35631316531015655
890 3830 0.8890684482673541
890 3845 -0.7740360011191516
890 3860 0.027021812815468005
890 3695 -0.8948335124143385
890 3710 0.7351333284433288
890 3725 -0.19359024276616266
890 3740 -0.9681976566869295
890 3755 -0.3235830449434898
890 3770 0.5343741684728707
903 904 0.9706983818532
903 918 -0.3458185620418077
903 3425 0.7963280140161886
903 3440 0.22762497323174347
903 3365 -0.5240805297952651
903 3380 0.3216314988979252
903 3395 0.8719031382589837
903 3410 -0.4605075587374192
904 905 -0.4772713346816506
904 919 0.025691217499680175
904 3605 0.41323223949932086
904 3620 -0.6754923992395974
904 3455 0.11847018152830513
904 3470 0.7156378323537411
904 3485 0.10076197772574536
904 3500 0.1321858059173211
904 3515 -0.9703396711606589
904 3530 -0.2760222609890721
904 3545 -0.3481061984993319
904 3560 -0.7871564710413477
904 3575 -0.8871659108969745
904 3590 0.38207298158480496
905 920 -0.1205767220348084
905 3785 0.3177650250004149
905 3800 -0.662771877409529
905 3635 -0.9039906069920602
905 3650 0.23684839128541513
905 3665 0.1654753198394654
905 3680 0.0026290343740207334
905 3695 -0.18579641392814472
905 3710 0.6601514867538294
905 3725 0.14714835360772094
905 3740 0.7209311367509705
905 3755 -0.1982984928899556
905 3770 0.4787116608796591
918 919 -0.7563215175622002
918 3425 0.9670516288434261
918 3440 0.3019689378292929
918 3365 -0.2518662571632788
918 3380 0.6258612080745418
918 3395 -0.01534291593236392
918 3410 -0.7494444187459548
919 920 -0.24721833873008348
919 3605 0.6377377861901474
919 3620 -0.7719399095454587
919 3455 0.23567884286037044
919 3470 -0.7430714737594735
919 3485 -0.9906970912372037
919 3500 -0.7415813237374098
919 3515 -0.21504454248969984
919 3530 -0.6556527935268275
919 3545 0.7566288073787373
919 3560 -0.24523503562570648
919 3575 -0.8449562012633396
919 3590 0.1291741250861942
920 3785 -0.21116110895667517
920 3800 -0.4134773281043582
920 3635 0.4638191826901694
920 3650 -0.6837432418519489
920 3665 0.03505441651844032
920 3680 -0.2746104220436121
920 3695 -0.561882575454447
920 3710 0.9153142179274449
920 3725 0.02940097293209698
920 3740 -0.9259043552675053
920 3755 0.2695446613474175
920 3770 0.5897587945283012
933 934 -0.3247157796586728
933 948 -0.7998713879922734
933 3425 -0.3474762793994246
933 3440 -0.5346774243570749
933 3365 0.9450347646383304
933 3380 -0.903867625068574
933 3395 0.8780225037170062
933 3410 0.09816825326473855
934 935 0.7904978498103783
934 949 -0.9616331439087014
934 3605 -0.4655212197973213
934 3620 0.710278433458934
934 3455 -0.7189460915891
934 3470 -0.3607809846032428
934 3486 -0.8910024681551438
934 3501 0.5390641702902441
934 3516 0.46511218783149855
934 3531 -0.8917332544186103
934 3545 -0.7527646935276344
934 3560 0.26520335370980463
934 3575 0.1634858906008967
934 3590 0.022743020807885372
935 950 0.8651142974674031
935 3785 0.36936590038658057
935 3800 0.2840303791545886
935 3635 0.9148756283226112
935 3650 0.9414448670266502
935 3666 -0.8366847429153128
935 3681 0.7731812964065528
935 3696 0.7368568044632968
935 3711 -0.10254741029222991
935 3725 0.6024706538133136
935 3740 -0.5690797368221521
935 3755 -0.014384405749452878
935 3770 0.9849593438515938
948 949 0.6887953485420504
948 3425 0.7366626483052208
948 3440 -0.20463469926675848
948 3365 -0.8660321529969734
948 3380 0.7663621827798435
948 3395 -0.5994138011444092
948 3410 0.7034377615848006
949 950 -0.019538297352361678
949 3605 -0.5168982347379469
949 3620 0.34004479179785574
949 3455 -0.6087387137157132
949 3470 -0.16896020942152346
949 3486 -0.6602830353837519
949 3501 -0.992922291104716
949 3516 0.30458209353479204
949 3531 -0.5997987853801185
949 3545 -0.05258662129119429
949 3560 -0.6422857010964809
949 3575 -0.9531886557974019
949 3590 -0.12676697383391167
950 3785 0.8525576345200343
950 3800 0.8832643975853882
950 3635 0.980746090841355
950 3650 0.9922353310442427
950 3666 -0.3261282093608677
950 3681 0.22686512261253866
950 3696 -0.007229112663285742
950 3711 0.1537392951254264
950 3725 0.029939463718758885
950 3740 -0.7943734941995608
950 3755 0.8122955156375848
950 3770 0.23467428688694825
963 964 -0.2623542683459952
963 978 -0.5367013807507319
963 3425 0.13912210175076334
963 3440 -0.38929546034179596
963 3455 -0.6401137883819372
963 3470 -0.7579436787358933
963 3486 0.6723817557241749
963 3501 0.06654853346161493
963 3516 -0.936704338376777
963 3531 0.31922893348200754
963 3545 0.17900009630148173
963 3560 -0.9719221858864173
963 3395 0.6573152900450989
963 3410 -0.23661296985768865
964 965 -0.5748403638959956
964 979 -0.8787532523823254
964 3605 -0.7458528478365674
964 3620 -0.6383848070932723
964 3635 -0.7661793674672612
964 3650 0.40974577856876615
964 3666 0.9825678427575553
964 3681 0.7140213859488813
964 3696 0.4308731746016481
964 3711 -0.5555954627201274
964 3725 -0.9238570245877744
964 3740 -0.4817198123129609
964 3575 0.23866298922253448
964 3590 -0.9519588246068607
965 980 0.42579157684383206
965 3785 -0.08456570947778519
965 3800 -0.18553991291941085
965 3815 0.03328058581421289
965 3830 0.01280949735248016
965 3846 0.49723524787578954
965 3861 0.9878854902556868
965 3876 0.9933384911943381
965 3891 -0.9580959015930499
965 3755 -0.8165960951426088
965 3770 -0.19002125401278125
978 979 -0.1274327051835087
978 3425 -0.2862854368490104
978 3440 0.6746719569897506
978 3455 -0.1061961434422869
978 3470 0.6976861458485091
978 3486 0.2513319081663836
978 3501 -0.9987618305023236
978 3516 0.48849669524337846
978 3531 0.21797513866336726
978 3545 -0.07000922394563491
978 3560 -0.1677486196596285
978 3395 0.3164899404205255
978 3410 0.14802073214199374
979 980 -0.1228511888203343
979 3605 -0.42138348272217385
979 3620 -0.4316628148561672
979 3635 0.9109918145838178
979 3650 -0.14727672997882113
979 3666 -0.1744781952250336
979 3681 -0.4967854165273493
979 3696 -0.14610835495075913
979 3711 0.9304699932144311
979 3725 0.9198360972177995
979 3740 -0.23497075822507352
979 3575 0.7646463385740381
979 3590 0.39491261214179585
980 3785 0.5659150550904211
980 3800 0.9152214731751949
980 3815 0.5512549178621333
980 3830 -0.041969809121134016
980 3846 0.7685709783359096
980 3861 -0.6918280892021182
980 3876 -0.6410162945977176
980 3891 0.38790907000480845
980 3755 0.10913541014433181
980 3770 -0.21498411768513792
993 994 -0.2997798712373738
993 1008 -0.12659707127988562
993 3426 0.21802812673186378
993 3441 -0.02797405335253278
993 3456 -0.06355956339948521
993 3471 -0.8850627605129158
993 3486 0.441873048691811
993 3501 0.37850506110086934
993 3516 -0.05981602692102728
993 3531 0.6758477978663966
993 3545 0.5114207862701476
993 3560 0.3547998367270151
993 3395 -0.16162680275719565
993 3410 0.1888125747834144
994 995 0.04407513674149732
994 1009 0.19781915404084227
994 3606 -0.5466544570280762
994 3621 0.4650949601411971
994 3636 -0.62957365065563
994 3651 -0.8870003603715808
994 3666 0.24146303565453153
994 3681 -0.10456609861721167
994 3696 0.23794983056430152
994 3711 0.22901424636665402
994 3725 0.2912218210534119
994 3740 0.773019800795556
994 3575 0.8372532945947695
994 3590 -0.5016271135697696
995 1010 -0.568599262379627
995 3786 0.1451727294870706
995 3801 0.3573435986015958
995 3816 -0.6827731985698007
995 3831 -0.936894234731664
995 3846 -0.39919533933366225
995 3861 0.8457753607161569
995 3876 0.6883678394294006
995 3891 0.6997642564290412
995 3755 0.8376475274380923
995 3770 -0.2343360342914207
1008 1009 -0.6549336516094737
1008 3426 -0.9698377347898102
1008 3441 -0.14874378543875388
1008 3456 -0.030714845478143626
1008 3471 -0.022159089325245906
1008 3486 -0.9116464593949902
1008 3501 -0.542789109339405
1008 3516 0.4163609732995357
1008 3531 -0.33056803989027284
1008 3545 -0.5420141794281799
1008 3560 0.5068698483281615
1008 3395 -0.9052056781332316
1008 3410 -0.3536826234023678
1009 1010 0.638292700941911
1009 3606 0.23482800734080778
1009 3621 0.8235035276604581
1009 3636 0.346529501204873
1009 3651 0.6177784293533979
1009 3666 -0.2973934754003167
1009 3681 -0.9089170477723421
1009 3696 0.9044854896523054
1009 3711 -0.2602832993742126
1009 3725 0.5071064239228615
1009 3740 -0.2601691333211058
1009 3575 0.8176104809075144
1009 3590 -0.7609390407635646
1010 3786 0.44646748275942816
1010 3801 0.6531716917955654
1010 3816 0.5038925443310309
1010 3831 -0.20108498990126833
1010 3846 0.739597955231561
1010 3861 -0.08633456143056883
1010 3876 -0.39578574650488507
1010 3891 0.3477335608166896
1010 3755 -0.32966584348393924
1010 3770 -0.15555213380465593
1023 1024 0.6555908172176947
1023 1038 -0.08519755346558311
1023 3426 -0.5148335725117428
1023 3441 0.6730216825717474
1023 3456 -0.5430139706148638
1023 3471 0.5437125798133913
1023 3486 0.3046782207334995
1023 3501 0.1968393187550812
1023 3365 -0.14405014853283937
1023 3380 -0.24191748269532076
1023 3395 -0.33527351027939134
1023 3410 -0.06024346174360384
1024 1025 0.2924907536188761
1024 1039 0.43737828447510063
1024 3606 -0.9491199601121221
1024 3621 -0.7781870200985035
1024 3636 0.6524936227949487
1024 3651 0.09387393257658427
1024 3666 -0.014679135466184823
1024 3681 -0.7447276909830574
1024 3516 -0.8661896494837749
1024 3531 0.2832182980874083
1024 3545 -0.1328229819470328
1024 3560 0.14886308402838555
1024 3575 0.7285977904464116
1024 3590 -0.8120795255244981
1025 1040 -0.28872521921299166
1025 3786 0.17685093357532544
1025 3801 0.6599574442896052
1025 3816 0.4922299298435151
1025 3831 -0.8494273517916917
1025 3846 0.3750532829421438
1025 3861 0.8830261276523657
1025 3696 -0.09527525740606735
1025 3711 -0.6727253098765451
1025 3725 0.3988469724792296
1025 3740 -0.6837946730974567
1025 3755 -0.7822820006135205
1025 3770 0.1526549206940051
1038 1039 -0.33127090996303754
1038 3426 -0.03572946325666981
1038 3441 -0.7138287491602313
1038 3456 0.3275368143081976
1038 3471 -0.2044363176536501
1038 3486 0.06683448058477248
1038 3501 0.5171422160512436
1038 3365 -0.9270866160257205
1038 3380 0.8984828962963438
1038 3395 -0.16313945907019445
1038 3410 0.6120667614587858
1039 1040 -0.8452745051059414
1039 3606 0.8995528980422407
1039 3621 -0.2298632198443733
1039 3636 -0.5971672241309227
1039 3651 0.4940213497728674
1039 3666 -0.911572238728336
1039 3681 0.4597665646376403
1039 3516 -0.3660895909245503
1039 3531 0.19841223788301932
1039 3545 0.49536363047746135
1039 3560 -0.6396116407830441
1039 3575 0.8343577471500307
1039 3590 -0.2843377336435835
1040 3786 0.6216195353259615
1040 3801 -0.9464568209046862
1040 3816 0.21686152989874907
1040 3831 -0.4050907628905547
1040 3846 0.13260575276227038
1040 3861 0.8710764221618092
1040 3696 -0.27224961643995327
1040 3711 0.12723608861409952
1040 3725 0.8718205261278782
1040 3740 0.497996000223323
1040 3755 0.2228494466551998
1040 3770 0.500054354567302
1053 1054 -0.8836435491041994
1053 1068 0.9601333095719313
1053 3426 0.19449592787700598
1053 3441 0.23049181897120197
1053 3456 0.8455798454499794
1053 3471 0.28200460763355384
1053 3486 -0.16130159273891786
1053 3501 -0.4073304764412695
1053 3366 0.15585146180008214
1053 3381 -0.7436062388525293
1053 3396 -0.36638633562484046
1053 3411 -0.7451860656546303
1054 1055 0.4676011748528117
1054 1069 -0.7983953437418299
1054 3606 0.13940007923649267
1054 3621 -0.10653794762883706
1054 3636 0.8569889019997816
1054 3651 -0.22469738677115947
1054 3666 -0.16447853930537892
1054 3681 0.6158657662793705
1054 3516 0.7838631917549426
1054 3531 0.6053668126910907
1054 3546 -0.008614510426040889
1054 3561 -0.29509545727388664
1054 3576 -0.9117238056415742
1054 3591 -0.6801005522816757
1055 1070 -0.9447211494083034
1055 3786 -0.08929289021289533
1055 3801 -0.0791451344680767
1055 3816 -0.772396218841227
1055 3831 -0.9897597029330385
1055 3846 0.2599311038296659
1055 3861 -0.39578330001529594
1055 3696 0.41749940965975707
1055 3711 -0.2449256274574474
1055 3726 -0.3677126838311784
1055 3741 -0.21928686334913228
1055 3756 -0.7749676338750651
1055 3771 -0.2659234195636484
1068 1069 0.7554931629120389
1068 3426 -0.35085652762480546
1068 3441 -0.9878577783696112
1068 3456 0.9866863765848799
1068 3471 0.64381416875728
1068 3486 -0.8352300977976217
1068 3501 -0.3257963656881959
1068 3366 -0.10833813469685727
1068 3381 -0.9805504487785881
1068 3396 0.2790837963385775
1068 3411 -0.2509810503897236
1069 1070 0.17413449824504235
1069 3606 0.012885234215329833
1069 3621 0.9816766523387752
1069 3636 0.3605342857676075
1069 3651 -0.5253158594786735
1069 3666 -0.4449364377248348
1069 3681 -0.5275163008136998
1069 3516 0.2523615658694329
1069 3531 0.5434264098106112
1069 3546 0.13333276021483753
1069 3561 0.01061758858932671
1069 3576 0.7714844379609849
1069 3591 -0.1634453944581038
1070 3786 -0.6823223504246569
1070 3801 0.22280295572061593
1070 3816 -0.33019502745657325
1070 3831 -0.37325583263724127
1070 3846 0.18607445123083988
1070 3861 0.5541480707107191
1070 3696 0.6616389771911513
1070 3711 0.7366760509407506
1070 3726 0.47148904521469737
1070 3741 -0.24465810173807645
1070 3756 -0.4963250346426087
1070 3771 -0.9690212213922496
1083 1084 0.19742581599681075
1083 1098 -0.9032697936915033
1083 3426 0.8485039131719376
1083 3441 -0.44092519737149627
1083 3366 0.12673478150040962
1083 3381 -0.030267626819225457
1083 3396 0.28877032818828896
1083 3411 0.2901821273890719
1084 1085 -0.025579849337196592
1084 1099 -0.520640049268134
1084 3606 -0.2209003734472894
1084 3621 -0.02217104462207886
1084 3456 -0.4663383003207915
1084 3471 0.8867733774189919
1084 3486 -0.2712979432271718
1084 3501 -0.8246545853251497
1084 3516 0.16692503638637546
1084 3531 -0.6193904877121112
1084 3546 0.07890263469671854
1084 3561 -0.5992818160416373
1084 3576 0.223574020906679
1084 3591 0.950958530802275
1085 1100 -0.6826825902776443
1085 3786 -0.5048188714195545
1085 3801 0.563981833424354
1085 3636 0.9402117321919903
1085 3651 0.14193063344387968
1085 3666 -0.08794390184583478
1085 3681 -0.765029011664123
1085 3696 0.916294076182532
1085 3711 -0.4919771986159269
1085 3726 -0.5284231825342354
1085 3741 -0.22617682286120266
1085 3756 0.0704464559991742
1085 3771 -0.2065439928326469
1098 1099 0.19509471001619993
1098 3426 -0.298238845150681
1098 3441 -0.7795363904962238
1098 3366 -0.5524535549138965
1098 3381 0.0636971690961885
1098 3396 0.06084174373115392
1098 3411 -0.1794626831848276
1099 1100 0.5842280866908625
1099 3606 0.1475917579795103
1099 3621 0.5128637769568793
1099 3456 0.14786637583976936
1099 3471 -0.4405488859908433
1099 3486 -0.5103280174653282
1099 3501 0.657032512194127
1099 3516 0.7510748796574029
1099 3531 -0.865553923460286
1099 3546 -0.25284648633937046
1099 3561 -0.7408276574015238
1099 3576 0.08538750545575335
1099 3591 0.7609880261569781
1100 3786 -0.6799532596023652
1100 3801 0.43558050436462303
1100 3636 0.206880439592235
1100 3651 0.6208393515444475
1100 3666 -0.4689334211812788
1100 3681 0.3560023658977547
1100 3696 0.39143667213058797
1100 3711 0.05213061140288833
1100 3726 0.251915907517289
1100 3741 0.35210282647292024
1100 3756 0.06312028738776743
1100 3771 -0.8882797628760601
1113 1114 0.7397110604142616
1113 1128 -0.39572096481987806
1113 3426 -0.8665873914858173
1113 3441 0.4302670292848507
1113 3366 0.9448683311322787
1113 3381 -0.7705489326746753
1113 3396 -0.15544297075984237
1113 3411 0.08219380436379553
1114 1115 -0.3925446874210696
1114 1129 -0.07182580142994155
1114 3606 -0.13105748343715207
1114 3621 0.4353476007705117
1114 3456 -0.8178551724670273
1114 3471 0.8977490233988015
1114 3546 0.7633006814961412
1114 3561 -0.6572792664504865
1114 3576 0.8849882447414052
1114 3591 -0.10323490287881287
1115 1130 0.5554659530891923
1115 3786 0.396813699536545
1115 3801 -0.37234438019185223
1115 3636 -0.9209126540254349
1115 3651 0.5371810171771385
1115 3726 -0.09442603101978708
1115 3741 -0.06956587356576671
1115 3756 0.5285614415681872
1115 3771 0.9806622403801017
1128 1129 0.1942292495768152
1128 3426 0.5758022186160534
1128 3441 -0.9379441610743178
1128 3366 -0.12479102639712814
1128 3381 -0.6738755560309049
1128 3396 0.29727126328907083
1128 3411 -0.9360490112009439
1129 1130 0.2210535191782168
1129 3606 0.8355151656361239
1129 3621 -0.8506340371406866
1129 3456 -0.9837696886404126
1129 3471 -0.2400518462356298
1129 3546 -0.7241552122971269
1129 3561 0.7253447536986428
1129 3576 -0.37884522257163655
1129 3591 -0.27985521661883683
1130 3786 0.8098116237748241
1130 3801 0.023234870718548573
1130 3636 -0.29445483123358196
1130 3651 -0.2112418543863861
1130 3726 0.6380271822588923
1130 3741 0.0566561536344492
1130 3756 0.44570432839899676
1130 3771 -0.23462871955089915
3364 3365 0.7045522327862745
3364 3379 0.822335934560757
3365 3366 -0.23912710203883414
3365 3380 -0.6388049529881645
3366 3381 -0.8878249043281781
3379 3380 0.730489186878734
3380 3381 0.4611675169130647
3394 3395 0.9145582982355476
3394 3409 -0.3525537307125992
3395 3396 -0.6766336956163534
3395 3410 0.1467359759948459
3396 3411 -0.20460962348753586
3409 3410 0.3294262024738528
3410 3411 -0.6745361698905523
3424 3425 -0.5808441521188461
3424 3439 0.5957515877891681
3425 3426 -0.06290955885281746
3425 3440 -0.6259266792739433
3426 3441 -0.23270386490630246
3439 3440 0.7266937046677224
3440 3441 0.2235442913627561
3454 3455 0.8038658698350398
3454 3469 -0.2202936230113377
3455 3456 0.2627664379251229
3455 3470 0.9158111645066092
3456 3471 -0.2843385633994646
3469 3470 -0.7483964353845498
3470 3471 -0.12614815683282132
3484 3485 0.7001232243466093
3484 3499 -0.417475686466392
3485 3486 -0.24838124945763496
3485 3500 0.2764446830158316
3486 3501 0.24574263675886154
3499 3500 -0.16370187152129323
3500 3501 0.26770133210507563
3514 3515 -0.010964227387440628
3514 3529 -0.36381890504062797
3515 3516 -0.2102746015064756
3515 3530 -0.4909200658574806
3516 3531 -0.0026928827823582413
3529 3530 -0.8709661218349904
3530 3531 0.45267424455891936
3544 3545 -0.6842848217360453
3544 3559 0.05546060239265582
3545 3546 -0.8794338206769869
3545 3560 0.28939975739854495
3546 3561 0.8660292428842848
3559 3560 0.7873576803826987
3560 3561 0.1545181008676899
3574 3575 0.19524936513061597
3574 3589 -0.9201775502826106
3575 3576 0.717257148300755
3575 3590 0.8100534971182327
3576 3591 -0.6494145891419867
3589 3590 0.12405427697230742
3590 3591 0.20962564975948328
3604 3605 -0.7514058846036096
3604 3619 0.5996234318282256
3605 3606 -0.3176263662515926
3605 3620 0.8225114492982044
3606 3621 0.9446767947475432
3619 3620 -0.2547972462491266
3620 3621 0.8307391572436436
3634 3635 0.6798305075972322
3634 3649 0.21905000365537663
3635 3636 -0.17604222184563034
3635 3650 -0.9505525486059423
3636 3651 -0.300486830612287
3649 3650 0.05371374750422908
3650 3651 0.5563696416645307
3664 3665 -0.48389249946677504
3664 3679 -0.20303330377480777
3665 3666 -0.4552545703274591
3665 3680 0.16379710636649225
3666 3681 -0.6365408847832357
3679 3680 -0.4505631010200335
3680 3681 -0.992296796799429
3694 3695 -0.9388040726729998
3694 3709 -0.8330981739307168
3695 3696 -0.9692264402156314
3695 3710 0.5457215084498757
3696 3711 -0.6188713569914475
3709 3710 -0.2890547329192852
3710 3711 -0.23191944580436918
3724 3725 0.05769225418789459
3724 3739 0.7121816117117341
3725 3726 -0.9446077987230865
3725 3740 0.16436034718134662
3726 3741 -0.15437540692101748
3739 3740 0.48844380197040893
3740 3741 0.4097851006216062
3754 3755 -0.2302914964308198
3754 3769 0.020507327879336623
3755 3756 -0.9360343810448399
3755 3770 0.3018983225130656
3756 3771 0.5958279587530124
3769 3770 0.17362625746266835
3770 3771 0.4870518887777795
3784 3785 0.0556491570048705
3784 3799 -0.5179216599694059
3785 3786 0.8782169802047
3785 3800 -0.0314221477004748
3786 3801 0.5825655510569001
3799 3800 0.5703235918062772
3800 3801 -0.6525570056885539
3814 3815 -0.32898397705323723
3814 3829 -0.8667531144949647
3815 3816 -0.5701357056730323
3815 3830 0.5646235429584723
3816 3831 0.1547760246052139
3829 3830 0.19791641188376974
3830 3831 0.7431307865304151
3844 3845 0.55644861107274
3844 3859 -0.6649612281094592
3845 3846 -0.6757556955023414
3845 3860 -0.03608862649754219
3846 3861 -0.29515536748680615
3859 3860 0.8892474658336011
3860 3861 -0.37581699918442535
3874 3875 -0.06945262746662251
3874 3889 0.5565358515990719
3875 3876 0.8612751583191736
3875 3890 -0.8115857779188218
3876 3891 -0.045255285227648434
3889 3890 -0.005637191375696071
3890 3891 0.059700415096967996
