# 
603 603 -0.7775153211547741
604 604 3.8512850646620427
605 605 -3.9955414487956924
618 618 1.8988068751889653
619 619 3.1555302633500277
620 620 0.506096375069971
633 633 2.459621706123925
634 634 0.22010743436926639
635 635 0.409555510874152
648 648 -1.2357172549222915
649 649 1.2007624665936394
650 650 1.5437529236012297
663 663 1.1956335048942117
664 664 -0.1679552612062034
665 665 -2.7605215488190673
678 678 0.8210981820276713
679 679 -0.7695195882856813
680 680 2.8334578116075404
693 693 3.453296925355388
694 694 0.427713882426473
695 695 -2.838921899980204
708 708 -3.6113305995515477
709 709 -3.8354170001600645
710 710 -3.3244456031912053
723 723 -1.1597769605942458
724 724 -2.7912563950002136
725 725 1.745280878436371
738 738 3.752605841314396
739 739 -2.954497435150243
740 740 -3.6024851553496733
753 753 -2.287242349140673
754 754 -0.7211987037191978
755 755 -2.1814232249772187
768 768 2.5262339907974614
769 769 3.451448186391324
770 770 3.0658111511355024
783 783 2.1021523078184456
784 784 0.33207101667750205
785 785 -0.7537774737298255
798 798 2.8281909801734164
799 799 0.5742226552384118
800 800 1.3259705286060939
813 813 -2.0171706481513043
814 814 -0.4539479654527083
815 815 -2.56863158416171
828 828 0.5752505933324592
829 829 2.1604343471216962
830 830 -0.6391514010950345
843 843 2.625122571280059
844 844 3.082689261054327
845 845 3.2808380149031624
858 858 0.3466483967499947
859 859 -0.2565294411992012
860 860 3.8824630036470085
873 873 0.7253752890281211
874 874 -3.6002778863927514
875 875 1.2818552535730943
888 888 0.8289194227447352
889 889 1.4433883589450467
890 890 -0.07391559216367316
903 903 1.98179323992595
904 904 0.5555264687724559
905 905 -2.486877288052228
918 918 3.5513385899484184
919 919 -1.0076340164137587
920 920 -2.7917655674877677
933 933 -3.223576226877574
934 934 1.6681564616305442
935 935 -0.616764307613507
948 948 3.8596836298739623
949 949 -2.4232536465903634
950 950 3.7038797392638925
963 963 -1.4460723113339018
964 964 -3.8507917567853767
965 965 3.1942799782244933
978 978 3.744370008803685
979 979 0.01504588693986797
980 980 -3.557114800141898
993 993 -0.4252907500607819
994 994 2.271915044781734
995 995 -3.9548322574492847
1008 1008 -1.3446677585160858
1009 1009 2.638239625816838
1010 1010 3.137137299322438
1023 1023 2.112912933225239
1024 1024 -3.4182851716516973
1025 1025 1.7381510285326476
1038 1038 -0.48051352931613156
1039 1039 -3.4013304130056934
1040 1040 -1.8374263347694555
1053 1053 1.9752753974234682
1054 1054 -1.6966444102535547
1055 1055 -2.9995110731232844
1068 1068 -3.9400222389919053
1069 1069 -0.31972899939268284
1070 1070 -3.3697824810165518
1083 1083 1.03148705187217
1084 1084 1.796419004135589
1085 1085 -2.2992293753979345
1098 1098 -3.8525866175720456
1099 1099 -3.3084068622138547
1100 1100 -3.527409645913141
1113 1113 -2.753690629447835
1114 1114 -2.3709570989218554
1115 1115 1.554552968304261
1128 1128 -0.661505336218907
1129 1129 -0.40843296011149643
1130 1130 -1.9402351088354344
3364 3364 -2.491292402748014
3365 3365 -1.0374882923141744
3366 3366 -0.6671144039567363
3379 3379 2.760336217971444
3380 3380 -2.2255988764780597
3381 3381 1.0895653552400386
3394 3394 0.09696831597770394
3395 3395 -0.24109510611865215
3396 3396 -2.174934660898116
3409 3409 3.363695751350555
3410 3410 -1.7129177180006359
3411 3411 -0.44371636031753603
3424 3424 3.6721998905244844
3425 3425 2.8807978108970618
3426 3426 -1.5476175146859363
3439 3439 0.1659701796427786
3440 3440 -2.6119681488802193
3441 3441 -2.3263882153056006
3454 3454 1.2196234956495413
3455 3455 -3.4919446837758716
3456 3456 -1.575378046656092
3469 3469 1.1713185089322478
3470 3470 -1.01319484463553
3471 3471 -3.6400913368544536
3484 3484 0.35724874460497347
3485 3485 -0.2953800896886216
3486 3486 -2.62695078978936
3499 3499 2.132991505549315
3500 3500 -0.9744612134087793
3501 3501 3.7629628359308605
3514 3514 0.8062494072541755
3515 3515 1.7252251003415573
3516 3516 -3.773692513047055
3529 3529 -2.803652156012812
3530 3530 -2.2425121214847783
3531 3531 -3.2750604989779895
3544 3544 0.8311400833158826
3545 3545 -1.5642772916159142
3546 3546 3.127479491672318
3559 3559 0.7919979554329801
3560 3560 -2.8714740038861706
3561 3561 1.8554685596674485
3574 3574 -0.3224572011775866
3575 3575 -3.9426069272382236
3576 3576 -2.2559056164274605
3589 3589 -0.27523321583447036
3590 3590 3.3653350383608744
3591 3591 1.69606458785145
3604 3604 1.4585863831822383
3605 3605 0.5892084269478879
3606 3606 -0.5034007721285221
3619 3619 0.36821296293436756
3620 3620 -3.854101902555377
3621 3621 1.947142395155029
3634 3634 -0.20127897802181227
3635 3635 -3.988898207078739
3636 3636 -1.5521347247789743
3649 3649 1.324554984482325
3650 3650 2.320171366080924
3651 3651 -0.6224332490944935
3664 3664 -0.20706797113505182
3665 3665 -0.8467202595293983
3666 3666 -2.0294524991825496
3679 3679 -0.9588324714831318
3680 3680 0.2751824032890058
3681 3681 1.5966370069598899
3694 3694 -0.7969500482266119
3695 3695 1.6128389828307386
3696 3696 -3.787001206713999
3709 3709 -2.732886297843451
3710 3710 -1.2647038511375195
3711 3711 -3.768238156729793
3724 3724 1.8978168183918553
3725 3725 -0.06804368998964172
3726 3726 -1.1342986943927054
3739 3739 -2.405635566949268
3740 3740 -0.3656189529439171
3741 3741 0.66416035702182
3754 3754 3.571240645422992
3755 3755 -1.998547785213205
3756 3756 3.6696466804730887
3769 3769 1.4715392987613045
3770 3770 -0.02705541175692794
3771 3771 2.8941440628051884
3784 3784 -0.4472313942575381
3785 3785 1.9993498900059077
3786 3786 -3.3519602447519095
3799 3799 -0.23374568109008287
3800 3800 1.7608362132703421
3801 3801 3.3801530164872595
3814 3814 -2.740834331012249
3815 3815 2.909925885791054
3816 3816 2.8797175994416575
3829 3829 0.5957022231165352
3830 3830 -1.0116946562846847
3831 3831 2.7692610758453453
3844 3844 3.576651087738835
3845 3845 -1.2116397576973936
3846 3846 3.3717437473236247
3859 3859 0.9841834652618067
3860 3860 1.3702141815119893
3861 3861 -1.9585003618165464
3874 3874 -2.2806438505779862
3875 3875 3.154072132454581
3876 3876 2.357363423895067
3889 3889 2.2932611492581696
3890 3890 3.9633274909981617
3891 3891 -1.3943678940414248
603 604 -0.9670834509270714
603 618 -0.8879082534687246
603 3484 0.9332478528685668
603 3499 0.5190346364945078
603 3514 -0.7072501933533619
603 3529 0.6498446185394766
604 605 -0.2988624769266819
604 619 0.8842513110419312
604 3664 0.2043528494562199
604 3679 0.27209529814438804
604 3694 0.958451379877957
604 3709 -0.5758513661704308
605 620 -0.7787345567445632
605 3844 0.4975903860393962
605 3859 -0.6954024392658968
605 3874 0.8128347021243281
605 3889 0.719875515847213
618 619 -0.4106927895784578
618 3484 0.39169191487053046
618 3499 -0.11227720682745779
618 3514 -0.3385994245284425
618 3529 -0.3677240614514259
619 620 -0.9430474821182642
619 3664 0.540605123979909
619 3679 -0.7241928379195841
619 3694 -0.9055847377045947
619 3709 0.40189134850363084
620 3844 -0.9321392755151883
620 3859 -0.9170880292295998
620 3874 -0.43640498631953206
620 3889 0.33255482082784527
633 634 -0.5249245674935887
633 648 -0.19161922502827866
633 3424 0.625040422667348
633 3439 -0.40386114584868116
633 3454 0.7518371592575823
633 3469 0.07684692695231066
633 3484 -0.23104636715203575
633 3499 0.228636628460956
633 3514 -0.5536601183886039
633 3529 0.9517612072523978
634 635 0.098816103974384
634 649 0.4609776630850839
634 3604 0.1431865949085307
634 3619 -0.34336914361003146
634 3634 0.0795324637168755
634 3649 0.7617620199466815
634 3664 0.2877999477052182
634 3679 0.6886757783678246
634 3694 -0.4769461916373787
634 3709 -0.6222081765601211
635 650 0.1436167998473903
635 3784 0.2972361168878641
635 3799 0.616654075266458
635 3814 -0.6327785795751981
635 3829 0.3817480013376551
635 3844 0.8528502728901843
635 3859 0.5089814264244619
635 3874 -0.8434692229654348
635 3889 0.09209950158525215
648 649 0.04037309930167954
648 3424 -0.4779256756658612
648 3439 -0.40729958326998883
648 3454 -0.9475375843371612
648 3469 -0.3718206625636813
648 3484 0.8411033881429659
648 3499 0.2895791527800715
648 3514 0.3296006486574672
648 3529 -0.432099618710589
649 650 -0.6465738566039476
649 3604 -0.3883923841185444
649 3619 0.848852267419721
649 3634 -0.7906299422390044
649 3649 -0.4506910992759221
649 3664 -0.06476318468945963
649 3679 0.9256879915789404
649 3694 0.49409239369061675
649 3709 0.2630736256074089
650 3784 -0.13483246765146317
650 3799 -0.39292175681390984
650 3814 -0.9527882783111115
650 3829 -0.47882528467117424
650 3844 0.3870599311332781
650 3859 -0.27626562497674945
650 3874 0.045653818945217806
650 3889 0.9234863751893305
663 664 -0.1504318118835286
663 678 -0.8663471935183105
663 3424 0.03353530449626807
663 3439 0.781583780779306
663 3454 0.7289302739143892
663 3469 0.07994863408345365
663 3484 0.458944807555153
663 3499 0.9593393487147539
664 665 0.7748983393033624
664 679 -0.12873388951530007
664 3604 -0.03482985009610906
664 3619 0.6715014215041457
664 3634 0.3882465842598781
664 3649 0.5658883138257891
664 3664 0.399448201846504
664 3679 0.42546661973130195
664 3514 0.77669528125232
664 3529 -0.3651988324683353
665 680 0.32095504100318784
665 3784 -0.3488254940578046
665 3799 0.4022640468778973
665 3814 0.32393295998713967
665 3829 -0.06516351774345552
665 3844 0.9922892303026623
665 3859 0.30575642661046265
665 3694 0.5095112635394219
665 3709 -0.4873264392213754
678 679 -0.49271773975054756
678 3424 0.3439342760595361
678 3439 0.36891769468069646
678 3454 -0.24865992713863005
678 3469 -0.2424957252720259
678 3484 -0.9027370951480709
678 3499 0.23074027286270038
679 680 -0.0068351103109598466
679 3604 -0.9477783441926211
679 3619 0.26355558297765147
679 3634 0.6570631914007525
679 3649 0.2151475185841738
679 3664 -0.4975596244818521
679 3679 -0.8618717003159377
679 3514 -0.8456230990406128
679 3529 -0.5100820223572813
680 3784 -0.3522558220629721
680 3799 0.36802810551920984
680 3814 0.5617964140381588
680 3829 0.1217472438084597
680 3844 -0.03761384841118831
680 3859 0.022369443482191276
680 3694 -0.8433303023567054
680 3709 0.5264081545400603
693 694 0.9562865279321275
693 708 -0.4801809375331614
693 3424 -0.4491066600374556
693 3439 -0.9674734016626418
693 3454 -0.5503670796438305
693 3469 -0.5758012487753976
693 3484 0.2721529883080398
693 3499 0.494418318490226
693 3364 0.25112718062069694
693 3379 -0.06406370754589275
693 3394 -0.2023403381879585
693 3409 -0.9016814088064777
694 695 0.6123962619949443
694 709 -0.10179057662736146
694 3604 0.9682753787939298
694 3619 -0.3369621181035314
694 3634 -0.5355837293665666
694 3649 -0.5690533727724028
694 3664 -0.7730134359378309
694 3679 0.1586622187535891
694 3514 -0.11399566110618498
694 3529 0.09131939082013751
694 3544 0.9208103033109845
694 3559 -0.31907808990959685
694 3574 0.0498093840164624
694 3589 -0.14335360685862386
695 710 0.051219931476587766
695 3784 -0.9203267934145238
695 3799 0.6981288428085639
695 3814 0.7195927723931552
695 3829 -0.3160156697102856
695 3844 -0.4793289621460568
695 3859 0.18691002705336723
695 3694 -0.6147999545922485
695 3709 0.8073244137204529
695 3724 -0.7301245197430064
695 3739 0.6617999363722495
695 3754 0.26989905077596665
695 3769 0.26946068939852763
708 709 -0.8567025754639652
708 3424 0.002848463872027862
708 3439 -0.0128002020914193
708 3454 -0.773822217742232
708 3469 -0.6254171426001367
708 3484 0.5826405461315589
708 3499 -0.012015737036251029
708 3364 0.18469173637494962
708 3379 0.9502862605704718
708 3394 0.10872298217271781
708 3409 -0.8287680599604674
709 710 0.4987295056024108
709 3604 -0.9003762999098004
709 3619 -0.036177398109230374
709 3634 0.38865464112412496
709 3649 -0.8722514628616487
709 3664 0.7453918668376727
709 3679 0.023247016869944348
709 3514 -0.09948653226204995
709 3529 -0.288027419603222
709 3544 0.11188009806769328
709 3559 -0.34515131866296667
709 3574 0.4446416279208283
709 3589 -0.4362988895335427
710 3784 0.23170350916516802
710 3799 0.3015804488008864
710 3814 -0.30542604022766806
710 3829 0.13901882849373282
710 3844 0.19697260941994665
710 3859 -0.8770357329615053
710 3694 -0.3163764550796315
710 3709 0.46068145488238144
710 3724 -0.7917676562407232
710 3739 0.7536895353076629
710 3754 0.06826748348571021
710 3769 0.6041902384781914
723 724 -0.22782746561768863
723 738 0.6176007735252143
723 3424 0.31363525434081674
723 3439 0.9348398321265918
723 3364 -0.20557172616179353
723 3379 0.7393986973484048
723 3394 0.1862608229071745
723 3409 0.7657580511288853
724 725 0.04468122886626569
724 739 0.8165506675466454
724 3604 -0.1369843657598473
724 3619 -0.7229300074534002
724 3454 -0.6144631297653929
724 3469 0.5177145023484004
724 3484 0.62364082897939
724 3499 -0.09789704425227597
724 3514 0.7135482255789465
724 3529 0.8717134670597262
724 3544 -0.07031399680332373
724 3559 -0.4452811509915122
724 3574 -0.6045771306675267
724 3589 -0.645506078918318
725 740 0.778867649984401
725 3784 -0.7080153056103426
725 3799 0.7344984394796565
725 3634 -0.24057588870978597
725 3649 0.4753824471501058
725 3664 -0.39937628585737595
725 3679 0.3068607748184131
725 3694 -0.7569654699598722
725 3709 0.6061432850990058
725 3724 -0.047744492706147
725 3739 0.49413930597577393
725 3754 0.9238178855528343
725 3769 -0.3534738696347248
738 739 0.7042413882902461
738 3424 0.33345608641269253
738 3439 -0.6067470525578111
738 3364 -0.5006815604865931
738 3379 0.11586987376559477
738 3394 0.8096921491384268
738 3409 -0.5439712507913641
739 740 -0.46099993477865664
739 3604 -0.1987663621375968
739 3619 -0.9239079441132845
739 3454 -0.1439500478712099
739 3469 0.8162036958418555
739 3484 -0.4693133305046757
739 3499 -0.048372874898679585
739 3514 -0.18739800213572555
739 3529 -0.498926642818305
739 3544 0.21463247359283444
739 3559 -0.6022042570340209
739 3574 0.145812342103113
739 3589 0.9654682391469422
740 3784 0.33461812888962394
740 3799 0.2458608814175074
740 3634 0.6089917349400491
740 3649 0.3974565028637702
740 3664 0.3012854728694303
740 3679 -0.7647123217580973
740 3694 0.06228745730432661
740 3709 -0.6933817259662696
740 3724 0.7940954889226208
740 3739 0.4763222110561436
740 3754 0.8451256939188752
740 3769 0.1872322688208452
753 754 -0.21794482874050658
753 768 -0.3675167131613917
753 3424 -0.438686305898331
753 3439 -0.7822850285810807
753 3364 0.535357934373198
753 3379 0.6707282201265579
753 3394 0.7024975116676484
753 3409 0.12558901144768098
754 755 -0.07418462809682969
754 769 0.44806295328400325
754 3604 -0.34420885544823854
754 3619 -0.6600523987262192
754 3454 0.3014949001538214
754 3469 0.17170792144713642
754 3485 -0.37479931952555057
754 3500 0.8578779013902222
754 3515 -0.3288536421745487
754 3530 0.16561991958179267
754 3544 -0.7941451616200639
754 3559 -0.3410951351537095
754 3574 0.34284867391533336
754 3589 -0.3129594139739551
755 770 0.548022184793312
755 3784 -0.9634126273477088
755 3799 -0.20664341789444318
755 3634 -0.13265078916031836
755 3649 -0.27051826576378324
755 3665 -0.4795753528230986
755 3680 -0.8434816982156998
755 3695 -0.8385574540313645
755 3710 -0.947431763337363
755 3724 -0.14283358184853512
755 3739 -0.27125759351198986
755 3754 0.0005725537404006609
755 3769 0.02896470412736396
768 769 -0.9926521444509353
768 3424 0.2702809738910694
768 3439 -0.7912259054424626
768 3364 -0.6375929350067226
768 3379 -0.6760024589958524
768 3394 0.48406100977478994
768 3409 -0.5905258925230452
769 770 0.3100687121757346
769 3604 0.7502706073238936
769 3619 0.3821680145566899
769 3454 0.7386881655887685
769 3469 0.985891306576963
769 3485 0.12495160547951478
769 3500 0.0026153939057129705
769 3515 0.7295249129576127
769 3530 -0.22884514287759483
769 3544 0.33530295881948446
769 3559 0.47811024556010717
769 3574 0.20723872187933545
769 3589 -0.5324240620400418
770 3784 0.32206255526961547
770 3799 0.39789868124062266
770 3634 0.9778617736788748
770 3649 -0.05566540669286213
770 3665 -0.6617501950975848
770 3680 0.1504750313976675
770 3695 0.04219072578456018
770 3710 0.8729236713114275
770 3724 0.2913632889717672
770 3739 0.26039663805480684
770 3754 -0.39607914070557904
770 3769 0.9199079732247673
783 784 -0.4547236440228546
783 798 -0.45264063795765974
783 3424 -0.24744113660594658
783 3439 -0.42058520444552827
783 3454 0.6664866436157955
783 3469 -0.33730177678308837
783 3485 0.4281867368366059
783 3500 -0.24524070941706233
783 3515 -0.34032013206811795
783 3530 0.04429494097010278
783 3544 -0.7895111433554389
783 3559 -0.8325575623731212
783 3394 -0.5265250392552794
783 3409 0.2723850069356366
784 785 -0.8975538517848753
784 799 -0.7250726544083399
784 3604 -0.7161774747291927
784 3619 0.4016295729043211
784 3634 -0.25068248307082186
784 3649 -0.36044507761932665
784 3665 -0.585508644052467
784 3680 0.7649152494869647
784 3695 0.6007957204786545
784 3710 0.1668494755154546
784 3724 0.5971032977955211
784 3739 -0.14664099252683527
784 3574 -0.6153057775617246
784 3589 -0.042458134132259184
785 800 0.8962096009768503
785 3784 0.5876476960463533
785 3799 -0.7364656171304087
785 3814 -0.6418467803604442
785 3829 -0.911441356167511
785 3845 0.1101740246956262
785 3860 0.09978966720197313
785 3875 -0.33205340621676704
785 3890 0.2783190787334018
785 3754 0.8268445889883871
785 3769 0.6349254968764715
798 799 -0.5355973609792664
798 3424 0.656023914515711
798 3439 0.14678119093657394
798 3454 0.7646428546760822
798 3469 0.43219745469056603
798 3485 0.44323224099795855
798 3500 -0.07202545920785575
798 3515 -0.9296262515798352
798 3530 0.2577153791024738
798 3544 0.26413566710140524
798 3559 -0.5706182726636622
798 3394 0.9187350893512087
798 3409 0.17914597617595418
799 800 -0.6085499223141719
799 3604 0.02025902082867037
799 3619 -0.31534291374100176
799 3634 0.5837829504365173
799 3649 -0.9677083215301365
799 3665 -0.30492373342003054
799 3680 0.37765714758129065
799 3695 0.49469571876718366
799 3710 0.9781199909706906
799 3724 -0.5873880646374037
799 3739 -0.06308193031935794
799 3574 -0.07878473606981551
799 3589 0.5056387245653984
800 3784 0.48148544680094396
800 3799 0.06496247552683099
800 3814 -0.6806275259967693
800 3829 0.5403467609014692
800 3845 -0.6279462317127147
800 3860 -0.32645349117322975
800 3875 0.3587800293282528
800 3890 0.9685080159851887
800 3754 -0.3850269571394973
800 3769 0.3167390711832172
813 814 0.7773612380659889
813 828 -0.11750321829508903
813 3425 -0.7183492114668131
813 3440 0.5134547303804118
813 3455 -0.9520544147305596
813 3470 0.7305759744124265
813 3485 0.9564174836651325
813 3500 -0.24814218235368402
813 3515 0.1220521585692913
813 3530 0.843358655529947
813 3544 -0.32675307393232766
813 3559 0.8318934387741947
813 3394 0.0875435865435743
813 3409 -0.48916252808787175
814 815 -0.9938934356544056
814 829 0.6937898673648701
814 3605 -0.5430175938580091
814 3620 -0.36197030168152544
814 3635 -0.6369579752318844
814 3650 0.02771390592872658
814 3665 0.7483691578232992
814 3680 0.949296987692293
814 3695 0.6685513374283063
814 3710 0.970708606369399
814 3724 0.7869109703082178
814 3739 0.9701603455411074
814 3574 0.6762067995908805
814 3589 -0.9637746261317199
815 830 0.6343038107544201
815 3785 0.6325251116429591
815 3800 -0.5659415253176909
815 3815 0.24464702484852352
815 3830 -0.3117554040756949
815 3845 -0.5440017394341852
815 3860 0.5534935435745294
815 3875 0.15381970956920377
815 3890 -0.9053222784044994
815 3754 0.7813679701841594
815 3769 0.13432762297461354
828 829 0.6508989442416016
828 3425 0.6433159758479763
828 3440 0.45039955892633476
828 3455 -0.1635245473244824
828 3470 -0.3073983252169701
828 3485 -0.26627537491499154
828 3500 -0.5137637301840108
828 3515 0.37660051701464137
828 3530 0.5115785747348325
828 3544 -0.43754300820034286
828 3559 0.10190991818913075
828 3394 -0.7872222357031133
828 3409 0.8692374417433844
829 830 0.26884345859046044
829 3605 0.5513995964430789
829 3620 0.8419438959950953
829 3635 -0.42208922986785624
829 3650 0.3468283031928121
829 3665 0.42467934933206997
829 3680 -0.9454827586435568
829 3695 0.0859986764161853
829 3710 -0.7987672748303074
829 3724 0.7358845073059015
829 3739 -0.8168679871909754
829 3574 0.11951130872804261
829 3589 -0.5088611761685498
830 3785 -0.8084468622503589
830 3800 0.25714400473518273
830 3815 -0.756386328827384
830 3830 0.06770081557715102
830 3845 0.42585566651348716
830 3860 0.3764430735708315
830 3875 -0.19149233449274217
830 3890 0.6388751682270939
830 3754 0.46336625814579313
830 3769 0.4764201333663536
843 844 -0.37560032544526223
843 858 0.9540757531879629
843 3425 -0.266829731640293
843 3440 0.9921179156051472
843 3455 -0.9638980438068676
843 3470 0.742641529411763
843 3485 -0.11204680163142511
843 3500 -0.6105639478801232
843 3364 0.2695457847056626
843 3379 0.8559253284742008
843 3394 -0.44517577790757623
843 3409 -0.13502859355231545
844 845 0.39943531751045236
844 859 -0.8926561716350991
844 3605 -0.9476420572288753
844 3620 0.3400122612297478
844 3635 0.4668865828918696
844 3650 0.7040132261026868
844 3665 -0.9770706118026808
844 3680 -0.9939152775489164
844 3515 -0.8491898967636808
844 3530 0.21347683725927302
844 3544 0.5578969159209268
844 3559 0.652112076007406
844 3574 0.18154812066739678
844 3589 0.3817058726559639
845 860 -0.735993326621643
845 3785 -0.9201935579323746
845 3800 0.4049111198262383
845 3815 -0.22571473743499681
845 3830 0.645854043438336
845 3845 -0.2878103864287882
845 3860 -0.19616333071606995
845 3695 -0.18757249954228095
845 3710 0.8533797260475171
845 3724 0.01424482363190771
845 3739 -0.47294412683860165
845 3754 -0.049844223533508814
845 3769 0.6101826808891242
858 859 0.5283087052904558
858 3425 0.7144851634418374
858 3440 -0.6008152432432605
858 3455 0.43452280592068404
858 3470 0.38716724759792753
858 3485 0.32099188480184204
858 3500 0.7299280562714192
858 3364 0.8625926492949432
858 3379 0.6542134989940998
858 3394 -0.21132256850560305
858 3409 0.7773433599236192
859 860 -0.32991299320128875
859 3605 -0.4405114725987731
859 3620 0.6294983748093705
859 3635 0.6313811600882531
859 3650 -0.5476742028804935
859 3665 -0.6778160949183687
859 3680 0.36872636223074107
859 3515 0.6635784166954122
859 3530 0.11278004063618319
859 3544 -0.7108565273728329
859 3559 0.15338094197699803
859 3574 0.8815625621299485
859 3589 0.7381359880644633
860 3785 0.8141824414707224
860 3800 0.29724273103582854
860 3815 0.6691596444727248
860 3830 0.6729072252944706
860 3845 0.4947804393721864
860 3860 -0.27194263388177875
860 3695 -0.565152250720476
860 3710 -0.7503257314979344
860 3724 -0.7293573633841024
860 3739 -0.017759872961041978
860 3754 0.6278419945298797
860 3769 0.8239912477470388
873 874 -0.8819571180008283
873 888 -0.989461761874296
873 3425 0.5953820913824226
873 3440 -0.637574490371906
873 3455 0.34061292714106406
873 3470 -0.3525302007048603
873 3485 0.07404247151586985
873 3500 -0.9872420279025709
873 3365 -0.6144090262324764
873 3380 -0.3614705210264433
873 3395 0.09150882886629708
873 3410 -0.6887957533843796
874 875 0.6954037484766664
874 889 0.4575896742111407
874 3605 0.5537185853554982
874 3620 -0.6683296426217533
874 3635 0.6367319282855888
874 3650 -0.9104955259493928
874 3665 0.9912848892676416
874 3680 0.11771184164594661
874 3515 -0.6763938539003422
874 3530 -0.6855096380067685
874 3545 -0.7041843381531845
874 3560 0.8646783991569098
874 3575 0.8234796711623176
874 3590 0.3796134954694905
875 890 -0.031876427497723236
875 3785 -0.516341789250742
875 3800 -0.9944406577526592
875 3815 -0.4303586675153708
875 3830 -0.9719024673657484
875 3845 -0.5794087195262412
875 3860 0.8909990174388149
875 3695 0.9756141121043824
875 3710 0.5926500662982104
875 3725 0.8301887413375959
875 3740 0.7111997225525111
875 3755 -0.5162454293291208
875 3770 0.43860081206820545
888 889 -0.5321384551818147
888 3425 -0.08765176596661939
888 3440 -0.3354613623954885
888 3455 0.8799001774654995
888 3470 0.564706433476704
888 3485 -0.3290605863677196
888 3500 -0.12519805883576307
888 3365 0.3377725408553942
888 3380 -0.7317552080939917
888 3395 -0.3519235951987043
888 3410 -0.06481163943655965
889 890 -0.08764843783871634
889 3605 0.6636328572155596
889 3620 0.07820488148853566
889 3635 0.6417707862020225
889 3650 -0.38940433074407577
889 3665 -0.33697891929829615
889 3680 -0.999620814818108
889 3515 -0.33266643077102653
889 3530 0.33295951121998857
889 3545 0.6973640489966939
889 3560 -0.6534138861621972
889 3575 0.042329862661199646
889 3590 0.34545993285472654
890 3785 0.16167349586678292
890 3800 -0.7010499782488722
890 3815 0.08688126531058926
890 3830 -0.6622216906839129
890 3845 -0.46219944265204993
890 3860 0.41252855063585137
890 3695 -0.5219028577372933
890 3710 -0.5328057452969097
890 3725 -0.6918069422925242
890 3740 -0.7553099429599501
890 3755 -0.5343321681859472
890 3770 -0.8759427697558724
903 904 0.4550164128646019
903 918 0.47400328311406725
903 3425 -0.9069462872875473
903 3440 -0.9297530834638974
903 3365 0.6350163434886782
903 3380 0.35762029497749714
903 3395 -0.645940458847178
903 3410 0.9450178202627946
904 905 -0.7921905963684026
904 919 0.06845067688478501
904 3605 -0.6121708757450126
904 3620 0.6853783321714826
904 3455 0.058647571141227095
904 3470 0.7996478882395981
904 3485 -0.9113575935338396
904 3500 0.9382159997610489
904 3515 0.409753576296509
904 3530 0.5879247846614135
904 3545 -0.8387897815168508
904 3560 -0.6838770320635739
904 3575 -0.33533990753835763
904 3590 0.6372497742172136
905 920 -0.15618192923719287
905 3785 -0.1183748815240262
905 3800 0.2794606531065271
905 3635 -0.6012898253715586
905 3650 -0.7023441725490733
905 3665 -0.046485385335180984
905 3680 0.46500487939370183
905 3695 -0.22073146393798249
905 3710 -0.6410316511448038
905 3725 0.2305088088892453
905 3740 0.5282778599835773
905 3755 0.30859573202632706
905 3770 0.731936736306602
918 919 -0.8365579104635954
918 3425 -0.4456403871402792
918 3440 0.7366013474400586
918 3365 -0.8992364520764258
918 3380 0.9554486205958921
918 3395 0.8849038595943435
918 3410 -0.6975828716114476
919 920 -0.7937699718131044
919 3605 0.42760592194419367
919 3620 -0.6069510249516503
919 3455 0.046846997401048585
919 3470 0.9569230042163765
919 3485 0.225479614675558
919 3500 0.2187398271520058
919 3515 0.3834456884495636
919 3530 0.2749826570522578
919 3545 -0.06468699655605303
919 3560 -0.1494485146929443
919 3575 0.09515321270986665
919 3590 -0.8688273986604675
920 3785 -0.7950240904219603
920 3800 -0.3735487291984214
920 3635 0.35648982251725947
920 3650 -0.49237755850742415
920 3665 0.2599972536613486
920 3680 -0.014645671361511292
920 3695 -0.8946231744380075
920 3710 0.8873954479573698
920 3725 -0.055269201167591264
920 3740 0.6465770415537093
920 3755 0.4942928489437941
920 3770 0.008735360150625926
933 934 -0.38199542858667557
933 948 -0.8617091853302516
933 3425 -0.3799821253909288
933 3440 -0.41929443908252484
933 3365 0.6920229953336736
933 3380 -0.4964767262037788
933 3395 0.9711684300238308
933 3410 0.050161907154315566
934 935 -0.7138658734330381
934 949 -0.735540520686029
934 3605 0.9575075766905079
934 3620 -0.3218345880314084
934 3455 -0.5647077604227624
934 3470 0.32968347835645173
934 3486 -0.2213729990965363
934 3501 -0.4546411444964449
934 3516 0.3137318644699132
934 3531 -0.33618090060640227
934 3545 0.6333185263821512
934 3560 -0.7692810373284558
934 3575 0.7264658587487827
934 3590 -0.26744254909924403
935 950 0.5069836673331032
935 3785 -0.7397035892583359
935 3800 0.9696267914998622
935 3635 -0.9787929112035358
935 3650 0.5894782033001478
935 3666 0.0410329186545455
935 3681 -0.20916456320099597
935 3696 0.12001944378962426
935 3711 -0.06724068064940325
935 3725 -0.15128599320576086
935 3740 -0.8070467089117568
935 3755 0.11566534543487128
935 3770 -0.329700742502925
948 949 -0.07204094880917045
948 3425 -0.3985215752396505
948 3440 -0.6019320191683968
948 3365 -0.005369472526698393
948 3380 0.5191386722729281
948 3395 -0.288830664000443
948 3410 -0.2581869862536801
949 950 0.026921618722317353
949 3605 0.0072626005361562385
949 3620 0.2267085308543959
949 3455 0.9745790689396527
949 3470 -0.37967594365545265
949 3486 0.3589699220342679
949 3501 -0.10022724859031062
949 3516 0.7062117977732361
949 3531 -0.2931395260678098
949 3545 -0.6911157902216736
949 3560 0.2360569497960836
949 3575 0.014716257687549028
949 3590 0.5675615933648521
950 3785 0.26205370151411933
950 3800 0.04633444290392208
950 3635 -0.6731389981878417
950 3650 -0.9677201595708171
950 3666 0.8026539863613955
950 3681 0.4587630801582525
950 3696 0.6963345631259454
950 3711 0.9003739547252416
950 3725 -0.7551935486482548
950 3740 0.8644331125627565
950 3755 0.3028590727001146
950 3770 -0.6455664894031568
963 964 0.24420571942451552
963 978 0.7065365319450654
963 3425 0.3060487829304923
963 3440 -0.24789593555813738
963 3455 0.5637720442803749
963 3470 -0.2042700289808035
963 3486 0.8499263190307607
963 3501 -0.5111352670902629
963 3516 0.33586629193565987
963 3531 -0.5012081453402792
963 3545 0.07731620987826782
963 3560 0.4270730962855853
963 3395 0.5341022689718855
963 3410 -0.598408035530682
964 965 -0.3486143816326641
964 979 -0.5985296239680902
964 3605 0.25723788083848387
964 3620 -0.9285787957099436
964 3635 0.047106646178624256
964 3650 0.8069950818360567
964 3666 0.6893756373640916
964 3681 0.4122629238891651
964 3696 -0.16714243948588803
964 3711 -0.9378780723499158
964 3725 -0.5256869727983731
964 3740 -0.8201001535380406
964 3575 -0.7677752156351374
964 3590 0.0354894913202517
965 980 -0.155847533538523
965 3785 0.1747812158679416
965 3800 0.03723132648061278
965 3815 0.30916711493934446
965 3830 0.3615974150596928
965 3846 -0.2630216310856881
965 3861 -0.576939256795336
965 3876 0.48240356934039497
965 3891 0.9317106603650078
965 3755 0.5563308252180801
965 3770 0.7640856591755161
978 979 -0.3988104515841664
978 3425 0.6463917291472325
978 3440 -0.22397693969442356
978 3455 0.40585582932243747
978 3470 -0.5856781029663229
978 3486 0.9426574247078165
978 3501 -0.398007020335039
978 3516 -0.3621152616225023
978 3531 -0.06738144080485453
978 3545 -0.01571703517208145
978 3560 -0.5324088792547979
978 3395 -0.01888724424564736
978 3410 -0.12254221883298011
979 980 0.3916801791162887
979 3605 -0.8975067460012334
979 3620 0.2922870265410602
979 3635 0.4052827134233228
979 3650 -0.05393290473965906
979 3666 -0.8815751951531672
979 3681 0.8999232802822927
979 3696 -0.35388719874707397
979 3711 -0.23334833120604825
979 3725 0.2888576075730649
979 3740 -0.15879422640364882
979 3575 -0.7851469525158981
979 3590 0.840281476561906
980 3785 0.9291999322857212
980 3800 -0.8295445849111369
980 3815 0.9790340024617716
980 3830 0.2873759176427091
980 3846 -0.4454484475124485
980 3861 0.751564531470855
980 3876 0.6611713205898408
980 3891 -0.9502816102689322
980 3755 0.4969824252290469
980 3770 -0.7859334580838486
993 994 0.47508916795528533
993 1008 0.003574396949108438
993 3426 -0.513818568905446
993 3441 0.8337645345838822
993 3456 0.47733588584209063
993 3471 -0.70276889652848
993 3486 -0.31527768577251947
993 3501 -0.3014518790220557
993 3516 -0.18917858819926114
993 3531 0.6513840145460268
993 3545 -0.40395765786014315
993 3560 0.6324815458487778
993 3395 -0.5931709206698372
993 3410 0.593872463084302
994 995 -0.9495447694758867
994 1009 0.8995221943918561
994 3606 -0.6716354629940018
994 3621 -0.2948315344053978
994 3636 0.5081202817407109
994 3651 -0.8800535541302901
994 3666 0.9765930541253331
994 3681 -0.807270647472538
994 3696 -0.19483493119521023
994 3711 0.897825901548668
994 3725 0.19580243901973304
994 3740 0.6806363080239226
994 3575 -0.48866022315044577
994 3590 0.7770130335545335
995 1010 0.025261109178076113
995 3786 0.952260717862075
995 3801 0.3507250602561234
995 3816 0.8266648999553465
995 3831 0.40488105465189594
995 3846 0.2189972535950493
995 3861 -0.4787398371514755
995 3876 0.8882508287649298
995 3891 -0.16430436433237694
995 3755 -0.870430236862455
995 3770 0.8872481996756969
1008 1009 0.6945608838045878
1008 3426 0.7295234228629912
1008 3441 -0.492541205801297
1008 3456 0.07897952321387924
1008 3471 -0.554776948775759
1008 3486 0.3833923310003369
1008 3501 -0.025855032740750516
1008 3516 0.547071212707716
1008 3531 -0.6679174410499715
1008 3545 -0.1762137069548848
1008 3560 -0.19473874635838206
1008 3395 -0.2374739897724476
1008 3410 0.6408694230719336
1009 1010 -0.5899164670390489
1009 3606 0.8176123372082278
1009 3621 -0.4987739769629378
1009 3636 -0.5155498452532907
1009 3651 -0.8798894550274976
1009 3666 0.7671374596483875
1009 3681 -0.8522208781223177
1009 3696 -0.3480681633283491
1009 3711 -0.6643206724358013
1009 3725 -0.32687713966585386
1009 3740 -0.7383425505687258
1009 3575 -0.5186272956117033
1009 3590 0.0066490221218749035
1010 3786 0.43323052391732864
1010 3801 0.756540810570693
1010 3816 -0.36315348372011
1010 3831 0.6061552901870013
1010 3846 0.9602646947487123
1010 3861 0.9634923319079776
1010 3876 0.47157000461714227
1010 3891 0.9453066588552133
1010 3755 -0.5727318784849935
1010 3770 0.9442131478843534
1023 1024 0.036404406466191475
1023 1038 0.07959384498061683
1023 3426 -0.977641668837703
1023 3441 -0.6951376814921999
1023 3456 0.7431949098809449
1023 3471 -0.2539249533894934
1023 3486 -0.6360600711093627
1023 3501 -0.8895921602675794
1023 3365 -0.8874774703452086
1023 3380 0.6007650819963879
1023 3395 -0.43899879427096833
1023 3410 -0.9206251127981389
1024 1025 0.10075238134754705
1024 1039 0.8419310976993353
1024 3606 -0.21030013409022774
1024 3621 0.28920056160366614
1024 3636 0.6836261745656858
1024 3651 -0.2846816588838421
1024 3666 -0.5025814058086264
1024 3681 -0.9813710768579225
1024 3516 -0.36881809425335055
1024 3531 -0.5287244973797023
1024 3545 -0.14945589965275485
1024 3560 0.4242628671032298
1024 3575 0.5005387764603537
1024 3590 -0.5066651906895263
1025 1040 -0.43636711736904354
1025 3786 -0.12256740161815993
1025 3801 -0.4063683629323349
1025 3816 -0.396062375219173
1025 3831 -0.23962109909693585
1025 3846 0.39212233408163666
1025 3861 0.6650519312802567
1025 3696 0.6583791193591939
1025 3711 -0.43323490634733686
1025 3725 -0.18054662462639537
1025 3740 0.9964337321847441
1025 3755 0.7002251679613383
1025 3770 -0.4620308040983989
1038 1039 -0.87407249494918
1038 3426 0.47048943387088804
1038 3441 0.31620869121127804
1038 3456 0.486124131470435
1038 3471 0.5771835298516379
1038 3486 -0.6511105459246476
1038 3501 0.7266338506307801
1038 3365 0.8554885322664914
1038 3380 -0.7750798671262429
1038 3395 -0.9833693247187192
1038 3410 0.1947026059239798
1039 1040 -0.39341182932393615
1039 3606 0.0967805036102325
1039 3621 -0.3481422581177185
1039 3636 -0.1506758336279177
1039 3651 0.9767299149093989
1039 3666 -0.089602037533278
1039 3681 0.4603693406052385
1039 3516 -0.1068403626939276
1039 3531 -0.35622651687802875
1039 3545 -0.9211978994287873
1039 3560 -0.4357533860552252
1039 3575 0.09253343462746288
1039 3590 0.39502845931416175
1040 3786 -0.6479622159109122
1040 3801 0.21735903305512227
1040 3816 0.41572055056575263
1040 3831 0.9167756987704758
1040 3846 0.9511820148862227
1040 3861 0.7686548312122161
1040 3696 0.3428221825323938
1040 3711 0.49223407069966885
1040 3725 -0.677299271518983
1040 3740 -0.5384510223762504
1040 3755 0.049897004557803326
1040 3770 -0.6018467374212375
1053 1054 0.13399676134401362
1053 1068 0.7714200136196796
1053 3426 0.5990813439912495
1053 3441 0.48767121852057826
1053 3456 0.3432413542395374
1053 3471 -0.9600472227741668
1053 3486 -0.9098381268487559
1053 3501 0.38523630939832776
1053 3366 -0.3151380748426056
1053 3381 -0.38724432012693466
1053 3396 -0.38336265186814833
1053 3411 -0.14226821581026727
1054 1055 0.26765840504735117
1054 1069 0.16423583148284138
1054 3606 -0.33066738725989464
1054 3621 -0.6349181261484453
1054 3636 0.554604969238468
1054 3651 0.8112921323740745
1054 3666 -0.06534155623147342
1054 3681 0.722220160223481
1054 3516 -0.4250466823429435
1054 3531 -0.9832673411011528
1054 3546 0.812370382236679
1054 3561 0.8773330181892194
1054 3576 -0.3313408668484372
1054 3591 0.5789010164161614
1055 1070 0.2830748481620675
1055 3786 -0.8319810567363766
1055 3801 0.7156765127903948
1055 3816 -0.7953751994783438
1055 3831 0.2448682291581492
1055 3846 -0.009687492064079928
1055 3861 -0.725508294904573
1055 3696 0.32064265337550046
1055 3711 0.12164026064006594
1055 3726 0.3636686319231206
1055 3741 0.7125252522057783
1055 3756 -0.5125362067405896
1055 3771 0.9937335031936554
1068 1069 -0.21651305901551088
1068 3426 -0.7114709558959482
1068 3441 -0.5258539089290917
1068 3456 0.48205142295647074
1068 3471 0.2057085254784614
1068 3486 -0.676008532571736
1068 3501 -0.8712404626193253
1068 3366 0.05613071085986343
1068 3381 -0.4370336787120235
1068 3396 0.8309669308781453
1068 3411 0.07000486505575743
1069 1070 -0.898033507259903
1069 3606 -0.45682031957461877
1069 3621 -0.40762001114971325
1069 3636 -0.4927324423070807
1069 3651 0.8360503444275265
1069 3666 -0.7130434658369058
1069 3681 0.14847401013101869
1069 3516 0.636969510250672
1069 3531 0.49587559875665943
1069 3546 0.6152787322993118
1069 3561 -0.4259754708221051
1069 3576 0.4089458044773562
1069 3591 -0.7341856003743357
1070 3786 -0.07141740952741915
1070 3801 0.4686501750903256
1070 3816 0.7065571732170708
1070 3831 0.20730774396138596
1070 3846 0.9167494922001094
1070 3861 -0.38275951183464074
1070 3696 -0.4317527474528726
1070 3711 0.9085474164031322
1070 3726 -0.8705656181180979
1070 3741 0.6295528681639251
1070 3756 0.43490346630638776
1070 3771 0.5337377789060305
1083 1084 0.3820645434847456
1083 1098 0.37118289542889116
1083 3426 0.1153266534304398
1083 3441 0.18817542619805705
1083 3366 -0.8864862167887919
1083 3381 0.2972521761957141
1083 3396 -0.6087489968111996
1083 3411 -0.2891964656517565
1084 1085 -0.9989971085313523
1084 1099 -0.45181827104016326
1084 3606 -0.24110345964289004
1084 3621 0.9751518073483001
1084 3456 -0.8338250897746013
1084 3471 -0.2931397511446039
1084 3486 -0.7623940955001676
1084 3501 -0.6477505925295499
1084 3516 -0.42748962603755314
1084 3531 0.503901176518099
1084 3546 0.7478351354961759
1084 3561 -0.24717248476195874
1084 3576 -0.3239681554148657
1084 3591 -0.10384278572135419
1085 1100 0.3840689159644668
1085 3786 0.9787324607989747
1085 3801 -0.1763962333406739
1085 3636 0.398113646715758
1085 3651 0.23940344714506256
1085 3666 0.6747593199560118
1085 3681 -0.5337912534579787
1085 3696 -0.28012912760998154
1085 3711 -0.7590653346075735
1085 3726 -0.4973106769663964
1085 3741 0.29008270438110095
1085 3756 0.27725647158184663
1085 3771 0.05851950334191636
1098 1099 0.6879826093905526
1098 3426 -0.31999818414173875
1098 3441 -0.283240835219428
1098 3366 -0.2614343502295229
1098 3381 -0.5071443090582908
1098 3396 -0.41755296457875324
1098 3411 0.6480315166953985
1099 1100 -0.7132194762857884
1099 3606 -0.6327220930648074
1099 3621 0.21097294806627276
1099 3456 0.6957413355643198
1099 3471 -0.4810451852037636
1099 3486 0.26116443713069626
1099 3501 0.12265913982730559
1099 3516 0.41667759317479147
1099 3531 -0.7239926799937271
1099 3546 0.9259694569367523
1099 3561 -0.9644420592412115
1099 3576 -0.004477837754260694
1099 3591 -0.3450494620158253
1100 3786 -0.6669891155406711
1100 3801 0.36621292690229
1100 3636 -0.9473484580640481
1100 3651 -0.8510534129323291
1100 3666 -0.40607028444959603
1100 3681 -0.6925659950463565
1100 3696 0.7409473486722182
1100 3711 -0.17142096113271998
1100 3726 0.4534532403208096
1100 3741 -0.4982216192489972
1100 3756 0.3865315192342056
1100 3771 -0.8442263330511734
1113 1114 -0.7504051056455665
1113 1128 -0.1982784132830946
1113 3426 -0.8761527321503466
1113 3441 0.4038536505888273
1113 3366 0.09566973311369065
1113 3381 -0.8921925540909812
1113 3396 0.16990827631031702
1113 3411 -0.9864580051230356
1114 1115 -0.29763984920825215
1114 1129 -0.7552306195801386
1114 3606 -0.23836351741712347
1114 3621 -0.5089427783816274
1114 3456 -0.2036209953217123
1114 3471 -0.9961830230663791
1114 3546 -0.33186466925332225
1114 3561 0.4499709887297505
1114 3576 -0.8973487585348183
1114 3591 0.4034665187674913
1115 1130 0.16867573403144465
1115 3786 0.02547432211997558
1115 3801 -0.8240945086801192
1115 3636 -0.5707641880280785
1115 3651 -0.9598009549468265
1115 3726 0.4657769101316098
1115 3741 0.8722570530119236
1115 3756 -0.3823665356439825
1115 3771 0.464592457103985
1128 1129 -0.4174402298124067
1128 3426 0.37503573057984685
1128 3441 0.362200757641423
1128 3366 0.2591621825236734
1128 3381 -0.44871036621407234
1128 3396 -0.42358642521692214
1128 3411 -0.9849784083586226
1129 1130 -0.34357117875198506
1129 3606 0.2464131427558145
1129 3621 0.6366122491603985
1129 3456 -0.5304156409142635
1129 3471 -0.6340954458845252
1129 3546 -0.8559907137950113
1129 3561 0.2086589989539862
1129 3576 -0.084105802572785
1129 3591 0.20997185293664056
1130 3786 0.6587184927169518
1130 3801 0.05562105874351064
1130 3636 -0.6088508951184199
1130 3651 0.2828751126759632
1130 3726 -0.8159473499137206
1130 3741 -0.11054740403902774
1130 3756 -0.988193011364557
1130 3771 -0.3667350122775648
3364 3365 0.45794774559936324
3364 3379 0.2252441014540949
3365 3366 -0.7667355565790994
3365 3380 -0.2531859715581186
3366 3381 0.9731920606830766
3379 3380 0.25283936342843427
3380 3381 -0.2350808615770652
3394 3395 -0.5399757737995792
3394 3409 -0.9637224474640087
3395 3396 0.31243404639090055
3395 3410 -0.7207897270099748
3396 3411 -0.4818351057005019
3409 3410 -0.9682386637189966
3410 3411 -0.7138355490507888
3424 3425 0.4592875703099102
3424 3439 0.49386560436780935
3425 3426 -0.2658864138011834
3425 3440 0.17486811803518676
3426 3441 -0.7131814981030944
3439 3440 0.4685289605565923
3440 3441 0.20892350618081457
3454 3455 0.046928141399878776
3454 3469 -0.11016395464618456
3455 3456 -0.018648028606203182
3455 3470 -0.12422880471218334
3456 3471 -0.9335458767041507
3469 3470 -0.07951535292567047
3470 3471 0.2381268962193117
3484 3485 0.3813683479992087
3484 3499 0.9413644335485274
3485 3486 -0.6610119986206902
3485 3500 -0.03830909000470073
3486 3501 -0.05484051097848375
3499 3500 0.7561855560983934
3500 3501 0.7432721820341135
3514 3515 -0.8258854882120945
3514 3529 0.5251347679519032
3515 3516 -0.8556095689221868
3515 3530 0.7497928565172396
3516 3531 -0.28282980158348203
3529 3530 0.36261878156550686
3530 3531 0.25971111368817557
3544 3545 -0.6361907299014784
3544 3559 0.14921925060852415
3545 3546 -0.027929162451349798
3545 3560 0.9792970986049843
3546 3561 0.5624254353709539
3559 3560 0.18465327307517465
3560 3561 -0.21785160443151863
3574 3575 -0.3232637204056832
3574 3589 -0.3699199447028174
3575 3576 -0.6013935111661226
3575 3590 -0.22932435372344528
3576 3591 0.1515205360488907
3589 3590 0.5555305259299566
3590 3591 0.12572825152000444
3604 3605 -0.35852184658840436
3604 3619 -0.3483628598004991
3605 3606 -0.4938754126620444
3605 3620 -0.9259475902494343
3606 3621 -0.037649852018706076
3619 3620 -0.4005179660212854
3620 3621 -0.9287960966291542
3634 3635 0.12454183726396795
3634 3649 0.013850017202397868
3635 3636 -0.07739733925606918
3635 3650 -0.10283493430384372
3636 3651 0.09746344420514941
3649 3650 0.7023850143932204
3650 3651 -0.7816323934871903
3664 3665 -0.37809825158278176
3664 3679 -0.7167278789736737
3665 3666 -0.030400565407725955
3665 3680 0.6259108397624946
3666 3681 0.8634865781924685
3679 3680 0.3771384429301283
3680 3681 -0.20246636316288447
3694 3695 -0.24565782921515056
3694 3709 0.25984812029968385
3695 3696 0.08173397520857706
3695 3710 0.161312116555838
3696 3711 -0.5646803998902481
3709 3710 0.689176289604289
3710 3711 -0.648466420614179
3724 3725 -0.39443605113953484
3724 3739 0.24417841741091384
3725 3726 -0.49752383924973587
3725 3740 -0.7287584131680389
3726 3741 0.39813539005305354
3739 3740 0.43407739281561675
3740 3741 0.05610626084504555
3754 3755 -0.18877390572442954
3754 3769 0.950817675194048
3755 3756 -0.6832282857761391
3755 3770 -0.07793732585988344
3756 3771 -0.4147985324217207
3769 3770 0.89502572279171
3770 3771 0.16880376251170492
3784 3785 0.9745417673963037
3784 3799 -0.1049311566466622
3785 3786 -0.9896541392077864
3785 3800 -0.17695260967351012
3786 3801 -0.35367987115223465
3799 3800 -0.38399167198295814
3800 3801 -0.7468054449603221
3814 3815 0.5124837680261833
3814 3829 -0.004265985253650406
3815 3816 -0.1587382503072321
3815 3830 0.6344978182711902
3816 3831 -0.5034675573130498
3829 3830 0.701816458683417
3830 3831 0.3891059342032217
3844 3845 -0.4122631867859108
3844 3859 -0.4200787779288584
3845 3846 -0.4044357872861539
3845 3860 0.32696029826579287
3846 3861 -0.905911870006217
3859 3860 0.10868905004756946
3860 3861 0.8684943397363745
3874 3875 0.5479184551883929
3874 3889 0.014110945464797853
3875 3876 0.7067652184649662
3875 3890 -0.17728103842339715
3876 3891 -0.17652642830983534
3889 3890 0.1154424681283881
3890 3891 -0.1137161829759874
