# 
603 603 -0.8574639705129443
604 604 1.475655206726762
605 605 0.5479249358425714
618 618 0.5029719366642713
619 619 -0.7886253529068787
620 620 1.124655777106279
633 633 -1.2579167624930512
634 634 0.15102242622110984
635 635 -0.6565876355465992
648 648 -0.5971946289653588
649 649 0.13629084121884377
650 650 -0.3689665256659853
663 663 -0.8505837948563374
664 664 1.1159440822643119
665 665 -0.4509012829288161
678 678 -0.9306429942106719
679 679 -0.3684722902535922
680 680 -1.1413039564782856
693 693 1.6230613029981449
694 694 -0.14043677046891465
695 695 0.48331878386960647
708 708 0.44114600532377096
709 709 -0.21620343337201164
710 710 -0.7318520420734516
723 723 0.5367854874031439
724 724 1.5970728485436265
725 725 1.855082958256969
738 738 0.19405609540466043
739 739 -0.7786454966864473
740 740 -1.154111326218755
753 753 -0.06822572162693227
754 754 1.411287556419851
755 755 0.52282624648717
768 768 0.7811826121726236
769 769 0.5855524306550015
770 770 -1.4188379708405197
783 783 -0.3719853494133367
784 784 2.7740119300017496
785 785 0.47042748309328314
798 798 -0.18775776748414374
799 799 -1.01346805825286
800 800 0.5095000143066818
813 813 1.6386854593664393
814 814 -0.7757721400934782
815 815 -0.33177240647742207
828 828 1.084763185247892
829 829 -0.24398763760861647
830 830 0.9357756219285029
843 843 -0.6112452308242202
844 844 1.0774341317282914
845 845 0.21251558851372987
858 858 -0.7813966487767056
859 859 1.7102393742518005
860 860 -0.7181935748079504
873 873 0.3742590152955677
874 874 0.3487841924767809
875 875 0.52809871302033
888 888 -0.2614088664077183
889 889 -1.533643844754425
890 890 -0.25683223446738707
903 903 -0.8210186422656858
904 904 1.8237151017751785
905 905 0.18179772521877005
918 918 1.7946446327259316
919 919 0.32602536213112604
920 920 1.7803229376888074
933 933 -0.011976822006577011
934 934 0.1735179369771677
935 935 0.6013158927750418
948 948 0.6348197627603169
949 949 0.008843216776017631
950 950 1.30466924230391
963 963 -2.063442027263883
964 964 0.8298176447394089
965 965 0.6025778188411075
978 978 -0.8808298075230833
979 979 -0.7072696629311448
980 980 -2.086691001125626
993 993 1.132137438488019
994 994 -0.22005803092672135
995 995 -1.0494173542194187
1008 1008 0.6766489403360646
1009 1009 1.5575688030046713
1010 1010 -1.5084512088071422
1023 1023 -0.39189369201279556
1024 1024 -1.1947103366667253
1025 1025 0.3171437648257545
1038 1038 0.6907457125837031
1039 1039 -1.226484215358765
1040 1040 0.9777911404591828
1053 1053 0.7236687110696866
1054 1054 0.30616363508128325
1055 1055 0.2555029491526579
1068 1068 -0.7304974353725797
1069 1069 0.13724512588111526
1070 1070 0.6621971515337041
1083 1083 0.787423160866574
1084 1084 0.8425038624972133
1085 1085 0.6746658150724901
1098 1098 -0.851862123789749
1099 1099 0.2989231676792805
1100 1100 0.06191736003601619
1113 1113 1.903741077863685
1114 1114 0.7533877383663153
1115 1115 -0.5107243635862813
1128 1128 0.5688933590951049
1129 1129 0.5701790719231364
1130 1130 0.7721955795952693
3364 3364 -0.5087731847680219
3365 3365 3.1116941823796482
3366 3366 -1.2060528167783495
3379 3379 -1.062476544113607
3380 3380 -0.6084970945555837
3381 3381 -1.016267740071552
3394 3394 -0.1946229817596391
3395 3395 -1.1193563388925847
3396 3396 -0.17407701324484107
3409 3409 1.8617588075237836
3410 3410 -0.37961578512914806
3411 3411 -0.23592006583520778
3424 3424 -0.8267012455244327
3425 3425 -2.536619137547978
3426 3426 -0.5743660721529449
3439 3439 0.007265669437372815
3440 3440 0.3628168221936798
3441 3441 0.4267415547036986
3454 3454 -0.1898419507983345
3455 3455 1.1829060323392584
3456 3456 2.108716701396652
3469 3469 1.2327881191184125
3470 3470 0.7003879532058738
3471 3471 0.84910120016286
3484 3484 -0.8520451090727186
3485 3485 -1.1575342517290823
3486 3486 0.21324984006022793
3499 3499 0.4222045661997465
3500 3500 -1.1709745013434876
3501 3501 0.264149997597338
3514 3514 -0.12602264932891202
3515 3515 -0.2274882258869964
3516 3516 0.05279591085633691
3529 3529 -0.36484283290524244
3530 3530 0.06578960635815133
3531 3531 -1.5172549740067718
3544 3544 0.5250714799599684
3545 3545 -0.5095125774674891
3546 3546 1.2712527512344254
3559 3559 -0.4953238162885735
3560 3560 1.2994923367326014
3561 3561 0.055933343964890164
3574 3574 1.2157587705331991
3575 3575 0.7320695136886376
3576 3576 0.12847450207672934
3589 3589 0.4776853350702069
3590 3590 1.1446212853544466
3591 3591 -2.1813769485338788
3604 3604 0.1875670276016252
3605 3605 0.6022983827569034
3606 3606 -1.748197344173581
3619 3619 0.9334527885760946
3620 3620 0.22713858407448478
3621 3621 -1.7882573753754356
3634 3634 0.4830545432819031
3635 3635 -1.320830308236174
3636 3636 -0.10981889653520843
3649 3649 1.5805785121110687
3650 3650 0.9922939846830122
3651 3651 -0.7194393865275409
3664 3664 0.9905632068361755
3665 3665 -0.34844494075845095
3666 3666 1.6309713959243517
3679 3679 -0.03441457540049132
3680 3680 -0.9008285663752669
3681 3681 1.3507333287562417
3694 3694 0.6870273411625036
3695 3695 1.782029734758833
3696 3696 -2.329289008735081
3709 3709 -0.34859699486730933
3710 3710 -0.8315370169201863
3711 3711 -0.40255570844995675
3724 3724 -0.005284214410846775
3725 3725 -1.7899894098734581
3726 3726 -0.9632020592801406
3739 3739 -0.44061461927015594
3740 3740 0.028257051263545854
3741 3741 0.33176493098504606
3754 3754 -1.0097364591866622
3755 3755 1.092011644429823
3756 3756 0.5400273235483176
3769 3769 0.20877785376313673
3770 3770 0.7872148547354011
3771 3771 -1.2334719566761865
3784 3784 -0.3561591439585582
3785 3785 -1.1578355953725412
3786 3786 1.2461368014508918
3799 3799 2.0959914612838593
3800 3800 -0.16877846374061573
3801 3801 -2.2729319001629293
3814 3814 0.5255016534291366
3815 3815 0.16042365336015885
3816 3816 0.7862425584449428
3829 3829 -1.25501093358115
3830 3830 -0.9147521878751872
3831 3831 -1.1031553712600262
3844 3844 -0.6920823609546153
3845 3845 0.04637079339391608
3846 3846 -0.13308614352959575
3859 3859 -0.11690401926201645
3860 3860 -0.7985720355954523
3861 3861 -1.0448796970953884
3874 3874 -2.738996978935691
3875 3875 -0.22603821030110857
3876 3876 -0.9175077608677378
3889 3889 -1.36631409341763
3890 3890 0.46246341712794364
3891 3891 -0.6553419240523188
603 604 0.31187616102335536
603 618 0.7680061550741436
603 3484 0.23008981667180445
603 3499 0.5212576693261529
603 3514 0.10283768522301458
603 3529 -1.0
604 605 -0.8476328703458941
604 619 -0.20500714431202047
604 3664 0.05005037947556565
604 3679 0.25554246710257256
604 3694 -1.0
604 3709 0.7792867864277717
605 620 0.2688200298982045
605 3844 0.44661967552098236
605 3859 0.05343888556208816
605 3874 -0.37530629212993893
605 3889 0.22752444975092048
618 619 -0.10022512749851582
618 3484 -0.37369844542407654
618 3499 0.22635246014990534
618 3514 -0.038327087040558136
618 3529 0.29441006855103813
619 620 -0.05546335019800967
619 3664 0.2722992713627135
619 3679 0.8431914668309152
619 3694 0.14121532952189447
619 3709 0.4887203074870731
620 3844 -0.085281616516059
620 3859 -0.5410604257356901
620 3874 -0.2873150804024489
620 3889 -0.30840385696364375
633 634 -0.5667991065787864
633 648 -0.1923659889952388
633 3424 0.18012912141766035
633 3439 0.6611741214307276
633 3454 0.321312390483618
633 3469 -0.4134655914875518
633 3484 0.7540254866680353
633 3499 -0.3818626744801536
633 3514 0.09536801371701274
633 3529 -0.24129529242739278
634 635 0.7362719691942464
634 649 0.6469469717695548
634 3604 0.018451136310437592
634 3619 -0.13505198208228944
634 3634 0.5277457145566573
634 3649 -0.21928675088469143
634 3664 0.05932410469978406
634 3679 0.12613692827511974
634 3694 -0.1556306372788336
634 3709 -0.21799833657328258
635 650 -0.6365279954149318
635 3784 0.7699737715220366
635 3799 0.44135750332778373
635 3814 0.4052283839950538
635 3829 0.3275755507046026
635 3844 -0.17001097567346837
635 3859 0.33492598976433413
635 3874 0.3118655257050511
635 3889 0.44166842105229837
648 649 -0.07746763037663962
648 3424 -0.35483464578832047
648 3439 -0.3485858927352923
648 3454 0.2801679403634492
648 3469 0.3292375655583483
648 3484 -0.4272909240262069
648 3499 -0.37652750980949906
648 3514 -0.23417994164932127
648 3529 -0.4702832117103612
649 650 0.29015295699905774
649 3604 0.6243684451802091
649 3619 -0.2160859409323732
649 3634 0.14118340320686074
649 3649 -0.24027735442734244
649 3664 -0.10702175155083336
649 3679 0.07241852785277898
649 3694 -0.7810802142529388
649 3709 -0.06257248475681707
650 3784 -0.3441005176158225
650 3799 0.8721006245432884
650 3814 -0.1747959239065399
650 3829 -0.6352418482372462
650 3844 0.07202985366765281
650 3859 -0.5083385768197817
650 3874 -0.38381878172463996
650 3889 0.15575407069500322
663 664 0.16183016118892923
663 678 -0.21998786615338337
663 3424 0.6008367448014987
663 3439 0.18254614341980174
663 3454 0.48382852422953654
663 3469 0.1054838650882331
663 3484 -0.08602969951104687
663 3499 0.08673689933797007
664 665 0.1528435290466791
664 679 0.7210121549254316
664 3604 -0.2466504750790196
664 3619 -0.4832286949661782
664 3634 -0.1861124572873542
664 3649 0.2176893668343575
664 3664 0.2278137440213734
664 3679 -0.004721629428501263
664 3514 0.7316191878778062
664 3529 0.04855676266999586
665 680 0.6479949824321031
665 3784 -0.16752584819777597
665 3799 0.08139145318132075
665 3814 0.5861764526870527
665 3829 -0.10360163636313034
665 3844 0.5134502142351336
665 3859 -0.7680738465213856
665 3694 -0.6113656165819218
665 3709 -0.21529512194374192
678 679 0.19327452270910378
678 3424 -0.5987417691101948
678 3439 0.5503446220643238
678 3454 0.24974370320019965
678 3469 0.452657879712051
678 3484 0.010599923364590034
678 3499 -0.47969067619056543
679 680 -0.1598184636221653
679 3604 0.2123241163148052
679 3619 0.7340443952664077
679 3634 -0.5532021325628139
679 3649 -0.5428391068813557
679 3664 -0.174390169419763
679 3679 -0.5639987709317652
679 3514 0.17058494240402333
679 3529 0.3974197907220524
680 3784 -0.42425384759357887
680 3799 0.10240430263023721
680 3814 -0.21065591248653057
680 3829 0.9670503965459637
680 3844 0.2695139121955504
680 3859 0.5915406105005899
680 3694 0.6269906425567965
680 3709 -0.20518933720642016
693 694 -0.6428964241652851
693 708 -0.019681946513326384
693 3424 -0.4157313022704261
693 3439 0.5990005151112352
693 3454 -0.2423315501045834
693 3469 -0.5029126069233515
693 3484 0.25804643531927934
693 3499 -0.20081624753167687
693 3364 0.3576719610530111
693 3379 0.5366358408675688
693 3394 0.16728330402686184
693 3409 -0.4427204772236695
694 695 0.5014587274831257
694 709 0.12759860154012054
694 3604 -0.006117828263629229
694 3619 -0.950111517488378
694 3634 -0.5763646094245616
694 3649 -0.3360143623376537
694 3664 0.2068778899168673
694 3679 0.044954360107635954
694 3514 -0.9689062241510433
694 3529 0.4443471436736233
694 3544 0.43512893643899314
694 3559 0.8835905779766152
694 3574 -0.4169801710127396
694 3589 -0.022726350382750695
695 710 0.40339135379107477
695 3784 0.3941533656479022
695 3799 -0.34163684977425146
695 3814 1.0
695 3829 0.7880878003774175
695 3844 0.42228480497472015
695 3859 -0.7986308384012446
695 3694 -0.46166660608772014
695 3709 0.3529096416307536
695 3724 0.6448747968717592
695 3739 -0.46276726831238485
695 3754 -0.26760504034304855
695 3769 -0.29445672171975457
708 709 0.06818647235836718
708 3424 0.2122758829975664
708 3439 -0.5453239711452013
708 3454 0.5343874954691815
708 3469 -0.10302375933153904
708 3484 0.7954796361384943
708 3499 -0.3349767221647847
708 3364 0.5396004693069002
708 3379 -0.2855761832091573
708 3394 0.5585565942134474
708 3409 -0.5500143856717211
709 710 0.2566793374022599
709 3604 0.3142697578887881
709 3619 0.08687447425957212
709 3634 0.17835174091074585
709 3649 0.16603502715711657
709 3664 -0.38068857810794576
709 3679 0.14750346801697486
709 3514 0.9851896331015008
709 3529 -1.0
709 3544 1.0
709 3559 0.21943785143892627
709 3574 0.7809244418343441
709 3589 -0.6011349761456785
710 3784 -0.22955878548550995
710 3799 -0.2103676639172839
710 3814 -0.7894046120351522
710 3829 -0.07119843341757252
710 3844 -0.627976594526276
710 3859 0.12458669664639752
710 3694 0.3662860440140187
710 3709 -0.8833602051875955
710 3724 -0.02809357822770268
710 3739 -0.37684893612457887
710 3754 0.3205915216901863
710 3769 0.2099952579457044
723 724 0.9255367204651394
723 738 0.5615308833454455
723 3424 0.4572952915788116
723 3439 -0.27092128255730374
723 3364 0.2808007686746157
723 3379 0.4242897793750881
723 3394 -0.14727264051220076
723 3409 -0.3594635335484396
724 725 -0.5354175732121778
724 739 -0.38546562602810225
724 3604 0.6824026956737674
724 3619 0.13346049647035443
724 3454 0.5017209680723751
724 3469 -0.7200237753568944
724 3484 -0.1644251307500317
724 3499 -0.37547727792946795
724 3514 0.6284826657426326
724 3529 -0.8935516365703294
724 3544 -0.7907309437389224
724 3559 -0.17579708745136816
724 3574 0.5014911067686278
724 3589 -0.6653373802962645
725 740 -0.1889248901487186
725 3784 -0.5411339017258958
725 3799 -0.05715290370630722
725 3634 -0.15983166207604244
725 3649 -0.3917089142637201
725 3664 -0.004900413440696696
725 3679 -0.3340237457493482
725 3694 0.19850056124800788
725 3709 -0.7253658538570155
725 3724 0.37288625428247785
725 3739 -0.28790418178820154
725 3754 -0.11470960136430024
725 3769 -0.14408037054198378
738 739 0.18488493991799868
738 3424 -0.2423745777798705
738 3439 -0.9001439837349008
738 3364 -0.27050572584763655
738 3379 0.88241230561451
738 3394 -0.7814614400978186
738 3409 -0.20109357374623682
739 740 0.15082127819098187
739 3604 0.5781241642947264
739 3619 0.07880301469733512
739 3454 0.180949914980876
739 3469 0.3816390422835594
739 3484 0.5076972988056464
739 3499 0.5464405105616963
739 3514 0.5795377545668623
739 3529 0.3645398400339564
739 3544 0.9226835287402207
739 3559 -0.08026798480093
739 3574 -0.7750407769694448
739 3589 0.8448732462403808
740 3784 -0.6563188438821693
740 3799 0.6875458138561453
740 3634 -0.16024089501252384
740 3649 -0.8779042949386956
740 3664 0.8635668993977744
740 3679 -0.7999768393462569
740 3694 -0.3623391737366845
740 3709 0.8005105193734798
740 3724 0.0854854348323349
740 3739 0.11940816422726401
740 3754 0.314653780811742
740 3769 0.5340484034106867
753 754 0.583778160328605
753 768 0.6806581034209312
753 3424 0.8564777964148211
753 3439 -0.16395584302114002
753 3364 -0.3842463487652295
753 3379 0.000800522681000463
753 3394 0.25173953380791586
753 3409 0.7162149380242115
754 755 0.6127338662852646
754 769 -0.2886574177354531
754 3604 -0.24487791359009914
754 3619 0.6656316194025742
754 3454 0.4603567019144907
754 3469 0.30854095267351683
754 3485 -0.0829209944154443
754 3500 -0.13408132089239685
754 3515 -0.7466463599554053
754 3530 -0.17914618837614
754 3544 0.3472090549632492
754 3559 -0.007087682447414356
754 3574 0.5604843683925005
754 3589 0.38935024039350635
755 770 0.19459720685538182
755 3784 0.16079229270273407
755 3799 -0.24926999090497765
755 3634 -0.5922426948533641
755 3649 -0.1408714822573209
755 3665 0.06283251792195989
755 3680 -0.040826534891030275
755 3695 -0.788374884453377
755 3710 0.2669707660337965
755 3724 0.5643850098529288
755 3739 -0.5310055576337449
755 3754 0.0691369115027861
755 3769 0.5319228311323717
768 769 -0.05948124874294829
768 3424 -0.16422992333369432
768 3439 0.18039653905633576
768 3364 0.2742003284625214
768 3379 -0.21274921073537864
768 3394 -0.41717412184758734
768 3409 -0.3174194608130978
769 770 0.49421219442706604
769 3604 -0.1523143408997148
769 3619 -0.6318549776130239
769 3454 -0.4551289755830006
769 3469 -0.43195297017210893
769 3485 0.19829666471352375
769 3500 0.7025994461737679
769 3515 0.886799898710629
769 3530 0.24781343895962396
769 3544 0.31306094882726526
769 3559 0.8102525400782046
769 3574 0.4585126794589838
769 3589 0.18853148354650684
770 3784 -0.04408089141229695
770 3799 -1.0
770 3634 -0.3942977267881775
770 3649 -0.19616894235461288
770 3665 -1.0
770 3680 -0.036224347241360484
770 3695 -0.23494275036272103
770 3710 0.30903305642622736
770 3724 -0.09799361367579705
770 3739 0.2193946229253718
770 3754 -0.7945674446153839
770 3769 0.16702199477071594
783 784 0.27318436177929595
783 798 -1.0
783 3424 -0.34415563949573386
783 3439 0.24880362002538114
783 3454 0.7473783003505267
783 3469 -0.6225419253320021
783 3485 0.48593961454832874
783 3500 0.04924440455550104
783 3515 -0.26809686444597763
783 3530 0.7568009265025469
783 3544 0.3681681634024601
783 3559 -0.2352828906181844
783 3394 0.07845151667284381
783 3409 -0.14248554859035764
784 785 -0.032468162474725004
784 799 0.21774654391278828
784 3604 -0.36418693882860786
784 3619 -0.3639286382079887
784 3634 0.025004267169952882
784 3649 0.8369591761028135
784 3665 -0.6883038633344629
784 3680 0.27536162631323624
784 3695 -0.38270570716443547
784 3710 -0.5367616912089042
784 3724 0.037752192197770096
784 3739 -0.28943317357180753
784 3574 -0.3435171694310126
784 3589 -0.9276386668942238
785 800 -0.13851098509950877
785 3784 -0.14813025695375331
785 3799 -0.09848400051298886
785 3814 -0.11413286966799133
785 3829 -0.14039073902874397
785 3845 -0.5908735441332023
785 3860 -0.1270647241124332
785 3875 0.002309806414882001
785 3890 0.46680050309524446
785 3754 0.106408583809176
785 3769 0.7963995046462087
798 799 0.13475721821845715
798 3424 -0.014808166791329768
798 3439 0.3237120680994526
798 3454 0.26277169029481445
798 3469 0.7187514587738837
798 3485 -0.31778562648733333
798 3500 -0.13287880530202856
798 3515 -0.03493021425040811
798 3530 -0.43419930458320394
798 3544 -0.05435492961416214
798 3559 0.06800798484021936
798 3394 0.17676102355977055
798 3409 0.515400064613023
799 800 0.18832435680660775
799 3604 0.004724272728770245
799 3619 -0.3519406527547143
799 3634 0.17106399111376494
799 3649 0.054961555052872195
799 3665 0.5901923042254325
799 3680 0.0736840532604052
799 3695 -0.8614885963159591
799 3710 -0.10246452733319229
799 3724 -0.19103211518099614
799 3739 -0.2789237646456686
799 3574 0.7665367701900686
799 3589 0.5746402468489011
800 3784 0.30292986532709043
800 3799 0.19737944248528297
800 3814 0.03849513041680535
800 3829 0.07624716644619306
800 3845 0.14185333115562068
800 3860 -0.11829575940942436
800 3875 -0.035142630028414015
800 3890 0.08221708671514859
800 3754 0.5057346307330808
800 3769 -0.7899500105064238
813 814 -0.6347564216751298
813 828 0.5824199568132066
813 3425 0.31171317379788827
813 3440 0.44432924285724384
813 3455 0.08482555923535695
813 3470 -0.8692248143122839
813 3485 0.24168744744818035
813 3500 0.14142089265440694
813 3515 -0.6819857837180333
813 3530 -0.1360471925528133
813 3544 -0.19133803040807132
813 3559 0.420577637506006
813 3394 -0.22114574315615146
813 3409 0.3478858702455712
814 815 -0.009424854287532454
814 829 0.0833312271353052
814 3605 0.07429502596188726
814 3620 0.4639983754312692
814 3635 0.6823912951836035
814 3650 -0.21630221751088033
814 3665 0.061064797931389504
814 3680 0.7988969416308236
814 3695 0.8300654641742534
814 3710 -0.9614179396175883
814 3724 -0.03840711945044206
814 3739 -0.25873494692789356
814 3574 -0.7210090186946038
814 3589 0.4352224308543798
815 830 -0.08799225845372387
815 3785 0.0734131554946373
815 3800 -0.003495519092483768
815 3815 0.7126542100495802
815 3830 0.6266806207105149
815 3845 -0.16646871544102895
815 3860 0.44134046175475977
815 3875 0.18656111183888677
815 3890 0.4218492033626965
815 3754 -0.41543302437236845
815 3769 0.06432028781113411
828 829 0.25423926214842224
828 3425 0.6091866204805162
828 3440 0.16864516205518573
828 3455 0.484501154916493
828 3470 -0.02495025439336533
828 3485 0.5751095061577436
828 3500 -0.38347085590146696
828 3515 0.5221151028089
828 3530 -0.5921542588966217
828 3544 0.2864280814445963
828 3559 -0.42504079110537146
828 3394 0.8332365443026496
828 3409 0.4007272355920585
829 830 0.5488703172081367
829 3605 -0.10169050897114287
829 3620 0.34364342143496696
829 3635 -0.680623457259313
829 3650 0.8121082785315396
829 3665 -0.5601658692481324
829 3680 0.37948359221942624
829 3695 -0.08384561917381597
829 3710 -0.979898588712366
829 3724 -0.8640155772596203
829 3739 0.30305323786138505
829 3574 -1.0
829 3589 1.0
830 3785 -0.12431869514736038
830 3800 -0.5622406496091967
830 3815 -0.3552871429247033
830 3830 -0.28281294396489226
830 3845 0.5186941744752345
830 3860 0.09097889390945511
830 3875 -0.3030686538367445
830 3890 0.25507613142058094
830 3754 0.2592863909566746
830 3769 0.3598505110560952
843 844 0.009977020526536363
843 858 -0.2011935016643583
843 3425 1.0
843 3440 -0.24775499771296836
843 3455 0.2031914709450394
843 3470 0.28539430993788706
843 3485 -0.08445291389590018
843 3500 0.8631322659561101
843 3364 0.19957596170038405
843 3379 0.4562988822282906
843 3394 -0.7316514768468241
843 3409 -0.3207022269213755
844 845 0.47846428244116057
844 859 -1.0
844 3605 0.14482806463376793
844 3620 -0.446055299451098
844 3635 -0.43328451189540573
844 3650 0.13319092282045833
844 3665 0.0914109076691514
844 3680 0.022294409206969495
844 3515 -0.5202740855620963
844 3530 -0.4643136745881493
844 3544 0.19418079537710928
844 3559 0.01199017994125361
844 3574 0.6765708816979187
844 3589 -0.2527048105779696
845 860 0.3647980362349526
845 3785 -0.20051761336946874
845 3800 -0.49907509559653773
845 3815 -1.0
845 3830 0.12834100250200303
845 3845 1.0
845 3860 0.4821970834142848
845 3695 1.0
845 3710 -0.5504008334229519
845 3724 -1.0
845 3739 0.07699899234648871
845 3754 0.046497335254833884
845 3769 0.16654278200216208
858 859 0.12864861227216376
858 3425 0.23307301286953377
858 3440 0.03557211588060422
858 3455 -0.34891859741652526
858 3470 -0.4638020785063919
858 3485 0.6159865623213431
858 3500 -0.2006713393760066
858 3364 -0.8621614916417044
858 3379 1.0
858 3394 0.5188241706591611
858 3409 -0.9420677752608528
859 860 0.9537299416043208
859 3605 0.1712129098582056
859 3620 0.07246875140618877
859 3635 0.0038570186485672076
859 3650 -0.5018568274350808
859 3665 -0.2764747886726654
859 3680 -0.43055480530926565
859 3515 -1.0
859 3530 0.2504280967944727
859 3544 0.39974573202835023
859 3559 0.4094690868963186
859 3574 0.11888307066497673
859 3589 -0.3913955090618342
860 3785 -0.2897819816698807
860 3800 -0.2511032658789615
860 3815 0.6901906512948272
860 3830 1.0
860 3845 0.136664987721787
860 3860 -0.06833979511476539
860 3695 -0.6457111005371072
860 3710 -0.048999998880191666
860 3724 -0.010214069104301846
860 3739 -0.084039142939871
860 3754 -0.6415805222619664
860 3769 0.5286329117665196
873 874 -0.6790253428341178
873 888 -0.0839193497061186
873 3425 -0.4356494715612421
873 3440 0.40005350583267485
873 3455 0.6407077409075213
873 3470 -0.07991283778168846
873 3485 -0.24985381337617654
873 3500 -0.39647118826162203
873 3365 -0.16500122025679417
873 3380 0.4692394941137256
873 3395 -0.05668082859062112
873 3410 0.21305019769098388
874 875 -0.9870318985373441
874 889 -0.1665007017816218
874 3605 0.057986579072527265
874 3620 -0.2669463739730181
874 3635 1.0
874 3650 -0.31944729287307505
874 3665 -0.09977357975942061
874 3680 0.40828970545303467
874 3515 -0.616470118862548
874 3530 -0.34730871222951387
874 3545 -0.7844987584548568
874 3560 -0.5845647318670525
874 3575 0.2153463948724384
874 3590 -0.06121911673118801
875 890 0.42287294834350947
875 3785 -0.20526629315697065
875 3800 0.22516163591006022
875 3815 0.1581151349853423
875 3830 0.08231695529721061
875 3845 0.33237601858369314
875 3860 0.22516255648940342
875 3695 0.9866810271112453
875 3710 0.08163794957665314
875 3725 0.987176415398508
875 3740 -0.4630704749710308
875 3755 0.49138679948136493
875 3770 0.11836219181261078
888 889 0.12940523211200272
888 3425 0.3384042029327924
888 3440 0.1147482747200015
888 3455 -0.023057013626590468
888 3470 -0.0062672703174782955
888 3485 0.075191713723141
888 3500 -0.011031923257380302
888 3365 -0.8631213755530632
888 3380 -1.0
888 3395 -0.16122757314150493
888 3410 -0.16539347227581203
889 890 -0.19999454308812825
889 3605 -0.8196381990388768
889 3620 -0.7229977899002707
889 3635 0.08536079421676919
889 3650 -0.07973986974990824
889 3665 -0.5640125960165253
889 3680 -0.13755763428339532
889 3515 0.7548722895648344
889 3530 0.6029941124548943
889 3545 0.7113841842703708
889 3560 -1.0
889 3575 -0.05435616918250325
889 3590 -0.37823402792407923
890 3785 -0.18561804504600382
890 3800 0.43788587527859524
890 3815 -1.0
890 3830 -0.8575482874380511
890 3845 0.5072665673308187
890 3860 0.41916156568880786
890 3695 -0.5866817319116258
890 3710 0.3179677543571167
890 3725 -0.03189014318588905
890 3740 -0.7193981717186881
890 3755 1.0
890 3770 -0.3921754064077414
903 904 0.27690231724361547
903 918 -0.2310664195360551
903 3425 0.6079034529136548
903 3440 0.2542996386287437
903 3365 -0.7338369410350022
903 3380 -0.30092576389250497
903 3395 -1.0
903 3410 0.29121874922279123
904 905 -0.057388996379222346
904 919 -0.11004328958534204
904 3605 -0.5895553158708396
904 3620 -0.03160893628435267
904 3455 0.4178025629607568
904 3470 0.3529103282442088
904 3485 -0.831089380404317
904 3500 -0.5867597915857379
904 3515 -0.48693564581800847
904 3530 -0.04158928073888357
904 3545 0.06693245365139278
904 3560 1.0
904 3575 0.6186492400526183
904 3590 -0.539173174951219
905 920 0.3145533661833112
905 3785 -0.22801379217342416
905 3800 -0.35998025261606076
905 3635 0.5750783068305773
905 3650 0.1734390753630422
905 3665 0.3300373277970402
905 3680 0.40783374316711485
905 3695 -0.22339815125080048
905 3710 0.23420792125534742
905 3725 0.5285895192795127
905 3740 0.06597416482022844
905 3755 0.7723919700601308
905 3770 -0.07962853900344566
918 919 -0.5754547879254742
918 3425 -0.08035743589157658
918 3440 -0.09328766767709402
918 3365 0.3053675259018587
918 3380 -0.7440851543121627
918 3395 0.08567649046030411
918 3410 0.7291111222823681
919 920 0.18527110156183973
919 3605 0.7177240096050168
919 3620 -0.45338108058404053
919 3455 0.2580893072471993
919 3470 -0.4961872670505729
919 3485 -0.8609903841356471
919 3500 0.7333390201297858
919 3515 0.9737596442647785
919 3530 -0.15126813491363322
919 3545 0.21031969833157654
919 3560 0.30821356691460017
919 3575 0.5057486527149958
919 3590 -0.07915466503551055
920 3785 0.6297915199543345
920 3800 0.45522999208645987
920 3635 -0.34000970677465064
920 3650 0.867344412554711
920 3665 -0.42624126319704636
920 3680 0.261881423130784
920 3695 0.09088390592904734
920 3710 -0.42905525826975666
920 3725 0.5280995182782784
920 3740 0.620070139978689
920 3755 0.37514924414530093
920 3770 -0.35601916680663487
933 934 -0.22982885587199323
933 948 0.4444966063637996
933 3425 0.26739113903796463
933 3440 0.6933949939840887
933 3365 -0.7509179940265042
933 3380 0.005354970294563836
933 3395 0.13172813217595855
933 3410 0.24152080874501472
934 935 0.2727697423243897
934 949 -0.011113895293128308
934 3605 -1.0
934 3620 -0.03371217296321532
934 3455 0.2955562943731055
934 3470 1.0
934 3486 -0.8613051820762204
934 3501 1.0
934 3516 -0.19043973401717026
934 3531 -0.836064266621414
934 3545 -0.5887711541114187
934 3560 -0.9369942915189519
934 3575 -0.5669040487554109
934 3590 -0.04924760261451847
935 950 0.3101568009842423
935 3785 0.9097818559669006
935 3800 -0.9731766479390948
935 3635 0.36978132313877343
935 3650 -0.03328845456890192
935 3666 0.7215573812312063
935 3681 -0.05631697524570721
935 3696 -0.061066819514725944
935 3711 0.30089345305626525
935 3725 0.05219038504052818
935 3740 0.26962770485978543
935 3755 -0.17797013125610545
935 3770 1.0
948 949 0.7227993038294502
948 3425 -0.31748316115091163
948 3440 -0.09109080484648097
948 3365 -0.6647516213808411
948 3380 0.2322491370453561
948 3395 -0.740261008629252
948 3410 0.1657559701593868
949 950 -0.6105670245453488
949 3605 -0.27481351324311204
949 3620 -0.08208688127970154
949 3455 -0.6975695960179157
949 3470 0.626501921160501
949 3486 0.4859325954817222
949 3501 -0.03915691584625153
949 3516 -0.7011773283855375
949 3531 0.008880699769824066
949 3545 0.725088608663576
949 3560 1.0
949 3575 -0.8669493898598669
949 3590 -0.3432462082989008
950 3785 0.06557456403910966
950 3800 0.12967104863025228
950 3635 0.4226297108684174
950 3650 0.175781197454114
950 3666 0.007160548288137784
950 3681 0.5459091736199283
950 3696 0.6427843024781544
950 3711 0.11790065351874085
950 3725 0.07373388997028843
950 3740 0.3120739594494699
950 3755 0.021607037222289585
950 3770 0.46002062490631157
963 964 -0.12292846360250362
963 978 -0.6854691617036016
963 3425 -0.34276480611053145
963 3440 -0.4730329409710764
963 3455 0.98521237195467
963 3470 1.0
963 3486 0.25393950984576974
963 3501 -0.34453607088764276
963 3516 -0.8342772932223124
963 3531 -0.8166657047098507
963 3545 0.4118281433635285
963 3560 -0.23019442511575602
963 3395 0.01254246545601036
963 3410 0.3261123686561369
964 965 -0.8429219981703624
964 979 -0.004341049463315862
964 3605 0.6838130905099307
964 3620 -0.40300670347234296
964 3635 0.28428527172855006
964 3650 0.2873588520860387
964 3666 0.20634315222632726
964 3681 -0.49582794654417073
964 3696 -0.9045370800280748
964 3711 -0.7051376033409522
964 3725 -0.4400067708893178
964 3740 -0.9578512477557048
964 3575 0.3228085280314959
964 3590 0.5418431375134056
965 980 0.7851160470211637
965 3785 0.34332624013058477
965 3800 0.19429396373223468
965 3815 0.42575894455892066
965 3830 0.31192891527003375
965 3846 0.6172696680774006
965 3861 0.5421143907106608
965 3876 -0.16139738032089196
965 3891 -0.765419002824812
965 3755 0.6081611211279434
965 3770 -0.04625118283745657
978 979 -0.4007478036392113
978 3425 -0.22388612685200193
978 3440 -0.5490322775304056
978 3455 -0.09898979700790377
978 3470 0.6180490708321492
978 3486 -0.29854053079748566
978 3501 0.5241087923000649
978 3516 0.6579230749565661
978 3531 -0.1938403388245129
978 3545 -0.10464981178188287
978 3560 -1.0
978 3395 0.19593950732108578
978 3410 -0.30955756527982253
979 980 0.7716077057087113
979 3605 0.7872558559337695
979 3620 0.5582743157443599
979 3635 0.5757303764695746
979 3650 -0.1460605786262793
979 3666 -0.1695698624830681
979 3681 0.11958157098026642
979 3696 0.353392623930821
979 3711 0.2590629408402473
979 3725 0.18700368008391058
979 3740 0.7559927200232218
979 3575 -0.8878274262461329
979 3590 -0.18409210535779166
980 3785 0.36811939065939925
980 3800 0.0973049420977869
980 3815 -0.5877485950556144
980 3830 -0.06690780029376225
980 3846 -0.2682334946120969
980 3861 -0.24010976275194432
980 3876 0.040025417943942494
980 3891 0.07312797370739044
980 3755 -0.643286089192079
980 3770 0.6999554093735951
993 994 -0.42610260081275547
993 1008 -1.0
993 3426 0.7311618962202989
993 3441 0.07816766291646243
993 3456 0.7144140279339443
993 3471 0.21539724505054175
993 3486 -0.6738425674720222
993 3501 -0.013663184890866905
993 3516 0.30165040759595935
993 3531 -0.7601572914277459
993 3545 -0.6261507462248583
993 3560 -0.6272939411468136
993 3395 -0.014018878893909757
993 3410 -0.9452751611535416
994 995 -0.5325546585376213
994 1009 -0.25586717889160243
994 3606 0.3075314982913824
994 3621 -0.3422972102829454
994 3636 -0.43350177947508595
994 3651 -0.8969070044601423
994 3666 0.8787455206621233
994 3681 0.39957827875889523
994 3696 -0.47099084938716235
994 3711 0.9915786846061092
994 3725 0.382995018362842
994 3740 0.3969339271386552
994 3575 -0.15031977960280818
994 3590 -0.5267766487873883
995 1010 -0.0836972524168381
995 3786 -0.32725000398912596
995 3801 0.12491073896245275
995 3816 -0.3489025609906005
995 3831 0.01607028184453635
995 3846 -0.42560727425495454
995 3861 -0.8682652120684944
995 3876 -0.21474410970978214
995 3891 -0.001649826336438908
995 3755 0.1310748123541676
995 3770 -0.2437607304560988
1008 1009 0.1909191081399485
1008 3426 -0.1916445468911837
1008 3441 -0.36353368493363036
1008 3456 0.07666749831174838
1008 3471 1.0
1008 3486 -0.38605497507252085
1008 3501 0.0347399147313917
1008 3516 -0.30673034754882517
1008 3531 0.4487656697315943
1008 3545 0.43810065404592824
1008 3560 0.024540689760781477
1008 3395 0.6370385160119078
1008 3410 -0.8435139765885987
1009 1010 -0.15385204257413485
1009 3606 0.38486620806636335
1009 3621 -0.013879345454583504
1009 3636 0.4480768361046301
1009 3651 -0.043242794356550075
1009 3666 0.44257366329961983
1009 3681 -0.27760533450283326
1009 3696 0.2400326526660466
1009 3711 -0.2588691862355656
1009 3725 -0.38184945614787563
1009 3740 -0.021506902910175575
1009 3575 -0.26408190712672325
1009 3590 -0.7008465120499372
1010 3786 0.0021407171629401005
1010 3801 -0.10691353969916607
1010 3816 -0.3737094538139003
1010 3831 0.4057801694924369
1010 3846 -0.06236607355360565
1010 3861 -0.6121832974714762
1010 3876 0.04551745772737218
1010 3891 -0.4586721407760971
1010 3755 -0.5741306743576432
1010 3770 1.0
1023 1024 -0.07768277597605318
1023 1038 -0.36664456389519706
1023 3426 0.35298808769953977
1023 3441 -0.6534449483162469
1023 3456 0.36983185005239433
1023 3471 -0.0902149650949157
1023 3486 0.5399064480041428
1023 3501 0.20909085593548782
1023 3365 -0.08298340195627299
1023 3380 0.30581944375594944
1023 3395 -0.11696137432932793
1023 3410 0.23831059695901977
1024 1025 0.45068201885485937
1024 1039 0.5508191631237845
1024 3606 -0.30812414901752644
1024 3621 0.9183030190133252
1024 3636 -0.3072955700794633
1024 3651 0.567860458324541
1024 3666 -0.3706804103222341
1024 3681 -0.15354594007064742
1024 3516 0.43469462376934187
1024 3531 0.19478112016825866
1024 3545 0.08954010948339894
1024 3560 -0.1741755134638192
1024 3575 -0.2563354442673727
1024 3590 -0.5551341569881965
1025 1040 0.06452929507807077
1025 3786 -0.2707030073115555
1025 3801 0.2659240615674487
1025 3816 -0.6266956091686982
1025 3831 0.025719555578850677
1025 3846 0.04710995024259698
1025 3861 0.9221239796835644
1025 3696 -0.025824165698232183
1025 3711 0.36289501828575726
1025 3725 0.39940219204343136
1025 3740 0.48528245000457704
1025 3755 0.2628146048172752
1025 3770 -0.020022521620912725
1038 1039 0.464429217902021
1038 3426 -0.3146819340241897
1038 3441 -0.15650883172402313
1038 3456 -0.2615835476123092
1038 3471 -0.21221878699217955
1038 3486 0.015258560232057804
1038 3501 0.49724852233067685
1038 3365 0.5771162642277273
1038 3380 0.09983435672458865
1038 3395 -0.4611194113536239
1038 3410 0.8649332669162009
1039 1040 -0.1405112097436078
1039 3606 -0.023406663954678934
1039 3621 0.2186428924059729
1039 3636 -0.2205799533082965
1039 3651 0.8626270784703142
1039 3666 0.06300668172072667
1039 3681 0.40121790913562716
1039 3516 -0.18201383651041997
1039 3531 -0.34231970921538957
1039 3545 -1.0
1039 3560 -0.888146617813273
1039 3575 0.9855140288357145
1039 3590 -0.010649897805285897
1040 3786 -0.19108804187887435
1040 3801 -0.39962986958169977
1040 3816 -0.4908778826158933
1040 3831 -0.09565672310636726
1040 3846 0.3600518269704212
1040 3861 -0.19109428071947554
1040 3696 -0.3751636264898154
1040 3711 0.28457366378048793
1040 3725 -0.6107923432269193
1040 3740 0.18639470471035602
1040 3755 0.23472976895065595
1040 3770 -0.313247051177498
1053 1054 -0.40313506703537294
1053 1068 -0.36678250693925024
1053 3426 0.19437098369713954
1053 3441 -0.27916818038009666
1053 3456 0.3983778861709143
1053 3471 -0.30208722991957865
1053 3486 -1.0
1053 3501 0.637652375881273
1053 3366 0.11911303726333265
1053 3381 -0.4488842479174725
1053 3396 -0.681351562034076
1053 3411 0.1942169790909304
1054 1055 -0.08686299641275118
1054 1069 0.3868627511478839
1054 3606 -0.5853519279715477
1054 3621 0.004373296775661946
1054 3636 -0.2685983027807081
1054 3651 -0.2874031425775676
1054 3666 -0.40638813832221743
1054 3681 -0.5330506370612994
1054 3516 0.32786728066105547
1054 3531 -1.0
1054 3546 -0.7058392565416081
1054 3561 0.6142242513332558
1054 3576 -0.09552417006454426
1054 3591 -0.6813954670169949
1055 1070 -0.7795568739442628
1055 3786 -0.3752775049161925
1055 3801 -0.25752365674537475
1055 3816 -0.07123177321383665
1055 3831 0.7256206716586866
1055 3846 -0.5542834842399179
1055 3861 -0.3031181902384996
1055 3696 0.47221501500205104
1055 3711 0.2368426853557773
1055 3726 -0.3212620952852429
1055 3741 -0.349137487734473
1055 3756 -0.6013359823248355
1055 3771 0.1813665272724511
1068 1069 -0.6100216416046433
1068 3426 -0.7954265838031604
1068 3441 -0.05435609674119926
1068 3456 0.10313810938287546
1068 3471 0.2863674296573661
1068 3486 0.10967115790530847
1068 3501 -0.3455438090863085
1068 3366 -0.7508110745719687
1068 3381 -0.34400909331033025
1068 3396 0.5947099206033217
1068 3411 -0.700751380353723
1069 1070 0.37906663949250213
1069 3606 0.2480521414820226
1069 3621 0.4041966044110098
1069 3636 -0.3111852313677627
1069 3651 0.5227242336447995
1069 3666 0.4733651361037469
1069 3681 0.481483445064686
1069 3516 -0.25156553146282756
1069 3531 -0.8541098015711306
1069 3546 0.3494601595279608
1069 3561 -0.18616753490952634
1069 3576 0.19004991445333289
1069 3591 0.35887691481565676
1070 3786 -0.44235143145918876
1070 3801 -0.6823985143584924
1070 3816 0.6023322787020184
1070 3831 0.6369170267359033
1070 3846 0.1956958284868961
1070 3861 -0.44887705602597044
1070 3696 0.4441199296423232
1070 3711 -0.5708436513957925
1070 3726 0.4269163602948257
1070 3741 -0.28179224275489884
1070 3756 0.5245512229328015
1070 3771 0.09399231358017249
1083 1084 0.11156704729368795
1083 1098 -0.3179522781999872
1083 3426 -0.4393242040758372
1083 3441 -0.39670888581917585
1083 3366 0.045464944223812906
1083 3381 0.967224559317769
1083 3396 0.19007318823646904
1083 3411 0.09370775326149504
1084 1085 -0.8951459602884433
1084 1099 -0.5692549952086966
1084 3606 0.025723216977630525
1084 3621 -0.22336858262605144
1084 3456 0.5660333831540583
1084 3471 -0.28627997928766374
1084 3486 -0.015990945354426283
1084 3501 0.0728173432297612
1084 3516 -0.2812205625242207
1084 3531 0.43164221537719577
1084 3546 0.23641757661256038
1084 3561 0.0009370284854045142
1084 3576 -0.464298931247803
1084 3591 -0.19486056276338248
1085 1100 -0.1748046310004973
1085 3786 -0.1083292127801039
1085 3801 0.044717713847297585
1085 3636 0.5697299552615288
1085 3651 -0.4555545585999979
1085 3666 0.18328188692918443
1085 3681 0.01837816080931329
1085 3696 -1.0
1085 3711 0.20813667111078152
1085 3726 0.15489714573593297
1085 3741 -0.3240964758515374
1085 3756 -0.025807616627259552
1085 3771 0.6122570443286749
1098 1099 0.587748486969676
1098 3426 -0.15993431574106268
1098 3441 1.0
1098 3366 0.10125780099502761
1098 3381 0.40883777138886906
1098 3396 0.05887519740700919
1098 3411 0.6492978721587038
1099 1100 0.5661343548271365
1099 3606 0.4453121329960071
1099 3621 0.4611771279793011
1099 3456 -0.6014166036103834
1099 3471 0.3631235444179708
1099 3486 -0.555924955638112
1099 3501 -0.13878793972603803
1099 3516 -0.5978751431091274
1099 3531 -0.46007119346478287
1099 3546 0.07931474714433567
1099 3561 0.48940359778507986
1099 3576 0.625926627478997
1099 3591 0.14418007680343956
1100 3786 -0.34179234312658335
1100 3801 -0.37338265727657677
1100 3636 0.5642705752097181
1100 3651 -0.6757295145060435
1100 3666 -0.24056092542698804
1100 3681 -0.8871747787310845
1100 3696 -0.03952313853808386
1100 3711 -0.4104048825724045
1100 3726 0.3954605689196379
1100 3741 -0.9314902222291066
1100 3756 0.2087460859438704
1100 3771 0.1814595483877328
1113 1114 0.27243860329016656
1113 1128 -0.07298001808760506
1113 3426 -0.34353163076080795
1113 3441 -0.9179167397514552
1113 3366 0.3580614741239905
1113 3381 1.0
1113 3396 0.3327125708530826
1113 3411 -0.29340966904639015
1114 1115 -0.7706148806360904
1114 1129 0.4758371850527747
1114 3606 -0.1149383566086955
1114 3621 0.3456896006686013
1114 3456 0.2866683653575353
1114 3471 0.8464143070835867
1114 3546 -0.3046735366165594
1114 3561 -0.45297336511736497
1114 3576 -0.11795884523366931
1114 3591 -0.2872167884673028
1115 1130 0.9213993188753414
1115 3786 0.014854898250219956
1115 3801 -0.03385304474708713
1115 3636 0.44937499106464296
1115 3651 0.30407698024064805
1115 3726 0.09916205811644553
1115 3741 -0.17094313677677364
1115 3756 0.3050392178030152
1115 3771 0.4553555240190344
1128 1129 0.2981548264463334
1128 3426 -0.45522020475863156
1128 3441 0.19689798678768242
1128 3366 -0.0951362163092713
1128 3381 0.18871387102600679
1128 3396 -0.18905572494347864
1128 3411 -0.4964210781633798
1129 1130 0.7894869839866661
1129 3606 0.6580717097403974
1129 3621 0.32316861949544406
1129 3456 -0.5358691457923924
1129 3471 0.16032885348074852
1129 3546 -0.6946696813222019
1129 3561 -0.2501838547605004
1129 3576 0.13804409743186014
1129 3591 0.5479808973863173
1130 3786 -0.6605101680082955
1130 3801 0.22263448681463477
1130 3636 0.09213013846759342
1130 3651 -0.724667468467422
1130 3726 -0.3465458530129886
1130 3741 -1.0
1130 3756 0.4508560917498594
1130 3771 0.536110999490723
3364 3365 -0.2212943610474654
3364 3379 -0.9535589419274964
3365 3366 -0.31097277921813593
3365 3380 0.6652930619826775
3366 3381 0.21853895243733576
3379 3380 0.609974254325651
3380 3381 -0.5501122686851998
3394 3395 0.46685441990377247
3394 3409 -0.08582076218483745
3395 3396 0.3293633930456242
3395 3410 -0.8863158326676489
3396 3411 -0.1454983067243095
3409 3410 0.309086633454812
3410 3411 -0.06034969957356594
3424 3425 0.14222967824455962
3424 3439 0.040050471743656765
3425 3426 0.7082812636553637
3425 3440 -0.2864514051107786
3426 3441 -0.8865958049226178
3439 3440 -0.3777437026323447
3440 3441 -0.12296292474435784
3454 3455 -0.5854923025797084
3454 3469 -0.23167409516766962
3455 3456 0.1075685408519591
3455 3470 0.5267296236581849
3456 3471 0.458307659225041
3469 3470 -0.13693803461025925
3470 3471 0.18024698137020873
3484 3485 0.6254510081703666
3484 3499 -0.28241950842500385
3485 3486 -0.8133725056733904
3485 3500 -0.7926602571806748
3486 3501 -0.22148028835793984
3499 3500 -0.02325870851470408
3500 3501 -0.13258432379722906
3514 3515 0.07312846378660637
3514 3529 0.27526753995391534
3515 3516 0.2621859440220823
3515 3530 -0.3438564096822843
3516 3531 0.7198970696399464
3529 3530 0.9886995927234754
3530 3531 -0.282394411126797
3544 3545 0.11122268583101144
3544 3559 -0.16232811603392364
3545 3546 -0.7581961680294799
3545 3560 -0.735604309842679
3546 3561 -0.06837328200157752
3559 3560 0.00574125461508001
3560 3561 0.346196531298374
3574 3575 -0.07993807159707798
3574 3589 -1.0
3575 3576 -0.5125277449942892
3575 3590 0.5274899303602504
3576 3591 -0.18766131646084722
3589 3590 0.7103021101275896
3590 3591 0.06225921648547097
3604 3605 -0.300314922374054
3604 3619 0.3603428385713549
3605 3606 0.09152988957399485
3605 3620 0.6897945221104268
3606 3621 -0.12062399617251485
3619 3620 -0.3747185227075127
3620 3621 -0.8323099673509473
3634 3635 0.5313939939222481
3634 3649 -0.041268040250685666
3635 3636 -0.5140617071177066
3635 3650 -0.49855748268860933
3636 3651 0.3092718682931762
3649 3650 -0.6040676921287584
3650 3651 -1.0
3664 3665 -0.5630080685938625
3664 3679 -0.10678443156173835
3665 3666 -0.8230313217115569
3665 3680 -0.6847685863473695
3666 3681 1.0
3679 3680 0.49259665114861817
3680 3681 0.11095719161902962
3694 3695 0.8417080245077847
3694 3709 -0.41784268220472004
3695 3696 0.6105076283804369
3695 3710 0.1652244070098417
3696 3711 0.4256169542219328
3709 3710 -0.03651735429869707
3710 3711 0.7720733479206245
3724 3725 0.12044037769813705
3724 3739 0.605714697691192
3725 3726 -0.4709804608721153
3725 3740 -0.13698407832899445
3726 3741 -0.18940015791666115
3739 3740 -0.01911343375103238
3740 3741 0.2972381651579425
3754 3755 0.37639277381872954
3754 3769 0.2570906337237331
3755 3756 -1.0
3755 3770 0.4355642491470684
3756 3771 0.5723460861196492
3769 3770 -0.6659114447502693
3770 3771 -0.26673089209374
3784 3785 0.32917863441567946
3784 3799 -0.6551865035548989
3785 3786 0.5176255677823068
3785 3800 0.28829554705928445
3786 3801 -0.39529496391773694
3799 3800 0.8158370682847336
3800 3801 0.4928783407166617
3814 3815 -0.6564832966478317
3814 3829 -0.8919647090517032
3815 3816 0.8092691677733057
3815 3830 -0.07415749250850426
3816 3831 0.6985075847252263
3829 3830 0.05755156960188586
3830 3831 0.0807305776986709
3844 3845 0.04350041785680171
3844 3859 0.600911826874972
3845 3846 0.05546370956875557
3845 3860 -0.8622604432225599
3846 3861 0.30325464024969484
3859 3860 0.019220289264164143
3860 3861 0.9101340038426019
3874 3875 0.03797532120105156
3874 3889 -0.33391265183696656
3875 3876 0.1783609956023822
3875 3890 -0.7613055315571605
3876 3891 0.5653949418265408
3889 3890 0.12144444102964821
3890 3891 -0.2927230137187511
