# 
603 603 1.2624045826497512
604 604 -1.09023072411827
605 605 1.9779691805103676
618 618 -0.5691383195063261
619 619 -0.13198078340530672
620 620 -0.934895559440019
633 633 1.0678135286104926
634 634 1.1945084070995224
635 635 0.16096720267336695
648 648 1.5394318229139816
649 649 -0.17537136870106917
650 650 0.6192775642565319
663 663 2.191008037148975
664 664 -1.9895767867785272
665 665 -0.6578742054572193
678 678 -1.2763322718577468
679 679 0.1721319673000394
680 680 -1.2308214853855253
693 693 1.2162083769302132
694 694 0.677580883637546
695 695 -1.4544055636325404
708 708 -0.3114116594692764
709 709 0.5063626629598953
710 710 0.7844458318356242
723 723 0.8200353269833547
724 724 0.1961720139385485
725 725 2.3817374963586304
738 738 1.4958424597921434
739 739 0.3190041551472955
740 740 0.6953684914070599
753 753 -0.36026241399253495
754 754 -0.48450863858600657
755 755 -0.3418105346371069
768 768 -0.8108360467458938
769 769 1.5607027572603664
770 770 0.2805189831914674
783 783 -0.24820363449544153
784 784 -0.28189865088578997
785 785 0.8287918430444603
798 798 -1.162879094266382
799 799 0.4024909159831877
800 800 -1.8979451396292262
813 813 -0.6162350930177057
814 814 2.030663309201554
815 815 1.3190331986604467
828 828 1.7615592508083935
829 829 0.8560303582124811
830 830 -0.4209716680052956
843 843 0.4178596633924654
844 844 -0.10984965372882748
845 845 1.5423852050413835
858 858 1.1335291319320517
859 859 1.807185447395666
860 860 -0.9414494757394783
873 873 0.2434280718999748
874 874 -0.7210995494092658
875 875 -1.9954079498083428
888 888 -0.12756152316956873
889 889 0.5149863151332637
890 890 -0.17677289440043603
903 903 -1.3093767736290491
904 904 -0.3029705970202383
905 905 -0.540092731083297
918 918 -1.297667580647994
919 919 -0.9787148906039361
920 920 -0.5274141283263771
933 933 2.409483307668678
934 934 1.205792074325693
935 935 -0.244856873742317
948 948 -0.16324945085969272
949 949 1.4543346889917088
950 950 0.571596568247251
963 963 -0.6601744410970006
964 964 -0.06967140956245815
965 965 2.4848936103064587
978 978 -0.6836799085553813
979 979 0.21736921611642163
980 980 1.033143612313706
993 993 0.7093253659176765
994 994 0.5319051469707737
995 995 -0.6979633554695707
1008 1008 -1.7605900447117004
1009 1009 -0.5046677681491468
1010 1010 -1.8524692482835179
1023 1023 -1.042392112904066
1024 1024 -0.7664552195455092
1025 1025 -0.8746104082713941
1038 1038 0.057637546272404694
1039 1039 -0.971323668876747
1040 1040 -0.5626085983535044
1053 1053 0.17957560987732527
1054 1054 1.6492884367597744
1055 1055 0.6940748402409078
1068 1068 0.2661425577992355
1069 1069 0.13721523589695622
1070 1070 0.677424541561183
1083 1083 -1.857423421004337
1084 1084 1.2372751007643137
1085 1085 -0.2519322492191343
1098 1098 0.04889229785779587
1099 1099 0.11602334973612323
1100 1100 2.556941508439506
1113 1113 -1.229764700971
1114 1114 -0.6672928963538346
1115 1115 0.7282581804731462
1128 1128 1.2271965476805415
1129 1129 -0.784542840968006
1130 1130 -0.02312097253408491
3364 3364 0.6654326761726926
3365 3365 0.3532891475962644
3366 3366 -0.15865166218092888
3379 3379 -0.5492779399772119
3380 3380 0.23941214847596395
3381 3381 -0.3798989599994061
3394 3394 -1.6450415855789577
3395 3395 -1.6868228806093306
3396 3396 0.3338511277581591
3409 3409 -0.4330089489654695
3410 3410 -0.43119080002165355
3411 3411 0.795091260418514
3424 3424 0.3408097410373201
3425 3425 -0.317421917611676
3426 3426 -1.5542957391243903
3439 3439 0.2280127111180605
3440 3440 0.17468930458331294
3441 3441 -0.07521495617921309
3454 3454 0.039120968961625265
3455 3455 0.34943486136152124
3456 3456 -1.3214757106894097
3469 3469 -0.9154052993951034
3470 3470 0.43066757538825434
3471 3471 0.6758611661474567
3484 3484 -0.6445856834682464
3485 3485 0.7024224093482
3486 3486 -0.05870881266540218
3499 3499 -1.1552827199114653
3500 3500 -0.10441583226867637
3501 3501 -0.9834008008785641
3514 3514 0.3423450048289284
3515 3515 1.6289630983854613
3516 3516 -0.35462738494845003
3529 3529 0.9168227575756881
3530 3530 1.0117288720235285
3531 3531 -0.7789085715041426
3544 3544 0.9755155905904895
3545 3545 1.012861001073353
3546 3546 -1.7491508576137405
3559 3559 -1.8604314718461525
3560 3560 0.5664127019826946
3561 3561 0.6099883756923988
3574 3574 1.0607784715267223
3575 3575 -0.6242493200369835
3576 3576 0.4347885590830516
3589 3589 0.2555560191658271
3590 3590 0.08914589252222932
3591 3591 1.193479241764234
3604 3604 -0.0191273162998812
3605 3605 1.2379399338168504
3606 3606 0.40493338855312766
3619 3619 0.24068545367516223
3620 3620 -0.15649370048876748
3621 3621 0.3529603649169573
3634 3634 0.29674644935568184
3635 3635 -1.7018329225812403
3636 3636 -0.19801265810648094
3649 3649 0.5459641140430703
3650 3650 1.4102468173661338
3651 3651 -1.2341388673603817
3664 3664 -0.7129843640080237
3665 3665 0.2371161864359909
3666 3666 1.0798137931005636
3679 3679 -2.2718380792123796
3680 3680 -3.5089930278630526
3681 3681 -0.541990800689033
3694 3694 -0.07681318543944896
3695 3695 0.7926222668503738
3696 3696 0.29562428643948196
3709 3709 0.5798545242941918
3710 3710 -1.2576452599140597
3711 3711 0.21833112420979361
3724 3724 1.2954732119500572
3725 3725 -0.798933793177598
3726 3726 -0.33120651301640436
3739 3739 0.4123276850942731
3740 3740 -0.49003865810873526
3741 3741 -1.1759471008171427
3754 3754 -0.04306034249825599
3755 3755 -0.5019727558562835
3756 3756 -1.069121800416095
3769 3769 1.4419328167781418
3770 3770 0.8251348017042105
3771 3771 -0.36811384537641323
3784 3784 0.8585264200081799
3785 3785 -0.6413251153733103
3786 3786 -1.1180946964598337
3799 3799 -0.39757882377597
3800 3800 0.14127656043517117
3801 3801 0.33291248657593403
3814 3814 -0.5834390741273889
3815 3815 0.49961627680668863
3816 3816 0.43193884095342777
3829 3829 -0.23901883902972093
3830 3830 -1.3783583273332667
3831 3831 0.2714940803195566
3844 3844 -0.8184383878446007
3845 3845 1.7774080228590048
3846 3846 -0.02176548810412262
3859 3859 0.4398014096000509
3860 3860 1.0706129787518162
3861 3861 -0.09933254751501276
3874 3874 -0.5191905400879624
3875 3875 -0.7802712127477017
3876 3876 1.7438401044517018
3889 3889 -1.00808898184988
3890 3890 -0.3967215215096548
3891 3891 0.8027744751472451
603 604 0.3074731682640502
603 618 1.0
603 3484 0.18290735237118969
603 3499 -0.3334986076984344
603 3514 0.09814651771853622
603 3529 -0.07444389492818411
604 605 -0.25546514506939033
604 619 -0.707604278046907
604 3664 0.516262083453243
604 3679 0.8894227688788897
604 3694 -0.13113183348007681
604 3709 -0.23482714554478734
605 620 -0.16201070232192397
605 3844 -0.2081147199345399
605 3859 -0.6575937140080336
605 3874 0.5951545472815671
605 3889 0.12158021998646806
618 619 -1.0
618 3484 -0.04159090402215726
618 3499 0.2787026534020401
618 3514 0.07640339752488719
618 3529 -0.6749182890449225
619 620 0.9615519534927836
619 3664 1.0
619 3679 -0.6265658805200758
619 3694 -0.24046791487881455
619 3709 -0.44648314238904013
620 3844 0.64169020178334
620 3859 0.022653967512772245
620 3874 -0.4956025216428502
620 3889 -0.2616563670005548
633 634 0.10075695466719461
633 648 -0.7223019521688319
633 3424 0.9501168350643191
633 3439 -0.2305146730326597
633 3454 -0.33441204339131486
633 3469 0.4463769299507513
633 3484 -0.17882847902643684
633 3499 0.8071877428193598
633 3514 0.6429611228707234
633 3529 -0.227098157153561
634 635 -0.23503759749129802
634 649 0.8033534577750107
634 3604 -0.12132882021831701
634 3619 -0.24419787512684307
634 3634 -0.2519181937757792
634 3649 0.20335901489990893
634 3664 0.7194640408041244
634 3679 0.07791822260477951
634 3694 -1.0
634 3709 0.5263867762097367
635 650 0.08992462938996935
635 3784 -0.7711687191016554
635 3799 -0.382705959949557
635 3814 1.0
635 3829 -0.039013851469871574
635 3844 -0.8027648560432855
635 3859 0.283525300418724
635 3874 0.10159782551266881
635 3889 -0.2793930345091441
648 649 0.47767631430128404
648 3424 0.2987590391022555
648 3439 -1.0
648 3454 -0.11552974963979039
648 3469 0.6814189561983451
648 3484 -0.5015998390976947
648 3499 -0.20517555019119355
648 3514 -0.47386107856391746
648 3529 -0.7022796813693479
649 650 -0.7401626423876846
649 3604 0.7436937440424007
649 3619 -0.3465150473358242
649 3634 0.12274661308965999
649 3649 0.017959888068723884
649 3664 0.6223253178685914
649 3679 -0.1742712978024255
649 3694 -0.26789692059230097
649 3709 -0.9140018277369235
650 3784 -0.42566943647328165
650 3799 0.6491345873130904
650 3814 0.23260769722408728
650 3829 0.2560604967385256
650 3844 0.8051152393038554
650 3859 0.4705805079703386
650 3874 -0.2023204970796325
650 3889 -0.16697615370418556
663 664 -0.003664430282313627
663 678 0.14286258181360909
663 3424 -0.21371137897949674
663 3439 -0.1848218557373951
663 3454 0.3353825785161041
663 3469 0.3933545318638853
663 3484 0.36581226838138187
663 3499 0.1715541785968269
664 665 0.3313096789418592
664 679 0.2177577129414758
664 3604 0.39682348864580674
664 3619 -0.047426461137015735
664 3634 -0.0934798254132681
664 3649 0.8842416315886353
664 3664 -0.3568170244632861
664 3679 -0.22599572617732333
664 3514 -0.40446460068329243
664 3529 0.18280095054562248
665 680 0.6325780171565948
665 3784 -0.3307224239433633
665 3799 0.07859574813514303
665 3814 0.2476371865802446
665 3829 0.2246368374812925
665 3844 0.48371548888272525
665 3859 1.0
665 3694 -0.39610812399604733
665 3709 -0.4100148496869272
678 679 -0.11775261330432109
678 3424 -0.43906241519068445
678 3439 -0.25324221882528947
678 3454 0.8045628135619564
678 3469 0.32705983180278353
678 3484 0.7835099605415301
678 3499 -0.24324775385270628
679 680 -0.38477140569857327
679 3604 0.4106941904318003
679 3619 -0.24607680179547853
679 3634 0.42961325508119913
679 3649 0.41514085570089043
679 3664 -0.36224047248044544
679 3679 -0.6976461727208326
679 3514 0.24207068107027305
679 3529 0.25372461240047106
680 3784 -0.11689083603442788
680 3799 -1.0
680 3814 -0.31578887100556996
680 3829 -0.7080925701097008
680 3844 -0.3192101886978867
680 3859 0.3270285585325514
680 3694 0.10860430523742665
680 3709 0.07130994824419767
693 694 -0.42177605209176816
693 708 -0.33711556300120743
693 3424 0.5068221734438317
693 3439 -0.451616560084582
693 3454 0.1567167679830472
693 3469 0.8241266505751595
693 3484 0.45992150103994756
693 3499 -0.41753776211979104
693 3364 0.3590194499731298
693 3379 0.056255787345031213
693 3394 0.03342746261726632
693 3409 -0.06781228877371609
694 695 0.0035593384948888556
694 709 -0.0838421988112596
694 3604 0.6878099394206146
694 3619 0.18066084334838056
694 3634 0.48175327198562107
694 3649 -0.6016513357056537
694 3664 0.3004629616306838
694 3679 0.3761629870506765
694 3514 -0.34384478948486397
694 3529 0.7169933110283703
694 3544 0.3122580598509215
694 3559 1.0
694 3574 1.0
694 3589 0.42282612313799894
695 710 -0.8131104806177745
695 3784 0.36902823115058475
695 3799 -0.2801099113572772
695 3814 -0.6157248331948887
695 3829 -0.2922878766795168
695 3844 -0.14526052181178717
695 3859 -0.28637221798085916
695 3694 -0.3139760543259873
695 3709 0.03695897632433734
695 3724 -0.07310945813514906
695 3739 0.3440390926125169
695 3754 0.2511980649281832
695 3769 0.480432174505498
708 709 0.10496205895721221
708 3424 -0.11892319084369539
708 3439 0.15995977372628645
708 3454 0.23203842337817968
708 3469 -0.46482200891941106
708 3484 -0.5168193110130083
708 3499 -0.18923456380720377
708 3364 0.3473080612512217
708 3379 0.8009395702553292
708 3394 0.13254018606674123
708 3409 0.2364773799459625
709 710 -0.22597775395340122
709 3604 -0.43243690365215154
709 3619 0.05929517556221854
709 3634 -0.5140666636875514
709 3649 -0.3709000576553798
709 3664 -0.11525381840055596
709 3679 0.7834982365735169
709 3514 0.08099747814860357
709 3529 -0.11722681233078783
709 3544 -0.6298461777649753
709 3559 -0.07070537467910895
709 3574 -1.0
709 3589 -0.6970837558467193
710 3784 -0.1701684323237293
710 3799 0.09398388570044582
710 3814 -0.2877406439507792
710 3829 0.3158198046760544
710 3844 -0.12228116148739114
710 3859 0.1265446556530464
710 3694 -0.8958547972394694
710 3709 -0.3037611234854861
710 3724 -0.18193847003615357
710 3739 0.43587237918148686
710 3754 -0.4957532771596606
710 3769 -0.7428471854471832
723 724 0.02491958628318614
723 738 0.3296206239052304
723 3424 0.1417272340359618
723 3439 -0.044920935161937285
723 3364 0.3472065957066043
723 3379 -0.09210369426528613
723 3394 0.39202343402723117
723 3409 -0.18897621666301734
724 725 0.00624363138263308
724 739 -0.13321937543242734
724 3604 0.01764600407960728
724 3619 -0.32237206738342106
724 3454 0.47922107758709076
724 3469 -0.008263471214920163
724 3484 -0.0461675427291172
724 3499 -0.6052558763546646
724 3514 0.3409943772770169
724 3529 0.6477524845172028
724 3544 -0.5899037321611071
724 3559 -0.18978038955225446
724 3574 -0.04105372783344753
724 3589 0.703651442818974
725 740 0.2753904850393787
725 3784 0.9594739636536123
725 3799 0.12110801140316754
725 3634 -0.034146927951242335
725 3649 -0.48808450300776407
725 3664 -0.2573146008181583
725 3679 0.07239098016988235
725 3694 0.37491610691765265
725 3709 -0.15066670372401036
725 3724 0.6560608753159375
725 3739 -0.536754356050511
725 3754 -0.14476339193946078
725 3769 -0.2874999584398386
738 739 0.2887448208294816
738 3424 0.1936044015129221
738 3439 -0.576599343294391
738 3364 -0.31717531787796777
738 3379 0.5103394243969731
738 3394 0.16070807423318953
738 3409 -0.027963892415620924
739 740 -0.1821502592678721
739 3604 0.6258762708616652
739 3619 0.3917503107408517
739 3454 -0.27606570396676683
739 3469 0.43842530425556925
739 3484 -0.23002443623673408
739 3499 0.09957265608652867
739 3514 -0.282891522144453
739 3529 -0.5150194399485604
739 3544 -1.0
739 3559 0.04030876174170752
739 3574 -0.4537442189559265
739 3589 0.47504724991859876
740 3784 -0.25538071069682894
740 3799 -0.5590528217484184
740 3634 0.5270821038785762
740 3649 0.45838958047634276
740 3664 0.08203172137762556
740 3679 0.4417948434284203
740 3694 0.42571164871858774
740 3709 1.0
740 3724 -0.3095528211524527
740 3739 0.9966093439612906
740 3754 0.2360902143226469
740 3769 -0.44553059358465735
753 754 0.43307161211090944
753 768 0.22754398988098243
753 3424 0.3063909019397281
753 3439 0.4870894852135522
753 3364 0.052274647483728835
753 3379 0.5223151691951966
753 3394 0.39585631774315444
753 3409 0.0840207433027281
754 755 -0.042904381331946635
754 769 0.29165092362462774
754 3604 -0.42094633828003675
754 3619 0.8563539538724254
754 3454 -0.32444770700115827
754 3469 -0.07434440466958546
754 3485 0.532831565373464
754 3500 0.3581243927083769
754 3515 -0.179496807691555
754 3530 0.131764838202643
754 3544 0.11059159082891874
754 3559 -0.22667687249636595
754 3574 -0.0767219603738358
754 3589 0.45551375170510927
755 770 0.12785954950154424
755 3784 0.2125142845902064
755 3799 0.20186485656522563
755 3634 -1.0
755 3649 0.2550084709130885
755 3665 0.3406850515207117
755 3680 -0.901642232353425
755 3695 0.7720117192286883
755 3710 -0.38094685188820787
755 3724 0.07259032238385202
755 3739 0.42390477986367686
755 3754 -0.11055861166025892
755 3769 0.21182290132036424
768 769 0.01652475186072959
768 3424 -0.7357015580116231
768 3439 0.2575616102687565
768 3364 0.438619142584973
768 3379 -0.34576468762184087
768 3394 -0.8154347705587098
768 3409 -0.16127207954388292
769 770 -0.09499169500396884
769 3604 0.23585105729539635
769 3619 0.2917901089551561
769 3454 0.4166542782286891
769 3469 -0.02107531334120049
769 3485 0.10078932835823755
769 3500 -0.5233718497252766
769 3515 0.853318502229814
769 3530 0.15401847927704934
769 3544 -0.39843521608042415
769 3559 0.4883546589534708
769 3574 -0.6219272220776072
769 3589 -0.22556452154388493
770 3784 -0.6526594800472972
770 3799 1.0
770 3634 0.1843711296032924
770 3649 -0.8090116376211052
770 3665 0.7164707670833942
770 3680 -0.6399018610530252
770 3695 -0.26624269931862987
770 3710 -0.15369829989363654
770 3724 0.2318316954521957
770 3739 0.35244989543342414
770 3754 -0.18363469958830037
770 3769 -0.055026667164844036
783 784 0.530828221796718
783 798 0.3496260991821474
783 3424 0.21970891183311148
783 3439 0.3479824055945304
783 3454 -0.40100036229019637
783 3469 -0.618744280268655
783 3485 0.05905555701770457
783 3500 -0.6657249760176346
783 3515 -0.4797736777195275
783 3530 0.1342023297427988
783 3544 0.04604926896612022
783 3559 0.2560917938422508
783 3394 -0.10210246394766759
783 3409 0.5361658930460197
784 785 0.6756785539891136
784 799 0.34216335414094473
784 3604 -0.38744816691607326
784 3619 -0.6342344591520567
784 3634 0.25130319542178975
784 3649 -0.6412556889577029
784 3665 0.5889416399765908
784 3680 -0.6711555743681814
784 3695 -0.19664219499172345
784 3710 -0.43131951916390715
784 3724 -1.0
784 3739 0.1478979987531198
784 3574 0.22332910770974976
784 3589 -0.6916540756372002
785 800 0.34661841474259675
785 3784 0.28105031022715465
785 3799 -0.8824092958190436
785 3814 1.0
785 3829 0.49705083328774424
785 3845 0.13675994781051784
785 3860 -0.2331168068394479
785 3875 0.38669791937379155
785 3890 -0.42748355394546456
785 3754 0.3695468520094742
785 3769 0.08624782248586375
798 799 -0.6640329764287182
798 3424 0.5813558324052317
798 3439 0.0434663259921128
798 3454 0.04677755011590953
798 3469 0.18039941785179028
798 3485 0.37896991553985415
798 3500 -0.6061443139000218
798 3515 0.5743198868207038
798 3530 0.653019532715619
798 3544 -0.02570854549353199
798 3559 1.0
798 3394 -1.0
798 3409 -0.5573083014319397
799 800 0.3182560617993811
799 3604 0.023032823812085667
799 3619 -0.7343404643342524
799 3634 -0.05515598783411785
799 3649 0.7323530783758333
799 3665 -0.32912715497273887
799 3680 0.13006782624213278
799 3695 0.33371367686862813
799 3710 -0.2936229779388761
799 3724 -0.7587835404110179
799 3739 0.5281955029263873
799 3574 0.4289634330084694
799 3589 -0.5316820766451623
800 3784 -0.8360052632058467
800 3799 0.28404502641555723
800 3814 0.7058800550387841
800 3829 0.3927325243111511
800 3845 0.25853431783543357
800 3860 -0.329458920318313
800 3875 0.07331174768468934
800 3890 0.36646115229397613
800 3754 0.12058021197522355
800 3769 0.8995434568517008
813 814 -0.29667592645142427
813 828 0.24210695875249427
813 3425 -0.008854920333970047
813 3440 0.11702338319938259
813 3455 0.1869994755206527
813 3470 -0.4113301677188453
813 3485 -0.7324077285344721
813 3500 0.20356733394957646
813 3515 0.5244646925872636
813 3530 0.49456786640958367
813 3544 -0.02569886150432141
813 3559 0.11420492053467925
813 3394 -0.012452661106577214
813 3409 0.11087092838631907
814 815 -0.41088828137581174
814 829 -1.0
814 3605 -0.8754925882900106
814 3620 1.0
814 3635 -0.6626675562020976
814 3650 -0.08365442743303042
814 3665 0.46381355988687645
814 3680 -0.09799721168885335
814 3695 0.12076340148769314
814 3710 0.1605174813790723
814 3724 -0.07418187989336943
814 3739 0.3545438874252652
814 3574 -0.5013235878898384
814 3589 1.0
815 830 -0.34786823306667763
815 3785 -0.5707847060713417
815 3800 -0.4248818168757445
815 3815 -0.14585374931632267
815 3830 0.722466384574344
815 3845 -0.2872350912094912
815 3860 0.08292871004466668
815 3875 -0.5510768534629921
815 3890 0.5324975036491725
815 3754 -0.376470742492905
815 3769 0.3657143850164028
828 829 0.05667537099281722
828 3425 0.47578342327558426
828 3440 0.5896606254388573
828 3455 -0.27143528528878286
828 3470 -0.4816026532221631
828 3485 -0.4750556507685621
828 3500 -0.5491551867321314
828 3515 -0.2371017409091668
828 3530 -0.2979739242041817
828 3544 0.733393958329098
828 3559 -0.6141774017643942
828 3394 -0.30136674061076524
828 3409 -0.5012102612372721
829 830 0.32958783937243546
829 3605 0.7875658294869855
829 3620 0.4621782886493623
829 3635 -0.52103510616902
829 3650 0.12481756084541398
829 3665 -0.6816319407664857
829 3680 -0.24201640150741796
829 3695 -0.5195607019466555
829 3710 0.020440717954899403
829 3724 -1.0
829 3739 -0.16779976314190495
829 3574 0.7723744748162648
829 3589 -0.01790246638312806
830 3785 -0.6301900607025734
830 3800 -0.41925611825833653
830 3815 0.06218160127556321
830 3830 0.45003669023737797
830 3845 -0.10471638662786512
830 3860 -0.7618638644320446
830 3875 0.6039186959662578
830 3890 -0.8926773474455546
830 3754 -0.8725647525240833
830 3769 0.4873471155117598
843 844 0.1875199278138802
843 858 1.0
843 3425 -0.719213166561598
843 3440 -0.6164576192417475
843 3455 0.8710400873707294
843 3470 -0.2065585450119361
843 3485 0.4575862996484105
843 3500 -0.07892054362324702
843 3364 0.6914549964735723
843 3379 0.5708629457680569
843 3394 -0.06997735030292221
843 3409 -0.3454520945857495
844 845 0.03707640159172059
844 859 -0.08998857173768825
844 3605 0.7794822584908532
844 3620 -0.7685088352606886
844 3635 -0.5258644508207501
844 3650 0.20910244647835072
844 3665 -0.5912113048127937
844 3680 -0.31359759635285384
844 3515 0.09603776798484939
844 3530 -0.450925992636508
844 3544 -0.046355535381881745
844 3559 0.5012045351039316
844 3574 -0.25589236506174656
844 3589 -0.15595097452220383
845 860 0.18723725622051396
845 3785 -0.23408251986990822
845 3800 -0.8324449485640713
845 3815 -0.13353867689586843
845 3830 -0.1734542561753801
845 3845 -0.3976423813541612
845 3860 -0.2564118948638307
845 3695 -0.012316396447280588
845 3710 -0.19612472525699567
845 3724 1.0
845 3739 0.2500551498209014
845 3754 0.40443661032543987
845 3769 -0.5222987355752656
858 859 -0.8392576799955119
858 3425 0.2469110141404406
858 3440 -0.2016145314048636
858 3455 0.6978086313104552
858 3470 -0.32695681056511844
858 3485 -0.3119467409434391
858 3500 1.0
858 3364 0.3396007055331966
858 3379 0.04978949193853782
858 3394 0.28117308125054585
858 3409 -0.6225281424387479
859 860 0.38978296841223986
859 3605 -0.25735821833400824
859 3620 0.14976687383006937
859 3635 -0.29275588964341437
859 3650 -0.2578749831315785
859 3665 0.9067555352285604
859 3680 -0.44217978763271426
859 3515 -0.15212386165016117
859 3530 0.42548341200111806
859 3544 0.9763115322230136
859 3559 -0.5138714815664372
859 3574 0.5557944162258143
859 3589 0.7239816386658118
860 3785 0.38927756304046274
860 3800 -0.10642112308600696
860 3815 -0.1471936689309499
860 3830 0.43309168450189234
860 3845 -0.06827043693922862
860 3860 -0.19995830894166503
860 3695 -0.3552693291180735
860 3710 -0.0734170570306534
860 3724 0.8594770933669895
860 3739 0.9643012553583842
860 3754 -0.2468220280774061
860 3769 -0.23076470517684963
873 874 -0.06862289441649848
873 888 0.4602813462942943
873 3425 0.06007956356141297
873 3440 0.5651226149653455
873 3455 0.06404412196578343
873 3470 -0.42076341457881195
873 3485 0.7020421969841303
873 3500 0.47939911916206024
873 3365 0.204357254284127
873 3380 -0.13543452367671036
873 3395 0.8153262288671642
873 3410 0.146317883747361
874 875 0.3002282328986041
874 889 -0.16147492526565163
874 3605 0.6255454903579164
874 3620 -0.6521948304215328
874 3635 -0.27897407135682645
874 3650 0.459521883659641
874 3665 -0.3842511080113836
874 3680 0.09046680777888984
874 3515 -0.5649970292086771
874 3530 0.08861913483408415
874 3545 0.416675817740399
874 3560 -0.0534271299028361
874 3575 0.9982960200948119
874 3590 -0.2644079985450349
875 890 -0.5135595039620896
875 3785 -0.007978788337850354
875 3800 0.47318389342538747
875 3815 0.21160256513931316
875 3830 0.18858436980502608
875 3845 0.5034755056877682
875 3860 0.26575591758920136
875 3695 0.7091655712379101
875 3710 -0.14487146770028694
875 3725 0.23163043080794582
875 3740 -1.0
875 3755 -0.1644211862046223
875 3770 -0.026731030841885446
888 889 0.02752760316405843
888 3425 0.215112625750118
888 3440 0.5019138427626642
888 3455 -1.0
888 3470 0.6295304920675487
888 3485 0.023320073198691494
888 3500 -0.730982721423468
888 3365 0.06776223549370912
888 3380 -1.0
888 3395 0.620338801807885
888 3410 0.018831882186325404
889 890 -0.5278538184473329
889 3605 -0.5696658614967799
889 3620 0.3565567153168441
889 3635 -0.3111150337586944
889 3650 -0.2592066618140854
889 3665 -0.925443104774824
889 3680 -0.12137814402697715
889 3515 -0.3715283110669718
889 3530 0.6824913680688901
889 3545 0.19999569895023933
889 3560 0.1648780832010883
889 3575 -0.3870799698324778
889 3590 0.09260039557546527
890 3785 0.01521370396013852
890 3800 -0.5611275000951395
890 3815 0.6330208939368277
890 3830 -0.05986929983913373
890 3845 -0.16590221841944638
890 3860 -0.7481337166309342
890 3695 0.39586042093351437
890 3710 -0.43074162346083805
890 3725 0.9697512467024528
890 3740 0.39458899665439956
890 3755 -0.7254345722162356
890 3770 1.0
903 904 0.016406338403217778
903 918 -0.4694992564400334
903 3425 -1.0
903 3440 0.4060959763452963
903 3365 -0.6273331397952203
903 3380 0.673704953725957
903 3395 -0.6519325313003479
903 3410 0.1489216756528154
904 905 -0.09847407176607953
904 919 -0.03690286872988341
904 3605 0.9254080511941832
904 3620 -0.8434432329413809
904 3455 -0.45264722015885406
904 3470 -0.7910535968374676
904 3485 0.0993807472232805
904 3500 0.053165041205660526
904 3515 -0.35944649997910555
904 3530 -0.639573493354043
904 3545 0.3191483487123947
904 3560 0.3431712618807731
904 3575 0.09807603597867742
904 3590 -0.5438753796881818
905 920 0.7819676085308102
905 3785 -0.03419685236851379
905 3800 -0.08178736416569732
905 3635 0.5944246826034627
905 3650 0.18515223752516044
905 3665 -0.5945846570955036
905 3680 -0.030639756684560978
905 3695 0.24350335934763973
905 3710 0.1637333239418163
905 3725 0.6424744299328125
905 3740 -0.15571600000936436
905 3755 -0.493076273048308
905 3770 -0.8172149804108009
918 919 -0.5495306520907612
918 3425 -0.6718123320468108
918 3440 -0.11933484359086757
918 3365 -0.006699370742985096
918 3380 0.3063875225389983
918 3395 0.3336143645041503
918 3410 0.33588527436415094
919 920 -0.4093993469199764
919 3605 -0.23319355508948653
919 3620 0.421835768234509
919 3455 -0.04926471482806204
919 3470 -0.6251625841377328
919 3485 0.7415140903606134
919 3500 0.2740446965711988
919 3515 0.38659639916815336
919 3530 -0.32982655850221654
919 3545 -0.1988044990744155
919 3560 0.13059859562174772
919 3575 0.6669994098005638
919 3590 0.12785754679861416
920 3785 0.37424774535927346
920 3800 0.34230067874926967
920 3635 -0.8609564980077004
920 3650 0.81829380189677
920 3665 0.31575058579596194
920 3680 1.0
920 3695 -0.36771857827185944
920 3710 0.9423780926042817
920 3725 0.2184398091630554
920 3740 0.5495385400244325
920 3755 -0.7243232422884454
920 3770 -0.7478823230408248
933 934 -0.0882980626434646
933 948 -0.6977905485671418
933 3425 -0.5059641556755152
933 3440 1.0
933 3365 -0.28983978424243434
933 3380 0.18233374789426834
933 3395 -0.3709632006555941
933 3410 -0.1366498268602574
934 935 0.28494181637759325
934 949 -0.5638773397800481
934 3605 -0.8921263121062628
934 3620 -1.0
934 3455 0.8752272175375156
934 3470 0.322740849804423
934 3486 -0.6118639368437043
934 3501 0.7528262487392781
934 3516 -1.0
934 3531 0.6761027392019723
934 3545 -0.061818143936308335
934 3560 0.02331927871150994
934 3575 0.2082088021445891
934 3590 1.0
935 950 -0.33023698200669993
935 3785 -0.9930762082941561
935 3800 -0.008205598040673152
935 3635 0.053304632277488107
935 3650 -0.9093481960732858
935 3666 0.15622194564288697
935 3681 -0.41562791608423366
935 3696 -0.6495291385215711
935 3711 0.14590065842260513
935 3725 -0.008648743551461552
935 3740 0.3851529092560097
935 3755 0.8370247688969815
935 3770 0.27722862985181357
948 949 -0.8169451928157331
948 3425 0.6833187875428898
948 3440 -1.0
948 3365 -0.09664232036896422
948 3380 0.22268730982045176
948 3395 -0.23076135275820642
948 3410 -0.15370781555546226
949 950 0.06394961860312605
949 3605 -0.5154447953103178
949 3620 -0.028240817149263516
949 3455 0.8518136001951834
949 3470 0.32540401990132123
949 3486 0.39887169978937664
949 3501 0.6184289435892064
949 3516 -0.030571881497021416
949 3531 -0.19200011033850456
949 3545 -0.5133305779756091
949 3560 -0.2636308607623736
949 3575 0.01745491622527241
949 3590 -0.3001197389031887
950 3785 -0.4262144516733272
950 3800 0.5935749560801539
950 3635 0.22063967548160138
950 3650 -0.2100755006537752
950 3666 0.00288218231133485
950 3681 0.36809419940441873
950 3696 -0.017151181840863873
950 3711 -0.25192936654480613
950 3725 0.1405133117005152
950 3740 0.7331999767583337
950 3755 -0.2629518405095669
950 3770 -0.5692505863007855
963 964 -0.8067831384589796
963 978 0.43722804140698995
963 3425 0.46081448590459195
963 3440 -0.9266168390204073
963 3455 -0.22516350400697183
963 3470 0.10018045419008535
963 3486 -0.3795556746194854
963 3501 0.025765039888994434
963 3516 0.24366456563323421
963 3531 -0.9380419719781852
963 3545 -0.42933436334213054
963 3560 0.03526064443022044
963 3395 -0.3186540652221422
963 3410 0.19498088076827905
964 965 -0.23892906010439366
964 979 -0.21649443724248185
964 3605 0.5272009969442503
964 3620 0.8012075028749142
964 3635 -0.5550731450783759
964 3650 -0.3540700803576736
964 3666 -0.12311510343423988
964 3681 0.44356681067439213
964 3696 -0.7006699363959721
964 3711 0.11390614699597588
964 3725 -0.27598183034432533
964 3740 -0.3737388638366947
964 3575 -0.668619969413966
964 3590 -0.37685591548143177
965 980 -0.018250827518029665
965 3785 0.2666304212737377
965 3800 -0.5823807342615466
965 3815 -0.4800481392629662
965 3830 -0.3270880675198285
965 3846 0.04829374772183935
965 3861 -0.2790528336400019
965 3876 0.0032579820752715247
965 3891 -0.06278855087051773
965 3755 -0.05883043946867073
965 3770 1.0
978 979 0.6226877056053395
978 3425 0.1185080693920568
978 3440 0.9242346600372732
978 3455 -0.15386316474527187
978 3470 -0.29121236775216697
978 3486 0.049614613735321
978 3501 -0.38362693141963555
978 3516 0.4450487683474951
978 3531 -0.4568047158821087
978 3545 -0.19460241530024674
978 3560 -0.287438988771414
978 3395 0.34560105438966604
978 3410 -0.0188809392105923
979 980 0.22946542227010144
979 3605 -0.6540012115341448
979 3620 -0.535615109642497
979 3635 0.36351661777790945
979 3650 1.0
979 3666 0.3812478128313304
979 3681 0.7321218984709928
979 3696 -0.6262903298659931
979 3711 -0.5414825864055126
979 3725 -0.207472796591094
979 3740 0.026259492237867433
979 3575 0.2018517896953409
979 3590 0.6987779696182584
980 3785 0.16858310524229791
980 3800 0.43305926951375767
980 3815 0.6393753779058303
980 3830 -0.18937787277270476
980 3846 0.20475432493516388
980 3861 -0.5100646383309698
980 3876 -0.4843038716691035
980 3891 0.7340384234307619
980 3755 0.2643453799476573
980 3770 -0.19543847938105316
993 994 -0.2812242359264858
993 1008 0.03928512268503887
993 3426 0.6934668563905749
993 3441 0.5465050755864318
993 3456 -0.10267858880338163
993 3471 -0.47117060740077016
993 3486 -1.0
993 3501 0.03936348277056465
993 3516 -0.45568495575971923
993 3531 0.5361849153302417
993 3545 0.48805562058167057
993 3560 0.41823713962191594
993 3395 0.6148538775157206
993 3410 -0.6197893320709688
994 995 0.3476247299442375
994 1009 0.34333814755899195
994 3606 0.020070211125608445
994 3621 -0.5135886946517787
994 3636 -0.10030330808896584
994 3651 0.7229731322564722
994 3666 -0.4216519563669179
994 3681 1.0
994 3696 -0.8168864050692817
994 3711 -0.3834402130301266
994 3725 0.4402813911651766
994 3740 0.5821668388944061
994 3575 -0.02817971627606315
994 3590 -0.1876910510191145
995 1010 0.5787593358394374
995 3786 -0.8888924024610105
995 3801 -0.7666548581033296
995 3816 -0.4104463760567857
995 3831 -1.0
995 3846 0.7428964290524003
995 3861 -0.34106830811512906
995 3876 0.23992757609623358
995 3891 -0.0765905110084076
995 3755 -0.6938358896199502
995 3770 0.27667161693640907
1008 1009 -0.8340727791136983
1008 3426 0.43254504941708566
1008 3441 0.4158875226128646
1008 3456 1.0
1008 3471 -0.29155921162682097
1008 3486 -0.15600741472887614
1008 3501 0.18620747174430807
1008 3516 0.14636324232750186
1008 3531 -0.7814396772928421
1008 3545 0.38317468743423033
1008 3560 -1.0
1008 3395 0.03647589837879946
1008 3410 1.0
1009 1010 0.07140991570614381
1009 3606 0.049449285950960806
1009 3621 0.3986768704535299
1009 3636 0.2892471180611495
1009 3651 -0.26658414983585155
1009 3666 0.03663202696745558
1009 3681 -0.13628187078857906
1009 3696 0.6239593650936182
1009 3711 -0.18839609644062713
1009 3725 -0.25920240071133593
1009 3740 -1.0
1009 3575 -0.1574970723288626
1009 3590 -0.5111636495388406
1010 3786 0.4283265694354984
1010 3801 0.48301220885554375
1010 3816 -0.3716923095937096
1010 3831 0.6190668670078541
1010 3846 -0.0658932258262375
1010 3861 -0.061355524145274315
1010 3876 -0.5635694650766228
1010 3891 -0.2560892263264463
1010 3755 -0.3800742358388988
1010 3770 -0.16273035329245125
1023 1024 -0.24112134644552638
1023 1038 -0.028036262009972054
1023 3426 -0.03925645446516556
1023 3441 -0.2633257323011177
1023 3456 -0.40728290544643725
1023 3471 -0.12892658963682627
1023 3486 0.03326500008090455
1023 3501 0.1575720895990578
1023 3365 0.104694482217074
1023 3380 0.5946642830701268
1023 3395 0.4686492778291959
1023 3410 -0.1527993980616772
1024 1025 -0.09572333846298012
1024 1039 0.2656521442744111
1024 3606 -0.2752950126906922
1024 3621 -0.6265613107759425
1024 3636 -0.25484307976708004
1024 3651 -0.12453627739593215
1024 3666 0.6704248402161519
1024 3681 -0.537402873570401
1024 3516 -0.5596392832965698
1024 3531 0.10618838357712722
1024 3545 -0.23049725261935963
1024 3560 0.00916767474092971
1024 3575 0.26373329611297475
1024 3590 -0.5129112122366504
1025 1040 0.5806878606779765
1025 3786 0.15414717708375245
1025 3801 0.5627705582152419
1025 3816 0.14862004356106495
1025 3831 0.2813274136663358
1025 3846 -0.5368901138428646
1025 3861 -0.0491759014292892
1025 3696 -0.0745784922070694
1025 3711 0.42278031722140574
1025 3725 -0.054774769378139423
1025 3740 0.22010656661043482
1025 3755 0.5363862912072713
1025 3770 0.4324089806706468
1038 1039 0.5734759143054421
1038 3426 -0.3597529985380886
1038 3441 0.74554749141599
1038 3456 0.0841927038885783
1038 3471 -0.1513994134039587
1038 3486 0.08188534534304895
1038 3501 -1.0
1038 3365 0.27258144703964876
1038 3380 -0.35882021763164923
1038 3395 0.652063271570376
1038 3410 0.7772175339011856
1039 1040 0.132463317158414
1039 3606 0.017003062108288
1039 3621 -0.6051288893183437
1039 3636 -0.49836184893377566
1039 3651 -0.2802111689201051
1039 3666 0.38671051852349786
1039 3681 0.6428980981631135
1039 3516 -0.2506396670574928
1039 3531 0.41381511217367395
1039 3545 0.8224534470349201
1039 3560 0.6397278951521395
1039 3575 -0.8058576941900486
1039 3590 -0.09111920579174006
1040 3786 -0.5690139217134919
1040 3801 0.22479586601923646
1040 3816 0.04231157081803927
1040 3831 -0.016611695990530924
1040 3846 0.21003047193298569
1040 3861 -0.49530302260473835
1040 3696 1.0
1040 3711 -0.5449544268987323
1040 3725 -0.5727088656563291
1040 3740 -1.0
1040 3755 -0.6303383038621266
1040 3770 0.6269862756091947
1053 1054 -0.5894448501322014
1053 1068 -0.5038801607237264
1053 3426 0.1672112715000966
1053 3441 0.7438312942738683
1053 3456 0.31117691839440237
1053 3471 0.20153480656211198
1053 3486 0.7783996457183151
1053 3501 -0.275635089138066
1053 3366 1.0
1053 3381 -0.6006402499014715
1053 3396 -1.0
1053 3411 0.31291821132002445
1054 1055 -0.4104010450227888
1054 1069 -0.5016276569299882
1054 3606 0.30379112191678603
1054 3621 -0.6168533862780756
1054 3636 -1.0
1054 3651 -0.005529876736552639
1054 3666 0.4302712652966681
1054 3681 -0.6868123795107831
1054 3516 -0.026367650903768924
1054 3531 0.3207463215967978
1054 3546 -0.7222115397873301
1054 3561 -0.5245724536178384
1054 3576 -0.3848417216796723
1054 3591 -0.1899329340932641
1055 1070 -0.286783860707916
1055 3786 0.7694279431563342
1055 3801 -0.2129804313685128
1055 3816 0.1273573106390656
1055 3831 0.35632383299592624
1055 3846 -0.2967024793257174
1055 3861 0.7590394273709313
1055 3696 0.14650172260766836
1055 3711 0.2953313761931186
1055 3726 0.7167400099946933
1055 3741 0.38655390678299434
1055 3756 0.31925820224652857
1055 3771 -0.27135836450709633
1068 1069 0.9203462922610776
1068 3426 -0.030297537047993983
1068 3441 -0.08283173232406783
1068 3456 -0.09170422124769512
1068 3471 0.29811316216059675
1068 3486 0.20867244415632022
1068 3501 -0.4022303339736208
1068 3366 0.5005032730951152
1068 3381 0.3795373299486121
1068 3396 0.6974464962701893
1068 3411 0.20003517139741814
1069 1070 0.3034243928429676
1069 3606 -0.0006643646233511105
1069 3621 -0.03317254130216339
1069 3636 -0.04213517197520457
1069 3651 0.011768726564568626
1069 3666 0.12700877183114803
1069 3681 -0.11378744434674054
1069 3516 -0.9107012296724789
1069 3531 0.15479003688400333
1069 3546 -0.4002307568650927
1069 3561 -0.2171945808758286
1069 3576 0.09464789606754356
1069 3591 -0.24914881708916153
1070 3786 0.9789625427090923
1070 3801 0.11986451039192593
1070 3816 -0.5619341272238091
1070 3831 0.7805557227131297
1070 3846 0.256723763857884
1070 3861 0.05076558511524445
1070 3696 0.022062453793531205
1070 3711 0.14893581977761364
1070 3726 0.32595890270439964
1070 3741 1.0
1070 3756 0.5420528219230337
1070 3771 -0.29814767447384377
1083 1084 0.02660809778956117
1083 1098 0.45173524199161413
1083 3426 -0.18284928207833764
1083 3441 -0.07228156229863747
1083 3366 -0.053066328345968757
1083 3381 0.008402625139897339
1083 3396 0.9461361443380671
1083 3411 -0.443877105747178
1084 1085 0.7327901105197437
1084 1099 -0.22290138557717784
1084 3606 0.10191877748002294
1084 3621 0.11137360565083729
1084 3456 0.040758132610910845
1084 3471 0.251090374261145
1084 3486 -0.27315092006568775
1084 3501 0.5749827513603736
1084 3516 -0.6312310549984905
1084 3531 -0.3702477518096184
1084 3546 1.0
1084 3561 0.11975956742068747
1084 3576 0.1995755245694111
1084 3591 -0.3548635152204682
1085 1100 0.36304859221474833
1085 3786 0.2518639620735423
1085 3801 -0.6520447132897806
1085 3636 0.05334598905458195
1085 3651 0.1496430123127486
1085 3666 -0.30219742137883515
1085 3681 -0.147209734288599
1085 3696 -0.6346664100814878
1085 3711 -0.4229875101069206
1085 3726 -0.14864990522398644
1085 3741 -0.8457165748465924
1085 3756 -0.8746620923691459
1085 3771 0.4655258231779651
1098 1099 -0.5438353679031409
1098 3426 -0.6964536515343888
1098 3441 -0.045519660054333284
1098 3366 -0.11861948036904112
1098 3381 -0.09657999279381273
1098 3396 -0.08566148057802794
1098 3411 0.02775759791166984
1099 1100 -0.561160211621745
1099 3606 1.0
1099 3621 -0.16320467075878703
1099 3456 1.0
1099 3471 -1.0
1099 3486 0.4429192607892791
1099 3501 0.7072875333044822
1099 3516 0.6017458703089195
1099 3531 0.20534816278802184
1099 3546 0.69222504997376
1099 3561 0.7119742406081045
1099 3576 0.050123261629876126
1099 3591 -0.8525092641443546
1100 3786 0.28242081228692456
1100 3801 -0.33768367320317566
1100 3636 0.2763697138846474
1100 3651 -0.3347792548094753
1100 3666 -1.0
1100 3681 -0.08882588846973093
1100 3696 0.3432834393589605
1100 3711 0.15193004658078502
1100 3726 0.37638504673315104
1100 3741 0.45243062770916276
1100 3756 0.1096976424544609
1100 3771 0.6855243836084857
1113 1114 -0.05145900378180351
1113 1128 -0.6305409966715511
1113 3426 -0.16213761437881255
1113 3441 -1.0
1113 3366 -0.29249346830114026
1113 3381 -0.0634180095802579
1113 3396 -0.009912406310179636
1113 3411 -0.6671234879457778
1114 1115 -0.20602107838735717
1114 1129 0.30394246311539586
1114 3606 -0.5201889750256192
1114 3621 0.14468062512485658
1114 3456 0.16411991390568725
1114 3471 0.4416047466342122
1114 3546 0.0817331282005349
1114 3561 -0.1775879039176155
1114 3576 0.6415064477162488
1114 3591 -0.2820581854838284
1115 1130 -0.4973626728438205
1115 3786 -0.2827852978253542
1115 3801 0.05192395483770745
1115 3636 0.09593814749379849
1115 3651 0.2417899793174394
1115 3726 -0.6103509836604261
1115 3741 1.0
1115 3756 -1.0
1115 3771 -0.26414102240118603
1128 1129 -0.5537297944777566
1128 3426 0.19223174695130296
1128 3441 -0.19952238535007838
1128 3366 -0.9136396365918015
1128 3381 -0.35698468478820433
1128 3396 -0.3300616674784529
1128 3411 0.10536251163159502
1129 1130 0.13811721460257798
1129 3606 0.07391332411691331
1129 3621 0.6037120587640119
1129 3456 0.47775347730020407
1129 3471 0.34088407591452025
1129 3546 -1.0
1129 3561 0.517091160582188
1129 3576 1.0
1129 3591 -0.05414394430869778
1130 3786 0.48777547354597933
1130 3801 -0.5427463617528404
1130 3636 0.6647212284562378
1130 3651 -0.7792861449843472
1130 3726 0.48734306705065633
1130 3741 0.8885032101110049
1130 3756 -0.017913231743632223
1130 3771 0.17271425576273794
3364 3365 0.7768742576688733
3364 3379 -0.08363138224296311
3365 3366 0.0508096618857467
3365 3380 1.0
3366 3381 -1.0
3379 3380 1.0
3380 3381 -0.35979905004287205
3394 3395 -0.6011425621011025
3394 3409 -0.8376712004945163
3395 3396 0.5463659053119353
3395 3410 0.10933886884460489
3396 3411 0.2221316727794973
3409 3410 -0.23379393147232283
3410 3411 0.5856743618731005
3424 3425 0.5027235115897083
3424 3439 -0.040371068957808905
3425 3426 0.49347198969621175
3425 3440 0.04836345333989323
3426 3441 -0.06226563955000004
3439 3440 -0.7432156376587595
3440 3441 -0.037173866661777896
3454 3455 0.2048228641420703
3454 3469 0.44881957873700506
3455 3456 -0.4545054262642341
3455 3470 -0.12689655573906608
3456 3471 -0.7372636853559068
3469 3470 -0.3952863365425456
3470 3471 -0.024797635297775813
3484 3485 -0.7490165386536363
3484 3499 -1.0
3485 3486 -0.16578335011968265
3485 3500 -0.6230597237688691
3486 3501 0.07189334239997008
3499 3500 -1.0
3500 3501 -0.792546394701984
3514 3515 0.08272557472324402
3514 3529 0.46617798515582026
3515 3516 0.28313158360280194
3515 3530 -0.652864500234304
3516 3531 0.17927302874453271
3529 3530 0.07866777928162158
3530 3531 -0.3356236555195476
3544 3545 -0.15339180780242997
3544 3559 0.3988285900989544
3545 3546 0.2562351780994307
3545 3560 0.649829361301066
3546 3561 -1.0
3559 3560 0.18187392501132593
3560 3561 0.5191805261345478
3574 3575 0.3510871132766579
3574 3589 0.312284982603965
3575 3576 -0.1856426213466905
3575 3590 0.34026482379832357
3576 3591 -0.41907755328685015
3589 3590 -0.4080236110391508
3590 3591 -0.5955007544064757
3604 3605 -0.2953070927375083
3604 3619 0.43130783196753514
3605 3606 -0.35726167062024056
3605 3620 -0.014046678488509606
3606 3621 0.9630946861800247
3619 3620 -0.41444555656831766
3620 3621 -0.24345050958761852
3634 3635 -0.4362746937017928
3634 3649 -0.3588383176070579
3635 3636 -0.19283905695555417
3635 3650 -0.27833129942321977
3636 3651 0.7120376052626582
3649 3650 -0.9961689762993164
3650 3651 -0.5777442608584887
3664 3665 0.6707016895537252
3664 3679 -0.925452776518945
3665 3666 -0.08543950181554281
3665 3680 -0.2686850058252162
3666 3681 -0.8858184847491388
3679 3680 -0.1268904609883214
3680 3681 0.9378382221363003
3694 3695 -0.8407970090064589
3694 3709 0.049090420808808946
3695 3696 -0.5504087617522768
3695 3710 1.0
3696 3711 0.0765023980427257
3709 3710 0.4083659241332273
3710 3711 -0.1126350449180278
3724 3725 -0.6800350966326727
3724 3739 -0.1793959472957361
3725 3726 -0.16698946067511383
3725 3740 0.8202089196284795
3726 3741 0.14177695931205966
3739 3740 0.5042343345254319
3740 3741 -0.20245176928560013
3754 3755 0.09712839325114413
3754 3769 0.23759720604840456
3755 3756 0.19667210658653902
3755 3770 -0.20523707446392817
3756 3771 -0.005514182720770597
3769 3770 0.30597357628533056
3770 3771 0.37196577137447134
3784 3785 0.7498259259871981
3784 3799 0.6566966536035156
3785 3786 -0.15952874521634713
3785 3800 0.3095257191912806
3786 3801 0.11209742098369778
3799 3800 -0.11503478934500692
3800 3801 -0.006699830308118717
3814 3815 -0.04395711881384265
3814 3829 0.671658007855014
3815 3816 -0.0048582808994044584
3815 3830 -0.2171118900370663
3816 3831 -0.058006319128619976
3829 3830 -0.4388519547227826
3830 3831 -0.554274575209809
3844 3845 0.3887951559144946
3844 3859 -0.08154203199526162
3845 3846 -0.1144365047052331
3845 3860 0.7592203819893362
3846 3861 0.2815477175781049
3859 3860 -0.3875781936934952
3860 3861 0.3048916082110149
3874 3875 0.6585819390325331
3874 3889 -0.01383339534773794
3875 3876 -0.09759171965166932
3875 3890 0.7761798317776549
3876 3891 -0.14741853253984094
3889 3890 -0.5222392368494131
3890 3891 -0.08403054095164815
