# 
603 603 -0.560539679138407
604 604 0.10459788105862754
605 605 -0.21134385728488986
618 618 -1.884043250895249
619 619 -0.7041928852269924
620 620 -0.518649364540547
633 633 -0.6645750117815145
634 634 -0.38867311561220635
635 635 0.31479964860198156
648 648 -0.7327773655652211
649 649 -0.668492483274218
650 650 0.0988886128379981
663 663 0.13151317255358133
664 664 1.0128654538637156
665 665 -1.6767120557715993
678 678 -0.9822875883826565
679 679 -0.04154033609858093
680 680 0.11051256948656005
693 693 1.9484076976092457
694 694 0.1716301860100276
695 695 0.9165028401585554
708 708 -0.0488143050226666
709 709 1.7664139608784075
710 710 0.5743476176900721
723 723 0.27901659414535585
724 724 0.6516439105922229
725 725 1.7708183977576168
738 738 -0.5771755773764368
739 739 -0.23285908896906857
740 740 -1.4401268228270792
753 753 0.7329027822451114
754 754 -1.0664346590393916
755 755 1.8324611906036588
768 768 0.12122358972819317
769 769 0.9358228430243394
770 770 0.4008106641583702
783 783 0.20203737102338312
784 784 -2.186181576475606
785 785 -0.09758807973065728
798 798 -0.8007544997043881
799 799 0.8093874021042542
800 800 -1.37042887101278
813 813 0.46747846415964817
814 814 -0.42565468830810016
815 815 0.6401901989911182
828 828 -0.2212814730128795
829 829 0.3184497906100567
830 830 -0.2157988921296261
843 843 0.3109640346003644
844 844 -0.32022536977848765
845 845 1.470642744272029
858 858 0.0682441523334079
859 859 1.241481947093141
860 860 0.4244602730360659
873 873 -1.1363213760625797
874 874 0.33894594725723337
875 875 1.7712485985416404
888 888 -0.27572569514860457
889 889 0.40372592592584017
890 890 1.0846667772467649
903 903 -0.29707647783650065
904 904 0.7849738927912168
905 905 -0.9360195316051301
918 918 0.6031226317165954
919 919 -0.4157599540401617
920 920 0.5331842440058774
933 933 1.2667172842797407
934 934 -1.7215694019830856
935 935 1.3485527916269233
948 948 1.134757469894525
949 949 -0.19746222917390963
950 950 -1.417488856532683
963 963 0.224876338862197
964 964 2.0226654081575846
965 965 0.7881751642511298
978 978 -1.173915993466072
979 979 -0.1582259933153994
980 980 1.0960434652900493
993 993 -1.4191837867835897
994 994 0.291240372841469
995 995 -0.34176479564065965
1008 1008 -0.1268125572498953
1009 1009 -0.8088166705962254
1010 1010 0.17440818919053766
1023 1023 -1.2297393514735346
1024 1024 0.33784421924421965
1025 1025 -1.43159680853853
1038 1038 0.05440494130369916
1039 1039 -1.3935898112332843
1040 1040 -1.4363326977006345
1053 1053 -1.7706873336429696
1054 1054 0.1885187530358965
1055 1055 -0.5333719156324193
1068 1068 1.353760693046193
1069 1069 1.402445051139513
1070 1070 -1.2224514084529539
1083 1083 0.21009334549478023
1084 1084 0.14747508579558394
1085 1085 0.7046752011933826
1098 1098 -0.573208297809856
1099 1099 0.033863064656599814
1100 1100 1.006860684165937
1113 1113 -0.6533581356369038
1114 1114 -0.45020196944996926
1115 1115 1.6104977268770146
1128 1128 0.07979189879815105
1129 1129 0.5008927316771158
1130 1130 -0.6364822908087876
3364 3364 -0.2939944296528976
3365 3365 1.6802342748968984
3366 3366 0.08714272953189926
3379 3379 -1.8081372799165942
3380 3380 0.514827620559195
3381 3381 -0.38323437261155757
3394 3394 -0.4284979245188327
3395 3395 -0.20344957929967625
3396 3396 0.9421699404999976
3409 3409 0.21539086928031254
3410 3410 0.7254658815328185
3411 3411 -0.9104076503551047
3424 3424 0.011210112908420566
3425 3425 -0.692976783382068
3426 3426 0.5337450872813599
3439 3439 0.06935004450114489
3440 3440 -1.3470456655773901
3441 3441 -1.2547292347035817
3454 3454 0.8976909699529763
3455 3455 0.4138416716583315
3456 3456 0.7181278829034914
3469 3469 -1.0314328703126092
3470 3470 -0.22773142116580203
3471 3471 -0.5407606821570046
3484 3484 0.5388644232559644
3485 3485 0.32375843248695774
3486 3486 -0.13518948517542959
3499 3499 0.4057052954314175
3500 3500 -0.3449912981650727
3501 3501 -1.3529716901606887
3514 3514 0.20957520425403683
3515 3515 -0.40717382672847297
3516 3516 0.868511564301531
3529 3529 -0.25093051381662623
3530 3530 -1.1792996218628737
3531 3531 0.3107042450657678
3544 3544 1.1429521660130637
3545 3545 -0.692962484915869
3546 3546 -0.7424491892192129
3559 3559 -0.26184804276524637
3560 3560 0.563088031931646
3561 3561 -0.00030879961201185836
3574 3574 -1.5862215248778635
3575 3575 -0.8133647964097144
3576 3576 -0.7745700894478783
3589 3589 -0.6040830712267802
3590 3590 0.11566710133034575
3591 3591 0.2046697083553693
3604 3604 0.21290507995090943
3605 3605 -1.1301273835108225
3606 3606 -0.8150791562402714
3619 3619 0.7334363399126741
3620 3620 1.1555715167620582
3621 3621 -1.5380005612803207
3634 3634 -0.46722444612836384
3635 3635 -0.5028276079115224
3636 3636 -0.7995492323404768
3649 3649 -0.2287807378121265
3650 3650 -1.2446157553555466
3651 3651 0.9558168615447808
3664 3664 0.6751995016348731
3665 3665 1.8006662387851147
3666 3666 -0.3398968031670053
3679 3679 1.6702310826584978
3680 3680 -1.4864649382314452
3681 3681 1.527706892579364
3694 3694 0.5807543794769915
3695 3695 -0.5971467067435753
3696 3696 0.2636686437152752
3709 3709 -0.2756578278525426
3710 3710 -0.566858410792849
3711 3711 -0.17020527228339705
3724 3724 0.22644449263771263
3725 3725 0.863392934976518
3726 3726 0.24024574249477382
3739 3739 0.3312340502377654
3740 3740 -0.9445172567490109
3741 3741 -1.2124259604170216
3754 3754 -0.6612357846466983
3755 3755 -2.1006559251167936
3756 3756 1.3737547479910985
3769 3769 -1.4098946102898633
3770 3770 0.703055839558364
3771 3771 -1.4087551761350607
3784 3784 0.5053638038405176
3785 3785 -0.27045372531096834
3786 3786 -1.1629958608969793
3799 3799 0.34535201811545746
3800 3800 1.41681224091899
3801 3801 0.5941470897656413
3814 3814 -0.2931165053558873
3815 3815 -0.7601095220213382
3816 3816 -0.1240128042646112
3829 3829 0.11639549658896288
3830 3830 -0.3989548134824387
3831 3831 -0.3653527786798108
3844 3844 0.46453138749540535
3845 3845 0.8267231150620596
3846 3846 -1.3308071689821388
3859 3859 -0.687170377656635
3860 3860 -0.12757904652307556
3861 3861 -0.047707034261390134
3874 3874 -0.5059073764032972
3875 3875 1.1850121579221995
3876 3876 0.24852803756493333
3889 3889 -0.18169982008209984
3890 3890 0.05009711462611699
3891 3891 0.5202768051513961
603 604 0.02944202559045787
603 618 0.2962970325516695
603 3484 -0.8484835283623976
603 3499 0.08199091561499332
603 3514 0.39686959212875145
603 3529 0.44236589463122167
604 605 -0.3830288335500515
604 619 -0.29577679789295247
604 3664 0.6900212979598326
604 3679 0.29687023688921116
604 3694 -0.5367334151399733
604 3709 0.219854891871331
605 620 0.44756932603272553
605 3844 -0.6708134027992882
605 3859 -0.058236568121780206
605 3874 0.26778089626103063
605 3889 0.4590130170164487
618 619 -0.23102384582163824
618 3484 0.7758120164467966
618 3499 -0.70327431311224
618 3514 0.03770548899695382
618 3529 0.7406922663540724
619 620 -0.3339109158298603
619 3664 -0.46155935779026447
619 3679 -1.0
619 3694 0.009788540218101648
619 3709 -0.13775140274886571
620 3844 -0.2101469693241047
620 3859 -0.2011841174058397
620 3874 0.3876534185066841
620 3889 -0.8643750052004102
633 634 -0.666586976303253
633 648 -0.4129507813000447
633 3424 0.8663583303302484
633 3439 1.0
633 3454 0.5810103407937588
633 3469 -0.19753891900222306
633 3484 -0.21568728092508632
633 3499 -0.7609068517280553
633 3514 -0.5622821920092366
633 3529 0.1358091701000099
634 635 0.3487184406959329
634 649 -0.4667622270653537
634 3604 0.13478932520021597
634 3619 -0.09361154337198102
634 3634 -0.8630947635360128
634 3649 -0.8868661184815828
634 3664 -0.46753904020657555
634 3679 -1.0
634 3694 0.23814641579298243
634 3709 0.10555789964715775
635 650 0.4374724422807653
635 3784 -0.1705723624905035
635 3799 0.5590260836380908
635 3814 0.391485051914176
635 3829 0.8383224377616755
635 3844 -0.6488524986152358
635 3859 0.008313045252399492
635 3874 -0.03865890580575952
635 3889 0.19329596555083292
648 649 0.4093710027288891
648 3424 -0.756512977025503
648 3439 0.18595325032275098
648 3454 0.4069358239504395
648 3469 -1.0
648 3484 -0.31563002252440053
648 3499 -0.13324083697107728
648 3514 0.430557301544064
648 3529 1.0
649 650 -0.47737996025583396
649 3604 0.27079321369875214
649 3619 0.7765714049538753
649 3634 -0.22163631848630885
649 3649 0.19900872377631743
649 3664 0.7488301194149869
649 3679 -0.9817495028442195
649 3694 -0.33724816095402704
649 3709 -0.22320845386651084
650 3784 -0.2721431772104924
650 3799 -1.0
650 3814 0.10035225088371207
650 3829 0.3561858760195584
650 3844 -0.3300738874630795
650 3859 0.4013798257666498
650 3874 -0.7454884829542542
650 3889 -0.7619408861414735
663 664 -0.7528988341912423
663 678 -0.946201031349716
663 3424 -0.5673162692491659
663 3439 0.4491831826881839
663 3454 0.39091207048353044
663 3469 -0.11849935278344106
663 3484 -0.18653331174306523
663 3499 -0.41990868690195265
664 665 -0.3504158872684147
664 679 0.5727337231915314
664 3604 -0.6413691945033193
664 3619 0.14194665642447893
664 3634 -0.2407485678883317
664 3649 0.5318894263548493
664 3664 0.1199421182842321
664 3679 -0.3839320858458534
664 3514 0.41542428496328515
664 3529 0.17026454213389003
665 680 0.1568206331175533
665 3784 0.04600085384344772
665 3799 -0.4955772154731991
665 3814 0.0011031298978134158
665 3829 -0.09186593741763446
665 3844 -0.3094665523099452
665 3859 0.18299329695609073
665 3694 -0.47116790757061294
665 3709 -0.23029884968178482
678 679 0.3415191627134528
678 3424 1.0
678 3439 0.16895800355698548
678 3454 0.32610697788085036
678 3469 0.3694886494345385
678 3484 0.3979070461963599
678 3499 0.0754735871617208
679 680 -1.0
679 3604 -0.1851516631840921
679 3619 1.0
679 3634 0.5071993061243109
679 3649 0.2080135221750777
679 3664 0.8161887733801975
679 3679 0.26449821226249176
679 3514 0.6222388943701604
679 3529 -0.6589155797665671
680 3784 -0.44687119686186944
680 3799 -0.6438900755943036
680 3814 -0.693551515589681
680 3829 -0.6760977953498963
680 3844 0.502302907283756
680 3859 -0.31975831840514635
680 3694 0.2362902668277476
680 3709 -0.04507167513719188
693 694 0.5878842566233641
693 708 0.5419383639957642
693 3424 -0.7301183456331737
693 3439 -0.6289648855055642
693 3454 0.0406968020834061
693 3469 -0.060594240210728664
693 3484 0.04087358975318504
693 3499 0.10377569216603698
693 3364 0.09180262753723319
693 3379 0.21394962132861722
693 3394 0.48585319169326746
693 3409 -0.22375610674343416
694 695 -0.256581840490693
694 709 -0.033943074686503406
694 3604 -0.4646649079345043
694 3619 0.14016281696048002
694 3634 1.0
694 3649 0.6040191374490226
694 3664 0.18443291670504353
694 3679 0.8016162581142591
694 3514 0.1863472408061519
694 3529 -0.5355007210319971
694 3544 -0.2626479389021668
694 3559 -0.5046582320692259
694 3574 1.0
694 3589 0.4595932114895827
695 710 0.420095752316934
695 3784 -0.053695711765806106
695 3799 0.07994718242690349
695 3814 0.7627153559543108
695 3829 0.539348190535156
695 3844 -0.30420816483127555
695 3859 0.3852413973373262
695 3694 0.22320690099115875
695 3709 0.11336052366016114
695 3724 0.45067832791708307
695 3739 0.02438372780047609
695 3754 -1.0
695 3769 0.11485183106509028
708 709 0.4122199508940009
708 3424 0.49133621442539277
708 3439 -0.767730250429626
708 3454 0.9277721807057752
708 3469 0.4442346970230061
708 3484 -0.04934237982184691
708 3499 -0.3717540449808504
708 3364 0.5436516615203202
708 3379 -0.49548007857483645
708 3394 -1.0
708 3409 -0.4734610085251848
709 710 0.5601397596520579
709 3604 0.4900160055903677
709 3619 -0.7568268838902142
709 3634 -0.43294440873939116
709 3649 0.2287726383506914
709 3664 -0.049028232886801394
709 3679 -0.1026836459833295
709 3514 0.37332178019374346
709 3529 -0.093847795036066
709 3544 0.642965591538497
709 3559 -0.23538078622781405
709 3574 0.06970623250115361
709 3589 0.38301281724066594
710 3784 -1.0
710 3799 0.16550045722625298
710 3814 -0.29156556296872155
710 3829 -0.35761619680166346
710 3844 1.0
710 3859 0.5533105126093721
710 3694 0.8530143038404588
710 3709 -0.4131143905222309
710 3724 -0.31888028794722245
710 3739 0.43609894561645485
710 3754 -0.32954299226099554
710 3769 0.7085833173481566
723 724 0.49114944569345254
723 738 0.4461686179452688
723 3424 -0.6390354947331278
723 3439 -0.2938811252850108
723 3364 -0.35314586574675105
723 3379 -0.8815743358103724
723 3394 0.13496370577291344
723 3409 0.8916370504365285
724 725 -0.3688042202334038
724 739 -0.3476358870244105
724 3604 0.9336167101374588
724 3619 -0.6108722071464286
724 3454 -0.06649780091435081
724 3469 0.695449464661061
724 3484 0.2529640913653562
724 3499 1.0
724 3514 0.5631573179425127
724 3529 -0.02088388283719241
724 3544 -0.33638877905684494
724 3559 -0.0040524821630053675
724 3574 -0.44917989865279945
724 3589 -0.12998129561017158
725 740 0.29019358487531416
725 3784 -0.30667984953891714
725 3799 -0.6757863922373009
725 3634 0.2114069008284823
725 3649 -0.6239749569332389
725 3664 0.014593618424098714
725 3679 0.9875346141500287
725 3694 0.4091416597397832
725 3709 1.0
725 3724 1.0
725 3739 -0.21924079154970288
725 3754 -0.8112267319972196
725 3769 0.11987894901138249
738 739 -0.8300774789810591
738 3424 -0.22938865280868692
738 3439 -0.3681829400791537
738 3364 -0.5652404000859044
738 3379 -0.4016755264060448
738 3394 -0.41383314205673516
738 3409 -0.7179875052454056
739 740 -0.6118832342208474
739 3604 -1.0
739 3619 -0.34047359713744635
739 3454 -0.27642737216329333
739 3469 0.02819287140242673
739 3484 1.0
739 3499 0.01343463412736116
739 3514 -0.03001181464878519
739 3529 -0.2655192224860935
739 3544 0.5424069434093747
739 3559 -0.5448807127051108
739 3574 0.27111066378823706
739 3589 -0.2433250700750154
740 3784 0.06845386810077948
740 3799 0.5625608318503634
740 3634 0.05047161868686161
740 3649 0.19242990101174856
740 3664 -0.2549228564947645
740 3679 -0.27629795108306154
740 3694 0.09117808433040564
740 3709 -0.3543826475545969
740 3724 0.3253530654224327
740 3739 0.29903733578210834
740 3754 0.40325659578974843
740 3769 -0.7400655116637687
753 754 0.49702760009918856
753 768 -0.5330935470885355
753 3424 0.610982671882491
753 3439 -0.3126634484229598
753 3364 0.4889560796883261
753 3379 -0.5055060486465812
753 3394 -0.4071051199976635
753 3409 0.5350221986201534
754 755 0.199675137762876
754 769 0.015784381727160637
754 3604 0.7582613522095262
754 3619 -0.4302493972784599
754 3454 0.07759732934436775
754 3469 1.0
754 3485 0.7355140020448356
754 3500 -0.14976388973599047
754 3515 -0.7115077849553619
754 3530 -0.3567743819610837
754 3544 0.5610485258099209
754 3559 0.41364285671032097
754 3574 0.7835110455820705
754 3589 -0.0018736717511590134
755 770 0.5107991453524784
755 3784 0.48924622266085377
755 3799 0.4532283209887783
755 3634 0.3066397556911578
755 3649 0.44846307679244984
755 3665 0.20661351962352764
755 3680 -0.7671183506067163
755 3695 -0.7778222945388177
755 3710 -0.12926855142091465
755 3724 1.0
755 3739 -1.0
755 3754 0.2229520900291055
755 3769 -0.4103180715472866
768 769 0.08332852403036074
768 3424 -0.16466675342016304
768 3439 -0.25836118780580114
768 3364 -0.2322092254595543
768 3379 1.0
768 3394 0.6076619720838099
768 3409 -1.0
769 770 0.23315331212076515
769 3604 0.44650394928859505
769 3619 0.7312456983604374
769 3454 -0.7264982950909097
769 3469 0.3511369314328588
769 3485 0.15619165102216054
769 3500 0.0793539180938442
769 3515 0.11748791113465744
769 3530 0.4715412208305657
769 3544 -0.04356046932495339
769 3559 0.1728132041996212
769 3574 -0.8486450398537557
769 3589 -0.009074283901541405
770 3784 1.0
770 3799 -1.0
770 3634 -0.283428427586792
770 3649 -0.4389870533608591
770 3665 -0.15656080148457424
770 3680 0.04065261150460807
770 3695 0.03607371336898744
770 3710 0.9578663673400323
770 3724 -0.09514550398468062
770 3739 -0.2062885848848176
770 3754 -0.2844612050892864
770 3769 0.5028228097676017
783 784 -0.5619387320225887
783 798 -0.012482382288864767
783 3424 0.5882838014935666
783 3439 0.22378813989364196
783 3454 0.36159572261893896
783 3469 -1.0
783 3485 0.7534422291308391
783 3500 0.41555701970687037
783 3515 -0.7869098353042988
783 3530 -0.20758171278471713
783 3544 -0.2809632363157079
783 3559 -0.0031914853830675117
783 3394 0.5974064488742935
783 3409 -0.37404790422752154
784 785 -0.7325046205326341
784 799 -0.31560815894215266
784 3604 0.24331834651736603
784 3619 -0.5238114187916932
784 3634 -0.021149277164135092
784 3649 -0.15484099238090368
784 3665 0.6447298336791409
784 3680 0.22521324374607135
784 3695 0.4202663815104297
784 3710 0.14805819610778267
784 3724 0.28948942634442876
784 3739 -0.594322955406816
784 3574 0.591147401827765
784 3589 -0.023152501022777293
785 800 0.3455430347069124
785 3784 -0.07177939562069299
785 3799 1.0
785 3814 -0.48320361503708353
785 3829 -0.003509618624969314
785 3845 -0.7841125391673451
785 3860 -0.16881799493479874
785 3875 -0.7745975699936347
785 3890 -1.0
785 3754 0.05592577943528284
785 3769 0.8288436470773588
798 799 0.15046840134105247
798 3424 0.1933214182407372
798 3439 0.40428969636465373
798 3454 -0.24617407774547098
798 3469 -0.042647513253470506
798 3485 0.41654953399001526
798 3500 -0.8327416965531351
798 3515 0.0037937452393059018
798 3530 -0.08024244045857279
798 3544 0.31861489363424494
798 3559 -1.0
798 3394 0.014745634856257505
798 3409 0.2850244547351236
799 800 -0.9057834059059888
799 3604 -0.045506150180359584
799 3619 -0.33875287543164867
799 3634 -0.7819182160509025
799 3649 -0.016024632380343164
799 3665 0.026881844639938778
799 3680 0.7499892404781684
799 3695 -0.18492013706897534
799 3710 -0.06200672332304196
799 3724 0.46022488602818123
799 3739 0.447610553968956
799 3574 -0.2867101709318784
799 3589 -0.49274789900113974
800 3784 -0.9700947805445311
800 3799 0.12736218806868846
800 3814 -0.7771011996937267
800 3829 0.5008553175329533
800 3845 -0.8026553721492418
800 3860 0.6980765750413507
800 3875 0.2451272587654572
800 3890 -0.27362753615888774
800 3754 -0.20638310753218747
800 3769 -0.2527431127889404
813 814 0.02376395158414036
813 828 0.21058451745693008
813 3425 -0.31274918476622493
813 3440 -0.5253938661583403
813 3455 0.7802995958173744
813 3470 0.04518734989746042
813 3485 -0.1769115518831429
813 3500 -0.09668585730549589
813 3515 1.0
813 3530 -0.127840042263534
813 3544 0.6121795448225462
813 3559 -0.6732417952794819
813 3394 0.6035101683772098
813 3409 -0.6219084970011627
814 815 -0.9570328515613302
814 829 0.6217493688865139
814 3605 -0.1965671000818503
814 3620 0.5496091091616375
814 3635 -0.14769015589480988
814 3650 0.16212236909566494
814 3665 -0.22366540281384553
814 3680 -0.466909987928521
814 3695 0.518584501667007
814 3710 -0.22005225950073565
814 3724 0.31826369527894266
814 3739 0.017148081503473224
814 3574 0.16626588290559588
814 3589 -0.3492371782114621
815 830 0.17925782440077
815 3785 0.07063734355837017
815 3800 0.1177852293413711
815 3815 0.33948726604205315
815 3830 -0.4071866559537182
815 3845 -0.9282370520960426
815 3860 -0.8858273667192512
815 3875 -0.050852867943593213
815 3890 0.1721199476322089
815 3754 0.4444998472298549
815 3769 -0.32039163181876795
828 829 0.07504027598710078
828 3425 -0.741616627419586
828 3440 1.0
828 3455 -0.14570229835518533
828 3470 0.13235934015983075
828 3485 -0.1578936338549692
828 3500 -0.2905380755400465
828 3515 -0.6299114603014633
828 3530 0.15605491155605675
828 3544 -0.28727558375195666
828 3559 0.11180442124813507
828 3394 -0.3793564166360559
828 3409 -0.0021873655520469387
829 830 0.16565080152682973
829 3605 -0.005065495228032313
829 3620 0.06258129901818209
829 3635 -0.04719637816196324
829 3650 0.017475372084989414
829 3665 0.21028982348182637
829 3680 -1.0
829 3695 -0.5292110641719197
829 3710 -0.6914195050415232
829 3724 0.09180952074168582
829 3739 0.6403492921974975
829 3574 0.1469973444289232
829 3589 0.656852249653699
830 3785 0.3993781390898989
830 3800 -0.6028131863651243
830 3815 -0.30089253135972927
830 3830 -1.0
830 3845 -0.20195249249607336
830 3860 0.0031919976577896624
830 3875 -0.4495594841964974
830 3890 0.8824921493461644
830 3754 0.597473369758164
830 3769 0.8570846258061008
843 844 0.16209591824386022
843 858 -0.13717712240583518
843 3425 0.12447817615677594
843 3440 -0.18583988800525275
843 3455 -0.5665710645878713
843 3470 -0.19049323869140392
843 3485 -0.603915658653013
843 3500 -0.08035557030052129
843 3364 -0.1882702116949425
843 3379 -0.05605359729500868
843 3394 0.4747641605566294
843 3409 0.33209646031240053
844 845 -0.10479723224692485
844 859 -0.19527214423222544
844 3605 -1.0
844 3620 -0.4411898717286382
844 3635 0.625704017804508
844 3650 -0.16607818162407478
844 3665 0.8136377513345474
844 3680 -0.504160209447816
844 3515 -0.4102935755952177
844 3530 0.40537046907517665
844 3544 0.06675843526784761
844 3559 0.8982193404221261
844 3574 -0.7348065229924818
844 3589 -0.6033918266258654
845 860 -0.2825643688031218
845 3785 -0.08398134029012727
845 3800 0.6518780245496716
845 3815 0.57360490549651
845 3830 -0.47887778817335125
845 3845 -0.28747232223414654
845 3860 0.5088519534894251
845 3695 -1.0
845 3710 0.2115956362311561
845 3724 -0.9250613803163295
845 3739 0.04710254030851051
845 3754 -1.0
845 3769 0.1105102786436985
858 859 -0.084982408528011
858 3425 -0.2755138492674078
858 3440 0.0914142387657827
858 3455 0.41554137646306116
858 3470 -0.6728577281290307
858 3485 -0.07519653342918477
858 3500 -0.453720565083531
858 3364 0.5458763041858545
858 3379 0.524446022194189
858 3394 0.22989135938615504
858 3409 -0.2536450164896296
859 860 -0.37152089879386224
859 3605 -0.3969032706843913
859 3620 0.905033868733858
859 3635 -0.05188369729045688
859 3650 0.15041987348854363
859 3665 -0.09487968950531538
859 3680 -0.08533472552977629
859 3515 0.39924686732878356
859 3530 0.714631086035408
859 3544 -0.5923069010784096
859 3559 0.19424308509559016
859 3574 -0.3919051349712627
859 3589 -0.42289913271243085
860 3785 0.5658594632188384
860 3800 0.6321028381817616
860 3815 -0.6367392097761172
860 3830 -0.02676611700378375
860 3845 0.96607185501466
860 3860 0.0008364097130064608
860 3695 0.4330373169230552
860 3710 -0.041814397039434036
860 3724 0.18102365345688923
860 3739 0.31593113843440784
860 3754 0.13741587738557362
860 3769 -0.8861288470974074
873 874 -0.09446264954954404
873 888 0.46041063982251407
873 3425 -0.21646174098758686
873 3440 0.275264412124755
873 3455 0.160346969943325
873 3470 0.08247374838946683
873 3485 -0.6858441884817186
873 3500 0.9965064481262627
873 3365 0.7391808054551487
873 3380 1.0
873 3395 0.2026265434372556
873 3410 -0.19474212764389418
874 875 -0.526266378963576
874 889 -0.4514325395270836
874 3605 0.4074633158526375
874 3620 0.6741816880743423
874 3635 -0.059732252944302476
874 3650 0.05138608419173419
874 3665 0.390070464085093
874 3680 0.318390506508111
874 3515 -0.449725098804713
874 3530 -0.5751115152464202
874 3545 0.5061586846210218
874 3560 0.22467693833892133
874 3575 0.007865356874052532
874 3590 0.46248484180480526
875 890 -0.029154629304208896
875 3785 0.47530950992228715
875 3800 -0.5704736013591617
875 3815 -0.4396917551278823
875 3830 0.6849369246583233
875 3845 -0.5215632279263155
875 3860 1.0
875 3695 0.41168055711101015
875 3710 0.3574117867727224
875 3725 0.9551438042474529
875 3740 -0.2576079619176966
875 3755 0.08567097267451951
875 3770 0.23260029419918324
888 889 0.5559052373956329
888 3425 -0.7666123669593601
888 3440 -0.2170139070513715
888 3455 0.0020204082079411916
888 3470 0.06998337954240871
888 3485 -0.9092692455223698
888 3500 -1.0
888 3365 0.5357431180422341
888 3380 0.6061494315177984
888 3395 -0.3210234500854329
888 3410 -0.24226349730746904
889 890 1.0
889 3605 0.3162515277782409
889 3620 0.6485831943428387
889 3635 1.0
889 3650 -1.0
889 3665 -0.28894142532455325
889 3680 0.004649660424697124
889 3515 -0.7918208204082923
889 3530 0.09543263030623728
889 3545 0.15536823947086287
889 3560 -0.3164003657588683
889 3575 -0.4991966322779088
889 3590 0.7746582143934063
890 3785 0.8347176206088549
890 3800 -0.5056995363831864
890 3815 -1.0
890 3830 -0.7064810733539536
890 3845 -0.32194588128863993
890 3860 0.13179981899468615
890 3695 0.5589504824563651
890 3710 0.42470037404900474
890 3725 -0.4909226543361023
890 3740 0.3031868437958989
890 3755 -0.6532189555410448
890 3770 0.3041752619034766
903 904 0.558500173650662
903 918 -0.07175619684329265
903 3425 0.16361900350128067
903 3440 -0.9418195303439926
903 3365 0.7985319087579006
903 3380 0.11314144023526933
903 3395 0.1248729596206309
903 3410 0.45303049441858523
904 905 0.7947700265497345
904 919 0.34934075481253984
904 3605 -0.2972805186287688
904 3620 -0.5438181622140644
904 3455 0.04032767968330369
904 3470 -0.5363164499781458
904 3485 -0.5389985735591354
904 3500 0.09058168637907478
904 3515 -0.4363264809854324
904 3530 0.5327261210235823
904 3545 -0.4470132242369979
904 3560 -0.550271542232876
904 3575 0.43292741157070175
904 3590 0.5656091897620178
905 920 0.12146663345638573
905 3785 0.3990997419114148
905 3800 0.06815114577419137
905 3635 0.889580741292474
905 3650 -0.19881274766856388
905 3665 0.4785684943795301
905 3680 -1.0
905 3695 0.9787173471189353
905 3710 -0.13301132393534917
905 3725 0.36993289118105543
905 3740 0.9114206852470718
905 3755 -0.5049995711186632
905 3770 -0.22768945939626806
918 919 -0.2865330602554102
918 3425 0.20438206348369595
918 3440 -0.10783589469315094
918 3365 -1.0
918 3380 -0.2989102449226878
918 3395 -0.0878110318023868
918 3410 0.2829700597781472
919 920 0.41955030906432855
919 3605 0.2342310753968295
919 3620 -0.7962174652432936
919 3455 1.0
919 3470 0.9456818001404633
919 3485 0.4982430960857013
919 3500 0.27341299456855334
919 3515 -0.8824674369053899
919 3530 -0.514626182371697
919 3545 -0.540265125026604
919 3560 -0.12004114951053593
919 3575 -0.5754107785955338
919 3590 0.10711855597816969
920 3785 -0.5396996434024507
920 3800 1.0
920 3635 -0.4237403377934142
920 3650 -0.3526142983216564
920 3665 -0.29120725650113793
920 3680 0.8069202085451304
920 3695 -0.16573625196610037
920 3710 -0.8391758376422662
920 3725 -0.09623120603406563
920 3740 -0.6448720991112012
920 3755 0.899672406187916
920 3770 -0.31059554178264825
933 934 0.46475881283936976
933 948 -0.3422478815988893
933 3425 -0.031048332199614722
933 3440 0.16850310440220287
933 3365 -0.11711735730882462
933 3380 0.31602333855356823
933 3395 -0.003374560580491346
933 3410 0.32616560852106885
934 935 0.3566844584275285
934 949 -0.13556770109409924
934 3605 -0.1907281097819775
934 3620 -0.80838500880028
934 3455 0.157786144090761
934 3470 -0.7056829693345537
934 3486 0.9349397077693296
934 3501 -1.0
934 3516 0.070263327822752
934 3531 1.0
934 3545 0.8816460203445992
934 3560 -0.9094443161773476
934 3575 0.21564543411624695
934 3590 0.5009940048163379
935 950 -0.4831591782749995
935 3785 0.43862942486692325
935 3800 -0.6321754076589017
935 3635 0.15376787097488542
935 3650 0.19384046705109179
935 3666 0.857623699931968
935 3681 -0.6562607826602475
935 3696 -0.3284842589384664
935 3711 0.6488047694508381
935 3725 0.9374130989183946
935 3740 -0.238732860446678
935 3755 -0.35094275336095204
935 3770 0.1773820428039506
948 949 -0.5003677539813683
948 3425 0.8772221067906076
948 3440 -0.7464317540498486
948 3365 0.0645984053578953
948 3380 -0.20983792653009783
948 3395 -0.28442006351675714
948 3410 0.013613836124253525
949 950 -0.07464753469912752
949 3605 -0.15726720969538713
949 3620 0.35338125455787894
949 3455 0.44937302939920404
949 3470 -0.10837086758637042
949 3486 -0.5946986703753051
949 3501 -0.02772023878774633
949 3516 -0.5831105588937279
949 3531 1.0
949 3545 0.20692648470624173
949 3560 -0.029213435433883585
949 3575 1.0
949 3590 -0.3965184462619756
950 3785 0.947306182320652
950 3800 0.3142550880411373
950 3635 -1.0
950 3650 -0.14910532728235157
950 3666 0.7743443218043919
950 3681 -0.47491872110317235
950 3696 -0.3886777549946344
950 3711 0.3850755327183991
950 3725 0.5926625199174393
950 3740 0.15176153822429003
950 3755 0.20462085877320063
950 3770 -0.15739368568072382
963 964 0.4948462172335578
963 978 0.6551877925280034
963 3425 0.46427587369945555
963 3440 -0.9274838079353556
963 3455 -0.06460751214422619
963 3470 -0.0963962918228696
963 3486 0.2622222083887212
963 3501 0.6326119930992129
963 3516 0.42381288245140386
963 3531 0.29475725242200285
963 3545 -0.4962678946117791
963 3560 0.6652298958095908
963 3395 0.2005702791843678
963 3410 0.41479262874169376
964 965 -0.07093587421224891
964 979 0.23601894598066608
964 3605 -0.062273542721825996
964 3620 -0.10205985741147687
964 3635 -0.3159360180315508
964 3650 0.42169916533846064
964 3666 0.7954726592392672
964 3681 0.7921520569882181
964 3696 0.537864452663188
964 3711 0.28652104826812
964 3725 -0.19688018978535718
964 3740 0.7816162719135699
964 3575 0.39839042665306795
964 3590 -0.15711165611520542
965 980 1.0
965 3785 0.9781700406828194
965 3800 -0.6854323732333405
965 3815 0.49672073722640536
965 3830 0.09795910485534592
965 3846 -0.17048614608820392
965 3861 0.3264554547438802
965 3876 -0.029604507385988306
965 3891 -0.257336699171145
965 3755 0.7161124814293502
965 3770 -0.4544122633754308
978 979 0.07674396918476742
978 3425 0.6951049236829605
978 3440 -1.0
978 3455 -0.7242224914076306
978 3470 0.5349371203276188
978 3486 0.32908873221300455
978 3501 -1.0
978 3516 0.6686305634129472
978 3531 0.6598716874335376
978 3545 0.799121942024841
978 3560 0.9730363322070332
978 3395 -0.7613713676764594
978 3410 0.08736696303118015
979 980 0.6446768421915521
979 3605 -0.8098328533689312
979 3620 -0.7282818796728472
979 3635 -0.11934676348403137
979 3650 0.16673152336547148
979 3666 1.0
979 3681 0.07272409487002829
979 3696 -0.7819816899276338
979 3711 0.5832093358818222
979 3725 0.2445394628303588
979 3740 -0.7623070109238448
979 3575 0.08840090007932988
979 3590 -1.0
980 3785 0.48840715297132603
980 3800 -0.12067807504059086
980 3815 0.4139419984008685
980 3830 -0.13332881031240829
980 3846 0.04492474019622797
980 3861 0.3882780772006001
980 3876 -0.008605990684209764
980 3891 0.22147423326045382
980 3755 0.1781890282536903
980 3770 -0.6617208298709893
993 994 -0.4590934718164012
993 1008 0.06482303008354394
993 3426 -0.011976204945279395
993 3441 -0.06753671416889073
993 3456 0.1193399401266932
993 3471 0.28322276909270866
993 3486 -0.8049188807451185
993 3501 -0.6181827073917606
993 3516 -0.826431883894772
993 3531 0.23112309841124354
993 3545 -0.17122779849423933
993 3560 -0.6764527744369813
993 3395 0.2351160565592852
993 3410 -0.4243625202797274
994 995 -0.3554599026519961
994 1009 -0.006190802977267965
994 3606 -0.24104350436148442
994 3621 -0.018612947579602447
994 3636 -0.26412678473450085
994 3651 0.8866945464116586
994 3666 0.012103325818771351
994 3681 -0.21534498266545224
994 3696 -0.3282555427299997
994 3711 -0.2616483990869348
994 3725 0.35678459975681026
994 3740 0.3299694657057521
994 3575 0.890186322184078
994 3590 -0.07193284037717505
995 1010 0.15088972362179912
995 3786 0.410683891223949
995 3801 0.05644606933063436
995 3816 -0.7657939056350199
995 3831 0.6385652960887833
995 3846 -0.39482343331375225
995 3861 0.27559503852422174
995 3876 0.1303584572252591
995 3891 -0.5393444355589728
995 3755 0.22841714225643167
995 3770 -0.13132351292031127
1008 1009 -0.11575636994185036
1008 3426 0.0529569663374057
1008 3441 -0.79712515860759
1008 3456 -0.21912571694249405
1008 3471 0.016236274168970423
1008 3486 0.05421321111433163
1008 3501 0.08441607065691471
1008 3516 -0.7041672310496742
1008 3531 0.6459401395796561
1008 3545 -0.893977083342735
1008 3560 -0.03926681007982176
1008 3395 -0.3364919102471463
1008 3410 0.7357981291358889
1009 1010 -0.0791334807242135
1009 3606 -0.2872488177432807
1009 3621 -0.38706200820348635
1009 3636 -0.8737318973441502
1009 3651 -0.6947710315032862
1009 3666 -0.6339939513236689
1009 3681 -0.20879893058727578
1009 3696 0.1057252724432191
1009 3711 -0.6705720819254505
1009 3725 -0.006860233096853385
1009 3740 0.8381287905905203
1009 3575 0.8700926436344826
1009 3590 0.11004147582121868
1010 3786 -0.34675771104191727
1010 3801 -0.8192072491820153
1010 3816 1.0
1010 3831 -0.5357319780307991
1010 3846 0.3882881787118608
1010 3861 0.19207263779954536
1010 3876 0.16646387178846328
1010 3891 0.360130945578671
1010 3755 -0.24537596058211175
1010 3770 0.2685834869577519
1023 1024 -0.3032902974104437
1023 1038 1.0
1023 3426 0.5261982055016812
1023 3441 -0.2990365259186418
1023 3456 -1.0
1023 3471 0.4054147306359788
1023 3486 -0.007269276898843533
1023 3501 0.36434926747388946
1023 3365 -0.004024846862992523
1023 3380 0.30654570866095665
1023 3395 -0.28556315217066963
1023 3410 0.3859467239306524
1024 1025 0.16034155576444278
1024 1039 -0.07940679779039292
1024 3606 -0.8234768325110259
1024 3621 1.0
1024 3636 -0.29518746318497097
1024 3651 -0.801534244736865
1024 3666 0.1282124138686245
1024 3681 0.49020422087324017
1024 3516 -0.21729564374611304
1024 3531 0.483765779540611
1024 3545 -0.9410704440939389
1024 3560 -0.30697816134470324
1024 3575 0.22992932128781055
1024 3590 0.06693179476835329
1025 1040 -0.46048017611022873
1025 3786 -1.0
1025 3801 0.04534817032111414
1025 3816 0.15076543137896337
1025 3831 0.5568332785592707
1025 3846 -0.33604497542305733
1025 3861 -0.5885267112179838
1025 3696 0.33607590134099863
1025 3711 -0.10127565260946894
1025 3725 -0.8606570417612102
1025 3740 0.20197318728921992
1025 3755 -0.09310777632119717
1025 3770 0.4264099705609229
1038 1039 0.864060016940032
1038 3426 0.033031588391475616
1038 3441 -0.6154422156100202
1038 3456 -0.0550526956122208
1038 3471 -1.0
1038 3486 -0.5738468146549983
1038 3501 0.2633121103312577
1038 3365 -0.5965491395566243
1038 3380 0.2008946847965254
1038 3395 -0.6189683968396612
1038 3410 -0.002496084219481501
1039 1040 0.05456181398938351
1039 3606 -0.6055845710876954
1039 3621 0.8601842963368959
1039 3636 -0.250398108842089
1039 3651 0.4674418459490298
1039 3666 0.4693732530307507
1039 3681 -0.44735549898415916
1039 3516 0.15268949574822133
1039 3531 -0.002470581489368036
1039 3545 0.1831178947860042
1039 3560 0.13772676291770053
1039 3575 0.011898908987833506
1039 3590 1.0
1040 3786 -0.3837778202512853
1040 3801 0.1383639905618308
1040 3816 0.6826593208943201
1040 3831 -0.2665712931075065
1040 3846 -0.6606239766677111
1040 3861 -0.16007936797053188
1040 3696 -0.10208459025974591
1040 3711 0.9929095273208384
1040 3725 -0.5589904069917867
1040 3740 -0.11307875686206269
1040 3755 0.37781685802679216
1040 3770 -0.2529879034584774
1053 1054 0.14924129637987416
1053 1068 -0.8208743404421722
1053 3426 -1.0
1053 3441 -0.882657708297654
1053 3456 0.4743817720324071
1053 3471 -0.8899930589727876
1053 3486 -0.1294777360734175
1053 3501 0.21134809167493757
1053 3366 0.7327110488456657
1053 3381 0.25241150022545633
1053 3396 -0.4768182626966242
1053 3411 0.09995454354960563
1054 1055 0.07581131871816067
1054 1069 -1.0
1054 3606 0.06420282750731394
1054 3621 -0.02501911292591204
1054 3636 -0.05394103885329576
1054 3651 -0.007425094621670146
1054 3666 0.4958548332058629
1054 3681 -0.26690639429497254
1054 3516 0.26025013741833347
1054 3531 0.9856191230858212
1054 3546 0.41567983585892887
1054 3561 -0.194393210519394
1054 3576 0.7946506636019349
1054 3591 -0.9784827511705901
1055 1070 -0.5515551048766404
1055 3786 -0.3514475590656163
1055 3801 -0.12964095053227134
1055 3816 -0.23278423551211166
1055 3831 -0.0259284210582626
1055 3846 1.0
1055 3861 -0.2320449408180218
1055 3696 -0.17791024823333365
1055 3711 0.05160454453069697
1055 3726 -0.36557725308668493
1055 3741 -0.13776364059810076
1055 3756 0.5054863855145844
1055 3771 -0.3065062035535451
1068 1069 0.19086693809200078
1068 3426 -0.4850580459500869
1068 3441 0.27459180502682495
1068 3456 0.3303059291989074
1068 3471 0.7959000564638702
1068 3486 -1.0
1068 3501 0.24392442771354367
1068 3366 -0.1293366773032158
1068 3381 -0.3649428102484088
1068 3396 0.7285131530269556
1068 3411 -0.5150994094927457
1069 1070 0.845840713267808
1069 3606 0.44262931026408536
1069 3621 -0.5844920845524227
1069 3636 -0.651627472395693
1069 3651 -0.16176867684023113
1069 3666 0.7058715836740532
1069 3681 -0.24068771700963848
1069 3516 -0.2598838177510766
1069 3531 -0.18548683753325487
1069 3546 0.585479286090017
1069 3561 -0.13623778442504758
1069 3576 -0.49815007108157494
1069 3591 0.12230283693493839
1070 3786 0.4920698189500019
1070 3801 0.1822705075723447
1070 3816 0.3915716648749863
1070 3831 0.21629183066168622
1070 3846 1.0
1070 3861 -0.11676692664123466
1070 3696 0.5601302088100759
1070 3711 1.0
1070 3726 -1.0
1070 3741 0.029217465360275665
1070 3756 0.38952905505523244
1070 3771 -0.015165927194121551
1083 1084 0.77763423901901
1083 1098 -0.3563828164415967
1083 3426 -0.08134402673252798
1083 3441 -0.006393328690169749
1083 3366 -1.0
1083 3381 0.6058848397241027
1083 3396 0.3812902741292824
1083 3411 -0.29292628841918505
1084 1085 -0.12876751049268192
1084 1099 -0.9398330472199529
1084 3606 0.03653034312545514
1084 3621 -0.35263503164659216
1084 3456 0.6461925965634223
1084 3471 -0.24552742739104652
1084 3486 0.6099125790441607
1084 3501 -0.2627261633977957
1084 3516 0.7029443018931412
1084 3531 -0.30225695330275504
1084 3546 -0.3802968572455006
1084 3561 -0.09492765811181314
1084 3576 0.20461622534074828
1084 3591 -0.37490385442315355
1085 1100 0.5387352200694118
1085 3786 0.00949120018300518
1085 3801 -0.5394221410895629
1085 3636 -1.0
1085 3651 -0.2842301623833424
1085 3666 -0.7280622252649139
1085 3681 -0.4774145564625514
1085 3696 0.022265304898879665
1085 3711 -0.42772176662810196
1085 3726 0.3138098574031002
1085 3741 -0.07903479903868876
1085 3756 -0.8449390086199208
1085 3771 0.016460699085464898
1098 1099 0.2838533417368114
1098 3426 -0.45016974390548664
1098 3441 -0.16740799818738925
1098 3366 -0.22835495250042492
1098 3381 1.0
1098 3396 0.45457765976362174
1098 3411 0.6506586403124314
1099 1100 0.07516370110700013
1099 3606 0.1833495852335789
1099 3621 -0.18788673880915813
1099 3456 -0.8008125733813704
1099 3471 0.7842141833550033
1099 3486 0.6039024676339143
1099 3501 0.7795149412863096
1099 3516 -0.15177688802182931
1099 3531 0.023715510587374786
1099 3546 -0.009823434218884316
1099 3561 -0.17011888786373933
1099 3576 -0.8979509815098387
1099 3591 0.20001608384119174
1100 3786 0.03801612514077555
1100 3801 0.12220021990968284
1100 3636 -0.24431723074865327
1100 3651 -0.4102823182963068
1100 3666 0.6723235892107312
1100 3681 -1.0
1100 3696 -0.24102193665219293
1100 3711 -0.019640676133040914
1100 3726 -0.38492551271892217
1100 3741 -0.8731769489662066
1100 3756 0.23090251747514598
1100 3771 -0.28125310485999067
1113 1114 -0.6091121055920654
1113 1128 0.20054373751575072
1113 3426 0.680410314411449
1113 3441 0.09781949276844051
1113 3366 0.03434414396588196
1113 3381 0.3745631271004569
1113 3396 -0.590955757784594
1113 3411 -0.14031322963691217
1114 1115 0.2659892299521833
1114 1129 -0.7707099518007466
1114 3606 -0.8460221523240562
1114 3621 0.15460399045666437
1114 3456 0.044543977093080805
1114 3471 0.027890367475457208
1114 3546 -0.3397351092750412
1114 3561 0.7136553275828141
1114 3576 0.4541741381421339
1114 3591 0.4181082152520562
1115 1130 0.08845078023954583
1115 3786 -0.4313000128789988
1115 3801 0.10643127180760226
1115 3636 0.241481692585991
1115 3651 0.9248104502263127
1115 3726 -0.403252488458305
1115 3741 -0.2864200345402933
1115 3756 -0.060434113507559006
1115 3771 0.02099678968782306
1128 1129 0.20925365134086857
1128 3426 0.07524485955454502
1128 3441 0.08796426724628134
1128 3366 -0.06714244261106954
1128 3381 -0.30505159031308915
1128 3396 0.09353638850500537
1128 3411 -0.6858811115562371
1129 1130 -0.1606831400662809
1129 3606 0.7655059487324711
1129 3621 0.1593572434355328
1129 3456 0.06612823468093662
1129 3471 -0.23787998518770326
1129 3546 -0.7342011308398823
1129 3561 0.2042406315511705
1129 3576 0.7551054087429496
1129 3591 0.1854993933869475
1130 3786 0.29123163363899573
1130 3801 -0.19373167718088596
1130 3636 0.22504013433050338
1130 3651 -1.0
1130 3726 -0.13762635511499818
1130 3741 -0.31123244416404555
1130 3756 -0.04704443518266394
1130 3771 0.7352113729251797
3364 3365 -0.2562048082220993
3364 3379 -0.5801383056326316
3365 3366 -1.0
3365 3380 -0.5672006751429153
3366 3381 -0.3133502394337326
3379 3380 0.1952118179043554
3380 3381 -0.008161619424221164
3394 3395 0.5554773095326759
3394 3409 -0.5327271221681026
3395 3396 0.3886754682636427
3395 3410 -0.05681191571235451
3396 3411 0.4456624255466375
3409 3410 -0.1940211604090986
3410 3411 -0.23189085667706522
3424 3425 -0.2464490889109984
3424 3439 -0.4738444850436715
3425 3426 -0.1846931822836403
3425 3440 0.4027339135242278
3426 3441 0.47563235301713663
3439 3440 -0.2666561323630191
3440 3441 -0.550320250344058
3454 3455 -0.5694590366826559
3454 3469 0.5334198435014929
3455 3456 -0.04642489078886471
3455 3470 0.053533874366102
3456 3471 -0.7437708608050777
3469 3470 -0.25074938619080006
3470 3471 0.1687095480225367
3484 3485 0.3859627568047266
3484 3499 0.05083161184968472
3485 3486 0.21079269681190077
3485 3500 -0.413717222284243
3486 3501 0.27988207992937747
3499 3500 -0.8859025102375114
3500 3501 -0.7681577079670336
3514 3515 0.3209401794508188
3514 3529 0.9315312002499402
3515 3516 -0.4644518083704951
3515 3530 -0.4086901389647605
3516 3531 0.33033312685537614
3529 3530 -0.044620225241945664
3530 3531 -1.0
3544 3545 -0.6926251352385856
3544 3559 0.16524279516184545
3545 3546 -0.039262368273931945
3545 3560 -0.4110998597071539
3546 3561 0.19511793842360559
3559 3560 0.6758231845197676
3560 3561 0.1505028773841556
3574 3575 0.5852859310583898
3574 3589 -0.18584554519253701
3575 3576 0.44970687077601457
3575 3590 -0.5997572728249646
3576 3591 -0.4891509180770351
3589 3590 0.0763356000693867
3590 3591 0.1518429307509748
3604 3605 -0.14081112594667544
3604 3619 0.5227443774272257
3605 3606 -0.1794230281037373
3605 3620 -0.13053410158245385
3606 3621 -0.3540653483592377
3619 3620 0.281416676930657
3620 3621 0.8841782399358462
3634 3635 -0.45033970006199864
3634 3649 0.6546592042510785
3635 3636 -0.8326620715008285
3635 3650 -0.9962189002947077
3636 3651 -1.0
3649 3650 0.07523871632021616
3650 3651 0.30553368825368094
3664 3665 -0.3444512038540501
3664 3679 -0.39166892371939416
3665 3666 0.21067550753517272
3665 3680 -0.5166912642016867
3666 3681 0.24204466767719304
3679 3680 0.564078930540733
3680 3681 -0.7454845177312879
3694 3695 -0.06836767562132103
3694 3709 0.04340250888293923
3695 3696 0.3754688215239441
3695 3710 -0.055483595083381985
3696 3711 -0.3621459013936088
3709 3710 0.12300283559016806
3710 3711 0.5108782386151629
3724 3725 0.25881606243714933
3724 3739 -0.15268427694983175
3725 3726 1.0
3725 3740 -0.10218559970350886
3726 3741 0.027387763780236933
3739 3740 -0.6128249893839951
3740 3741 -0.22272664362302808
3754 3755 0.10116649580717033
3754 3769 0.20010897067128383
3755 3756 0.10742529246213785
3755 3770 0.11058116489528462
3756 3771 -0.17508501912392677
3769 3770 0.1263425581655989
3770 3771 0.20835029766726737
3784 3785 0.09783148433536976
3784 3799 0.9246516184704424
3785 3786 -0.3883861985191335
3785 3800 -0.04697984546398611
3786 3801 0.04808789673532687
3799 3800 -0.2422348455732331
3800 3801 0.018540231528156977
3814 3815 -0.12667036577950294
3814 3829 0.1481853804372777
3815 3816 0.3993353679452919
3815 3830 0.4135047966752776
3816 3831 -0.05076082391180828
3829 3830 -0.3864571492265664
3830 3831 0.4191357901882896
3844 3845 -0.026364547031366696
3844 3859 0.1824287912669131
3845 3846 0.4010017824044398
3845 3860 -0.27270376718525763
3846 3861 0.37004386417627755
3859 3860 -0.5308346487930483
3860 3861 0.6643930295489766
3874 3875 -0.40952674311840603
3874 3889 0.01508484973754216
3875 3876 0.4989829140182097
3875 3890 0.42042808448599456
3876 3891 -0.062218696821079014
3889 3890 0.4025885596445009
3890 3891 0.11504731394598598
