# 
603 603 2.0786361221613245
604 604 -0.016913576797964788
605 605 2.3622390325727762
618 618 0.7592046088692691
619 619 0.2836446654622645
620 620 0.6123107264891482
633 633 -0.004117511297804843
634 634 -0.007492436063043935
635 635 0.794055050297369
648 648 0.38319543841726017
649 649 -0.6879364338998534
650 650 0.537456632012126
663 663 -0.03493726486973468
664 664 0.7759294802979069
665 665 1.3197988167820902
678 678 -1.6469002149246652
679 679 0.46732860303379
680 680 -1.8663007545334866
693 693 0.38263316646328926
694 694 0.19184676356052413
695 695 -0.12073242468666694
708 708 -1.5406190244847544
709 709 -0.7807784939039507
710 710 0.7732366295038047
723 723 -0.7382422981334462
724 724 -1.0574113993878447
725 725 0.14625990651087736
738 738 -1.0650035187075906
739 739 -1.2963160133777747
740 740 0.46843700469769883
753 753 1.0643495329014936
754 754 -0.16042568135881013
755 755 0.1699317201438078
768 768 -2.862739475428357
769 769 0.21765663562251647
770 770 0.24013624063089917
783 783 -0.2048222626672234
784 784 0.3887304379578046
785 785 -0.8649654444366394
798 798 -0.7599423877517233
799 799 0.49156578113958027
800 800 -0.3921495324929122
813 813 -0.6214445855429183
814 814 -0.6632269651186453
815 815 -0.27137219237815774
828 828 0.004757847297671021
829 829 1.6842753212109125
830 830 0.7754031345364815
843 843 -0.651821510536601
844 844 -0.6439203468986778
845 845 -0.8286594495520507
858 858 -2.017609694088012
859 859 1.1046736234351389
860 860 0.005207671660831033
873 873 0.21193782496226557
874 874 0.07769162496330483
875 875 -0.16442201069680834
888 888 0.295723902885944
889 889 0.6163718539518045
890 890 -1.0447977073336765
903 903 -0.2560984053199877
904 904 -0.7792449156797134
905 905 -0.05234123475704243
918 918 -1.521891448526278
919 919 -1.8406194394128637
920 920 -0.12671701535210858
933 933 -0.17559252646667983
934 934 -1.0088139059236088
935 935 0.6932821583579074
948 948 0.31518009997497926
949 949 -0.12964569453567792
950 950 0.46070910817868355
963 963 -1.2997771711610862
964 964 -1.4928238778700755
965 965 1.571698482660741
978 978 -0.4850728614428815
979 979 0.3887864257512707
980 980 0.12494053845436232
993 993 -0.21091984668356234
994 994 -0.04973128434450762
995 995 -1.0193037547558086
1008 1008 -0.08845168374666898
1009 1009 -0.5727517557285744
1010 1010 -0.25026599710288794
1023 1023 -0.9341666245656444
1024 1024 -2.0697645048286097
1025 1025 -0.14247826069376734
1038 1038 0.6643771344854716
1039 1039 1.9093795468819157
1040 1040 -0.4955989186284432
1053 1053 -0.2915290147593353
1054 1054 1.5867808198872373
1055 1055 -0.8328156217697489
1068 1068 -1.3330064722761963
1069 1069 0.03708243766385179
1070 1070 1.1479088392619388
1083 1083 -0.4040472625967241
1084 1084 -0.3936882544946104
1085 1085 0.9314012980893911
1098 1098 -0.6863297662031318
1099 1099 -1.1546310012251906
1100 1100 -0.8868676946342219
1113 1113 0.16614585082984187
1114 1114 0.691498856777391
1115 1115 0.5652536957128562
1128 1128 1.2758115382530366
1129 1129 0.26481961472303656
1130 1130 -0.3774539092892704
3364 3364 0.6884748376344447
3365 3365 -0.6898310150274662
3366 3366 1.2999859603481847
3379 3379 1.2023544435426128
3380 3380 -1.6807266864059325
3381 3381 1.5813864643980255
3394 3394 1.0112347307702403
3395 3395 0.5823558241080515
3396 3396 -1.1112882048395618
3409 3409 -0.8292843222343359
3410 3410 0.38750830018026117
3411 3411 -0.896030685949741
3424 3424 0.6446163981601822
3425 3425 1.974415914224865
3426 3426 -0.46685611163470125
3439 3439 -1.4524234492233967
3440 3440 0.7290511609944029
3441 3441 -0.7899351756494961
3454 3454 0.7413497985291928
3455 3455 -1.9306062336280556
3456 3456 1.3486763339285603
3469 3469 -0.9692617136965591
3470 3470 -1.1577910530398794
3471 3471 1.0712003506438232
3484 3484 -1.005983702274554
3485 3485 0.6928104788846032
3486 3486 0.004693664551326826
3499 3499 -1.4997049137778107
3500 3500 -2.090770375679802
3501 3501 0.9452330962526512
3514 3514 1.0900145962048213
3515 3515 -0.250223953058551
3516 3516 -1.2114210380102663
3529 3529 0.6750298440013598
3530 3530 -0.44744735444095973
3531 3531 -0.04804533740008371
3544 3544 0.7556495657186624
3545 3545 -0.044862431801744186
3546 3546 -1.3147587471544508
3559 3559 -0.07867889623959995
3560 3560 0.22601716441806355
3561 3561 0.23595279370109462
3574 3574 1.023161017166433
3575 3575 0.3910349533616765
3576 3576 0.48056653621172774
3589 3589 0.9081366821317391
3590 3590 0.4181650009567353
3591 3591 -1.0083353703039015
3604 3604 -1.0091578694000474
3605 3605 -0.043950600744542725
3606 3606 -0.034221619960632124
3619 3619 -0.8957952197920142
3620 3620 0.596147539745585
3621 3621 -0.17052025441383328
3634 3634 0.2728884554290156
3635 3635 3.133531620071814
3636 3636 0.6123236077930264
3649 3649 0.7137122715805237
3650 3650 -0.38388894891130104
3651 3651 0.2447475149123548
3664 3664 -0.6329123507283888
3665 3665 -0.6980133700838096
3666 3666 1.431735589747062
3679 3679 -0.4948954806485646
3680 3680 -1.3082320455512997
3681 3681 -0.8036245157231261
3694 3694 -0.8651779137598501
3695 3695 -1.7540931856223407
3696 3696 1.7940981622337595
3709 3709 0.1100239480671503
3710 3710 0.7660049348848179
3711 3711 1.5480963586361196
3724 3724 -1.141799352223134
3725 3725 1.3411213362726158
3726 3726 -0.6693517318142959
3739 3739 0.4306238016853438
3740 3740 1.1252523537322363
3741 3741 0.820246133181064
3754 3754 -0.1504336684581127
3755 3755 0.7785305397237074
3756 3756 0.8978905810217648
3769 3769 0.20033738545218305
3770 3770 0.7251090822663675
3771 3771 -0.9009207825703041
3784 3784 -1.4550066333558251
3785 3785 -0.7772852076209539
3786 3786 -0.29409499509061393
3799 3799 -1.1592324275360437
3800 3800 1.7560961911632822
3801 3801 -0.7077793857641047
3814 3814 -0.7492030740831512
3815 3815 1.2664514551232369
3816 3816 -0.13360210677504586
3829 3829 -0.1633792627320978
3830 3830 0.34647831515418626
3831 3831 -0.32775513852226473
3844 3844 -0.29818221700847825
3845 3845 -1.3980966299789086
3846 3846 0.23655131433400678
3859 3859 1.029377649654021
3860 3860 0.9260027086785668
3861 3861 0.20870560815787212
3874 3874 -0.5150462737554564
3875 3875 0.877655576002724
3876 3876 0.18575101425509705
3889 3889 -0.8030369043007123
3890 3890 -0.2846773045300348
3891 3891 -0.7058223730315843
603 604 0.4585561046351265
603 618 -0.4422965738709755
603 3484 0.3207005385503166
603 3499 -0.6549978773129256
603 3514 0.7502179591899542
603 3529 0.19645079851428196
604 605 0.7322705784425383
604 619 -0.04088060397496974
604 3664 -0.016760225960812437
604 3679 0.3004151966165446
604 3694 0.5481975845149707
604 3709 -0.38086096802901664
605 620 -0.3894522356021523
605 3844 -0.4503403658906791
605 3859 1.0
605 3874 -0.24552633715141026
605 3889 -0.16375486786496038
618 619 0.17437451539578622
618 3484 0.6365517459778849
618 3499 -0.23696288985522448
618 3514 -0.5732781442807994
618 3529 -0.1738268328552733
619 620 0.24960558649689146
619 3664 -1.0
619 3679 0.14000773416097043
619 3694 -0.6528574556336598
619 3709 -0.18789922140159646
620 3844 0.30298819692091644
620 3859 -0.21053525797317804
620 3874 0.11087453017184662
620 3889 -0.7747364840607407
633 634 -0.3294089868918656
633 648 -1.0
633 3424 -0.7962799628058653
633 3439 -0.7468779005356676
633 3454 0.6399668418769858
633 3469 -0.07011650692514126
633 3484 0.018889546635391115
633 3499 -0.38103500273147733
633 3514 -0.5285908777500087
633 3529 0.5124153760459123
634 635 0.44603274046583935
634 649 -0.0586825753904935
634 3604 -0.739503534525592
634 3619 0.3785617739015587
634 3634 0.2807873554978408
634 3649 -0.22012669095933715
634 3664 -0.15050046870860181
634 3679 0.19927860767991804
634 3694 0.889070435352917
634 3709 0.502267938022453
635 650 0.6604447846417923
635 3784 0.6848032027595018
635 3799 0.5728803948388745
635 3814 0.1305607087107839
635 3829 -0.4673821149535407
635 3844 0.709203993970036
635 3859 0.17151494139822884
635 3874 0.13772687725245314
635 3889 -0.10742649119654138
648 649 -0.32395631383952717
648 3424 1.0
648 3439 0.8343116176656407
648 3454 -0.37903222100800843
648 3469 1.0
648 3484 -0.6830813229670858
648 3499 0.3128542156502597
648 3514 -0.3089350820627223
648 3529 0.22235668571578146
649 650 0.3281488869914826
649 3604 0.4248109717621214
649 3619 -0.7810050049989974
649 3634 0.14902449453689462
649 3649 -0.9674348318075641
649 3664 -0.6988292845243504
649 3679 -0.9084196401909895
649 3694 -0.732167356862671
649 3709 -0.21970584862680348
650 3784 0.031559693835266425
650 3799 0.26979560638543154
650 3814 -0.2305874414984115
650 3829 -1.0
650 3844 0.44427133969167804
650 3859 -0.21734407048861992
650 3874 0.06503611024288347
650 3889 0.9579133587212855
663 664 0.10410895495936
663 678 0.5647163622617151
663 3424 -0.38339370673640144
663 3439 -0.3508414336170135
663 3454 -0.13442358536796667
663 3469 0.4960467258237076
663 3484 -0.17593573631749904
663 3499 0.3492632387621221
664 665 -0.17878682098853838
664 679 0.365301647760863
664 3604 0.7022352051302426
664 3619 0.06113824946169838
664 3634 -0.14339174027561033
664 3649 -0.01890489799761152
664 3664 0.2185652181363889
664 3679 -1.0
664 3514 -0.5100920570816679
664 3529 -0.662079539082316
665 680 0.12552478184733198
665 3784 -0.5143489433709445
665 3799 -0.5473725395439815
665 3814 -0.2585897726231822
665 3829 -0.1725784755308283
665 3844 -0.853531762942581
665 3859 0.21333235962902627
665 3694 -0.1094408495734731
665 3709 -0.9949811825892225
678 679 -0.7876147798877136
678 3424 -0.25363789249851537
678 3439 -0.0009879306709996035
678 3454 -0.208230546310707
678 3469 0.577632690571726
678 3484 0.42580390683556685
678 3499 0.3435355620504042
679 680 -0.07391074476889245
679 3604 -0.17250037330236023
679 3619 -0.3473354413736371
679 3634 -0.47464886281929153
679 3649 -1.0
679 3664 -0.09965255163719938
679 3679 -0.3999857387451485
679 3514 0.03192843425331983
679 3529 0.15833147917767337
680 3784 -0.852628261715528
680 3799 -0.4164624438934508
680 3814 -0.5416663950446722
680 3829 0.3408104844776381
680 3844 -0.9585756119534845
680 3859 -0.07140300508724956
680 3694 -0.5077485431451236
680 3709 0.5028672603674424
693 694 -0.6182959826519048
693 708 0.5915185513055561
693 3424 0.22453872990212173
693 3439 0.6946174427621284
693 3454 -0.9712189879049177
693 3469 0.6140192858694946
693 3484 -0.16060930450007974
693 3499 0.6790199098360309
693 3364 -1.0
693 3379 -0.8193742968341637
693 3394 -0.1233348870062687
693 3409 -0.12758277516529015
694 695 0.06329477565941403
694 709 -0.2931596050693153
694 3604 0.6429600318462125
694 3619 0.2999517724499128
694 3634 0.08062590855932346
694 3649 -0.49003722652774573
694 3664 -0.22569978757519976
694 3679 0.1943977940716105
694 3514 0.9251242710794653
694 3529 -0.2829351258022032
694 3544 -0.6424843426352154
694 3559 -0.3362362881556875
694 3574 0.6997151499649074
694 3589 0.5405323305270565
695 710 0.24970240495127213
695 3784 -0.033571651894479984
695 3799 -0.5265562661291906
695 3814 0.29982304659861275
695 3829 -0.009270712660387705
695 3844 0.5837056040807393
695 3859 0.060167324849369715
695 3694 -0.9148172516829689
695 3709 -0.6097449078116228
695 3724 -0.13310111734460633
695 3739 0.48666622767523243
695 3754 0.16913085898459207
695 3769 0.07281083319045521
708 709 -1.0
708 3424 0.3340198431519299
708 3439 0.46201801046097474
708 3454 -0.07965477687212602
708 3469 -0.3601197491468703
708 3484 0.10027622712096133
708 3499 -0.3232362928858
708 3364 -0.2965790167945918
708 3379 0.5689044225242522
708 3394 -0.08979006434037981
708 3409 -0.48584970718277826
709 710 -0.6116912571610786
709 3604 0.2182856278277158
709 3619 0.6635149826838806
709 3634 -0.12137332456656524
709 3649 -0.733771169854119
709 3664 -0.3334306203228099
709 3679 1.0
709 3514 -0.2461298025488894
709 3529 -0.2975846280434695
709 3544 -0.3386328036649928
709 3559 -0.6210641049640615
709 3574 0.10922234595211244
709 3589 -0.06204076592715103
710 3784 -0.963100549070769
710 3799 -0.6212380287386499
710 3814 0.2637685578828696
710 3829 -0.3631687813276836
710 3844 0.03439153242899819
710 3859 -0.4903910225221595
710 3694 -0.5449394503106585
710 3709 0.21056363907501807
710 3724 -0.3549898626921302
710 3739 -0.43463961472762686
710 3754 0.6001708948553822
710 3769 0.47545431056895393
723 724 0.0255146658193952
723 738 0.646339282420148
723 3424 0.669744649004738
723 3439 -0.2556220126838837
723 3364 0.9317069854855926
723 3379 -0.23651652186378186
723 3394 0.24794607527754292
723 3409 -0.14197689105316325
724 725 -0.253666911447279
724 739 -0.4464897238575243
724 3604 -0.19368451519183166
724 3619 -0.1684555067766743
724 3454 0.6522857822309656
724 3469 -0.8656609539241586
724 3484 -0.1322790517882178
724 3499 -0.3028195471550547
724 3514 -0.1061256668000753
724 3529 -0.0451010329227732
724 3544 -1.0
724 3559 -0.8738121457912289
724 3574 0.10161260492137608
724 3589 0.2472626791938264
725 740 -0.021054814168607855
725 3784 -0.0004737866218192312
725 3799 -0.12396206402603507
725 3634 0.39239949284659137
725 3649 0.07476343531718312
725 3664 -0.045742968518847855
725 3679 -0.36823129014918177
725 3694 -0.40614026143793136
725 3709 0.4425048555382806
725 3724 -0.8824995167575624
725 3739 0.7409268076106926
725 3754 -1.0
725 3769 -0.7031406409895081
738 739 -0.7443521017199923
738 3424 0.16013188874931497
738 3439 -0.7241762453471584
738 3364 -0.6985917099529465
738 3379 0.13105256377209135
738 3394 -0.48238151949676983
738 3409 -0.5008992551642274
739 740 0.1412554768082813
739 3604 -0.2512745910585035
739 3619 0.11831298901213397
739 3454 -0.6626339241775736
739 3469 -0.5903865507901312
739 3484 0.24148746839646842
739 3499 0.4973274391253803
739 3514 -0.38375945784139454
739 3529 -0.09176755455673508
739 3544 0.9515201436413914
739 3559 -0.10897207400225124
739 3574 -0.6443556242480971
739 3589 -0.5830438300487043
740 3784 -0.06272524510560007
740 3799 -0.2537450975609075
740 3634 0.05103820440312961
740 3649 -0.15636718684887893
740 3664 -1.0
740 3679 0.6504754296253834
740 3694 0.060508213559150176
740 3709 0.26213063392092606
740 3724 -0.30599659272283575
740 3739 0.20486227353699185
740 3754 -0.2868789846712465
740 3769 -0.6063618005213656
753 754 0.05216429605710324
753 768 0.012643800783914508
753 3424 0.07336324223558684
753 3439 -0.8444300876310153
753 3364 -0.5591237781127224
753 3379 -0.7262294677461686
753 3394 0.13913638211085816
753 3409 0.23180708111813958
754 755 0.9699088194724321
754 769 -0.8347141541732997
754 3604 0.16576512296240206
754 3619 -0.4219691497481108
754 3454 -0.1979438866156595
754 3469 -0.6231729785723691
754 3485 0.7489450049669544
754 3500 -0.453314824273407
754 3515 -0.35532870189540505
754 3530 -0.1629130993630124
754 3544 0.11623000256122068
754 3559 0.3979930848936256
754 3574 -0.4620389406426969
754 3589 1.0
755 770 0.9332885399475581
755 3784 -0.26656325799697217
755 3799 -0.09046898350615179
755 3634 -0.34588004298226815
755 3649 -0.10950872302940799
755 3665 -0.9183074262899351
755 3680 -0.6708124019420614
755 3695 -0.9110753088839867
755 3710 -0.03443413960994852
755 3724 0.1976465159406749
755 3739 -0.024190049697883416
755 3754 -0.41420974014275136
755 3769 0.12199254114716639
768 769 0.6182643715007439
768 3424 0.1583804080730527
768 3439 0.8476380896853821
768 3364 0.12505367338517792
768 3379 -0.31602798535104726
768 3394 0.12477983613848632
768 3409 -0.273532073149766
769 770 0.1022560701271526
769 3604 -0.033377205560434955
769 3619 -0.5618383356039893
769 3454 0.5438422696851962
769 3469 -0.45331731923217183
769 3485 -0.5657053269225835
769 3500 1.0
769 3515 -0.404217633532395
769 3530 0.36392091765112716
769 3544 -0.7229869969488503
769 3559 0.3562886104015049
769 3574 -0.6768062552464379
769 3589 -0.6881432991296754
770 3784 0.006500305275732936
770 3799 0.8382233968756417
770 3634 -0.3372406850135527
770 3649 -0.08666511880001793
770 3665 0.0573067005822147
770 3680 -0.3815438259026428
770 3695 0.04575127908935523
770 3710 -0.5110244593809489
770 3724 0.23221859122868888
770 3739 0.2047181492514146
770 3754 0.30829570715002363
770 3769 -0.11489233044442833
783 784 0.5745025459899895
783 798 -0.069548392666187
783 3424 -0.6039451690783832
783 3439 -0.39977162272094496
783 3454 0.7251074352872621
783 3469 0.2549318359603229
783 3485 -0.3571331091690939
783 3500 -0.5197382635509921
783 3515 0.6946103174185617
783 3530 0.39316439427723937
783 3544 -0.19862425014122323
783 3559 -0.20389012303676646
783 3394 0.3521397914167411
783 3409 -0.5837784133253137
784 785 0.42527129058184676
784 799 -0.7845670256616903
784 3604 -0.4262124443163598
784 3619 1.0
784 3634 0.3206277287246911
784 3649 -0.24476483436884153
784 3665 -0.21561435980479834
784 3680 0.10847546879466674
784 3695 0.6525358305485793
784 3710 0.7806888234835143
784 3724 0.7339131167297863
784 3739 -0.3855170204522053
784 3574 -0.16653295398681045
784 3589 -0.18225311592393104
785 800 -1.0
785 3784 -0.3426438572045649
785 3799 0.6781247166346149
785 3814 -0.1063537972878785
785 3829 0.5965810401260845
785 3845 0.01548934928778748
785 3860 0.3736674950111745
785 3875 -0.11286818424320631
785 3890 1.0
785 3754 -0.994384260463166
785 3769 -0.22414876946902326
798 799 0.03507720410062183
798 3424 -0.018965649764814938
798 3439 1.0
798 3454 -0.06854133873230375
798 3469 -1.0
798 3485 0.7721464326174324
798 3500 -0.28399222523512463
798 3515 0.09590395014797094
798 3530 -0.5910664582561714
798 3544 -0.2150593246584095
798 3559 -0.1669617177869762
798 3394 0.47768056135925235
798 3409 0.6603318787503839
799 800 -0.04350395613708348
799 3604 0.06687619204550631
799 3619 -0.5046720383877162
799 3634 -0.8796832267196121
799 3649 0.2919460948044243
799 3665 0.014563701449139713
799 3680 0.275529826389918
799 3695 -0.15809365402921266
799 3710 0.1575519659017217
799 3724 0.4131711109851377
799 3739 -0.40290044758894333
799 3574 0.5129492080157627
799 3589 0.08587995930270047
800 3784 0.2975063104953506
800 3799 -0.1415047737675461
800 3814 0.03384887071879626
800 3829 -0.2493777446154863
800 3845 0.3118640259982978
800 3860 0.09791485202640784
800 3875 0.030031701144328318
800 3890 0.2377328587188379
800 3754 -0.08335896447735532
800 3769 -0.25042650307712655
813 814 0.2730146394740946
813 828 -0.15026351628811574
813 3425 0.46389825777157606
813 3440 -0.059298094232182304
813 3455 0.4077526666478267
813 3470 0.39062621665343694
813 3485 -0.7526899140207272
813 3500 -0.6938040310950209
813 3515 -0.7841246279662464
813 3530 0.9480551525030746
813 3544 -0.31076856440289424
813 3559 -0.867649669234728
813 3394 0.7271145239875156
813 3409 -0.10626301964934853
814 815 -0.784889728446954
814 829 0.5886005467287578
814 3605 0.06964001829293968
814 3620 0.22951546662673133
814 3635 0.7364747791561368
814 3650 -0.5677880750681945
814 3665 -0.592989783137111
814 3680 -0.3360603756386939
814 3695 0.1941667002012162
814 3710 -0.40602628147190895
814 3724 -0.0015573408667363773
814 3739 -0.5676426362165955
814 3574 0.6018125196993286
814 3589 0.32648456155086075
815 830 0.041339643801619724
815 3785 0.7808848870823284
815 3800 0.04229204179869245
815 3815 0.02291011624767082
815 3830 0.4168240476470727
815 3845 -0.25567580076759394
815 3860 0.2568732449988285
815 3875 -0.6427362413787145
815 3890 -0.47105799183583047
815 3754 0.6170054673911184
815 3769 0.994262437333508
828 829 -0.0969497334896637
828 3425 0.7262721478589469
828 3440 -0.0017143891863641652
828 3455 -0.30625029087804834
828 3470 0.14010963612004151
828 3485 0.14627548996136908
828 3500 0.2324537377840744
828 3515 -0.10771174714502803
828 3530 0.20998171934301735
828 3544 0.42562732320155217
828 3559 -0.32334394792146587
828 3394 0.003634010509370431
828 3409 0.14235462906177349
829 830 0.8711966959344554
829 3605 -0.6761829428611285
829 3620 0.3597618669205343
829 3635 0.6841576744298354
829 3650 0.17363085693321273
829 3665 -0.3141378568619066
829 3680 -0.09649815092564032
829 3695 0.05685523234783301
829 3710 -0.486050172276508
829 3724 -0.34700641158428575
829 3739 0.4976133361576203
829 3574 0.6787280581302677
829 3589 0.41275131990926756
830 3785 -0.20032045492404518
830 3800 -0.38991330108073097
830 3815 0.5720884124667865
830 3830 0.3895928574798785
830 3845 0.08272878726897943
830 3860 0.037686818948507624
830 3875 0.4674735353218521
830 3890 -0.22307464474891445
830 3754 0.6995478741768669
830 3769 0.32115775476369623
843 844 0.5340084917369874
843 858 -0.20539298240284806
843 3425 -0.21504129190876325
843 3440 0.7271337271469549
843 3455 -0.16582740355910766
843 3470 -0.4863527014038652
843 3485 -0.6710496021914918
843 3500 1.0
843 3364 0.5299500257384336
843 3379 0.11082518949388093
843 3394 0.10609103469912255
843 3409 1.0
844 845 -0.5783837798165854
844 859 0.47839448729860834
844 3605 -0.657581328602033
844 3620 0.10078568717344194
844 3635 -0.2787764255760862
844 3650 -0.1827203780594502
844 3665 0.6209762044240462
844 3680 -0.3068114353335803
844 3515 -0.7069282297429577
844 3530 1.0
844 3544 -0.3899939023479165
844 3559 -0.22369358026263853
844 3574 0.7490020124050463
844 3589 -0.43267522964460614
845 860 0.14525892121073558
845 3785 0.14905687238480203
845 3800 -0.082837357239382
845 3815 0.17899468659327739
845 3830 0.34114233726433146
845 3845 -0.9349627409817534
845 3860 0.02187017154849243
845 3695 -0.5913879327499824
845 3710 1.0
845 3724 -1.0
845 3739 0.11129025182639977
845 3754 0.016764401654681297
845 3769 0.22049399440957812
858 859 0.12073104100863125
858 3425 0.1914645938119568
858 3440 -0.1387564595735885
858 3455 0.431819376464774
858 3470 -0.3258141215091468
858 3485 0.26760813073790823
858 3500 -0.31007107883723567
858 3364 0.35317324554214746
858 3379 0.09456367477888723
858 3394 -0.2386272160241439
858 3409 -0.3811392356846235
859 860 0.4798219168060168
859 3605 0.7826428297943886
859 3620 0.032116031122827474
859 3635 0.08219064673477032
859 3650 -0.7420102955044378
859 3665 0.24222288439773496
859 3680 0.0211028806090294
859 3515 0.3965415650217893
859 3530 -0.1767119640047431
859 3544 0.3727706600406732
859 3559 -0.6297898473554772
859 3574 0.9802323666967597
859 3589 0.21943080721682842
860 3785 0.6557091159949574
860 3800 -0.2869704635063437
860 3815 0.03919722695742592
860 3830 0.18199371919917687
860 3845 -0.14273721927687888
860 3860 -0.07229269139341121
860 3695 0.4526073778399326
860 3710 -0.25827164529258884
860 3724 -0.2565298677962527
860 3739 -0.2922639703761982
860 3754 0.3137574686813845
860 3769 -0.20165492894747894
873 874 0.1390450845862073
873 888 0.42155296464620867
873 3425 -0.3296725729931709
873 3440 -0.05504090306164464
873 3455 -0.3549212320068022
873 3470 -0.14591923868556353
873 3485 0.15826858567261567
873 3500 -0.1608381234302671
873 3365 -0.8861299181528793
873 3380 1.0
873 3395 -1.0
873 3410 0.572119191439378
874 875 -0.0020689140801570826
874 889 0.08992649578905847
874 3605 -0.8071363144415422
874 3620 -0.6393582904617735
874 3635 0.6248002963244389
874 3650 -0.062440035872081356
874 3665 -0.36529471260311464
874 3680 -0.7419558336396677
874 3515 0.5126364992581307
874 3530 0.2857450086690919
874 3545 0.5882858831245602
874 3560 0.1689698069717106
874 3575 -0.13568131178467374
874 3590 0.06550731573021673
875 890 0.09175519544424472
875 3785 -0.3296389673696303
875 3800 -0.646908219962811
875 3815 -0.04666640510874835
875 3830 0.4215449704561673
875 3845 0.11874623656057867
875 3860 -0.3229459862873471
875 3695 0.43698851123356297
875 3710 -0.046041495987955525
875 3725 -0.35082880180680437
875 3740 -0.18155963497962593
875 3755 -0.6261855864282672
875 3770 0.009742386908298744
888 889 0.09103615641255132
888 3425 0.5645897093274279
888 3440 -0.019653147892440263
888 3455 -0.3172961503023215
888 3470 -0.24181967131383947
888 3485 0.1080504744329222
888 3500 1.0
888 3365 0.31153874023792993
888 3380 -0.48052454699159386
888 3395 -0.3873291373526604
888 3410 0.12736698178820935
889 890 0.03372056593637628
889 3605 0.1580984803183787
889 3620 0.16977377363082313
889 3635 0.13874756068652827
889 3650 0.7449110303229314
889 3665 -0.39393163095718997
889 3680 0.8313351338604938
889 3515 -0.29747033069072
889 3530 0.03586034207988214
889 3545 0.17023214274085613
889 3560 -0.17329555432256313
889 3575 -0.4553358070927226
889 3590 0.09974544404711845
890 3785 0.08831651154576557
890 3800 -0.07484883430819239
890 3815 -0.2562913148744665
890 3830 0.050517077412532856
890 3845 -0.1236438076822651
890 3860 -0.6383938713902666
890 3695 -0.46003473249586374
890 3710 -0.8422548326733913
890 3725 0.2217344808829199
890 3740 0.4040258033237535
890 3755 0.5175255668075829
890 3770 0.5423350332800032
903 904 -0.38110162914022316
903 918 -0.0414004090562454
903 3425 0.37234872236469513
903 3440 0.012008480211456615
903 3365 0.14260539560100186
903 3380 0.3134625440445465
903 3395 -0.5081790987445677
903 3410 -0.2538416858162261
904 905 0.14163787946179338
904 919 -0.0961258396915501
904 3605 -0.18533128999274068
904 3620 -0.3833196862933705
904 3455 0.30715860463854855
904 3470 0.14156867566167178
904 3485 0.2467623101724666
904 3500 -0.05797973402587683
904 3515 0.5869339080682444
904 3530 -0.6215140316905357
904 3545 0.22388604081918978
904 3560 -0.3335024424130632
904 3575 -0.01789351839291107
904 3590 -0.6818442749795286
905 920 -0.5931859705330105
905 3785 0.4813135184171949
905 3800 0.32339412527021016
905 3635 0.3542114395905001
905 3650 -0.6227573487786867
905 3665 0.1240332084005879
905 3680 -0.5162622480604893
905 3695 0.23615890388553082
905 3710 -0.1333823534941968
905 3725 0.5274267559275442
905 3740 -0.46270818023118376
905 3755 0.27530689249374063
905 3770 -0.8089806437776871
918 919 -0.9470632805660494
918 3425 -0.2354764537568642
918 3440 0.6162711859125714
918 3365 0.4068924315750346
918 3380 0.03923872108883742
918 3395 0.4321949631123884
918 3410 -0.11055681929308267
919 920 -0.381197090535827
919 3605 0.06350736884092202
919 3620 0.8493742942423601
919 3455 0.03743064630062969
919 3470 -0.2768537973148286
919 3485 0.18216700276108763
919 3500 -0.5429224751320464
919 3515 -0.42532876026054994
919 3530 0.3291697714800006
919 3545 -0.6379473454424007
919 3560 -0.3525512052234076
919 3575 -0.3874517977257704
919 3590 0.6738410696475348
920 3785 1.0
920 3800 0.22045263522547784
920 3635 -0.24820053078345053
920 3650 -0.48479286158349877
920 3665 -0.7589585858641169
920 3680 1.0
920 3695 -0.38084544063552395
920 3710 0.359066746638373
920 3725 0.2306790174910991
920 3740 0.006887287318021248
920 3755 0.542523993242478
920 3770 -0.2095610907396932
933 934 -0.3823321335866912
933 948 0.40936586674270753
933 3425 0.1414179916360449
933 3440 0.16026409008210418
933 3365 0.28541159802042004
933 3380 -0.4048505322908555
933 3395 0.8159401568541569
933 3410 -0.028337236336576015
934 935 0.3525322918416512
934 949 0.23044495401096107
934 3605 0.688804574333253
934 3620 0.3831672860446162
934 3455 0.2907867516220586
934 3470 0.39196928494806277
934 3486 0.56289940867051
934 3501 0.23394974727987677
934 3516 0.35319194870605103
934 3531 -0.5699758888454483
934 3545 0.3697460356930483
934 3560 -0.07325239677119379
934 3575 0.9651448223002883
934 3590 -0.48325791260528994
935 950 -0.6127295349129884
935 3785 -0.7276092675232662
935 3800 -0.3005071292976131
935 3635 0.2699506830340511
935 3650 0.6142395219274736
935 3666 -0.7593366129631672
935 3681 -0.038896676396000154
935 3696 0.8557952849492954
935 3711 -0.3224328604773677
935 3725 -0.41012528208968657
935 3740 -0.8061324249086865
935 3755 0.08194630132314934
935 3770 0.24820344130170693
948 949 -0.04355413679976973
948 3425 0.08630806591861664
948 3440 0.8466129909061416
948 3365 -0.23673032655788295
948 3380 0.1499260317385957
948 3395 0.0884854143346523
948 3410 -0.18704386162223804
949 950 0.5189429147047518
949 3605 0.5359175149241231
949 3620 0.5531861031754901
949 3455 0.38477722615801585
949 3470 0.0510093879037933
949 3486 0.34026728840362536
949 3501 -0.3137856254199478
949 3516 -0.06802402578090262
949 3531 0.22090243709967905
949 3545 0.015572266805984008
949 3560 -0.1581752858048774
949 3575 -0.17294612769028456
949 3590 0.285507957542083
950 3785 0.1222757145290343
950 3800 -0.5194053267068425
950 3635 -1.0
950 3650 -0.30235725262502844
950 3666 -0.35812550110871205
950 3681 -0.4445885710344291
950 3696 -0.21592511567368816
950 3711 0.6570267153220256
950 3725 -0.020701155632854604
950 3740 0.6542548508096113
950 3755 0.3231053516399133
950 3770 0.2187558354272297
963 964 0.4099435034495639
963 978 0.1827296723002959
963 3425 -0.015333123314390872
963 3440 -0.4945151686342793
963 3455 -0.28704880354793033
963 3470 -0.526385390615622
963 3486 0.05922323435378123
963 3501 -0.33110776850147994
963 3516 -0.3901975305592837
963 3531 0.17324427139538814
963 3545 -1.0
963 3560 -0.5196663191739722
963 3395 -0.33955777091402806
963 3410 0.9556615825611784
964 965 0.19135302582984148
964 979 0.01905391474200249
964 3605 -0.16078761176672962
964 3620 -0.23235870852554216
964 3635 0.18715073997067072
964 3650 -0.9624663801930925
964 3666 -0.6604132219666675
964 3681 -0.33700068708978687
964 3696 0.01330547038102715
964 3711 -0.12615741590520674
964 3725 -0.4324449989720769
964 3740 0.06048322553847192
964 3575 -0.4524494108973433
964 3590 -0.7493191775969046
965 980 -0.2932138019820311
965 3785 0.5760807174126225
965 3800 -0.5149481279217539
965 3815 0.6244823314088362
965 3830 0.8107835817088465
965 3846 0.3283298764313729
965 3861 0.45906282110062824
965 3876 -0.19649161809678012
965 3891 -0.5636071466812898
965 3755 -0.6252682120001709
965 3770 -0.5291759676416832
978 979 0.38641696592230657
978 3425 0.3376385528585869
978 3440 0.5588576377990939
978 3455 -0.484672547347736
978 3470 0.8287486770925448
978 3486 0.23392117702543658
978 3501 0.32541205534562057
978 3516 -0.2136594105889728
978 3531 -0.3265572338749223
978 3545 -0.3492669369119316
978 3560 -0.477270381765333
978 3395 0.16004803242257779
978 3410 -0.5418124886405052
979 980 -0.4313859644024922
979 3605 -0.5072799562921719
979 3620 -0.2570861557205358
979 3635 -0.4506439960852548
979 3650 -0.25435636050086713
979 3666 0.28730535037409016
979 3681 0.5412958745645723
979 3696 -0.168273433236608
979 3711 -0.43749896488416823
979 3725 0.4842844031817142
979 3740 -0.041849280222543084
979 3575 0.13971684736899426
979 3590 0.06666605498449521
980 3785 0.7263120392547533
980 3800 0.44278993797236427
980 3815 -0.06928605702645364
980 3830 -0.9539932208248374
980 3846 -0.4272719702881984
980 3861 -0.09142171977352301
980 3876 0.06758366836059199
980 3891 0.08482233025412124
980 3755 0.5110356172238181
980 3770 0.21289200152894966
993 994 -0.37820473158847573
993 1008 0.3181068705042514
993 3426 0.6914622727331624
993 3441 0.1741135330425644
993 3456 -0.6089855020474921
993 3471 0.28620427417900807
993 3486 -0.42336233900860204
993 3501 0.6191432469640344
993 3516 -0.0036200466120862667
993 3531 1.0
993 3545 0.950470989227474
993 3560 -0.7880067778436324
993 3395 0.13674590453421173
993 3410 -0.07990324204702154
994 995 0.03727908843159936
994 1009 -0.5682477990464454
994 3606 -0.6414609199727019
994 3621 -0.08361063207230632
994 3636 0.7345057000953845
994 3651 0.24973869672682117
994 3666 -0.14673949940665212
994 3681 0.11798014735454043
994 3696 -0.14671761647656836
994 3711 0.19193570455087924
994 3725 -0.3203706034888508
994 3740 0.6697944552745387
994 3575 0.30328851943149926
994 3590 0.4864802717764747
995 1010 0.6141980278533414
995 3786 -0.26298645911198876
995 3801 -0.3214611064575851
995 3816 0.14153185674673782
995 3831 0.6517820911440972
995 3846 -0.41717627648805083
995 3861 0.426963822912517
995 3876 -0.30414197655703157
995 3891 0.25389407476623427
995 3755 0.7242774896033546
995 3770 -0.4476434526723806
1008 1009 -0.7060009281432519
1008 3426 0.7168274724053988
1008 3441 -0.17551101221785623
1008 3456 0.09645665687496931
1008 3471 0.1970417154369206
1008 3486 0.19242149481816556
1008 3501 -0.10157943852752156
1008 3516 0.5629143847715607
1008 3531 -0.3335234098017198
1008 3545 0.23061900675003688
1008 3560 -0.37383462860901406
1008 3395 -0.08136289570382671
1008 3410 -0.09546679182631902
1009 1010 -0.38257105902045635
1009 3606 -0.19801384673090106
1009 3621 0.9347248293468534
1009 3636 -0.2289081307680158
1009 3651 -0.1115559629515094
1009 3666 1.0
1009 3681 -0.38285516467808595
1009 3696 -0.5244106869594566
1009 3711 0.6126865415017341
1009 3725 -0.7712111502840727
1009 3740 0.8795655531601003
1009 3575 0.38595638616025757
1009 3590 0.7298284174743983
1010 3786 0.0725006902350847
1010 3801 0.7514392861599305
1010 3816 0.03743121742386918
1010 3831 -0.6201362316945838
1010 3846 0.16936698109395681
1010 3861 -0.28886836050247755
1010 3876 0.3585214040679051
1010 3891 -0.2691481008713856
1010 3755 0.3405581736520031
1010 3770 -0.4417701775760674
1023 1024 0.20500192045531077
1023 1038 0.422530420490126
1023 3426 0.37098151883693087
1023 3441 1.0
1023 3456 -0.38057466910549836
1023 3471 0.0438147606977668
1023 3486 -0.9326246524159248
1023 3501 0.3710685971816827
1023 3365 0.06296848997008206
1023 3380 -0.5617558401428869
1023 3395 0.22760787596959933
1023 3410 -0.08800854096118634
1024 1025 -0.7045598301918381
1024 1039 0.03807811748867149
1024 3606 0.746459340400383
1024 3621 0.24246332698129905
1024 3636 0.16192877855441715
1024 3651 -0.8435408124898967
1024 3666 -0.41877220549502586
1024 3681 -0.2691566637994283
1024 3516 -1.0
1024 3531 -0.17916138698643322
1024 3545 0.9892674299072675
1024 3560 0.011309059563571092
1024 3575 -0.42444462410384143
1024 3590 -0.5495638066910695
1025 1040 -0.0650148371882244
1025 3786 -0.48351637970998734
1025 3801 -0.005233875003967113
1025 3816 0.0876001465628433
1025 3831 -0.3700855755711172
1025 3846 0.2089707236904342
1025 3861 -0.07186745474722595
1025 3696 -0.571772353073649
1025 3711 -0.13848215467650346
1025 3725 -0.31074687655240124
1025 3740 -0.42363264954863994
1025 3755 0.009946856602788327
1025 3770 0.15056343611981848
1038 1039 -0.15231646522358008
1038 3426 -1.0
1038 3441 0.387324527444388
1038 3456 -0.5184866969131029
1038 3471 -0.3307831842676101
1038 3486 0.32536078459390116
1038 3501 -0.0185135931070073
1038 3365 0.5677584885552674
1038 3380 0.1745536875167201
1038 3395 0.4095900096816903
1038 3410 -0.19343862242949386
1039 1040 0.9530550228600813
1039 3606 0.06933878880533087
1039 3621 1.0
1039 3636 -0.10546835636900141
1039 3651 -0.05834365595495989
1039 3666 -0.45379877271598196
1039 3681 -0.005101449039809498
1039 3516 0.7602320956736952
1039 3531 -0.29923169315050047
1039 3545 0.19102541373948498
1039 3560 0.10225529466620976
1039 3575 0.42476200814318354
1039 3590 0.14282167431114526
1040 3786 -0.2561925839652413
1040 3801 -0.2794949096286729
1040 3816 -0.3541038760280161
1040 3831 -0.4715277886219635
1040 3846 0.09909195995250046
1040 3861 -0.18654899314011114
1040 3696 0.3353904740300346
1040 3711 0.35421831543335147
1040 3725 0.10489166995570376
1040 3740 0.4219937213045845
1040 3755 -0.5804825094154492
1040 3770 0.8104294422122102
1053 1054 -0.02809616119090236
1053 1068 -0.7544446010128789
1053 3426 -0.188291744484977
1053 3441 0.35009752553038553
1053 3456 -0.005561841368429826
1053 3471 0.7516641091894537
1053 3486 0.33599519803856914
1053 3501 -0.4395741659201017
1053 3366 0.5670945717807292
1053 3381 -0.6139374281194685
1053 3396 0.507853328624113
1053 3411 0.30391230392925245
1054 1055 -0.6546379534586899
1054 1069 0.4354812768038223
1054 3606 0.46405621933040103
1054 3621 0.3815541977046255
1054 3636 0.8894152844638307
1054 3651 0.2770732490362657
1054 3666 -0.26112923168993973
1054 3681 0.8001289868927558
1054 3516 -0.4115984727736792
1054 3531 0.1265648068311628
1054 3546 0.19876784632480796
1054 3561 -0.1356968067380551
1054 3576 -0.658109819429225
1054 3591 -0.37385353688007356
1055 1070 0.2978778672345339
1055 3786 0.14753792717695086
1055 3801 0.3255080334284425
1055 3816 0.5458709830643622
1055 3831 -0.24072633764032225
1055 3846 0.30010488215585873
1055 3861 -0.780457048501693
1055 3696 0.4572103822129777
1055 3711 0.5097244105344725
1055 3726 0.13752458972991663
1055 3741 0.8374189054858383
1055 3756 -0.6551666297281661
1055 3771 1.0
1068 1069 0.5567883696436523
1068 3426 0.7463744496205249
1068 3441 0.571656477792868
1068 3456 -0.2293209376979089
1068 3471 -0.5413854319658115
1068 3486 -0.7370556890090022
1068 3501 -0.5057972438343421
1068 3366 1.0
1068 3381 -0.44671809594324097
1068 3396 -0.37532729220167393
1068 3411 -0.185963018700874
1069 1070 0.42119779948816743
1069 3606 -0.42803632834335775
1069 3621 0.07341322882023697
1069 3636 -0.3544856677302241
1069 3651 0.13192582227131294
1069 3666 -0.8627936255955936
1069 3681 -0.22746758620450383
1069 3516 -0.06335111690799365
1069 3531 1.0
1069 3546 -0.1068566924338479
1069 3561 0.324892128710342
1069 3576 -0.4117383443680984
1069 3591 -0.590984862686786
1070 3786 0.8063842787005646
1070 3801 -0.44081857237799965
1070 3816 -0.5666502395869822
1070 3831 0.7666147555208893
1070 3846 -0.5078319695462199
1070 3861 -0.053418462784951236
1070 3696 -0.12195184192529304
1070 3711 0.14918310485417832
1070 3726 0.04662097540953542
1070 3741 0.919625052635511
1070 3756 -0.665373735241821
1070 3771 0.6578477644840123
1083 1084 0.3801982607269748
1083 1098 0.6818855912982493
1083 3426 -0.1661954008626864
1083 3441 -0.2147374499526415
1083 3366 -0.07085524851293244
1083 3381 0.049160922746666294
1083 3396 0.507274670505874
1083 3411 0.055826027905924745
1084 1085 -0.2355923831894452
1084 1099 0.2160491327247595
1084 3606 0.2904257317570025
1084 3621 0.09135609806501632
1084 3456 0.197419611931304
1084 3471 -0.3848543193811324
1084 3486 -0.11922894307428553
1084 3501 -0.12686861915844666
1084 3516 -0.6229480335836938
1084 3531 -0.11320375467459691
1084 3546 0.7964322595035751
1084 3561 -0.8244418501371604
1084 3576 0.05751914883592854
1084 3591 -0.21858213512633415
1085 1100 0.05987573951813536
1085 3786 -0.5074683004359192
1085 3801 0.13843149671811944
1085 3636 -0.2628529666007891
1085 3651 0.12344420651526805
1085 3666 0.11924317764670768
1085 3681 0.2582832759373211
1085 3696 -0.6786493812475075
1085 3711 0.234640390781096
1085 3726 0.19677497487345413
1085 3741 0.28321876583184424
1085 3756 1.0
1085 3771 -0.1217599248673262
1098 1099 -0.22193137500559895
1098 3426 0.24076963224870948
1098 3441 0.15200712288156168
1098 3366 0.42053477821069557
1098 3381 0.04441536515207231
1098 3396 -0.44384265588113453
1098 3411 -0.245741468530006
1099 1100 -0.7707934794715261
1099 3606 0.6795189447383666
1099 3621 -0.05714889922306844
1099 3456 0.4372976426029373
1099 3471 -0.5036723023067597
1099 3486 -0.14802647844207034
1099 3501 0.34889587329991784
1099 3516 -0.39376926339767965
1099 3531 -0.34282076232446024
1099 3546 0.10331569542458348
1099 3561 -0.19404386375793775
1099 3576 -0.21831916364955495
1099 3591 -0.33031262471320233
1100 3786 0.06789397148985787
1100 3801 -0.8458543713383743
1100 3636 -0.790430641361043
1100 3651 -0.21232184162236797
1100 3666 0.018899889422363987
1100 3681 -0.7335314666701933
1100 3696 -0.05343806012770765
1100 3711 0.6692547745739744
1100 3726 -0.7037345508812165
1100 3741 0.6309455080250194
1100 3756 1.0
1100 3771 0.6209323680565687
1113 1114 0.2373157792578497
1113 1128 0.2415541685415888
1113 3426 0.15458164221084036
1113 3441 0.20595049001564775
1113 3366 -0.4924014760443962
1113 3381 -0.5419122751813382
1113 3396 -0.2946572036096297
1113 3411 -0.3044682332302713
1114 1115 0.4991058980518126
1114 1129 -0.18578974642818089
1114 3606 -0.09326883097636511
1114 3621 0.2227105748148647
1114 3456 0.04943485687931158
1114 3471 0.972536643059942
1114 3546 -0.34853506848661975
1114 3561 -0.10869563714009922
1114 3576 0.11324296750694929
1114 3591 -0.6552861595460068
1115 1130 -0.003876420197608638
1115 3786 -0.5353306882512945
1115 3801 0.03734005575637615
1115 3636 0.03854498153768149
1115 3651 0.7873041410784709
1115 3726 0.6972659456379118
1115 3741 0.6067984157300316
1115 3756 -0.14417338417396297
1115 3771 0.09691012718200585
1128 1129 -0.5569854102405816
1128 3426 0.14015931758644662
1128 3441 -0.5668890615742416
1128 3366 -0.6298217817849346
1128 3381 0.28019226274481446
1128 3396 -0.7324041286913937
1128 3411 -0.9294194278495753
1129 1130 -0.6954687834607638
1129 3606 -1.0
1129 3621 -0.3741890852480655
1129 3456 0.4453416487035078
1129 3471 -0.3437447609033316
1129 3546 0.059439518048623
1129 3561 0.6325599419127557
1129 3576 -0.13936606469583887
1129 3591 0.15530295470923616
1130 3786 0.7942599567969094
1130 3801 0.21021788523923127
1130 3636 0.08157897000672992
1130 3651 0.3638351823305742
1130 3726 0.2694944316094296
1130 3741 0.11920747450734324
1130 3756 0.7680305924857103
1130 3771 0.32351564775959846
3364 3365 -0.07833624325272742
3364 3379 0.11362720566775938
3365 3366 0.31575326855049907
3365 3380 -0.7246038232962189
3366 3381 0.4805702593957215
3379 3380 0.3687617316517739
3380 3381 0.07817284357836285
3394 3395 0.3219390511155846
3394 3409 -0.20713792731936378
3395 3396 -0.07581445452333953
3395 3410 0.24811736226243478
3396 3411 0.5114474954564149
3409 3410 0.08963770111508833
3410 3411 -0.21349176834907257
3424 3425 0.09963960234677333
3424 3439 0.1626173117385496
3425 3426 -0.12864648669983655
3425 3440 0.031242442404192078
3426 3441 0.5193444062752691
3439 3440 0.17727202522091456
3440 3441 -0.45574849295875935
3454 3455 0.2344842202448783
3454 3469 0.39747013729248354
3455 3456 0.20120221273449929
3455 3470 0.09170102192014097
3456 3471 0.5575262857289304
3469 3470 0.488374773495788
3470 3471 0.2130467843788632
3484 3485 -0.4557767162556959
3484 3499 0.040106696776747226
3485 3486 -0.5334682693818922
3485 3500 -0.08750247875408287
3486 3501 0.6362025872746845
3499 3500 0.2976143867511631
3500 3501 0.7051526615859728
3514 3515 -0.039798409866852714
3514 3529 -0.4206623107318219
3515 3516 0.09956172467562723
3515 3530 -0.1503234163232103
3516 3531 0.19703896077726946
3529 3530 -0.0414489055321569
3530 3531 1.0
3544 3545 0.3189365791234034
3544 3559 0.21204466237134673
3545 3546 0.10353525965882657
3545 3560 -0.6745155515918145
3546 3561 -0.08094769222811223
3559 3560 -0.6372300105837405
3560 3561 -0.13244896564646524
3574 3575 -1.0
3574 3589 -0.10102864865753686
3575 3576 0.16559635717117646
3575 3590 0.907560573521084
3576 3591 -0.39059617303058375
3589 3590 -0.037441704122019456
3590 3591 -0.20055457580973915
3604 3605 -0.22072101819030984
3604 3619 -0.3840709181526907
3605 3606 -0.48820071389836683
3605 3620 -0.3849636571996074
3606 3621 0.7289279622069892
3619 3620 -0.3691870266432662
3620 3621 -0.642051331691369
3634 3635 -0.21918706990684925
3634 3649 -0.12304472449811464
3635 3636 -0.0898673505767724
3635 3650 -0.84962817704638
3636 3651 -0.10191336475453303
3649 3650 -0.40091256540771947
3650 3651 0.12440761494406917
3664 3665 -0.06061948240068452
3664 3679 0.26332975333187
3665 3666 0.24101555827466536
3665 3680 0.9689189564507223
3666 3681 -0.08463321932650458
3679 3680 0.3156184174297146
3680 3681 0.38819909837528493
3694 3695 -0.08160394448538778
3694 3709 0.9163521915586884
3695 3696 -0.38551360227287707
3695 3710 -0.9642301740756022
3696 3711 -0.5621181735550296
3709 3710 -0.5874717260801152
3710 3711 0.14919584928923
3724 3725 0.1536150264692974
3724 3739 -0.749348872537895
3725 3726 -0.5348238217326114
3725 3740 -0.9707101488770639
3726 3741 -0.7908467378468979
3739 3740 1.0
3740 3741 0.2851521296602363
3754 3755 -0.06664452350453563
3754 3769 -0.8697583122150113
3755 3756 0.307089520189516
3755 3770 0.12776701356866493
3756 3771 1.0
3769 3770 -0.6945078631659514
3770 3771 -0.2604768915401058
3784 3785 -0.4589888486292294
3784 3799 -0.4115235268127356
3785 3786 -0.8251082254303432
3785 3800 0.4155699528361435
3786 3801 0.5527658010347283
3799 3800 -0.19021208059361744
3800 3801 0.4965646665723758
3814 3815 -0.36949205910655886
3814 3829 0.07681679998028065
3815 3816 0.08504492551622042
3815 3830 0.19790374598168944
3816 3831 -0.2961069694694266
3829 3830 0.447266796839767
3830 3831 0.16898308440013168
3844 3845 0.40228975486936025
3844 3859 -0.018128409516604622
3845 3846 0.9384187259211176
3845 3860 0.542216185541418
3846 3861 0.4788146348989521
3859 3860 0.7581950871934113
3860 3861 0.4778841176949794
3874 3875 0.29874589537383217
3874 3889 -0.07134475105346466
3875 3876 0.07530837901219535
3875 3890 0.0445905560996454
3876 3891 -0.29553482768276046
3889 3890 -0.2367330177624872
3890 3891 -0.8150504645371527
