# 
603 603 -0.41390738014215445
604 604 -1.1259010088980494
605 605 0.08127649537200995
618 618 0.3800051325389732
619 619 -2.3093521276703908
620 620 -0.021943280341188955
633 633 0.7031964975371746
634 634 0.6679408313675199
635 635 1.1191648101449352
648 648 0.1879398497891629
649 649 -0.8712941272382022
650 650 -0.0611369953411944
663 663 2.2947269458979496
664 664 0.01832005707677756
665 665 2.004634655759684
678 678 3.029056681817928
679 679 -0.3463226959138848
680 680 0.12740198712267264
693 693 -0.9978537946534647
694 694 -0.43891627021286067
695 695 0.3036561244845759
708 708 1.2958198406271804
709 709 0.8876447500736261
710 710 0.012353795000049158
723 723 0.17051276550598818
724 724 -1.1061796632267828
725 725 -0.15174568508152805
738 738 0.7581400679667455
739 739 -0.43392040733895226
740 740 0.7932962739089399
753 753 1.7831495896242509
754 754 0.9314113223210786
755 755 -1.3849103773848683
768 768 -1.2482757263141426
769 769 -0.6234219329125342
770 770 0.4588756356997543
783 783 -1.633519373027035
784 784 0.09503484243492555
785 785 -0.6945653348604077
798 798 0.8957706997207151
799 799 -0.2117299574782311
800 800 -1.3354531842609105
813 813 -1.0952285127477228
814 814 -0.13626224148824778
815 815 1.6920301787083267
828 828 1.0964984189062803
829 829 0.9962620007057986
830 830 -1.3334897456213193
843 843 -0.5179131477779636
844 844 -0.7972724262270708
845 845 -0.6901623947538857
858 858 -0.5044801069530489
859 859 -0.0045442467573803816
860 860 -1.6522244081766586
873 873 -0.9380115145845224
874 874 0.3554878211746396
875 875 0.5077609246807375
888 888 1.0882303763455468
889 889 -1.538832405118347
890 890 -1.8881735830709694
903 903 0.037792459080390715
904 904 0.7268688084519915
905 905 0.5429719151159265
918 918 1.4078196900276194
919 919 -0.5242128788075506
920 920 -0.017512783305269376
933 933 -0.9566313451000816
934 934 0.12074151701340999
935 935 0.9397013724967604
948 948 -0.30012955158808413
949 949 -2.0957971874692176
950 950 0.3690086773148915
963 963 0.06106662109868614
964 964 0.013339988591603985
965 965 0.934166486134066
978 978 -0.06127116384813559
979 979 0.20168637986251817
980 980 -0.7791001994391109
993 993 1.1160948221081712
994 994 -0.7412561993718332
995 995 -1.0877481828971058
1008 1008 -0.6183583884060623
1009 1009 0.5761165431457345
1010 1010 -1.1038039294336859
1023 1023 -0.19257781705391283
1024 1024 0.6463535629517061
1025 1025 -0.9307917097702084
1038 1038 -1.1006402398372537
1039 1039 0.4454949633507488
1040 1040 1.0358304629559176
1053 1053 0.19799254497944618
1054 1054 -0.7333737579613875
1055 1055 0.605602400643179
1068 1068 0.6809834179213556
1069 1069 0.6019628923575533
1070 1070 -0.09743608685470123
1083 1083 0.37106501320431307
1084 1084 -2.135233896429008
1085 1085 1.416031680895005
1098 1098 0.9729129389162178
1099 1099 -0.35874261196151486
1100 1100 0.24458150591376251
1113 1113 0.3931685556915861
1114 1114 -1.0600339093668771
1115 1115 0.1789268585809343
1128 1128 -1.1847231962597708
1129 1129 -0.39943727919145133
1130 1130 -0.7233875432646494
3364 3364 0.7281517454004324
3365 3365 -0.5023604756377789
3366 3366 0.4652793124284556
3379 3379 0.7383621337557255
3380 3380 0.3298420498366714
3381 3381 -0.5502321814340632
3394 3394 -0.38757767567749846
3395 3395 -0.534852543029476
3396 3396 0.3556062460990688
3409 3409 -0.48328634100276396
3410 3410 -0.5929895319138935
3411 3411 0.20683836673267808
3424 3424 0.277761561258757
3425 3425 1.0394946149056736
3426 3426 0.5654502844238809
3439 3439 0.6147121511676352
3440 3440 -0.4893063407882478
3441 3441 0.9720232429024199
3454 3454 2.8826907147253467
3455 3455 0.896162490583513
3456 3456 1.476777481591743
3469 3469 -1.2554392159908927
3470 3470 -0.5569455186660119
3471 3471 -0.16425635653727683
3484 3484 0.1826317409783314
3485 3485 -0.06725985129626019
3486 3486 1.046773698094075
3499 3499 -1.4155251573730927
3500 3500 -0.10276760781620105
3501 3501 -0.7597709009194151
3514 3514 0.7239210181078756
3515 3515 1.673883393524631
3516 3516 0.24721167830358898
3529 3529 -0.8197728616263936
3530 3530 0.18450619591227663
3531 3531 -1.1642714017372462
3544 3544 0.06757716514095029
3545 3545 2.0257467750645697
3546 3546 0.1007739656446817
3559 3559 0.721560534464293
3560 3560 0.29084503349354324
3561 3561 -1.41538754670882
3574 3574 1.4667974632015879
3575 3575 -1.4785252223054728
3576 3576 -1.5862171578370474
3589 3589 -0.01490135344451643
3590 3590 -0.16782077205626802
3591 3591 -0.2767658726765179
3604 3604 0.5846077061171934
3605 3605 0.11286036920110137
3606 3606 -2.4283675484530978
3619 3619 -0.30359284468331915
3620 3620 2.6556251888732954
3621 3621 3.2581722172942804
3634 3634 0.6356222705715947
3635 3635 -1.853318516179167
3636 3636 0.8577268585014766
3649 3649 0.29982758841210166
3650 3650 0.3627885362553862
3651 3651 1.4142296694587184
3664 3664 0.5504262072455454
3665 3665 1.0115709132199842
3666 3666 -1.906682866752611
3679 3679 -0.625620141385501
3680 3680 0.8079719298031672
3681 3681 0.19330091515536543
3694 3694 -0.8145336944988238
3695 3695 2.2385852713921905
3696 3696 -1.6671047358504518
3709 3709 1.5585850729110717
3710 3710 1.8898830783644536
3711 3711 0.2753041301080024
3724 3724 0.48947792938032064
3725 3725 0.9150873933372746
3726 3726 -0.37084167051517347
3739 3739 -1.7701405362554452
3740 3740 -0.089711286173527
3741 3741 0.2575522843346806
3754 3754 0.9331519501058626
3755 3755 1.2426297188539779
3756 3756 0.2220191735333561
3769 3769 0.7577684101931211
3770 3770 -0.8240334673337695
3771 3771 -1.2296178936860924
3784 3784 1.379114624350391
3785 3785 -0.24069568979765413
3786 3786 -0.4937691873510421
3799 3799 -1.262792465234767
3800 3800 -0.519956168330369
3801 3801 0.9040589551574251
3814 3814 0.5445500636844084
3815 3815 0.5829859145718075
3816 3816 -0.3496287062068307
3829 3829 -0.7735902467071688
3830 3830 3.2099778992060286
3831 3831 0.9359773493821767
3844 3844 0.6210163664070073
3845 3845 -1.5079286104473113
3846 3846 0.33504638992909186
3859 3859 0.38582142920986784
3860 3860 -1.7189095005049764
3861 3861 -0.13000075393770066
3874 3874 0.32503848751061143
3875 3875 0.43315317925232755
3876 3876 -0.25057826752663315
3889 3889 -0.09837888063009202
3890 3890 0.26129196366085966
3891 3891 -1.636281690627441
603 604 0.10659710329817655
603 618 -0.5384631542402966
603 3484 0.34203253234424547
603 3499 0.5060776689355305
603 3514 -0.05157863746786952
603 3529 0.14190780561167837
604 605 -0.8500023532324482
604 619 0.599678607404267
604 3664 -0.360617942356204
604 3679 -0.017144067595585896
604 3694 -0.5189095938038506
604 3709 0.8363510633147265
605 620 -0.4283149755519803
605 3844 -0.10845947282232696
605 3859 -0.34814388232899474
605 3874 0.03966543941486982
605 3889 0.030365577691813136
618 619 -0.9479251110250358
618 3484 -0.2923710236471488
618 3499 0.4105592914512459
618 3514 0.14217472213423793
618 3529 0.38590158920089185
619 620 -0.1637874641178199
619 3664 0.23391921223691436
619 3679 -0.13738728990593096
619 3694 0.6726172235750882
619 3709 -0.08992410587357565
620 3844 -0.05948731101346689
620 3859 0.5224630601417471
620 3874 0.2778742815854241
620 3889 -0.6457105768159586
633 634 0.15186228513597905
633 648 -0.16538258865349692
633 3424 0.19023232728195824
633 3439 0.3560955258744168
633 3454 0.29057681015323694
633 3469 0.08006414651672011
633 3484 -0.17258962826023116
633 3499 -0.14686104846967493
633 3514 -0.22281860237603474
633 3529 0.8807891237686721
634 635 0.5408491342884051
634 649 0.9027269269261395
634 3604 -0.5196089038944883
634 3619 0.1189658585669993
634 3634 0.8364570982182885
634 3649 -0.34824848343397735
634 3664 -0.2048677342983982
634 3679 -0.7009075060137632
634 3694 0.5424338862792205
634 3709 -0.6430648773526305
635 650 0.42169245478055384
635 3784 -0.7342046039871056
635 3799 -0.34233553532339445
635 3814 0.9265409796088934
635 3829 -0.3686886652788914
635 3844 0.1391156401806133
635 3859 0.24750104405326734
635 3874 -0.49773114613346237
635 3889 -0.9808605082421572
648 649 -0.15304097906449454
648 3424 0.2147221746599305
648 3439 -0.05349054998101966
648 3454 0.49471657936515634
648 3469 -1.0
648 3484 0.017147417889663518
648 3499 -0.8357827708507554
648 3514 0.9306296473513179
648 3529 -0.6370224499915006
649 650 -0.10854183898494076
649 3604 0.37409940732442876
649 3619 1.0
649 3634 -0.7391081067847687
649 3649 -0.22580375040178302
649 3664 -0.7044405171233531
649 3679 -0.0938575586422311
649 3694 0.018866818665901543
649 3709 -0.13285276019650366
650 3784 -0.23470707391513831
650 3799 -0.5402459521254042
650 3814 0.03146092733449125
650 3829 -0.7758514565519398
650 3844 -0.18916995334081405
650 3859 -1.0
650 3874 0.366210082447263
650 3889 -0.21733445128051251
663 664 -0.37395969189668393
663 678 -1.0
663 3424 0.12898296453877367
663 3439 -0.34017408265293875
663 3454 0.17812565563506183
663 3469 0.5445369829014416
663 3484 -0.6281179941787169
663 3499 -0.08328110353467723
664 665 -0.491878932851864
664 679 -0.2062405464345585
664 3604 0.2773266307236079
664 3619 0.47273763999712093
664 3634 -0.4767240433211375
664 3649 0.4694846744918951
664 3664 0.07985662426784328
664 3679 0.7940282507674888
664 3514 0.6921113542068051
664 3529 -0.17732646011216374
665 680 0.29124165317443373
665 3784 1.0
665 3799 0.04312269729103838
665 3814 -0.5554898591112193
665 3829 0.4022681860235774
665 3844 0.05211338611218223
665 3859 -0.41689125116549125
665 3694 -0.3350554752291717
665 3709 -0.010689027862755452
678 679 0.15771609990407764
678 3424 -0.08747167107861016
678 3439 -0.7210576131906793
678 3454 -0.62132928303603
678 3469 -0.4903763709522781
678 3484 -0.2601169562642281
678 3499 0.5879799082717062
679 680 0.7669945960864678
679 3604 -0.6274272822488242
679 3619 0.24772605402681097
679 3634 -0.19448888212715887
679 3649 -0.6622274025554572
679 3664 -0.33459105704715586
679 3679 -0.6842427130342508
679 3514 -0.015247555505662662
679 3529 0.4645587070028948
680 3784 -0.5342676945044129
680 3799 0.5141701551411697
680 3814 0.4345643790769024
680 3829 -0.24740176677029066
680 3844 -0.2313976952014234
680 3859 -0.20294993999091232
680 3694 -0.15265505026817486
680 3709 0.9228228678931194
693 694 -0.13450270414719392
693 708 -0.22336174916275955
693 3424 -0.35772309693031923
693 3439 -0.3355637582217781
693 3454 -1.0
693 3469 0.9682242892717522
693 3484 -0.46773674401775583
693 3499 0.7345325258244211
693 3364 -0.4146789564080888
693 3379 -0.08135051867986712
693 3394 -0.39173366725210085
693 3409 0.08016784754972069
694 695 0.2871368492907201
694 709 1.0
694 3604 0.8366477965690026
694 3619 0.38250445942595485
694 3634 -0.646708052016021
694 3649 0.02805815646326205
694 3664 -1.0
694 3679 0.49846647316840437
694 3514 0.5654550331361754
694 3529 0.1008035328186003
694 3544 0.08015511574351117
694 3559 -0.38525261113611675
694 3574 -0.9749886372467891
694 3589 -0.02213923372647374
695 710 0.49708070700406415
695 3784 -0.07579462134192691
695 3799 -0.24704914546190995
695 3814 -0.31488757637939563
695 3829 -0.42590336477820556
695 3844 -0.008738473703114839
695 3859 0.45403904945306267
695 3694 -0.5146649714739531
695 3709 0.23672439143530363
695 3724 0.16503015053279224
695 3739 -0.1942770171592661
695 3754 0.12690631093685004
695 3769 -0.3512319156888745
708 709 0.12623776821446803
708 3424 0.01448718117758108
708 3439 -0.09981174263246526
708 3454 0.27300244740150176
708 3469 -0.773569868151635
708 3484 0.2623018358839872
708 3499 -0.7345443558211131
708 3364 0.08973431417932388
708 3379 0.41910903276322375
708 3394 -0.5089631388643185
708 3409 -0.7690367654601664
709 710 0.776238923803352
709 3604 0.3277895377127179
709 3619 0.01932617529626299
709 3634 -1.0
709 3649 0.029410574748856565
709 3664 0.36499796661937145
709 3679 0.5113466056178659
709 3514 0.5041243124570607
709 3529 -0.6224857677185399
709 3544 -0.5805075407909257
709 3559 0.5964686204743377
709 3574 0.15428953069977733
709 3589 -0.20811012387324596
710 3784 -0.6768600789518245
710 3799 -0.3284394799787841
710 3814 -0.2224731048384515
710 3829 0.8433759840785855
710 3844 0.008226465339933592
710 3859 -0.056618274718522425
710 3694 -0.13027935783589786
710 3709 -0.5794686745231814
710 3724 -0.09621067742597111
710 3739 0.2923016956775273
710 3754 0.24101798761846857
710 3769 0.014592818628379946
723 724 -0.07805107726353382
723 738 -0.12357531626795143
723 3424 1.0
723 3439 -0.822930136970273
723 3364 0.9741779426282716
723 3379 -0.0006386164070753636
723 3394 0.294160132847519
723 3409 -0.7445558608038574
724 725 -0.7680234348504171
724 739 -0.668160674655476
724 3604 0.42930100860198467
724 3619 0.058494694560968306
724 3454 0.07122849032807835
724 3469 0.2314227754873481
724 3484 -0.8737123293643605
724 3499 -0.270616279417704
724 3514 -0.6005701074410408
724 3529 0.7515509234594642
724 3544 1.0
724 3559 -0.20905133706692022
724 3574 -0.14161900767722582
724 3589 -0.12826081878687162
725 740 0.3347780368034273
725 3784 0.5276324620408238
725 3799 0.17753382527512318
725 3634 0.8117765600665819
725 3649 0.2668240929123226
725 3664 0.5494525841486515
725 3679 -0.5120938384953555
725 3694 0.002236175871514026
725 3709 -0.1860161906620619
725 3724 0.3554235846356578
725 3739 0.5341460843247725
725 3754 -0.004355098479252236
725 3769 -0.8840330324222455
738 739 -0.4533294643859628
738 3424 -0.384463561605494
738 3439 1.0
738 3364 -0.07991035933091979
738 3379 -0.47109797584960933
738 3394 -0.04078313727057358
738 3409 -0.27407721790935974
739 740 0.5838332923620635
739 3604 -0.42435941370731356
739 3619 0.20406426051241291
739 3454 -0.06597624913288919
739 3469 0.40560654317253353
739 3484 1.0
739 3499 -0.09423021471803887
739 3514 -0.16355862874088148
739 3529 -0.7842288477448922
739 3544 -0.10176686628979746
739 3559 0.4531371960485751
739 3574 -0.040794059131168986
739 3589 0.10655908169317059
740 3784 0.5823437856844031
740 3799 0.003015041562409085
740 3634 0.16114686524098737
740 3649 0.7393802730076705
740 3664 -0.44459948010974765
740 3679 -0.1753734823982641
740 3694 0.5705977379574649
740 3709 0.09296863324708363
740 3724 -0.6567819665843145
740 3739 -0.1192850983106766
740 3754 0.37216626437615674
740 3769 -0.6303008668732253
753 754 -0.07501618131352988
753 768 0.22075738069446701
753 3424 0.06900929555100868
753 3439 -1.0
753 3364 -0.0309068402371796
753 3379 0.23210188791308625
753 3394 -0.3296993752871396
753 3409 -0.9175239583912611
754 755 -0.3228341194162285
754 769 -0.2628862829205683
754 3604 -0.19189464693936825
754 3619 -0.2851640488302841
754 3454 0.25028351186268377
754 3469 -0.44679607875695426
754 3485 0.34616272546330334
754 3500 0.4747950021589708
754 3515 -0.32156009800472296
754 3530 0.46910918675561886
754 3544 0.4093347320484682
754 3559 -0.3228029446587344
754 3574 -0.5161852901711849
754 3589 0.1989274087441817
755 770 0.1704910138412031
755 3784 0.7242188173184481
755 3799 0.6476573898013362
755 3634 1.0
755 3649 0.254355781960198
755 3665 -0.7470891151888401
755 3680 0.8881849439713573
755 3695 0.590330956732363
755 3710 0.15197053035495686
755 3724 0.05195920620996297
755 3739 -0.10403927704866596
755 3754 -0.07023855044744817
755 3769 0.08515266318947658
768 769 0.30423406556172583
768 3424 1.0
768 3439 -0.9434304796551589
768 3364 -0.3014682794364063
768 3379 0.28301124610041195
768 3394 0.24566819947711227
768 3409 -0.6889369863968462
769 770 -0.32867592031878834
769 3604 0.833208459315627
769 3619 -0.22602945188455137
769 3454 0.18836479875646556
769 3469 -0.05230473889250539
769 3485 -0.04936530854923518
769 3500 -0.21970628542436335
769 3515 0.5628717224847056
769 3530 0.46748761831972896
769 3544 0.09930275640241637
769 3559 0.7240360527351835
769 3574 -0.02577192981016741
769 3589 0.06861767924246814
770 3784 -0.25232289347609677
770 3799 0.42654681848325376
770 3634 -0.6906944045391904
770 3649 0.018103890036851058
770 3665 1.0
770 3680 0.5290604850803441
770 3695 0.563372950430208
770 3710 0.03227454152584096
770 3724 -0.5251891834669371
770 3739 -0.6441172128064651
770 3754 -0.08043745337645011
770 3769 0.00996556125255444
783 784 0.011123194424143317
783 798 -0.7997845349174553
783 3424 0.3706853082318795
783 3439 0.2628902001527397
783 3454 1.0
783 3469 0.253861170559882
783 3485 -0.09921756755536054
783 3500 -0.30163670779965485
783 3515 -0.7216798968711303
783 3530 -0.21687714781266557
783 3544 -0.45739104198449915
783 3559 0.03605310532814267
783 3394 0.0336678394953848
783 3409 0.09517924269427805
784 785 0.6687649959021778
784 799 0.1925703466114969
784 3604 -0.7058276417935887
784 3619 -0.055187035103811136
784 3634 -0.24515047098585144
784 3649 0.006221097714538179
784 3665 -0.16173633268467577
784 3680 0.1980165709174415
784 3695 0.2735311896703895
784 3710 -0.4986022551316119
784 3724 -0.2212748555218518
784 3739 -0.937691778604434
784 3574 0.382424364430752
784 3589 0.5628498959124854
785 800 -0.35978260225775593
785 3784 -0.2945393654530507
785 3799 0.10414698180022386
785 3814 0.11899832831433985
785 3829 -0.3972302037653855
785 3845 -0.11261389482143279
785 3860 -0.904274368225536
785 3875 0.2702198068648978
785 3890 0.00903757283545426
785 3754 0.39867099003034184
785 3769 -0.0008125856560843736
798 799 -0.2383532124753923
798 3424 0.41529108793404496
798 3439 0.009423248219462929
798 3454 -0.22356351589803466
798 3469 1.0
798 3485 -0.23139642028080487
798 3500 -0.1088632019057269
798 3515 -0.08390275900305953
798 3530 0.3630696182037441
798 3544 0.23823107800263948
798 3559 0.6646952093803625
798 3394 1.0
798 3409 -0.07099116199789292
799 800 -0.4606832994991135
799 3604 -0.3384732261837694
799 3619 0.35786276996208094
799 3634 0.9759565197506717
799 3649 1.0
799 3665 0.6344801746080833
799 3680 0.23020476631427372
799 3695 -0.1936845735980197
799 3710 0.016267087551900924
799 3724 -0.719724099798999
799 3739 -0.11473439449689367
799 3574 -0.39143333517291606
799 3589 0.07735369170663947
800 3784 -0.36194459574924215
800 3799 0.19015007419613625
800 3814 0.2341278629405821
800 3829 -1.0
800 3845 0.8693379621971564
800 3860 -0.028269023426913648
800 3875 0.23094996229938963
800 3890 0.2135158446746633
800 3754 0.744004012783249
800 3769 0.5022339382727001
813 814 0.3928365287262805
813 828 1.0
813 3425 -0.46496740823945926
813 3440 0.24467071808151478
813 3455 -0.31602983805766083
813 3470 0.15803112859279084
813 3485 0.13266613267511498
813 3500 -0.0206880180742704
813 3515 -0.5241633284682036
813 3530 0.201121963733448
813 3544 -0.2289904703718099
813 3559 -0.1474520354739633
813 3394 0.13089235553608128
813 3409 -0.6087376636858219
814 815 0.25889144722222573
814 829 -0.45012290528805465
814 3605 -0.5754089695155227
814 3620 0.20325857783408374
814 3635 -0.6582063991826248
814 3650 -0.17179544613861142
814 3665 0.4525452039334738
814 3680 0.12677216241823772
814 3695 -0.10528172845673169
814 3710 -0.4082042224809605
814 3724 -0.3302270014985175
814 3739 -0.28737606858907133
814 3574 -0.025536069076355646
814 3589 0.034754745858319586
815 830 -0.520665468184835
815 3785 0.5970577732768537
815 3800 0.2978973172771338
815 3815 1.0
815 3830 -0.5682163964693889
815 3845 -0.17176146803775655
815 3860 -0.569473971582958
815 3875 -0.23082252816562818
815 3890 0.45217306957835607
815 3754 -0.8527489071535322
815 3769 -0.6058386600553923
828 829 0.4570298683181236
828 3425 0.1902094651445202
828 3440 -0.33403159457704346
828 3455 0.32693422355071655
828 3470 1.0
828 3485 -0.5762945268759929
828 3500 0.43387657610495517
828 3515 -0.143656729991727
828 3530 -0.28530168122052413
828 3544 -0.7736906541202977
828 3559 0.6062841965647374
828 3394 0.01938285446403728
828 3409 0.5109806821293917
829 830 -0.9025288129446244
829 3605 -0.8302190356642679
829 3620 -0.4419743548358317
829 3635 -0.4963794947843902
829 3650 0.14460747628497755
829 3665 1.0
829 3680 0.032419582764300285
829 3695 1.0
829 3710 0.26078795490226886
829 3724 -0.2595725853203084
829 3739 0.24830855424155635
829 3574 -0.3440211784954125
829 3589 0.09811315076644234
830 3785 0.07311213464305333
830 3800 -1.0
830 3815 0.23344943386688446
830 3830 0.3770949915197935
830 3845 0.16288962539889196
830 3860 0.20773307519228248
830 3875 0.4267227719055476
830 3890 0.18323859727092326
830 3754 -0.7913989243791087
830 3769 -0.21273979797507886
843 844 -0.615866825937895
843 858 0.628286244013448
843 3425 -0.2250382759107895
843 3440 0.46030907245285474
843 3455 0.6681805792460419
843 3470 -0.1313181719044156
843 3485 -1.0
843 3500 -0.4839505508326387
843 3364 -0.591167644455777
843 3379 0.6189340504742614
843 3394 0.06711070715298222
843 3409 -0.018506714201281596
844 845 -0.6565926581758541
844 859 0.015592635934562313
844 3605 0.239389898779712
844 3620 0.13632583890937658
844 3635 -0.6379937398773776
844 3650 0.3828949227463029
844 3665 -0.04065926202981912
844 3680 -0.4336747825567218
844 3515 0.3051662335136365
844 3530 -0.03914407097047152
844 3544 1.0
844 3559 0.3029204618061764
844 3574 -0.9652829756764453
844 3589 -0.4377184002787386
845 860 0.11934845127103053
845 3785 -0.7760673095036679
845 3800 0.09017789285375703
845 3815 -0.2629708228586211
845 3830 -0.7586488030678771
845 3845 0.06553306676868025
845 3860 0.6886258298993095
845 3695 -0.5635200355972726
845 3710 -0.7515770724566962
845 3724 -0.04676196186390477
845 3739 0.20864292343645666
845 3754 0.5737337440702904
845 3769 -0.0967880177363382
858 859 -0.628984183251401
858 3425 -0.1883296406924978
858 3440 0.871588264582703
858 3455 -0.7090823165353628
858 3470 0.5166205177776299
858 3485 0.01631625333738743
858 3500 0.09131524150715443
858 3364 0.41432110427611096
858 3379 -0.3566168734006234
858 3394 0.30917124905685717
858 3409 -0.9783444026739232
859 860 -0.08458327550594645
859 3605 -0.14006749404119737
859 3620 -0.6503500151378088
859 3635 0.2783646289731182
859 3650 -0.11505011860897513
859 3665 0.29981915930962577
859 3680 0.10325169646335722
859 3515 0.3278380671205425
859 3530 -0.6440298980890383
859 3544 0.07483704650385897
859 3559 0.6946706635956829
859 3574 0.25281955304483555
859 3589 0.5429276365161557
860 3785 -0.23825313377180804
860 3800 0.3999911326608067
860 3815 0.4842510774044475
860 3830 -0.14502652212007028
860 3845 -0.1340376349474175
860 3860 -0.5414843559351854
860 3695 0.5011727090535257
860 3710 0.24258923672924929
860 3724 0.25498009537452065
860 3739 -0.1360330721984246
860 3754 -0.290808327467582
860 3769 -0.21139750612977143
873 874 -0.2060415713255925
873 888 0.17693542616751565
873 3425 0.689350798045533
873 3440 -0.14257023897779134
873 3455 0.751605194822063
873 3470 0.37716522411063325
873 3485 -0.33834380269051123
873 3500 -0.30727096250740016
873 3365 0.45740699872312063
873 3380 1.0
873 3395 -0.4233713691365703
873 3410 0.12990306316874714
874 875 0.18796611664463622
874 889 -0.581753373884525
874 3605 0.4688745961537444
874 3620 0.24147483063322697
874 3635 0.10796219939277481
874 3650 0.8639545585346549
874 3665 0.10418960528841997
874 3680 -0.43731920853459316
874 3515 -0.03341744354675029
874 3530 -0.19247596715876628
874 3545 0.2908660744767864
874 3560 -0.011656572540636526
874 3575 -0.5752449392074419
874 3590 0.5144501663212772
875 890 0.3502174917156419
875 3785 -0.3962584023621788
875 3800 0.12394017339879039
875 3815 0.35336967416999854
875 3830 0.43903231153444805
875 3845 -0.5744132954095575
875 3860 -0.578317798302418
875 3695 -0.26829903244834813
875 3710 0.5517872265592934
875 3725 -0.5024036792201119
875 3740 -0.5403783977905063
875 3755 0.5427415265655692
875 3770 0.630279699029646
888 889 0.2257142019132969
888 3425 -0.0012376599948300683
888 3440 -0.28530951935012355
888 3455 0.04787054197097812
888 3470 0.7801814160138464
888 3485 0.575911990584261
888 3500 -0.009981770946544042
888 3365 0.8189210504349537
888 3380 0.21564839604589472
888 3395 -0.420536353152083
888 3410 -0.4173540849080602
889 890 -0.3067613658615085
889 3605 -0.9683361384107178
889 3620 0.2087861560709555
889 3635 -0.2426635253678098
889 3650 -0.18396120680275269
889 3665 -0.38179138075582436
889 3680 -0.3563890756701643
889 3515 0.5614891565681864
889 3530 -0.01463744991019924
889 3545 -0.6757852165985379
889 3560 -0.024076867811578914
889 3575 0.2674222734255629
889 3590 -0.27283851401300274
890 3785 1.0
890 3800 -0.4855601633702668
890 3815 -0.2745373199493355
890 3830 0.3601789671033611
890 3845 0.06367132446705819
890 3860 0.3556708664453749
890 3695 0.22935864358323046
890 3710 -0.41652801619371443
890 3725 0.5616157828720809
890 3740 0.6628756480077972
890 3755 -0.7740222262568297
890 3770 0.2885160826691097
903 904 -0.31014887474629205
903 918 -0.7482735113248397
903 3425 -0.3265974115448384
903 3440 0.00978664670198492
903 3365 0.149904021245613
903 3380 -0.5460189681504923
903 3395 0.009206678291045545
903 3410 -0.6194066331746955
904 905 0.7864860137638784
904 919 0.5566744009827781
904 3605 -0.5980346496534028
904 3620 -0.007659489088154847
904 3455 -1.0
904 3470 0.3344325093112397
904 3485 0.9343951073413178
904 3500 0.16990211882639245
904 3515 -0.7882107210916411
904 3530 0.07608145146138694
904 3545 -0.2607104902207872
904 3560 0.24882880963650694
904 3575 0.40466581497713544
904 3590 0.2628057750919521
905 920 -0.5416480245703676
905 3785 0.3647471600903366
905 3800 -0.5449420995924649
905 3635 -0.19903330338567002
905 3650 0.40593405643636443
905 3665 0.4124402083809141
905 3680 0.1077221262978726
905 3695 -0.42869610165854277
905 3710 -0.5179799670984456
905 3725 0.17495320152546362
905 3740 0.03128720092985867
905 3755 0.16896097185247788
905 3770 -0.6987402312300923
918 919 -0.07695138249669822
918 3425 -0.5243639885323378
918 3440 -0.12580505160889693
918 3365 0.4769850692852688
918 3380 -0.47827537038790036
918 3395 0.6955328307809714
918 3410 0.7755883527036203
919 920 0.4597644387845124
919 3605 -0.24372208758207517
919 3620 -0.4780842384874525
919 3455 0.9577102077372602
919 3470 -0.39505180619043406
919 3485 -0.2057433598124296
919 3500 0.22451653236369745
919 3515 0.4422047193610617
919 3530 -0.8508955749785865
919 3545 0.15114764702231087
919 3560 -0.061896310617288654
919 3575 0.7552509714274203
919 3590 0.05550251619032969
920 3785 0.5164379564827295
920 3800 -0.7852399379400024
920 3635 -0.3916026819370534
920 3650 0.72403415387297
920 3665 0.08501980754979958
920 3680 -0.47445062844236396
920 3695 1.0
920 3710 0.7388287899698015
920 3725 0.3474535292145892
920 3740 0.10528422346179504
920 3755 -0.10152451588996977
920 3770 -0.3543192359114002
933 934 0.0006802912256549939
933 948 0.21623938972881
933 3425 0.15805751218278155
933 3440 -0.3289098853667206
933 3365 -0.10280137939989639
933 3380 -0.09376715036517072
933 3395 1.0
933 3410 0.4350691420450923
934 935 -0.6268133301635939
934 949 0.10047926711602627
934 3605 0.34233137226502924
934 3620 0.7621105285152303
934 3455 0.20026320855603902
934 3470 0.2790107438935792
934 3486 0.5343985783175639
934 3501 -0.15002623173855847
934 3516 0.3551104789865498
934 3531 -0.7449355363121647
934 3545 1.0
934 3560 -0.6698826230504149
934 3575 0.5839300213348627
934 3590 0.2504716375690329
935 950 0.2777192412693998
935 3785 1.0
935 3800 -0.07944760751562299
935 3635 0.004095334667734012
935 3650 -0.27529214264926977
935 3666 0.2697663706275793
935 3681 0.7576650969527209
935 3696 0.3121394818734473
935 3711 0.07514446864602012
935 3725 -0.12749371427771702
935 3740 -0.4277609022265081
935 3755 -0.6190854939742817
935 3770 0.04004513396307725
948 949 -0.10989811394994825
948 3425 0.0632675939619278
948 3440 -0.09623727683360866
948 3365 -0.6231684634155155
948 3380 -0.07534054258272402
948 3395 1.0
948 3410 0.7046014307532148
949 950 0.4320105697519744
949 3605 -0.41740979847286913
949 3620 0.29643650183489806
949 3455 0.04138796274201056
949 3470 0.16370394365278296
949 3486 0.042743647334677295
949 3501 0.10955469996339859
949 3516 0.13865599340524687
949 3531 0.6707539607566505
949 3545 -0.4028443418503965
949 3560 -0.04573764856440879
949 3575 0.2690307198538839
949 3590 0.062081504720253894
950 3785 -0.35335605439316714
950 3800 0.17524737473812657
950 3635 -0.10253280163714862
950 3650 -0.705330395814949
950 3666 -0.450704391855096
950 3681 -0.7003209475635906
950 3696 -0.31669767392118386
950 3711 1.0
950 3725 0.33894490487289347
950 3740 -0.010443004941707561
950 3755 0.5127089476732921
950 3770 -0.0832014276259175
963 964 0.47490986266120944
963 978 -0.7622960812234546
963 3425 -0.7767776362503678
963 3440 -0.30089240627985764
963 3455 -0.1826015281976551
963 3470 0.07546782217426863
963 3486 -0.5937436600690519
963 3501 -0.0662665972658376
963 3516 -0.47746551231438766
963 3531 -0.5578189209692077
963 3545 -0.03422779428607708
963 3560 -0.5802692002743531
963 3395 -0.6132722630489013
963 3410 -0.8621224186373735
964 965 -0.214090828864506
964 979 0.39309184590866186
964 3605 -1.0
964 3620 -0.6873335028225811
964 3635 -0.6300996068996596
964 3650 -0.8870151086310497
964 3666 -0.4138749761048899
964 3681 0.09810644793855036
964 3696 0.8035156189753806
964 3711 -0.7015439843680182
964 3725 -0.7002130567206628
964 3740 -0.6279342562196492
964 3575 -0.982238635542767
964 3590 0.6743611451874706
965 980 0.4169951157369797
965 3785 -0.9162387327690237
965 3800 0.4090381544082755
965 3815 0.08040321055678888
965 3830 -0.300014703266339
965 3846 0.38009128636931194
965 3861 0.76179112239867
965 3876 0.20895523588526957
965 3891 -0.8839925073466675
965 3755 -0.11560845158245345
965 3770 0.3315406879810912
978 979 -0.14581914868983753
978 3425 0.09041610136492303
978 3440 -0.017309007396036562
978 3455 0.007716917222776022
978 3470 0.10380356932377358
978 3486 -0.007044276099037613
978 3501 -0.011169953816130685
978 3516 0.35658258573713775
978 3531 -0.12506155106072703
978 3545 -0.7503474565593166
978 3560 -0.11179676235562795
978 3395 -0.17437788840653767
978 3410 0.9764044284557731
979 980 0.11125177721713536
979 3605 -0.31158409960050426
979 3620 0.4552949545864985
979 3635 -0.299118057122047
979 3650 -0.12277993507564187
979 3666 -0.24865479645225308
979 3681 0.5031142281969353
979 3696 1.0
979 3711 0.13395075699702502
979 3725 0.7407981985045197
979 3740 0.9181377194769655
979 3575 0.05075660042863056
979 3590 -0.908169159737852
980 3785 0.41668058430279475
980 3800 -0.2786235378696868
980 3815 0.35974433246879556
980 3830 -0.236155675440252
980 3846 -0.3446363609091679
980 3861 -0.13272807957131305
980 3876 0.6670837815962035
980 3891 -0.641878637586414
980 3755 -0.20382804643307142
980 3770 0.3968159850757452
993 994 0.02861934979343474
993 1008 -0.9205636698575496
993 3426 0.04339986664475867
993 3441 -0.5719896524600735
993 3456 -0.23677874698324294
993 3471 -0.20528444087165337
993 3486 -0.3066007337623036
993 3501 0.540984443965039
993 3516 0.12505699818362678
993 3531 -0.3074088837348908
993 3545 0.607822461229195
993 3560 -0.44444090161035027
993 3395 -0.4924019831003352
993 3410 0.196032336953566
994 995 -0.1158129540680322
994 1009 0.1695328976681039
994 3606 0.4521299023863758
994 3621 -0.15133861984034613
994 3636 -0.38308950717457607
994 3651 -0.23862049003416028
994 3666 -0.2037420105888624
994 3681 -0.14904802196520228
994 3696 0.17570571648329414
994 3711 1.0
994 3725 0.08934823059450414
994 3740 0.5573151783619895
994 3575 -0.3221721573708455
994 3590 0.0035240568809214437
995 1010 0.8911795516367573
995 3786 0.3276986446951031
995 3801 -0.29997448858476033
995 3816 -0.44555759589061883
995 3831 -0.2278058873208756
995 3846 0.46567550872761154
995 3861 0.6932887835166807
995 3876 -0.5045641346878672
995 3891 -0.955042044980944
995 3755 -0.6565040291101502
995 3770 0.2910136069302727
1008 1009 -0.802225225467637
1008 3426 -0.6687750296858908
1008 3441 -0.6966815211040271
1008 3456 -0.02044603929571356
1008 3471 -0.18816770986995215
1008 3486 0.3109923283018294
1008 3501 0.6478047900957924
1008 3516 -0.28184656292432936
1008 3531 -0.049457431325574217
1008 3545 -0.14757790989329544
1008 3560 0.114429178503582
1008 3395 -0.5985713709172804
1008 3410 0.4695222960149448
1009 1010 -0.2669418772561438
1009 3606 0.49381098833344567
1009 3621 0.5838679478889567
1009 3636 -0.1618485057712305
1009 3651 -0.3512948459172628
1009 3666 -0.013644513573448572
1009 3681 -0.7470102021659234
1009 3696 0.42496823649254434
1009 3711 -0.7837275649742884
1009 3725 0.3074887843495756
1009 3740 -0.08855252239264137
1009 3575 0.01476915049150615
1009 3590 -0.8642620111061051
1010 3786 -0.7446608537539918
1010 3801 -0.1572853787196877
1010 3816 -0.5589325297958767
1010 3831 0.5171057084171086
1010 3846 -0.48092466355526936
1010 3861 -0.05251943121899486
1010 3876 -0.5180383589500769
1010 3891 0.4161508949569938
1010 3755 0.40337092258918905
1010 3770 0.2616741255119261
1023 1024 -0.19635560630728074
1023 1038 -0.17770150905398427
1023 3426 0.23090948668017316
1023 3441 -0.16162437261271645
1023 3456 -0.2640081967697133
1023 3471 -0.17208919994197436
1023 3486 -0.08657148661966099
1023 3501 -0.3760532770336286
1023 3365 -0.057198195451268696
1023 3380 -0.2255634181741015
1023 3395 0.564918167744307
1023 3410 -0.09996950922782365
1024 1025 -0.17559464502069835
1024 1039 0.08783700953643406
1024 3606 -1.0
1024 3621 0.7070812042766768
1024 3636 0.6002503735353695
1024 3651 0.3126838017172168
1024 3666 0.6136476311603144
1024 3681 -0.7650895416526943
1024 3516 -0.37920521557070175
1024 3531 -0.3863215326890533
1024 3545 -0.06353561926173158
1024 3560 -0.5187274757185278
1024 3575 0.021215670927324605
1024 3590 0.4057860005766779
1025 1040 -0.21964865208702133
1025 3786 0.3817747919396609
1025 3801 0.6344786192903119
1025 3816 0.10601223869948598
1025 3831 -0.02506408427681208
1025 3846 -0.14219330085709822
1025 3861 -0.42772051113327886
1025 3696 -0.3636419114713624
1025 3711 -0.345494550755833
1025 3725 -0.14485913259182603
1025 3740 -0.32448855051924874
1025 3755 -0.4737370813824053
1025 3770 -0.5973614579546129
1038 1039 0.8594764492313361
1038 3426 0.5781758869932674
1038 3441 0.5840743932861239
1038 3456 -0.12411007592703627
1038 3471 -0.24064343023224155
1038 3486 -0.1798630384816707
1038 3501 0.28939976132655226
1038 3365 -0.4504634117775987
1038 3380 -1.0
1038 3395 -0.30341725324808066
1038 3410 -0.8158858405576117
1039 1040 0.47836814139724987
1039 3606 0.6993563851761614
1039 3621 1.0
1039 3636 -0.09540874556248663
1039 3651 0.8129040189789564
1039 3666 0.33276701382385004
1039 3681 -0.2349239925175193
1039 3516 -0.4634658203250011
1039 3531 -0.2874399916828551
1039 3545 -0.23230887983174103
1039 3560 -0.24833262183399277
1039 3575 1.0
1039 3590 0.28180305065979067
1040 3786 0.4624901159150419
1040 3801 1.0
1040 3816 0.8327773587733742
1040 3831 -0.8885942433536785
1040 3846 0.30600727655104226
1040 3861 -0.11161144293991553
1040 3696 0.09571547826348556
1040 3711 0.07199492393254167
1040 3725 -0.9498287002944119
1040 3740 -0.4446391709590323
1040 3755 0.23994578911363837
1040 3770 0.7380031431015636
1053 1054 -0.6148713703772966
1053 1068 0.3085570104278844
1053 3426 -0.11359485728591713
1053 3441 -0.8822204612733429
1053 3456 0.10069896339787612
1053 3471 0.34537237169409973
1053 3486 -0.03204251292035449
1053 3501 -0.724759779678409
1053 3366 0.03965181170133659
1053 3381 -0.4230584206753015
1053 3396 -0.32259171489899524
1053 3411 0.3711412058977022
1054 1055 -0.6935969683705673
1054 1069 -0.1153446343406214
1054 3606 0.28402196323728396
1054 3621 0.9321932183188828
1054 3636 0.9568128721251478
1054 3651 -0.08729466056015901
1054 3666 -0.584662025694107
1054 3681 -0.2619251716540246
1054 3516 -0.07334187221891236
1054 3531 0.2443313673275354
1054 3546 1.0
1054 3561 -0.22481718960632388
1054 3576 -0.12394893359358314
1054 3591 -0.013777117294702825
1055 1070 -0.02008661336390952
1055 3786 -0.41488132982290665
1055 3801 0.17956211968484245
1055 3816 -0.6649952179770288
1055 3831 -0.9668381994927946
1055 3846 0.017173547926597775
1055 3861 -0.6983734274747089
1055 3696 -0.012620331900209609
1055 3711 0.687605584460801
1055 3726 -0.4824383899851101
1055 3741 -0.3903982597157381
1055 3756 0.3140892928011732
1055 3771 -0.3624093138077222
1068 1069 -0.0500954405659412
1068 3426 -0.5494554843415916
1068 3441 0.2225207500461496
1068 3456 -0.22978772702955502
1068 3471 -0.1748970072317873
1068 3486 0.6446934769213855
1068 3501 -0.33548055322115367
1068 3366 -0.14458314153022417
1068 3381 0.8999556109763156
1068 3396 -0.032056630489919954
1068 3411 -0.20255158248219554
1069 1070 0.11869537964972358
1069 3606 0.23893424378781264
1069 3621 -0.3820901097794163
1069 3636 1.0
1069 3651 -0.3570444613561053
1069 3666 -0.6199967249195892
1069 3681 1.0
1069 3516 -0.8426137212030155
1069 3531 -0.34708941812248656
1069 3546 0.2993366329974769
1069 3561 0.6230131442180264
1069 3576 -0.37936328300516703
1069 3591 0.520291054261067
1070 3786 0.3448476749206132
1070 3801 -0.3265939659919365
1070 3816 0.2583662619376314
1070 3831 0.15911799316050038
1070 3846 0.3012562416909156
1070 3861 0.45076636292013106
1070 3696 0.3599066812505887
1070 3711 0.11837238101926087
1070 3726 0.7415449177402441
1070 3741 0.37748272030347013
1070 3756 1.0
1070 3771 -0.3404323021377403
1083 1084 -0.761194598574479
1083 1098 -0.38573919635812576
1083 3426 0.019687645986142286
1083 3441 -0.3702074132347245
1083 3366 0.7601882045937693
1083 3381 -0.7794827645905357
1083 3396 0.11717951807410504
1083 3411 0.2606997252083922
1084 1085 -0.9886403943790469
1084 1099 -0.4984881032161524
1084 3606 0.1366824369205691
1084 3621 0.7292101736309499
1084 3456 -0.12844728776093894
1084 3471 0.2678060443911781
1084 3486 -0.5605422060893545
1084 3501 -0.01969805198551412
1084 3516 -0.30538315789828124
1084 3531 -0.6468336459387671
1084 3546 0.4258754930146826
1084 3561 0.06924203336019043
1084 3576 -0.07547719208082747
1084 3591 -0.39466857155345003
1085 1100 -0.08934788939180217
1085 3786 -0.27414867350357475
1085 3801 -0.18149018760785482
1085 3636 -0.461753314460525
1085 3651 -0.3419934568661973
1085 3666 0.5964655984823012
1085 3681 0.995963217442935
1085 3696 0.24530325900948355
1085 3711 -0.7825638664548162
1085 3726 -1.0
1085 3741 0.6329404228065357
1085 3756 -0.3323201112361083
1085 3771 0.4544409064873916
1098 1099 -0.537272051873537
1098 3426 -1.0
1098 3441 -0.3461008344815246
1098 3366 -0.12757701268540275
1098 3381 0.1204747131324428
1098 3396 0.2654660425364584
1098 3411 -1.0
1099 1100 -0.6683412764571588
1099 3606 0.8799040946747014
1099 3621 0.0665200709305913
1099 3456 0.08746486022288842
1099 3471 -0.01545975316122734
1099 3486 -0.055899638396821466
1099 3501 0.5342995447797269
1099 3516 -0.12156959404016139
1099 3531 0.45513086122905844
1099 3546 0.4985250962833276
1099 3561 -0.015324608311722264
1099 3576 0.279731006892883
1099 3591 0.41947293388017076
1100 3786 -0.05674802308660495
1100 3801 -0.13811513006892584
1100 3636 -0.043193708217370314
1100 3651 0.43635145462728925
1100 3666 -0.19827970769590003
1100 3681 0.0567727809873724
1100 3696 -0.3691792335603672
1100 3711 0.08085615801569282
1100 3726 0.8526252850889979
1100 3741 0.2599863141821575
1100 3756 0.31890139775535525
1100 3771 0.9872325003268464
1113 1114 -0.5317808754914953
1113 1128 0.5707367320976993
1113 3426 -0.8382643239121718
1113 3441 -0.14480641214284107
1113 3366 0.37026753032843057
1113 3381 -0.6898071942193938
1113 3396 0.026930298811034953
1113 3411 0.2599924361879392
1114 1115 0.42613376886599413
1114 1129 -0.26709900244386847
1114 3606 0.9641638114610923
1114 3621 -0.2978191631223556
1114 3456 -0.3828154521284869
1114 3471 -0.14326418229563134
1114 3546 -0.20230594498278862
1114 3561 0.9400012641374959
1114 3576 -0.002723801822415901
1114 3591 -0.28016751741345153
1115 1130 -1.0
1115 3786 0.6353301850933589
1115 3801 0.32881972720845587
1115 3636 0.4808410995412693
1115 3651 -0.5485415643974838
1115 3726 -0.20177420023562956
1115 3741 0.16272679871035808
1115 3756 -0.7500708647379403
1115 3771 0.5671871638112653
1128 1129 0.35114643782324184
1128 3426 0.7222342875815501
1128 3441 -0.1124116882092833
1128 3366 -0.23969286125533312
1128 3381 -0.8013547128233159
1128 3396 -0.09406492955836115
1128 3411 0.14997034126093134
1129 1130 0.4468222514209208
1129 3606 0.3100927757268657
1129 3621 0.9097601060861198
1129 3456 0.41351741094234956
1129 3471 -0.6001425747000164
1129 3546 -0.42006992068174703
1129 3561 0.431402044864255
1129 3576 -0.2775932783209276
1129 3591 -0.7653843121338891
1130 3786 0.04846438307681718
1130 3801 -0.23236340637459899
1130 3636 -0.483381032282096
1130 3651 0.16801114704087403
1130 3726 0.6290212356282744
1130 3741 -0.13766909599403138
1130 3756 0.1549054204914751
1130 3771 -0.10603639768367094
3364 3365 0.5793216991533278
3364 3379 0.6171537657595819
3365 3366 -0.17105910668694338
3365 3380 0.23710930350193643
3366 3381 0.08219165298032471
3379 3380 0.8049904530628665
3380 3381 -0.3002152699746236
3394 3395 0.5093440672632228
3394 3409 0.10595523538737439
3395 3396 0.3653901942254592
3395 3410 0.26083253805406886
3396 3411 0.129163034380349
3409 3410 -0.1547187012511858
3410 3411 -1.0
3424 3425 -0.3476222215433126
3424 3439 0.28579010698591917
3425 3426 0.2859934648000927
3425 3440 -0.52740465885857
3426 3441 -0.5885165128252144
3439 3440 0.45736888196581926
3440 3441 -0.04907314315329364
3454 3455 0.46203639921418854
3454 3469 -0.05981897995665221
3455 3456 0.5441547133366712
3455 3470 0.590114287490464
3456 3471 0.826824075592504
3469 3470 0.06304678016456894
3470 3471 0.856360478171456
3484 3485 0.17420079104406744
3484 3499 0.3216862241764095
3485 3486 0.39489071460315983
3485 3500 -0.2929504017574847
3486 3501 0.5197604730511759
3499 3500 0.3561696366677945
3500 3501 0.685473461003498
3514 3515 -0.14738790482318817
3514 3529 0.6272245421700672
3515 3516 -0.4768258293105409
3515 3530 0.44747581896398214
3516 3531 -0.022369460392513266
3529 3530 0.47106263148440364
3530 3531 -0.12327495507510092
3544 3545 -0.25631926945395367
3544 3559 -0.06994820987117724
3545 3546 0.7290223747013985
3545 3560 0.39892263296781577
3546 3561 -0.09634296849557195
3559 3560 -0.6030665298876727
3560 3561 -0.13215683856428354
3574 3575 0.053209770832767574
3574 3589 0.02085735628240831
3575 3576 -0.5270523747870555
3575 3590 0.06780694514406718
3576 3591 -0.04213603801902878
3589 3590 -0.1687489425405727
3590 3591 0.4726176306340022
3604 3605 -0.4124599355717756
3604 3619 -0.2384544057930119
3605 3606 -0.3013211003697619
3605 3620 -0.9327165620088109
3606 3621 -0.000736616437407308
3619 3620 0.5161272303789524
3620 3621 -0.30740139785517673
3634 3635 -0.03077315498286375
3634 3649 -0.33193447683839233
3635 3636 -0.35734143379057615
3635 3650 -0.48300278899071486
3636 3651 0.08441910517927192
3649 3650 -0.18365451668144192
3650 3651 0.5444614002856574
3664 3665 0.10253964230477282
3664 3679 -0.5517194714504271
3665 3666 0.08834778693660851
3665 3680 0.05791726851223516
3666 3681 -0.61604816366408
3679 3680 0.7352903676953721
3680 3681 -0.5536855505101526
3694 3695 -0.25369124489814904
3694 3709 0.12834621052889403
3695 3696 0.1768091206883485
3695 3710 0.6750058495575338
3696 3711 0.08861971635714548
3709 3710 0.17243856734969482
3710 3711 0.04885196542753635
3724 3725 -0.5371774039152412
3724 3739 -0.06859900442855821
3725 3726 -0.4945320491902409
3725 3740 0.45572528932011525
3726 3741 -0.6667915937423177
3739 3740 -0.654183870038254
3740 3741 0.14648561058325277
3754 3755 0.37603979886702915
3754 3769 0.027242666166252157
3755 3756 0.5729405776594401
3755 3770 -0.007938058544485744
3756 3771 -0.6286609991938027
3769 3770 0.10291757754974377
3770 3771 -0.39381804692474753
3784 3785 0.09552307206757521
3784 3799 0.14366241982060693
3785 3786 -0.14948108780810865
3785 3800 0.0646928085645309
3786 3801 -0.06271513491889255
3799 3800 0.28419095314638654
3800 3801 -0.12957979059284602
3814 3815 -0.48073341048318485
3814 3829 0.6358369978853912
3815 3816 -0.8736626821891512
3815 3830 -0.42775192083660374
3816 3831 -0.17775090372837965
3829 3830 0.7645673251158819
3830 3831 -0.08260079363019661
3844 3845 0.35134808322494
3844 3859 0.3027784562705304
3845 3846 0.0658206278396875
3845 3860 -0.581896018489466
3846 3861 0.26110463835181746
3859 3860 -0.5130167276903476
3860 3861 0.5829711410188281
3874 3875 -0.5902622208987467
3874 3889 0.3278924124109115
3875 3876 0.390629852981901
3875 3890 0.7854246502096118
3876 3891 0.930346211469069
3889 3890 -0.6255115921004869
3890 3891 -0.18140221501537868
