# 
603 603 0.0020622888270460027
604 604 1.7385103494704002
605 605 -1.4693052538394384
618 618 0.7052483266480788
619 619 -0.4346454297912754
620 620 0.07270518693763052
633 633 0.15680373671261563
634 634 -0.6561069962927862
635 635 -0.04667200581337036
648 648 -0.43466120168822664
649 649 0.4789642714338318
650 650 0.12503167967921397
663 663 -0.5918453366500825
664 664 0.5749291102534629
665 665 -1.2880949468731389
678 678 -0.5027307700312099
679 679 0.5757065813461288
680 680 0.5688961279364132
693 693 0.5868968519701855
694 694 -1.3237344689983035
695 695 -2.1875180496576294
708 708 0.1500769180892304
709 709 -1.7955651771556156
710 710 -0.2731054681470202
723 723 -0.11171321460335111
724 724 -1.536460273448926
725 725 1.0444036105260681
738 738 -0.7748760994864425
739 739 -0.9407550938887694
740 740 -0.9442773830377641
753 753 0.17791083710797778
754 754 0.154200826556532
755 755 -0.6038235300601886
768 768 1.3428352276602435
769 769 -0.5368130765771936
770 770 -0.7640221955248062
783 783 1.1238555415390106
784 784 0.38059673827614293
785 785 0.20513314559567
798 798 1.2867631653649407
799 799 -0.23552552640778074
800 800 0.9761976191058497
813 813 -0.391502807270894
814 814 -0.24870240792666284
815 815 1.3759364260630862
828 828 -0.12713831693943678
829 829 -0.3711556157031187
830 830 1.1965989723034038
843 843 1.3003942236786712
844 844 -1.3413128687371767
845 845 0.24693872359203295
858 858 1.0585638117718958
859 859 -2.1014362971876137
860 860 0.5801017083231678
873 873 -2.57692680511181
874 874 -1.1855774974877673
875 875 -0.4944174907634771
888 888 -0.9643317809608843
889 889 2.983010194733786
890 890 -2.164929831242353
903 903 1.3734152013837033
904 904 0.4171534272542427
905 905 1.1369367179873937
918 918 1.1657249611402904
919 919 -1.106830672495139
920 920 0.043152291132851975
933 933 1.1255254468749356
934 934 -0.271197784732862
935 935 -0.18589543746097156
948 948 -0.2740407035814503
949 949 0.48902246288299894
950 950 1.1266043028717758
963 963 -0.017262969930399375
964 964 0.21091408078200072
965 965 -0.19977688454586628
978 978 -1.4467504181853659
979 979 0.34569555178015754
980 980 0.7419781942286293
993 993 -0.23757984825511708
994 994 0.5374727340551378
995 995 0.25886147735477777
1008 1008 1.6838257998260202
1009 1009 1.6503329647466318
1010 1010 0.9178572723278343
1023 1023 1.3701442685522762
1024 1024 -0.8584681801181308
1025 1025 0.2706405342273231
1038 1038 0.5046859559701513
1039 1039 -1.2276971404011987
1040 1040 -0.03905336702614143
1053 1053 -0.5066358134940585
1054 1054 0.3393286830776841
1055 1055 -0.8891644995531718
1068 1068 -2.0815273994217334
1069 1069 -0.03697046746416599
1070 1070 -1.1635508143476057
1083 1083 -0.3705627573785812
1084 1084 0.4391164093545598
1085 1085 0.35580876487226665
1098 1098 0.0925050298051953
1099 1099 -0.7957438100383845
1100 1100 -1.8630560156039495
1113 1113 0.2096706388616485
1114 1114 0.901928879448595
1115 1115 -0.6570114223228215
1128 1128 1.5788913846291552
1129 1129 0.6387589910998455
1130 1130 0.05284811124950883
3364 3364 -1.6045949774076689
3365 3365 -1.017017389747766
3366 3366 -0.27896689598915125
3379 3379 -0.18783620134463344
3380 3380 0.6850280608477816
3381 3381 -0.14022288821320505
3394 3394 0.7897905703757225
3395 3395 -1.9874042952647262
3396 3396 -0.03049726634284679
3409 3409 0.6717162526778914
3410 3410 0.8963962437025234
3411 3411 1.2855157785472568
3424 3424 0.7077411496392896
3425 3425 -1.1472255631140564
3426 3426 0.5208084858076687
3439 3439 1.716685487264838
3440 3440 -1.1707595344419195
3441 3441 0.7597537504081011
3454 3454 0.9875304476188113
3455 3455 0.5013048570228319
3456 3456 1.198066368020282
3469 3469 0.6610230799538462
3470 3470 -0.21445093047167374
3471 3471 -0.4740498822890958
3484 3484 -0.49213405129904364
3485 3485 0.8981016817465093
3486 3486 -2.368693229662981
3499 3499 -0.6680169939666176
3500 3500 -0.23864775127552276
3501 3501 -0.07976291815787667
3514 3514 -0.27285584683614533
3515 3515 -1.0702054692166916
3516 3516 0.39398211046529114
3529 3529 -0.36287056032013215
3530 3530 -0.7756516331787686
3531 3531 -0.05727530720564602
3544 3544 -0.7158795341339947
3545 3545 1.3751353639949981
3546 3546 0.6871475890463095
3559 3559 0.45904413067484784
3560 3560 0.5710111887548729
3561 3561 2.2945537509175264
3574 3574 0.8681290580815308
3575 3575 -0.31551408760717486
3576 3576 -1.4268437377433707
3589 3589 0.10194546826744277
3590 3590 -0.5679281825189357
3591 3591 1.499407118981194
3604 3604 0.3005823245041463
3605 3605 -1.2731389734960983
3606 3606 -0.1840999187243121
3619 3619 -1.5550511724207439
3620 3620 1.071588594673597
3621 3621 -1.0482990939366796
3634 3634 0.8942749553345015
3635 3635 0.13338258211294687
3636 3636 1.194255501145753
3649 3649 -1.2385718163796828
3650 3650 0.26939829617637184
3651 3651 0.5137030122671834
3664 3664 1.423655184108327
3665 3665 -0.33986132667643865
3666 3666 -0.2849654947509051
3679 3679 1.918278561583772
3680 3680 -0.6122406374472902
3681 3681 0.03735134253510127
3694 3694 -0.37368355279778154
3695 3695 1.6185135322418052
3696 3696 1.3946552139035264
3709 3709 -0.08624600249009741
3710 3710 -0.7483160128706481
3711 3711 0.25336192094078247
3724 3724 -1.6633024465297832
3725 3725 0.18425725642202082
3726 3726 0.3006598321694613
3739 3739 0.23063227186715765
3740 3740 0.23840699546825853
3741 3741 2.635098288418296
3754 3754 1.6241223245384886
3755 3755 1.786510455240966
3756 3756 -0.8400602509177681
3769 3769 0.31739796871445647
3770 3770 -2.490871906790141
3771 3771 -0.6026529984884453
3784 3784 -0.2831247253119087
3785 3785 -1.418599003627956
3786 3786 -1.1236606262839375
3799 3799 0.1410529303021971
3800 3800 1.6761155151076907
3801 3801 -1.1334459237673602
3814 3814 1.3160383337058075
3815 3815 0.8205877558098723
3816 3816 -0.6801955476904458
3829 3829 0.5889026674230484
3830 3830 0.7798509828218639
3831 3831 0.5188425206517902
3844 3844 0.28921175509125585
3845 3845 0.25519888857165807
3846 3846 -1.2404213719909143
3859 3859 0.35503913394132564
3860 3860 1.161890768872286
3861 3861 -0.8157451193819428
3874 3874 -1.874045080079641
3875 3875 -0.6396557918106905
3876 3876 -0.2313745888068415
3889 3889 -0.10733729146273668
3890 3890 1.3086627930464703
3891 3891 -0.2741901420328916
603 604 0.25541633661816915
603 618 -0.33436319195139397
603 3484 -0.31174138126942824
603 3499 -0.6151124561479558
603 3514 0.33356940917399713
603 3529 -0.2953983597033536
604 605 -0.43090191284398516
604 619 0.7637949008229016
604 3664 0.2539401145674362
604 3679 -0.2929569981264875
604 3694 -0.6767490909118653
604 3709 0.7979164105222203
605 620 -0.7273018874549706
605 3844 0.0048238014818530895
605 3859 0.2531946040536504
605 3874 -0.8482551309773126
605 3889 -0.4336607666850834
618 619 1.0
618 3484 -0.3411732358261712
618 3499 -0.13988907827260838
618 3514 0.4548007561866949
618 3529 -0.6113320389158782
619 620 0.741254674665742
619 3664 -0.4376260161610179
619 3679 0.5213525741912479
619 3694 0.9708688757097569
619 3709 0.703961879186436
620 3844 -0.24667204193742706
620 3859 0.41995829986267
620 3874 -0.11593729341729161
620 3889 0.25284050810176134
633 634 -0.20391622764439318
633 648 0.9106281142681244
633 3424 -0.5891344580794274
633 3439 -1.0
633 3454 -0.4459249018156013
633 3469 -0.1579504339776774
633 3484 -0.13157626675406556
633 3499 0.426920053962188
633 3514 0.16699686794460963
633 3529 0.038132861654843156
634 635 0.45260938540549916
634 649 -0.27455513377667573
634 3604 -0.10180232295479584
634 3619 -0.26909396695275134
634 3634 0.4489070802832273
634 3649 -0.6923861602537512
634 3664 0.24029940422293639
634 3679 -0.07835342458823705
634 3694 -0.2648827146931658
634 3709 0.5901708966430906
635 650 -0.11293248308840824
635 3784 -0.048309768467974835
635 3799 -0.06214391653026425
635 3814 0.7660370419913867
635 3829 -0.21384129214903788
635 3844 -0.13576804236346982
635 3859 -0.08030079336684348
635 3874 0.3035952768248424
635 3889 0.3172297225535673
648 649 0.12107472794937076
648 3424 0.5110511342957527
648 3439 -0.22140658305255945
648 3454 0.1743772601811427
648 3469 0.18512076034235186
648 3484 -0.25152833330144586
648 3499 -0.35386625072369143
648 3514 -0.40406764728714856
648 3529 0.5995960138568416
649 650 -0.0521255755028559
649 3604 0.10058467402662956
649 3619 0.3334596852287605
649 3634 -0.36623000601565747
649 3649 0.014612065888343406
649 3664 0.6971936837637146
649 3679 -0.37406850094918204
649 3694 -0.2206890766813818
649 3709 0.31248782891656407
650 3784 -0.7371658247956094
650 3799 -0.7049993882372693
650 3814 -0.7078394518298927
650 3829 0.01470282204945754
650 3844 1.0
650 3859 -0.17848643810564227
650 3874 0.6129077359274431
650 3889 -0.837109757535186
663 664 0.4384906701491088
663 678 0.4247200375447484
663 3424 -0.3407143330493261
663 3439 -0.015077813302200649
663 3454 0.12903693721665316
663 3469 -0.26313779770591855
663 3484 0.5318084991672196
663 3499 0.39387712920548595
664 665 -0.05004067909593266
664 679 0.051603686457574606
664 3604 -0.34349103347709714
664 3619 0.3360986054301655
664 3634 -0.2045738633346475
664 3649 -0.25440586837109586
664 3664 -0.5516248645319648
664 3679 0.04996324017667903
664 3514 0.3158624767768605
664 3529 -0.6184809817805237
665 680 -0.5672682615351388
665 3784 -0.313398544948583
665 3799 0.49684413952840123
665 3814 0.128978696989688
665 3829 -1.0
665 3844 -0.6539671309201142
665 3859 -0.44870011339773935
665 3694 -0.1527348282688962
665 3709 -0.319374448440868
678 679 0.06972664457734598
678 3424 -0.3777828303828583
678 3439 0.1495681518005186
678 3454 -0.07105995262201409
678 3469 -0.8662267176065749
678 3484 -1.0
678 3499 -0.05545659021489976
679 680 0.3645972921089641
679 3604 0.2661945421104202
679 3619 0.47901181894987893
679 3634 -0.30387362271751284
679 3649 0.34100414350231284
679 3664 0.5001599895610904
679 3679 -0.35095646388955387
679 3514 -0.6773741612999868
679 3529 -0.719384791872836
680 3784 -0.6851716907716344
680 3799 0.09739687181352766
680 3814 -0.013184874814183066
680 3829 -1.0
680 3844 -0.12549411997059295
680 3859 -0.1468199565655704
680 3694 -0.11878890003367648
680 3709 0.058691100333780964
693 694 -0.9229139790100985
693 708 -0.5216459741863732
693 3424 0.7551334919723741
693 3439 -0.21823434930808508
693 3454 -0.46765258940393295
693 3469 0.15855907336847108
693 3484 0.16861640076693504
693 3499 0.34530636086988686
693 3364 -0.016681656268190525
693 3379 -0.27374627458409556
693 3394 -0.31018910577373165
693 3409 0.2390575368567418
694 695 0.2511315548845424
694 709 0.7796774331461572
694 3604 -0.08886558821676427
694 3619 -0.6860234318282575
694 3634 1.0
694 3649 -0.02301205226115645
694 3664 -1.0
694 3679 -0.1756682238666795
694 3514 -0.7490341219196387
694 3529 0.6108020046135102
694 3544 0.1393496998390581
694 3559 0.5065642283773132
694 3574 -0.006119846963340346
694 3589 0.35765100811616574
695 710 0.17419971012251498
695 3784 0.5408231065145627
695 3799 1.0
695 3814 -0.1387708373756595
695 3829 -0.9882740453383111
695 3844 -0.6565604687344608
695 3859 -0.12021638746429615
695 3694 0.11939693071121746
695 3709 0.16293144150086086
695 3724 -0.31969023101654803
695 3739 0.7733026004416432
695 3754 0.2741047210977659
695 3769 0.45559375951342884
708 709 0.7098611135593255
708 3424 -0.6945509665636042
708 3439 0.20077745828342378
708 3454 -0.338231282305701
708 3469 0.07819071761351241
708 3484 0.6012301644883635
708 3499 0.2764776019824334
708 3364 -0.8597001308076273
708 3379 1.0
708 3394 0.0012977829233909522
708 3409 0.40059207039257383
709 710 -0.09199236334591947
709 3604 -0.03589650427257529
709 3619 -0.9634542294940892
709 3634 -0.9953454703600791
709 3649 -0.4566050676251218
709 3664 0.9208812147688903
709 3679 -0.5054004433248064
709 3514 0.3563536403098155
709 3529 0.24769401382048017
709 3544 0.014923809869393753
709 3559 -0.08138121520903012
709 3574 -0.9095813630200394
709 3589 -0.28568535751482094
710 3784 0.5929764926902675
710 3799 -0.2668970607677765
710 3814 0.24105922807836283
710 3829 0.0712618930840078
710 3844 0.8382545615356345
710 3859 0.1305520285668592
710 3694 0.7247130109240235
710 3709 -0.23367645537895715
710 3724 -0.14687596887560686
710 3739 -0.4743795988169687
710 3754 -0.990639195646522
710 3769 -1.0
723 724 0.1603411473403408
723 738 0.11531403549943366
723 3424 0.03453519318668853
723 3439 -0.586753879695555
723 3364 -0.20250443453399544
723 3379 -0.2802025625985474
723 3394 -0.09317712094370569
723 3409 0.29934578988833527
724 725 -0.26367695199647173
724 739 -0.8417805153010294
724 3604 0.5151785388081781
724 3619 -0.8301650167090792
724 3454 -0.6948026631898966
724 3469 -0.27231037909351874
724 3484 0.2711123450960727
724 3499 -0.09988770666503087
724 3514 0.03740022756920268
724 3529 0.45428830365272466
724 3544 0.357863018796422
724 3559 -0.30891496753795317
724 3574 0.1950506450398802
724 3589 1.0
725 740 0.9305732903706149
725 3784 -0.13709820696721584
725 3799 -0.6337614901910553
725 3634 0.4982955376543179
725 3649 0.7393639673007274
725 3664 0.14860931669629532
725 3679 0.7139341204805509
725 3694 -0.4595834191807251
725 3709 0.7903084203267687
725 3724 -0.7174653730322651
725 3739 0.964880085251046
725 3754 -0.7627384673115042
725 3769 0.042427657365829874
738 739 -0.09087363107741242
738 3424 0.09037102790755586
738 3439 0.6308798177321779
738 3364 0.29413286310311954
738 3379 -0.7759444051932707
738 3394 -0.28294242444228856
738 3409 -0.6613109997548261
739 740 -0.735424350369388
739 3604 0.11698960467890451
739 3619 -0.4735651810906482
739 3454 -0.7160966079334753
739 3469 0.8687182536448682
739 3484 -0.5580966370430023
739 3499 -0.20646655931902233
739 3514 0.18794394131130512
739 3529 0.15711079843823833
739 3544 -0.38639646100638453
739 3559 0.2480793544622902
739 3574 -0.7066928858099734
739 3589 -0.2279079077390021
740 3784 -0.033698851984635944
740 3799 0.4334646265225667
740 3634 0.21308005147962605
740 3649 0.2758964271079761
740 3664 0.29726494790928265
740 3679 -0.4208928441347048
740 3694 -0.02287358071693665
740 3709 0.29643890945277696
740 3724 0.09529729488073461
740 3739 0.7014625852102863
740 3754 -0.7161595848176384
740 3769 -1.0
753 754 0.3803066416120941
753 768 -0.40476963667328786
753 3424 0.3247596554980252
753 3439 -0.884283962201092
753 3364 -0.06705609326788423
753 3379 -0.5015736788281112
753 3394 0.8603129995862824
753 3409 0.43159393236014126
754 755 -0.3874591075445641
754 769 0.23761232855030553
754 3604 0.9886925777054197
754 3619 0.5710525509918516
754 3454 0.42093330264451145
754 3469 -0.1333705361104621
754 3485 0.0349794093442499
754 3500 -0.43483897912535235
754 3515 0.020152140859540802
754 3530 -0.024048360625987624
754 3544 0.3951345605501467
754 3559 -0.02830070056141598
754 3574 -0.741920729350259
754 3589 -0.3162849729385295
755 770 -0.8047505229625475
755 3784 -0.04574082264648803
755 3799 1.0
755 3634 -0.14671030275214528
755 3649 -0.3298590554852471
755 3665 0.013162342373380157
755 3680 0.18332995321783163
755 3695 -0.08774886429718216
755 3710 0.2864181263683663
755 3724 -0.26198235463821384
755 3739 -0.2030461120092216
755 3754 -0.7522656778393056
755 3769 0.3603957101776265
768 769 0.032466233920586986
768 3424 0.6268153350982542
768 3439 0.3744377112338396
768 3364 0.01945628076044096
768 3379 -0.17719138539776033
768 3394 -0.22078255341619263
768 3409 -0.2641378808973204
769 770 0.5096897839720563
769 3604 0.6933775451520774
769 3619 1.0
769 3454 1.0
769 3469 0.26586221930434684
769 3485 0.8342602239429797
769 3500 0.629118939736488
769 3515 0.001069055824911857
769 3530 0.10934643583479955
769 3544 0.14746322119736965
769 3559 -0.10944706241344283
769 3574 0.2019974554107523
769 3589 0.959176357217898
770 3784 0.23708306540444485
770 3799 -0.3179091257491511
770 3634 0.26204877903644225
770 3649 0.13653093014793735
770 3665 -0.5638331633055691
770 3680 -0.33221247593850617
770 3695 0.24499914491716407
770 3710 0.6276017817564089
770 3724 1.0
770 3739 -0.15958559372446104
770 3754 -0.25203179739207554
770 3769 -0.3949260082716436
783 784 0.570983559507123
783 798 -0.05518932952746237
783 3424 0.07346549977754563
783 3439 -0.5370060711754796
783 3454 0.4781288866684704
783 3469 0.5103002437558716
783 3485 0.0789063909628661
783 3500 0.34258456246284097
783 3515 0.5282434959121219
783 3530 0.23160161887543537
783 3544 -0.0923271645237132
783 3559 0.1509826668722936
783 3394 0.27557152901866133
783 3409 -0.9473905167200599
784 785 -0.2825008702570105
784 799 -0.4439386724359549
784 3604 0.33248243703346286
784 3619 0.16763769398566528
784 3634 -0.4083012365994975
784 3649 0.6711828348141836
784 3665 0.47793166810993604
784 3680 -0.5795172784481999
784 3695 0.13768198994658787
784 3710 -0.6121174481730179
784 3724 -0.4405569469575387
784 3739 -0.04785522582843026
784 3574 0.3511222563764841
784 3589 0.18366089657596119
785 800 0.0368977991597504
785 3784 0.10767111771209088
785 3799 -0.23186990874740004
785 3814 0.3814815717706545
785 3829 0.321474795476601
785 3845 0.6897914316844993
785 3860 0.004311262557571315
785 3875 -0.15649983478092216
785 3890 0.09361728708131499
785 3754 0.5255518569442511
785 3769 0.7228550933618992
798 799 0.7058859490586409
798 3424 0.8470299284294007
798 3439 0.4854150346228556
798 3454 -0.09721439981675857
798 3469 -0.43668967745671583
798 3485 -0.10743277562898328
798 3500 0.2142313000523184
798 3515 0.20248687459910455
798 3530 -0.22904759834075578
798 3544 0.5549133003854353
798 3559 -0.06630747063498768
798 3394 -0.7729172276753642
798 3409 0.2557509037234423
799 800 -0.5021814887314419
799 3604 0.19747614816750692
799 3619 -0.3983514584146607
799 3634 0.2734442603266892
799 3649 0.054876207291090676
799 3665 -0.5034032391970561
799 3680 0.36751831620552305
799 3695 0.09512012247416508
799 3710 0.7885791548504628
799 3724 0.4950346328702295
799 3739 0.02145990449754998
799 3574 -0.23293949013540113
799 3589 -0.7105519028279664
800 3784 0.040880808460796246
800 3799 0.6778392301728521
800 3814 0.9606554032798031
800 3829 -0.16988387391882656
800 3845 -0.1663144337021491
800 3860 -0.8553008049350033
800 3875 0.5680788202956188
800 3890 -0.13937580295742322
800 3754 -0.2443120326520377
800 3769 -1.0
813 814 -0.1829067174804056
813 828 -0.5017129022265064
813 3425 0.20943069413952448
813 3440 -0.16409007113423482
813 3455 0.06395635473784712
813 3470 -0.7922453111973328
813 3485 0.3483717673932773
813 3500 0.03148139253925022
813 3515 0.27215241228098286
813 3530 0.3087022489566096
813 3544 0.15640661500522798
813 3559 -0.22045494180107375
813 3394 -0.4263421775482871
813 3409 -0.37945456962130947
814 815 0.3828021798221303
814 829 0.7506269595998284
814 3605 -0.11102249391342409
814 3620 0.10940227331662797
814 3635 -0.7315868297950385
814 3650 -0.06703404300275832
814 3665 0.6360575855157506
814 3680 1.0
814 3695 0.30018249405486197
814 3710 0.974060301241907
814 3724 -0.7246813591534963
814 3739 -0.21190433738360429
814 3574 1.0
814 3589 -0.5658902104893573
815 830 -0.09228133433142875
815 3785 0.6122463234401723
815 3800 0.5079278903115907
815 3815 -0.593114296010359
815 3830 -0.08414118981399797
815 3845 0.19662703135072254
815 3860 0.5518661413220785
815 3875 0.4540177808420768
815 3890 0.372246141860255
815 3754 0.31120070072807116
815 3769 -0.26239477953639406
828 829 -0.0014183128869237054
828 3425 0.34566906567966527
828 3440 0.30758913953266537
828 3455 -0.3712191421484442
828 3470 -0.5313928353426053
828 3485 -0.34697289494482564
828 3500 -0.7689861548492128
828 3515 0.2519638118374528
828 3530 0.004537771389853329
828 3544 0.11111211817664599
828 3559 0.9784781764196476
828 3394 0.4880455585165635
828 3409 -0.30408674395983143
829 830 -0.3578566503785463
829 3605 1.0
829 3620 0.654244590103198
829 3635 -0.06909719311032471
829 3650 0.03980614628685721
829 3665 0.5924545880261182
829 3680 -0.09486855996287695
829 3695 -0.6930847199133147
829 3710 0.013469619839218298
829 3724 -0.6837596784329871
829 3739 -0.2622239429573704
829 3574 0.8424950665858714
829 3589 0.43624864064116076
830 3785 0.6350159058704058
830 3800 -0.40916647702587966
830 3815 -0.9957154633493006
830 3830 0.11064658879647657
830 3845 -0.1369149971302458
830 3860 -0.02965772193213468
830 3875 -0.10132362320138703
830 3890 0.043993469627486084
830 3754 -0.06000962369564579
830 3769 0.42879518776422726
843 844 0.37170562996081763
843 858 0.121338298968907
843 3425 -0.4370874053977553
843 3440 0.9451555197355418
843 3455 -0.7187704108879758
843 3470 -0.1608855291136546
843 3485 0.04290932043690715
843 3500 -0.4692356014253194
843 3364 -0.33896568132962773
843 3379 0.22797473128251056
843 3394 0.47853408941040765
843 3409 -0.18572100375901565
844 845 -0.016361567115463535
844 859 -0.4224528784515002
844 3605 -0.7638539855891306
844 3620 -0.4253263736346329
844 3635 0.4249361092608073
844 3650 -0.01627030939095427
844 3665 -0.17808760384384184
844 3680 -0.20533573038129857
844 3515 0.32076915237138565
844 3530 -0.07228575984362541
844 3544 -0.15217841156041548
844 3559 -0.9919318268950574
844 3574 -0.27710751491951746
844 3589 0.00033264575156768077
845 860 0.25772950493824365
845 3785 0.49067108833519923
845 3800 -0.05015026802403995
845 3815 0.29147695142709973
845 3830 -0.3934108073031475
845 3845 0.16121839457801204
845 3860 0.20907764563847447
845 3695 -0.24014549704322957
845 3710 0.20861223344375793
845 3724 0.564552966299448
845 3739 0.19522113403393365
845 3754 -0.8260400544208435
845 3769 -0.1984117821842812
858 859 -0.2088681274217894
858 3425 0.6069563499865165
858 3440 0.10817585350401118
858 3455 -0.09432268139790152
858 3470 -1.0
858 3485 -0.8620586978062952
858 3500 -0.6472331312866036
858 3364 -0.6997719761590153
858 3379 -0.12123636838155138
858 3394 0.11255189301702302
858 3409 0.2911556967047241
859 860 -0.053341960424451974
859 3605 0.8322243530647597
859 3620 -0.9172630565753871
859 3635 -0.2107295810491146
859 3650 0.051771486284243516
859 3665 -0.32337459781313843
859 3680 0.26336634937823167
859 3515 -0.19321392079278937
859 3530 0.17140914304843513
859 3544 0.4475811006094331
859 3559 0.2039954810534368
859 3574 -0.30156611240207143
859 3589 0.6731612042849258
860 3785 -0.16216949662539842
860 3800 0.7925912188382295
860 3815 -0.4579876890223609
860 3830 0.1866372251688346
860 3845 -0.551508842842651
860 3860 -0.30274104680769215
860 3695 0.7819652718248709
860 3710 -0.04112805689352668
860 3724 0.014326713048538404
860 3739 -0.5255405053972364
860 3754 0.2562329169717185
860 3769 -0.5853264068845779
873 874 0.796149774673769
873 888 -0.48515951135288937
873 3425 0.21428538605248137
873 3440 -0.3599687065360446
873 3455 -0.4486881144821288
873 3470 -0.584866950582409
873 3485 -0.19199078582869117
873 3500 -0.5283474783960084
873 3365 -0.6134387883306999
873 3380 0.10050834186554589
873 3395 -0.4385400555578166
873 3410 -0.0639181112596773
874 875 -0.6762227827141574
874 889 -0.462764570606246
874 3605 -0.3431424751791431
874 3620 -0.7066538287612839
874 3635 0.4274346931119492
874 3650 -0.5049212576559068
874 3665 0.11696834549802362
874 3680 -0.8011861009303226
874 3515 0.2908548253766334
874 3530 -1.0
874 3545 -0.3605488646643179
874 3560 -0.471459777701695
874 3575 0.45055465898436886
874 3590 -0.2633743087680511
875 890 -0.7980050476350581
875 3785 0.6802785908554767
875 3800 0.07513401484921312
875 3815 0.8024124952779694
875 3830 0.5924848304371456
875 3845 -0.5971279924332613
875 3860 -0.5718970548191964
875 3695 -0.04350392683794856
875 3710 0.10659830528443014
875 3725 0.15619879620061203
875 3740 0.4998968255686778
875 3755 -0.22510935632871662
875 3770 -0.02370337142106878
888 889 0.48443259759158414
888 3425 -0.45493846751856454
888 3440 0.7492220536137246
888 3455 -0.13634894103887032
888 3470 0.0064242194607723735
888 3485 0.2555903764907509
888 3500 0.017543541242192835
888 3365 -0.2337800837949956
888 3380 -0.32225703562293195
888 3395 -0.21759419771238436
888 3410 0.4713214068510751
889 890 -0.18308108799293454
889 3605 -0.5366095747987074
889 3620 -0.49701454732066647
889 3635 0.5499612147155696
889 3650 0.022475612904157276
889 3665 -0.3999935534472719
889 3680 -0.4469941808188304
889 3515 0.7219740250362832
889 3530 -0.21194789453320623
889 3545 0.25988559586916593
889 3560 0.7121508996549106
889 3575 0.7805029376136139
889 3590 -0.19370549806691112
890 3785 -0.4896158398242489
890 3800 0.4574114525818199
890 3815 0.009697027046110477
890 3830 0.22871213264902218
890 3845 1.0
890 3860 -0.5149104382784614
890 3695 -0.014012000239932782
890 3710 -0.13399984424644135
890 3725 0.19917820708014433
890 3740 -0.21450872310173916
890 3755 0.6275076772766996
890 3770 -0.9848463695350628
903 904 -0.326153306906377
903 918 0.21489088165569384
903 3425 0.5172855479225293
903 3440 0.20555376622110003
903 3365 0.262084100003769
903 3380 -0.011708547993136385
903 3395 0.017967849687861113
903 3410 0.2773673078626388
904 905 0.115787732911585
904 919 -0.03637808794105575
904 3605 1.0
904 3620 0.055829933945517066
904 3455 0.9571774695588257
904 3470 0.060704833587397686
904 3485 -0.06653651710283036
904 3500 -0.4523203302119051
904 3515 -0.34116413493489545
904 3530 -0.5494662785422273
904 3545 -0.49508430875876563
904 3560 -1.0
904 3575 1.0
904 3590 0.6902616744357449
905 920 -0.5082563973665315
905 3785 0.07437032125126193
905 3800 0.1747660667549422
905 3635 0.7363586217377349
905 3650 0.10945313569043653
905 3665 -0.07566439852021578
905 3680 0.34732871183102404
905 3695 -0.845415904238367
905 3710 -0.6052224859891503
905 3725 -0.4759961519590464
905 3740 -0.3255928301767896
905 3755 0.35996617109166507
905 3770 -0.7128337875922337
918 919 -0.4489513027984978
918 3425 -0.04957076698769113
918 3440 -0.3813063305419156
918 3365 1.0
918 3380 -0.23416016652569413
918 3395 -0.3588743978049014
918 3410 0.3360554186389953
919 920 -1.0
919 3605 1.0
919 3620 -0.31758774950257534
919 3455 -0.8165024343394172
919 3470 -0.48404224420012565
919 3485 1.0
919 3500 0.05286611127550299
919 3515 -0.09024402318464766
919 3530 -0.5188986149693172
919 3545 0.19756174859382464
919 3560 -0.25416147943057743
919 3575 -0.2167873101241563
919 3590 -0.280357440299668
920 3785 0.2498262689833744
920 3800 0.06508703669410229
920 3635 -0.5132421016072358
920 3650 0.34862605523366613
920 3665 0.2642296931005728
920 3680 -0.7750097777744454
920 3695 -0.12722158064028632
920 3710 0.5875840263923007
920 3725 -0.2898725113392158
920 3740 0.2795146737366348
920 3755 -0.5851233317042916
920 3770 -0.09112138915952163
933 934 0.8709525006060718
933 948 0.2064215605575603
933 3425 -0.30924283714279377
933 3440 -1.0
933 3365 -0.37811705315090977
933 3380 0.3347816247013608
933 3395 0.4507671221870001
933 3410 -0.30208910203233175
934 935 -0.0023864000179015924
934 949 0.14674913952519647
934 3605 0.1677716551713557
934 3620 0.39868177630043466
934 3455 -0.1334983337087265
934 3470 0.31783975466190306
934 3486 0.07094191254158728
934 3501 0.19013971289130482
934 3516 -0.07323623642436496
934 3531 0.8561954989568726
934 3545 0.2950495517012365
934 3560 0.8300682309427896
934 3575 0.47939511807561686
934 3590 0.4224649821611553
935 950 0.8706486565256386
935 3785 -0.7250127285169211
935 3800 0.36374100590271896
935 3635 -0.19947520121544898
935 3650 -0.3665324809902114
935 3666 -0.764586955021608
935 3681 0.07442725211042303
935 3696 0.21657850584941143
935 3711 -0.097656849411588
935 3725 0.6667049995848685
935 3740 0.7657438687220863
935 3755 -0.05255011724145689
935 3770 -0.8174578882144633
948 949 0.9858929305962734
948 3425 0.44935040369002005
948 3440 0.15881033506280368
948 3365 0.9992138336801744
948 3380 -0.24341800296489857
948 3395 0.7224709928916613
948 3410 -0.37214245961671405
949 950 -0.21284134404856164
949 3605 -0.12779853141921124
949 3620 -0.8193420288274192
949 3455 -0.3605208778035563
949 3470 0.30417393414382077
949 3486 -0.09298149960374177
949 3501 0.7164489833342514
949 3516 -0.41282769289870114
949 3531 -0.6692419846702443
949 3545 -0.25869925111301695
949 3560 0.026681309250554133
949 3575 0.03516983449477961
949 3590 0.2968641105449471
950 3785 0.361954850903669
950 3800 -0.12950438536782133
950 3635 -0.017750960580022505
950 3650 -0.6286881526736883
950 3666 0.4199678706486091
950 3681 -0.28466913198913624
950 3696 -0.5827953686436183
950 3711 0.17953185240994443
950 3725 1.0
950 3740 -0.6664365605464158
950 3755 -0.6129925648287164
950 3770 -0.05769307656657228
963 964 -0.7851273566775259
963 978 -0.36912152292112166
963 3425 -0.6189559642994553
963 3440 -0.17046892159168922
963 3455 -0.25498115968371415
963 3470 0.11801497405334369
963 3486 0.08151574739188704
963 3501 0.3694843629784312
963 3516 -0.08491033852981492
963 3531 0.45103078474094443
963 3545 0.37487492944076867
963 3560 -0.8776492723667381
963 3395 -1.0
963 3410 -0.5983587626389281
964 965 -0.08764944542673944
964 979 -0.7956177226518594
964 3605 1.0
964 3620 -0.8359327567521612
964 3635 -0.12335954268569863
964 3650 0.2223887251066557
964 3666 -0.20014977431179115
964 3681 -1.0
964 3696 -0.27439783448857047
964 3711 -0.486653651228321
964 3725 0.18172852176212853
964 3740 0.4158370394920076
964 3575 0.4445911173270557
964 3590 -0.4414095743604572
965 980 -0.9170911628638688
965 3785 -0.6076647318939927
965 3800 0.04899164337105665
965 3815 0.7324523712938066
965 3830 0.16976787588521278
965 3846 -0.7286745638634011
965 3861 -0.6505366627933187
965 3876 -0.49029978840500005
965 3891 0.46434763805619395
965 3755 0.1776063559222635
965 3770 1.0
978 979 0.4103436697734113
978 3425 -0.43632143615653324
978 3440 -0.27379091964359376
978 3455 0.16948088206165715
978 3470 0.11955745280313648
978 3486 -0.5732011587433783
978 3501 0.29223856056698255
978 3516 -0.08023965794638437
978 3531 -0.5197395242190189
978 3545 0.07159139859857831
978 3560 0.12487513475323098
978 3395 -0.21593450808297587
978 3410 0.06961123311978425
979 980 -0.0014834284351164242
979 3605 -0.3818785263892714
979 3620 -0.42412769656142396
979 3635 -0.1707880167802931
979 3650 -0.02928828742442257
979 3666 0.31261761238186064
979 3681 -0.8315750374509243
979 3696 0.9337208938462965
979 3711 -0.05309927680460407
979 3725 0.4675210605338588
979 3740 0.2901478416361215
979 3575 0.22510064951122472
979 3590 0.46185000407271337
980 3785 0.39487265441491964
980 3800 -0.6041137237999458
980 3815 0.2004664593373697
980 3830 0.08280452100734158
980 3846 0.5845773479544448
980 3861 -0.40971441511557033
980 3876 -0.6219565674862677
980 3891 -0.29073950032470836
980 3755 -0.2896790964542446
980 3770 0.6233302670223607
993 994 -0.4314306160655892
993 1008 0.07078315864403681
993 3426 -0.4687990773341324
993 3441 0.6661122657711543
993 3456 -0.14622333294818213
993 3471 -0.053436722945803886
993 3486 -0.4101863707991723
993 3501 0.0064188162907893856
993 3516 -0.6000033127960016
993 3531 0.3382927550376867
993 3545 0.575934894471303
993 3560 0.09250517692100381
993 3395 0.7588091192795356
993 3410 -0.22941907141651663
994 995 -0.42140541433763995
994 1009 -0.7482230448283772
994 3606 1.0
994 3621 0.14229932473210505
994 3636 -0.5958999650135873
994 3651 0.12130161791142802
994 3666 0.6314683466933987
994 3681 -0.08707595661018522
994 3696 0.01462379090126588
994 3711 -0.10005403819133568
994 3725 1.0
994 3740 -0.054003537768218306
994 3575 -0.10589821529528445
994 3590 0.37972143337511083
995 1010 -0.6743758852810479
995 3786 -0.403166624664301
995 3801 0.38733600226638154
995 3816 -0.11702242943726722
995 3831 -0.13386035169474572
995 3846 -0.10692226827481796
995 3861 0.1105135487253267
995 3876 0.007821868317436673
995 3891 -0.21972483093215628
995 3755 0.5426432656681666
995 3770 0.19790008305013
1008 1009 -0.5080449047772092
1008 3426 -0.6711573386512191
1008 3441 0.4526402189407453
1008 3456 0.23694534183122976
1008 3471 0.20918178482056363
1008 3486 0.7770216454488993
1008 3501 0.6471705848258846
1008 3516 -0.6951977345509094
1008 3531 -0.37587141619825987
1008 3545 -0.559965168957294
1008 3560 -0.8619565704725952
1008 3395 -0.018530457578628427
1008 3410 0.0201445708619998
1009 1010 0.5605941414971197
1009 3606 -0.11926669653753688
1009 3621 -0.2762763116944041
1009 3636 -0.33351532193326217
1009 3651 0.11551471341797646
1009 3666 0.58906787892023
1009 3681 1.0
1009 3696 0.3327523268965484
1009 3711 0.2427873963171431
1009 3725 0.23682827274601953
1009 3740 0.7707301757986065
1009 3575 0.04685644588987182
1009 3590 0.04614143737328369
1010 3786 -0.13694985195927648
1010 3801 0.1884414925295758
1010 3816 0.2935363412473624
1010 3831 0.9601888421188434
1010 3846 -0.6523392213657037
1010 3861 -0.33736563338557773
1010 3876 0.1965570275798288
1010 3891 -0.5387295453715414
1010 3755 0.13657563429559264
1010 3770 -0.30239960288180534
1023 1024 0.21455000247384176
1023 1038 0.09626359498057588
1023 3426 0.3118934426340624
1023 3441 -0.6374486965198062
1023 3456 -0.33750171246575816
1023 3471 0.46725308817450095
1023 3486 -0.21057566371746492
1023 3501 -0.09369458440618016
1023 3365 0.8653002313648589
1023 3380 -0.016599663463354092
1023 3395 -0.6438840597636306
1023 3410 0.4714943397957096
1024 1025 0.030083358766854147
1024 1039 -0.19799004139173493
1024 3606 0.5719626123120432
1024 3621 0.10086728886148426
1024 3636 -0.7171195225587401
1024 3651 -0.062624484046803
1024 3666 -0.005229859071074121
1024 3681 0.9358646559420163
1024 3516 0.24007019132251478
1024 3531 -0.36665305714806057
1024 3545 -0.20368962821379963
1024 3560 0.09631000277802952
1024 3575 -0.09574325891494988
1024 3590 0.4658903384878154
1025 1040 1.0
1025 3786 -1.0
1025 3801 -0.1736297665141616
1025 3816 0.24338900271432987
1025 3831 0.45707418737712
1025 3846 0.4069056731194872
1025 3861 -0.1640949483651095
1025 3696 0.6469235916020739
1025 3711 1.0
1025 3725 -0.35980004060865267
1025 3740 -0.9874750567163331
1025 3755 -0.11311486346704296
1025 3770 -0.2258149613293652
1038 1039 0.8286437315705076
1038 3426 0.930510204569769
1038 3441 0.27639455470604046
1038 3456 -0.12115941854196292
1038 3471 -0.34947933146713384
1038 3486 0.8820487234428809
1038 3501 -1.0
1038 3365 0.29746483271590574
1038 3380 0.463079875185306
1038 3395 -0.1605443891014044
1038 3410 0.15851771448490637
1039 1040 -0.9431700736349197
1039 3606 0.6205575174580955
1039 3621 0.08332649179725889
1039 3636 -0.43894747360793335
1039 3651 -0.3047214952632441
1039 3666 0.36220483987707003
1039 3681 0.47963509812141186
1039 3516 0.09861172193584723
1039 3531 -0.08016152066399561
1039 3545 0.5766439944830077
1039 3560 -0.32087157465130745
1039 3575 -0.10023429263968023
1039 3590 0.30161283823479484
1040 3786 0.358481027067028
1040 3801 0.2117840676852413
1040 3816 -0.38852990473889676
1040 3831 0.29353554290178374
1040 3846 0.03372651379297082
1040 3861 0.8290156097006299
1040 3696 -0.24765823788620137
1040 3711 -0.5753749701726258
1040 3725 -0.8159324268650148
1040 3740 0.10129401568002967
1040 3755 0.995972188456732
1040 3770 -0.24429218515278567
1053 1054 0.5374151458911228
1053 1068 0.5286236509474203
1053 3426 0.3238629199482088
1053 3441 -0.7234737917423671
1053 3456 1.0
1053 3471 0.39903104125655775
1053 3486 -0.3130050832396046
1053 3501 0.12978105259589423
1053 3366 -0.056635611299988085
1053 3381 0.1874627238016249
1053 3396 -0.7234459995133048
1053 3411 0.47640413931453146
1054 1055 -0.40165164382862545
1054 1069 -0.18413421708952524
1054 3606 0.5029385063060001
1054 3621 0.1534587155915985
1054 3636 0.05548370045351574
1054 3651 0.2688837369461861
1054 3666 -0.37097736725768193
1054 3681 -0.44497305442295076
1054 3516 -0.04559135226539574
1054 3531 0.203921905021366
1054 3546 0.6912015637880957
1054 3561 -0.4257549585945291
1054 3576 0.723511438559063
1054 3591 0.4836143045252905
1055 1070 -0.13511209609037647
1055 3786 -0.24273427966880493
1055 3801 0.32627382709093483
1055 3816 0.010199799766586139
1055 3831 0.4445856544173801
1055 3846 -0.23218565416523393
1055 3861 -0.08523663039936981
1055 3696 -0.2523568309576005
1055 3711 -0.7997503177259915
1055 3726 -0.7546784787059423
1055 3741 0.12561614860339307
1055 3756 0.551653289170938
1055 3771 0.665308607311901
1068 1069 0.5909600537306433
1068 3426 0.6340343811646538
1068 3441 -0.27173173831722447
1068 3456 -0.24329100513748478
1068 3471 -0.9080848739570522
1068 3486 -0.3052251807088301
1068 3501 -0.5664165604726498
1068 3366 -1.0
1068 3381 0.26263903420748674
1068 3396 -0.4008342524829057
1068 3411 -0.3033891949627387
1069 1070 0.6464576142151415
1069 3606 -1.0
1069 3621 0.29992130388334076
1069 3636 0.5216196952492791
1069 3651 -0.8776867627655957
1069 3666 -0.014166321374517746
1069 3681 1.0
1069 3516 -0.06614795517839585
1069 3531 0.37942852279404643
1069 3546 -0.2238181012970844
1069 3561 -0.8583643250549703
1069 3576 -0.5416111873015769
1069 3591 -0.5927233307932428
1070 3786 1.0
1070 3801 -0.21868812924981818
1070 3816 0.2895651994863396
1070 3831 0.8310277275555142
1070 3846 0.30778736075206325
1070 3861 -0.46416432747538977
1070 3696 -0.5995880571979982
1070 3711 0.5506811996361207
1070 3726 0.4895471366737967
1070 3741 -0.23150465482199364
1070 3756 0.2269721915009777
1070 3771 -0.5016710793255913
1083 1084 0.006341454872048204
1083 1098 0.3305549019696117
1083 3426 -0.28174036335066915
1083 3441 0.8803908278889976
1083 3366 -0.5681559653584694
1083 3381 -0.2686945329441897
1083 3396 -0.05836123132445048
1083 3411 -0.7126415079162723
1084 1085 -0.6467014228738324
1084 1099 0.09986590507236387
1084 3606 -0.24683682084568884
1084 3621 0.8233157550759598
1084 3456 -0.2944451787922028
1084 3471 -0.4241151227937845
1084 3486 0.03925874707090812
1084 3501 -0.11948811343617709
1084 3516 0.4688316944548875
1084 3531 0.2875898428553311
1084 3546 -0.30169820140647524
1084 3561 0.09477225795430469
1084 3576 0.5284735515365354
1084 3591 -0.05554910587028475
1085 1100 -0.9275612455541822
1085 3786 0.6683560969285165
1085 3801 0.1797945994956909
1085 3636 0.46532376821987703
1085 3651 1.0
1085 3666 -1.0
1085 3681 0.10306005403942313
1085 3696 0.16171690339325126
1085 3711 -0.08916989102853172
1085 3726 -0.06146409172515723
1085 3741 -0.9139605273866431
1085 3756 -0.27683577370109796
1085 3771 0.2578390723432679
1098 1099 0.3727687694017001
1098 3426 -0.5269880657078064
1098 3441 0.13418863058211536
1098 3366 0.8629813956569443
1098 3381 -0.5134947225828843
1098 3396 0.1743810331297684
1098 3411 0.7377324897613915
1099 1100 0.9276755149582026
1099 3606 -0.5333997966948822
1099 3621 -0.2708108235294238
1099 3456 0.2824882351956291
1099 3471 0.8152002498084067
1099 3486 0.49821137440763963
1099 3501 -0.2548216048873701
1099 3516 0.3913264841081706
1099 3531 0.5300434281619705
1099 3546 0.5386245859110066
1099 3561 0.5018369098964278
1099 3576 0.7080664307404116
1099 3591 0.2792014048234676
1100 3786 -1.0
1100 3801 -0.14989140067786783
1100 3636 -0.0152678007843519
1100 3651 -0.30997065913666105
1100 3666 0.11211317622722862
1100 3681 -0.4255793911459725
1100 3696 -0.1473304669052288
1100 3711 0.5368064876874138
1100 3726 0.3392445694164434
1100 3741 -0.17850013943512175
1100 3756 0.19805142055543373
1100 3771 -0.6398936374965286
1113 1114 0.41825749655343963
1113 1128 -0.3507329737937366
1113 3426 -0.6034346650048951
1113 3441 0.010086964390728034
1113 3366 -0.018760267600233027
1113 3381 -0.3344841534803493
1113 3396 0.14040728188755897
1113 3411 -0.2611775489865279
1114 1115 -0.7028604894070204
1114 1129 -0.26053024006769276
1114 3606 -0.37671124046698895
1114 3621 0.31690343156592576
1114 3456 1.0
1114 3471 0.6593715452710655
1114 3546 -0.3415059047515543
1114 3561 0.27280675511716423
1114 3576 0.15526370214257568
1114 3591 0.6033437241582471
1115 1130 0.31922800250624006
1115 3786 0.19344871596539429
1115 3801 0.4578182710871224
1115 3636 -0.1028198209801269
1115 3651 -0.3260297988454638
1115 3726 -0.1674436452992905
1115 3741 -0.0044572561423474
1115 3756 -0.7110974808851664
1115 3771 0.012774983909821284
1128 1129 0.34353401861146243
1128 3426 -0.1363985347595103
1128 3441 0.13791662180342676
1128 3366 -0.4806022320143608
1128 3381 -0.5649075430810325
1128 3396 -1.0
1128 3411 -0.13272541552334277
1129 1130 -0.7515299942911385
1129 3606 0.9390948559031683
1129 3621 0.37616281216665726
1129 3456 1.0
1129 3471 -0.20664545839147896
1129 3546 -0.16525959864821158
1129 3561 -0.11249859500129186
1129 3576 0.9203510422274128
1129 3591 0.05440460055684606
1130 3786 0.5441838708365092
1130 3801 -0.1289054476752103
1130 3636 -0.08912077282937417
1130 3651 0.7621806177920349
1130 3726 -0.5460274384021438
1130 3741 -0.035112857874869126
1130 3756 0.5558063084076851
1130 3771 0.13525002074579476
3364 3365 -0.1328529778131314
3364 3379 -0.381551663376723
3365 3366 -0.05340762612746794
3365 3380 -0.025917607729701028
3366 3381 -0.10788137792936064
3379 3380 0.26670025509372197
3380 3381 -0.15780620165270143
3394 3395 0.019477668573525772
3394 3409 -0.5042070308843128
3395 3396 0.23839817790197845
3395 3410 0.49900885512512483
3396 3411 1.0
3409 3410 -0.6105329215684355
3410 3411 -0.7066628405462655
3424 3425 0.25716219356522446
3424 3439 -0.598130265077346
3425 3426 -0.07257736296227524
3425 3440 -0.6274347230771613
3426 3441 -0.2327359560752536
3439 3440 0.2325959532583755
3440 3441 0.10516545747501695
3454 3455 -0.2701418042787209
3454 3469 0.03687465329765321
3455 3456 -0.8640393031847987
3455 3470 0.313414214816388
3456 3471 0.5049020397895263
3469 3470 0.03769825024673451
3470 3471 -0.15915397357468228
3484 3485 0.23218757278366736
3484 3499 -0.4671761177458641
3485 3486 1.0
3485 3500 -0.569547392901564
3486 3501 0.017289760753303154
3499 3500 0.9264015724600368
3500 3501 -0.4760817948739611
3514 3515 -0.4114460533206557
3514 3529 0.18380170536325996
3515 3516 0.987072572610757
3515 3530 -0.4102062461966715
3516 3531 -0.25620833448260266
3529 3530 0.2647793954441896
3530 3531 -0.5286276177446931
3544 3545 -0.0008909336124784161
3544 3559 0.5921779052014443
3545 3546 -0.08532376290351595
3545 3560 -0.4964249790469856
3546 3561 0.292009257383668
3559 3560 0.29012631344888773
3560 3561 -1.0
3574 3575 0.15286712372131506
3574 3589 -0.4508031140336011
3575 3576 1.0
3575 3590 0.22584306216258315
3576 3591 -0.03417849499818074
3589 3590 -0.5673147186110423
3590 3591 -0.8032724315688505
3604 3605 -0.6336791664383209
3604 3619 -0.47066123186562886
3605 3606 -0.2518280192242218
3605 3620 -0.216753046069784
3606 3621 -0.1838255631792245
3619 3620 0.9968024490709114
3620 3621 -0.20656564400056573
3634 3635 0.13067165747741272
3634 3649 0.5024803591811705
3635 3636 0.1576722142742359
3635 3650 0.21353218485774406
3636 3651 -0.024097163678187993
3649 3650 -0.3675079999566909
3650 3651 0.10029096233698168
3664 3665 -0.52824786647633
3664 3679 -0.5120904530362662
3665 3666 0.27785956462659045
3665 3680 -0.5687314405499417
3666 3681 0.27136264428377455
3679 3680 -0.348654989021425
3680 3681 -0.6838042919596946
3694 3695 0.849484915944528
3694 3709 -0.11249325250606397
3695 3696 -0.34960263199480374
3695 3710 0.3437618884759834
3696 3711 -0.16636406453949618
3709 3710 0.6501779528314661
3710 3711 0.48188081022041945
3724 3725 -0.3731410865964802
3724 3739 0.018223448282835134
3725 3726 -0.060014232917525
3725 3740 0.12108787916303804
3726 3741 -0.29982711843889465
3739 3740 0.5780368023403332
3740 3741 0.20068233154343432
3754 3755 -0.9902959126697577
3754 3769 -0.944781151573708
3755 3756 -0.170567244792889
3755 3770 0.751979001694805
3756 3771 0.4157852122376055
3769 3770 -0.05896411151387355
3770 3771 -0.41381310215774714
3784 3785 -0.6266043834717322
3784 3799 0.9318401254674091
3785 3786 0.22217477600220636
3785 3800 -0.7877601930354822
3786 3801 0.6992768194941459
3799 3800 0.0315723539693289
3800 3801 -0.12414914140010756
3814 3815 -1.0
3814 3829 -0.303620887231926
3815 3816 -0.2978572428959453
3815 3830 0.199965822301645
3816 3831 -0.4190607713601176
3829 3830 -0.2953558728239299
3830 3831 0.022669814406254485
3844 3845 -0.7303596526417129
3844 3859 -0.5226247131235396
3845 3846 0.06069229051345891
3845 3860 -0.6727022814464922
3846 3861 -0.6243662106591151
3859 3860 -0.3468531090810822
3860 3861 -0.2429425289628159
3874 3875 -0.5132197524695591
3874 3889 -0.21555031553462056
3875 3876 -0.1481261641169855
3875 3890 -0.6060242785232777
3876 3891 -0.5448577249353278
3889 3890 -0.1639737397155738
3890 3891 0.2912102003742025
