# 
603 603 0.0690604413929062
604 604 -1.6283423642409818
605 605 -1.0098365985901074
618 618 -1.7479301119420056
619 619 -0.5893630979485389
620 620 -0.7878521789994188
633 633 0.8912157426392736
634 634 -2.204100418131966
635 635 -1.873781431395661
648 648 -0.5048660909019709
649 649 -0.8065358911892625
650 650 0.7650390946819347
663 663 1.0069707176500649
664 664 -1.1360477658280026
665 665 -0.7210884918830509
678 678 0.8332831010828858
679 679 0.017864332673750073
680 680 -0.3874401943487691
693 693 -2.865556431524834
694 694 1.0898949477764657
695 695 -1.1024629913513766
708 708 -1.6010283746987923
709 709 -0.15187429348335746
710 710 1.1414554966099095
723 723 0.4691118015874281
724 724 -0.94239517670368
725 725 -1.2607479827025179
738 738 0.7738240582992303
739 739 -0.10540495004466124
740 740 -1.3021600788739336
753 753 1.0375967651705986
754 754 -0.4337071637061277
755 755 -0.9216994194646483
768 768 0.410480055369939
769 769 1.0484353085208793
770 770 0.5564157264016475
783 783 -0.7354450205042983
784 784 1.0736315429099612
785 785 -0.4361259335245284
798 798 -1.4474369308819774
799 799 -1.0586217947015077
800 800 -1.1252406882784471
813 813 -0.9709419577998232
814 814 -0.7420101340315401
815 815 -0.9236153598758146
828 828 0.2662254512601742
829 829 0.5332241036507261
830 830 -0.9150866736638125
843 843 0.016596911506802547
844 844 0.574993079199529
845 845 -1.0508207845103648
858 858 1.7761434879684455
859 859 0.131395682600356
860 860 -0.49688148667286625
873 873 -0.6919674566814921
874 874 0.9250996709069166
875 875 -1.2513979507774706
888 888 0.16441611951938057
889 889 -0.46729258667778817
890 890 0.2694990625153094
903 903 -0.7970269338993046
904 904 0.10622354332094408
905 905 -0.2851826747856672
918 918 0.016454653234702292
919 919 -0.897276775762433
920 920 -0.04653136735813274
933 933 0.8676051567476746
934 934 -0.6705817207940717
935 935 0.42947899046456894
948 948 1.0733752042363547
949 949 -1.373236900731371
950 950 -1.1037468376255095
963 963 1.297234855485003
964 964 0.21017816888208468
965 965 -0.5458549039789443
978 978 -0.5780334177113001
979 979 -0.06575352044646288
980 980 -1.3080371163728468
993 993 1.8072654650914548
994 994 1.215281688419052
995 995 0.9980593739192634
1008 1008 -0.019560947536888158
1009 1009 -0.3027671046019768
1010 1010 -0.16715255136447407
1023 1023 0.8860343996723717
1024 1024 0.15729103021931876
1025 1025 0.39828850096822843
1038 1038 0.5427804343890308
1039 1039 1.5168859646643076
1040 1040 1.0612837298216322
1053 1053 0.0753042584734889
1054 1054 0.7248402367083407
1055 1055 1.7887920554190886
1068 1068 -0.44660748413572976
1069 1069 0.7520671293693012
1070 1070 -1.151268121063627
1083 1083 1.0011716493465292
1084 1084 0.3265336452429907
1085 1085 -0.1874765150876313
1098 1098 0.2235641435567912
1099 1099 1.11881946140678
1100 1100 1.6384896553941013
1113 1113 -0.6486547336802162
1114 1114 -0.6589783244325644
1115 1115 0.10346086337785386
1128 1128 2.238084323899745
1129 1129 0.7951714606558189
1130 1130 0.28964896894359415
3364 3364 -0.13543297536197116
3365 3365 0.28636552939632454
3366 3366 0.3942382261845956
3379 3379 0.27884115380485136
3380 3380 -0.013230851111725806
3381 3381 -0.7387118973533612
3394 3394 0.5095999858146576
3395 3395 0.849986848079493
3396 3396 1.2124242227764122
3409 3409 -0.24578048416902337
3410 3410 0.24089856047979888
3411 3411 -0.34228107788790973
3424 3424 -1.5484292371361377
3425 3425 -0.47090090889642855
3426 3426 -0.485745264908188
3439 3439 -0.9944167450078376
3440 3440 0.12929731337560355
3441 3441 0.3822210929260453
3454 3454 -0.9404546672118609
3455 3455 0.7068555697098193
3456 3456 0.3871721773336231
3469 3469 -0.8423877298723339
3470 3470 -0.6086512157765139
3471 3471 -1.0129756632375386
3484 3484 1.0742866161900215
3485 3485 -1.6474523675265196
3486 3486 -1.1217670752564812
3499 3499 -0.8890987790594257
3500 3500 0.01032158935755293
3501 3501 -0.09092818298652372
3514 3514 0.6325014411407628
3515 3515 -0.05990325272374026
3516 3516 -0.42403492580692675
3529 3529 0.4443022986353151
3530 3530 2.0681150463339613
3531 3531 -0.8221935886112207
3544 3544 -0.42207314507940646
3545 3545 1.0211994939213598
3546 3546 0.35278973939499236
3559 3559 -0.2869292263085665
3560 3560 0.8806448672401789
3561 3561 -1.0427065132546969
3574 3574 -0.9097635667077575
3575 3575 0.7760771091149615
3576 3576 1.816549217874775
3589 3589 0.001363945637182303
3590 3590 0.47259797797561837
3591 3591 -0.8384647688751323
3604 3604 -1.8145240525216715
3605 3605 0.9578213572101928
3606 3606 0.3332407767761504
3619 3619 -1.1313083775311161
3620 3620 -0.5986541901867521
3621 3621 -0.973876687240689
3634 3634 -0.527211578686339
3635 3635 0.34694921939272383
3636 3636 -2.047419424977626
3649 3649 1.9528778787569043
3650 3650 0.060974632192154724
3651 3651 -0.35738098471624397
3664 3664 1.609580522050171
3665 3665 -1.1651328736249027
3666 3666 -0.5983956435926399
3679 3679 -0.11816927604069132
3680 3680 -1.8252014145020137
3681 3681 0.7204345196717232
3694 3694 1.4537105545954414
3695 3695 1.3986052592403417
3696 3696 0.04733941803226602
3709 3709 0.3255054616683339
3710 3710 -1.3417348462353968
3711 3711 -0.15394417442250205
3724 3724 -1.2658635780137284
3725 3725 1.1109885123951873
3726 3726 0.5266286307548256
3739 3739 -0.21375252403390604
3740 3740 0.47565493127506026
3741 3741 -1.259289561780763
3754 3754 -0.6313445801216006
3755 3755 -0.30942370942250996
3756 3756 -0.08194994332082858
3769 3769 -0.8615785789634403
3770 3770 0.556178651564475
3771 3771 -0.6830305824476172
3784 3784 0.45202096498717587
3785 3785 -0.7656837654216607
3786 3786 -0.9458480340396417
3799 3799 0.4918292499745451
3800 3800 0.32913163661281974
3801 3801 0.25649967263814344
3814 3814 1.552736653066026
3815 3815 -0.2416649595586722
3816 3816 1.078475891134627
3829 3829 -0.9625684854900032
3830 3830 -0.8613915758673618
3831 3831 -0.7246988375678278
3844 3844 -0.8242358152283876
3845 3845 0.009669341567411182
3846 3846 1.2124135063723211
3859 3859 0.4975254910649694
3860 3860 0.9383764964007926
3861 3861 -0.823858684799217
3874 3874 -0.5477994151508724
3875 3875 -0.23370036165147848
3876 3876 -0.7534867214176497
3889 3889 -1.64825949268594
3890 3890 -0.4445731953803973
3891 3891 -0.6033413424720788
603 604 -0.14338260606440884
603 618 0.1731398483030161
603 3484 -0.9286584574250282
603 3499 0.13062101382332672
603 3514 0.14697885254715207
603 3529 -0.093414803500144
604 605 0.8957799850760498
604 619 -0.2984185801135314
604 3664 -0.43621693991194527
604 3679 0.3895850605053785
604 3694 0.569504387577116
604 3709 -0.18786111193258123
605 620 -0.24789513952676764
605 3844 0.1943076526498934
605 3859 -0.14524710269091343
605 3874 -0.2516327971502787
605 3889 -0.652747947998145
618 619 -0.36084350017982364
618 3484 0.20206914154515232
618 3499 0.07393766634441927
618 3514 -1.0
618 3529 -0.34485134814255103
619 620 -0.3791464578839512
619 3664 0.35164989254903783
619 3679 0.08188350181783947
619 3694 0.057162393166362284
619 3709 -0.38552762650274713
620 3844 1.0
620 3859 -0.0925902205415573
620 3874 -0.34215177199115127
620 3889 0.15609893091059432
633 634 -0.32598557619837104
633 648 1.0
633 3424 -0.6319145616588554
633 3439 0.20428993893373257
633 3454 -0.332343896969158
633 3469 0.39970696357694135
633 3484 -0.2175187408984048
633 3499 -0.17646280028524833
633 3514 -0.6213694849518513
633 3529 -0.02767362582833842
634 635 0.21919041779629367
634 649 -0.6538170885887988
634 3604 0.1913365218119071
634 3619 -0.172807376509324
634 3634 -0.20100931603456346
634 3649 -0.6568508043890666
634 3664 -0.7856118966179597
634 3679 0.6150500649857776
634 3694 -0.2020350240928953
634 3709 -1.0
635 650 -0.16959818416497013
635 3784 -0.556401931449395
635 3799 -0.5708442981001031
635 3814 0.1336935349581293
635 3829 0.08723505410298912
635 3844 0.6959861604504817
635 3859 -0.6986728457662416
635 3874 0.46975416123389097
635 3889 -0.06043711804422561
648 649 -0.12863866089667383
648 3424 -0.20538870515782176
648 3439 -0.12945138424629082
648 3454 0.13438886555941576
648 3469 0.598260029443532
648 3484 -0.11451293692030477
648 3499 -0.0053884501973112614
648 3514 0.7037498167084826
648 3529 -0.21824686791805548
649 650 -0.8736830904789189
649 3604 0.1676391187626337
649 3619 0.21393433470612136
649 3634 -0.13467064613486443
649 3649 0.22186474831740646
649 3664 0.7034442174155893
649 3679 -0.6361175490933261
649 3694 -0.3903635122712911
649 3709 0.12499789371257958
650 3784 -0.007162414708397314
650 3799 -0.2055274625836639
650 3814 -0.9773347271145105
650 3829 -0.30796654645511695
650 3844 0.5448312724784411
650 3859 0.18252525890139645
650 3874 0.2871971045172388
650 3889 -0.16561205592348308
663 664 -0.6794849829461774
663 678 -0.028160850800607137
663 3424 0.3501642293861796
663 3439 -0.4549404704929886
663 3454 0.32735509572795096
663 3469 0.5940736606392243
663 3484 -0.5357739608954523
663 3499 -0.7769536697536823
664 665 0.545536789278943
664 679 0.16053268174799062
664 3604 1.0
664 3619 -0.593536648430885
664 3634 -0.2921579340673828
664 3649 -0.21090713993413698
664 3664 -0.8009612473184397
664 3679 -0.08472002399033834
664 3514 -0.8975016008719986
664 3529 -0.2915478006812567
665 680 -0.6267446463004818
665 3784 -0.4807529219389703
665 3799 0.30909328310053774
665 3814 0.08136448592870853
665 3829 -0.7062990791083125
665 3844 0.26233022006377776
665 3859 0.8210408722093882
665 3694 0.1891987871600854
665 3709 -0.44618457547848556
678 679 -0.13870419189698077
678 3424 0.8550916389432122
678 3439 0.3841854898337106
678 3454 -0.3023303654740236
678 3469 -0.5950400600171122
678 3484 0.07227046802773693
678 3499 -0.6345299311813143
679 680 -0.644965313752963
679 3604 -0.05501333420258899
679 3619 0.20523476061216772
679 3634 0.05455814712162947
679 3649 0.5150998450998079
679 3664 -0.8134311838903643
679 3679 -0.1863391261946886
679 3514 -0.6770976654447369
679 3529 -0.12879580196614776
680 3784 0.18347547388921642
680 3799 -0.017440448788982165
680 3814 0.3188567089583721
680 3829 -0.4985144207473951
680 3844 -0.369111644493626
680 3859 -0.165904855801773
680 3694 0.485495012631517
680 3709 -0.13456640765488542
693 694 -0.4356721843674216
693 708 -0.3267619103992291
693 3424 0.20099083619203986
693 3439 0.42768993449775544
693 3454 -0.2821095176359841
693 3469 -1.0
693 3484 0.02771872373528005
693 3499 0.7122335492979892
693 3364 1.0
693 3379 0.2241845578334867
693 3394 -0.48884400256379634
693 3409 0.24460943325728088
694 695 0.3506644301593708
694 709 0.4220177678179278
694 3604 -0.5342322717703005
694 3619 -0.4195210886249459
694 3634 0.1045455555663774
694 3649 0.17900488455984392
694 3664 0.1851673986281284
694 3679 -0.3292324633676528
694 3514 -0.049271963831342025
694 3529 0.05580310412499819
694 3544 0.576806789695539
694 3559 -0.32786919751857063
694 3574 -0.18708854951045212
694 3589 -0.03515739480603038
695 710 -0.26340665565661303
695 3784 0.33820174862287633
695 3799 0.34232856374450865
695 3814 -0.4076043209639478
695 3829 0.727465763375616
695 3844 -0.7347440404710112
695 3859 -0.7832873022954746
695 3694 0.159039961298082
695 3709 -0.0682561059054665
695 3724 0.17017692319774796
695 3739 -0.3457086436630714
695 3754 1.0
695 3769 0.3236758685948448
708 709 0.07498442953139703
708 3424 -0.1523481868770674
708 3439 0.6451653640171728
708 3454 0.3978502680770112
708 3469 0.8061671293548507
708 3484 -0.13764544832289685
708 3499 -0.25677087093305256
708 3364 0.3434799573558038
708 3379 -0.05012891600809092
708 3394 -0.9047210749999313
708 3409 -0.6935665139710231
709 710 -0.06027817645632034
709 3604 0.29726803893571524
709 3619 0.2063184206652679
709 3634 -0.5730414010109496
709 3649 -0.2456280061250517
709 3664 -0.14623190838867192
709 3679 -0.25105544953024256
709 3514 0.07345518775612268
709 3529 -0.6664767922064917
709 3544 0.5081405926125443
709 3559 0.6763816987606699
709 3574 0.21725388464748807
709 3589 0.292124774618524
710 3784 0.8106666110952949
710 3799 -0.07551087796837735
710 3814 -0.6839287681580887
710 3829 0.8361411554941918
710 3844 -0.5079374451922337
710 3859 0.8514370140671755
710 3694 -0.3063495364739404
710 3709 0.16952294065481932
710 3724 0.15247208681324048
710 3739 0.19184494445359027
710 3754 -0.17572265320362007
710 3769 1.0
723 724 0.5409557215557701
723 738 0.41573894249916044
723 3424 -0.07907669650771762
723 3439 -0.25658216575103815
723 3364 -0.024375356949558724
723 3379 -0.2331396330456145
723 3394 -0.2984766439190355
723 3409 0.2482478112893408
724 725 -0.30396046321147463
724 739 0.15460459882542318
724 3604 -0.04532057667410203
724 3619 -0.3952660663668271
724 3454 0.24807630649849152
724 3469 -0.17823963231664147
724 3484 -0.0801154431006245
724 3499 -0.9340260364063286
724 3514 -0.12665521397425614
724 3529 0.24287116899576797
724 3544 0.22535059522347187
724 3559 0.13843066206002846
724 3574 0.6128293616806384
724 3589 0.001734080007588881
725 740 -0.3113573716487716
725 3784 -0.4026086200814488
725 3799 -0.2974509747155316
725 3634 0.20018101528486223
725 3649 -0.43873821182446354
725 3664 0.07018414183360074
725 3679 0.09386969313264892
725 3694 -0.03953134029416783
725 3709 -0.06669510971638627
725 3724 0.5715732507287571
725 3739 0.12335251669905277
725 3754 -0.4090941207680928
725 3769 -0.2096650734073395
738 739 0.27722775607461775
738 3424 0.5648630324049269
738 3439 -0.09361610529625797
738 3364 0.3524548931253641
738 3379 0.02935115464643233
738 3394 -0.0019364072922526147
738 3409 0.049671568511724225
739 740 -0.8336277522237436
739 3604 -0.014877895480981652
739 3619 0.7303145709442237
739 3454 -0.6121043675389534
739 3469 0.2820961840358157
739 3484 -0.10783858774898378
739 3499 0.4395633727155187
739 3514 0.10905368791374845
739 3529 -1.0
739 3544 0.10101566437827571
739 3559 -0.014537816607074245
739 3574 0.48626654495595456
739 3589 -0.1390524177769161
740 3784 -0.23626945559038906
740 3799 -0.23257405374324683
740 3634 0.05366139602884001
740 3649 -0.5574766796468501
740 3664 -0.9444707827152856
740 3679 1.0
740 3694 -0.11693475703232281
740 3709 0.1637326954079892
740 3724 -0.788276715387348
740 3739 0.020880472156815547
740 3754 0.32196673269908654
740 3769 0.006253166651506847
753 754 0.4637293699862887
753 768 1.0
753 3424 0.21893070198694137
753 3439 -0.07835861458395461
753 3364 0.6493611706824214
753 3379 0.05827370356332805
753 3394 0.009665833704031495
753 3409 0.03552690097739342
754 755 0.09298145286807286
754 769 0.5066252636508465
754 3604 0.015776267541372697
754 3619 0.03721309449363209
754 3454 -0.5295796092942836
754 3469 -0.8384995807335388
754 3485 -0.16063817491827906
754 3500 0.34176325603613555
754 3515 0.23088197760274953
754 3530 -0.010296870566049617
754 3544 0.47041097498756934
754 3559 -0.6559152857732105
754 3574 0.06399838911084843
754 3589 -0.01641209069134273
755 770 0.33192311105203065
755 3784 0.4507273898242474
755 3799 -0.5333105268722531
755 3634 -0.2185701869266803
755 3649 -0.2217581751160146
755 3665 -0.3243010381953867
755 3680 0.42391933640086804
755 3695 0.3164309436869096
755 3710 0.30452435984845017
755 3724 0.11626928651907087
755 3739 -0.45960941777484166
755 3754 0.5160136155847616
755 3769 0.045558841988035996
768 769 0.5883374532125957
768 3424 -0.25035210978041905
768 3439 0.27509877385802267
768 3364 -0.5347616823269593
768 3379 -0.33847669296485644
768 3394 -0.42924668792712767
768 3409 0.2701267570894091
769 770 -0.5802603436507586
769 3604 0.015234992366852853
769 3619 0.843839661366998
769 3454 -0.3414143122879266
769 3469 0.06416937705362064
769 3485 0.625928356034866
769 3500 -0.19713791967265967
769 3515 -0.5155606592069641
769 3530 -0.7849862664144637
769 3544 0.9206101521695572
769 3559 -0.8852845028907652
769 3574 -0.24044924944681617
769 3589 -0.834387976531223
770 3784 -0.12811449387178256
770 3799 0.4792982078521126
770 3634 -0.7682186881153871
770 3649 -0.059421463095072506
770 3665 0.2405843914978647
770 3680 -0.35157975547399223
770 3695 0.20028809326647073
770 3710 0.12024327578180187
770 3724 1.0
770 3739 -0.26369218532626687
770 3754 0.5660056806336079
770 3769 -0.16768951978098248
783 784 -0.6490284893478399
783 798 -0.05062965814529319
783 3424 0.12923545275927295
783 3439 0.10119549935192168
783 3454 0.0826602474797369
783 3469 0.11382179750320519
783 3485 0.1272932497728204
783 3500 -0.004173744586409595
783 3515 -0.2905315682999298
783 3530 0.43518882366060363
783 3544 -0.2384590397525868
783 3559 -0.24257787648892792
783 3394 0.2258313294858194
783 3409 -1.0
784 785 -0.735697397620636
784 799 0.707844703287006
784 3604 0.32172813924429283
784 3619 0.6314990441015939
784 3634 0.29891958773163596
784 3649 0.8380385555857447
784 3665 -0.27361596051186143
784 3680 0.5357542338386158
784 3695 0.3556215706020833
784 3710 0.1630232271241904
784 3724 -0.22766981145251178
784 3739 -0.19911838967180873
784 3574 0.18905910694881245
784 3589 0.416768260941383
785 800 0.24851385160683218
785 3784 -0.1333858416905054
785 3799 -0.08054391495774506
785 3814 0.8656631314826838
785 3829 0.22838757396647227
785 3845 -1.0
785 3860 -0.41068022832226087
785 3875 1.0
785 3890 0.3580771569477744
785 3754 -0.714352032250122
785 3769 0.18345860709947304
798 799 0.5896646952620063
798 3424 0.21435435304704087
798 3439 -0.20605261993239615
798 3454 -0.15184536891380546
798 3469 -0.15356296971138272
798 3485 0.10742504426240539
798 3500 0.3031981894791517
798 3515 -0.023418835457230502
798 3530 0.9061393976034515
798 3544 -0.7818561485529677
798 3559 -0.3968160564689793
798 3394 -0.3186289651790153
798 3409 0.5792327639450368
799 800 0.39317839000562615
799 3604 -0.17470013080190752
799 3619 0.1046226073424845
799 3634 0.01584532449024151
799 3649 -0.013639277455394852
799 3665 -0.011271452465538382
799 3680 0.7349512554533638
799 3695 0.2589733621472064
799 3710 -0.26530164100227616
799 3724 -0.6065336313511988
799 3739 -0.3364153440985013
799 3574 -0.25541219356626704
799 3589 -0.1799770514369075
800 3784 -0.25789863812468167
800 3799 0.14983816210572304
800 3814 0.3602110266170938
800 3829 -0.29384358541714534
800 3845 -0.09833032191914662
800 3860 0.011618935555967071
800 3875 0.8024811157523569
800 3890 -0.6173372815260849
800 3754 0.2572694207183603
800 3769 0.18624784417705145
813 814 0.22217962473162264
813 828 0.21211368483127502
813 3425 -0.08135632138851183
813 3440 0.2604031390827283
813 3455 -0.3371672667263036
813 3470 0.2526355925836339
813 3485 0.014414698771533061
813 3500 -0.08847811851501157
813 3515 0.5980805154683112
813 3530 1.0
813 3544 0.5518516231333304
813 3559 -1.0
813 3394 0.36560037133441703
813 3409 -0.006397296452744275
814 815 -0.5035460309161199
814 829 -0.33989317352822224
814 3605 1.0
814 3620 0.7057955485711777
814 3635 -1.0
814 3650 -0.43774297889587566
814 3665 0.32575949641692703
814 3680 0.596188242184555
814 3695 0.19897208841507708
814 3710 0.023783150803074103
814 3724 0.005195854422242251
814 3739 0.02131791888622364
814 3574 -0.5461810128605997
814 3589 -0.34703945132339
815 830 -0.252044123431789
815 3785 0.3608412218282878
815 3800 0.13080230206703441
815 3815 -0.5933350087817386
815 3830 0.7550913547794302
815 3845 -0.3226101784143202
815 3860 -0.4414152090007437
815 3875 0.2772774423109928
815 3890 0.3735771917322994
815 3754 0.4864456379849998
815 3769 -0.038362344791642
828 829 0.45134238864861265
828 3425 0.03007300693589387
828 3440 0.6242591393887656
828 3455 0.6955108941165721
828 3470 0.2338539521526492
828 3485 -0.3292713199413561
828 3500 -0.8180748257571311
828 3515 -0.2849598249948423
828 3530 -1.0
828 3544 0.12946741180975552
828 3559 -0.14125019131714153
828 3394 -0.11349847745073789
828 3409 0.6506518913345092
829 830 0.6415042932478574
829 3605 0.6011510732517715
829 3620 -0.03804861909896001
829 3635 0.33857962234381617
829 3650 0.344224610903036
829 3665 0.1074914718914353
829 3680 -0.48191590340445284
829 3695 -0.3741090719320774
829 3710 0.49708844798378937
829 3724 0.449389080698428
829 3739 0.3790246623955843
829 3574 0.2010482049384921
829 3589 0.07291942470255632
830 3785 0.4646864832737673
830 3800 0.2073235495190308
830 3815 0.2051076333506037
830 3830 -0.40908738957247237
830 3845 0.3817743718998095
830 3860 -0.4461576019107728
830 3875 0.089398480873727
830 3890 -0.31511444743245004
830 3754 -0.1630294631649679
830 3769 -0.24657557389847712
843 844 -0.2434500244431935
843 858 -1.0
843 3425 0.2283730864090421
843 3440 0.04997587605642846
843 3455 0.8044423562981953
843 3470 1.0
843 3485 -0.05432889959251618
843 3500 0.1518813286745069
843 3364 0.4472500646698532
843 3379 -0.2804727432685314
843 3394 0.3269175124277347
843 3409 0.8089896576648314
844 845 0.5781081731562658
844 859 0.07344354786068055
844 3605 0.31491603398609025
844 3620 0.4828547026599037
844 3635 -0.22401753029567534
844 3650 -0.4483109479448638
844 3665 -0.21824816461299068
844 3680 -0.28356325328287046
844 3515 -0.06513162706965528
844 3530 -0.9099907845357791
844 3544 0.5238457015652119
844 3559 0.03932450482195641
844 3574 0.885071447018108
844 3589 0.79909550992465
845 860 -0.1877608945858385
845 3785 -0.11100517364061875
845 3800 0.5160184677929457
845 3815 0.072626290367506
845 3830 0.3678494592139743
845 3845 0.22651364178077385
845 3860 0.8064273758429105
845 3695 0.4166482325296045
845 3710 -0.3473677666400332
845 3724 0.37690606095870693
845 3739 1.0
845 3754 -0.4993680529172786
845 3769 0.6392826006923867
858 859 0.24293513564475303
858 3425 0.7598123381641068
858 3440 -0.11938670371661939
858 3455 -0.0267503883895494
858 3470 0.4543409495413032
858 3485 -0.2734752111948255
858 3500 0.1870849161443283
858 3364 -0.5951954803393201
858 3379 0.3503477151195419
858 3394 -1.0
858 3409 0.4681522208732054
859 860 -0.6993254211661585
859 3605 0.4707676417744553
859 3620 -0.2622814875954204
859 3635 -1.0
859 3650 0.4204340205842468
859 3665 0.18373138885090887
859 3680 -0.4679248268750784
859 3515 -0.03521533375302494
859 3530 0.2534986318496446
859 3544 0.20323285385742093
859 3559 0.11018481843426743
859 3574 0.04152071567403877
859 3589 -0.36387076072109986
860 3785 0.09159537012919393
860 3800 -0.663342876978489
860 3815 -0.0008237473723022706
860 3830 0.3157890586656458
860 3845 0.11362689441555389
860 3860 -0.056955370754806056
860 3695 0.3465193199563177
860 3710 -0.35567319320168017
860 3724 0.6273157859313186
860 3739 -0.8519337061820339
860 3754 -0.30710747558971646
860 3769 -0.32164063785190006
873 874 -0.2574297838350513
873 888 0.33768916331962034
873 3425 -0.16354943537032668
873 3440 0.11608637470357197
873 3455 0.06444210466317474
873 3470 0.03239222057379839
873 3485 -0.2575412308354307
873 3500 -0.25546245865395156
873 3365 -0.0008622365090847098
873 3380 0.6731029390035685
873 3395 0.25764741114080714
873 3410 0.13247379017371635
874 875 -0.1539656876823931
874 889 -0.24599104353549364
874 3605 0.27351252943532534
874 3620 0.21839029125985196
874 3635 -0.6761412433879667
874 3650 0.11053395548755635
874 3665 0.07920113669944613
874 3680 0.04419346041628645
874 3515 -0.14119431031159438
874 3530 0.044827504462468734
874 3545 0.6308506113622518
874 3560 -0.16217368081836867
874 3575 -1.0
874 3590 0.22064642274832139
875 890 -0.8987802922453855
875 3785 -0.08459094540565763
875 3800 0.7739888247576803
875 3815 -0.7261588171922309
875 3830 -0.2525384815227857
875 3845 0.24401535609935116
875 3860 0.41016352403598794
875 3695 0.8396009846081466
875 3710 -0.46971741079528556
875 3725 -1.0
875 3740 -0.37455786252661244
875 3755 0.7171394072064677
875 3770 -0.8320490114787029
888 889 -0.42748310040811854
888 3425 -0.7607761812232969
888 3440 -0.07967478367439455
888 3455 0.08619724875400742
888 3470 -0.8948367217648084
888 3485 -0.5218734130927071
888 3500 -0.6034857752981062
888 3365 0.32706063363422666
888 3380 0.13002918212430112
888 3395 0.33871503517474666
888 3410 -1.0
889 890 -0.35303739732489087
889 3605 0.5841237442153103
889 3620 -0.16121570839612664
889 3635 0.7752798934505852
889 3650 -0.5404797263586715
889 3665 -0.44599604219019523
889 3680 -0.3295433958125529
889 3515 -0.4240881706540575
889 3530 0.27171965135789833
889 3545 0.25913709418511005
889 3560 -0.1694590313442928
889 3575 0.4438512775335801
889 3590 -0.6753089917504204
890 3785 0.0975663254959902
890 3800 0.30894198932515665
890 3815 -0.4088708898718162
890 3830 -0.48693125701015555
890 3845 -0.10056325773110823
890 3860 0.11960381155597015
890 3695 -0.45173569138547914
890 3710 0.2799132942053568
890 3725 0.5300459445134249
890 3740 0.5555324626505619
890 3755 0.18797446687805697
890 3770 -0.35937958813026455
903 904 0.08891037781321696
903 918 0.5490612342151261
903 3425 0.03891180259113661
903 3440 0.09621387106424381
903 3365 1.0
903 3380 0.43414766393852056
903 3395 0.16736571650210497
903 3410 0.21210836423344426
904 905 0.03509324521866977
904 919 -0.145987473681204
904 3605 0.1266609088932491
904 3620 0.15737580377793708
904 3455 0.7705378676274763
904 3470 -0.5819904380575363
904 3485 0.08123137901773114
904 3500 0.9243784169015912
904 3515 0.1894000373480427
904 3530 0.28801515791657645
904 3545 0.7058678364616463
904 3560 0.30984678427467977
904 3575 -0.7876582892586389
904 3590 0.18102112482668517
905 920 -0.11898848718906149
905 3785 -0.8494688619052665
905 3800 -0.05909075280428282
905 3635 0.17036983139449977
905 3650 -0.22155989246264188
905 3665 0.4763304117557163
905 3680 -0.015396324856844534
905 3695 -0.6297815879227479
905 3710 0.6283305751582399
905 3725 -0.2957241815527213
905 3740 -0.5749175769603596
905 3755 -0.26547829547173785
905 3770 0.1795662374085542
918 919 0.3495120935473223
918 3425 0.1609523466669265
918 3440 -0.19284560508218296
918 3365 0.351514525366777
918 3380 0.25277161690049427
918 3395 -0.19814328601814774
918 3410 -0.6811824654623232
919 920 -0.8282549606753894
919 3605 0.14390806999373632
919 3620 -0.3767838719526381
919 3455 0.7901562130729655
919 3470 -0.8167760411092434
919 3485 -0.03124779986306897
919 3500 -0.24363868058564692
919 3515 0.17757397389112012
919 3530 0.3480919433519864
919 3545 -0.6776390460987081
919 3560 -0.022071653897374692
919 3575 -0.8377605072482522
919 3590 -0.6835266345722926
920 3785 -0.45508453245039865
920 3800 0.48560017045488446
920 3635 0.2814793012126252
920 3650 0.09940721517385268
920 3665 0.42727685859875586
920 3680 -0.23087712065118315
920 3695 -0.7256178832244624
920 3710 0.06587601184762819
920 3725 -0.34029212420754223
920 3740 -0.9541934555801239
920 3755 -0.1363670874878623
920 3770 0.33942888006425354
933 934 1.0
933 948 -0.07709312083102143
933 3425 -0.12922666121909168
933 3440 -0.2503814407116064
933 3365 0.06294661993769349
933 3380 0.9541327844597468
933 3395 0.2519587533317309
933 3410 0.2658199482492625
934 935 0.44937273439034814
934 949 -0.8113535094075501
934 3605 0.18514809153646913
934 3620 -0.5440173604709485
934 3455 0.021089361480796726
934 3470 0.7013713310363987
934 3486 1.0
934 3501 -0.1567734228215226
934 3516 -0.2714709867451983
934 3531 -0.10786408043504465
934 3545 0.05809856421600996
934 3560 0.1795440004484808
934 3575 -0.7255007115893016
934 3590 0.6472735364056281
935 950 -0.9137049715810485
935 3785 -0.6290863267159276
935 3800 0.5163030994809898
935 3635 0.11396366242653225
935 3650 0.8018416037491021
935 3666 0.8041420854851183
935 3681 0.08541535726463945
935 3696 0.3678769489237021
935 3711 0.6776085082682508
935 3725 0.33748652921093625
935 3740 -0.4081388832167797
935 3755 -0.6430515652072076
935 3770 -0.396188401872754
948 949 0.6411234007215604
948 3425 -1.0
948 3440 0.29509696451323575
948 3365 0.5986690449475592
948 3380 0.3265722228959512
948 3395 0.4865775146308691
948 3410 -0.5480632149393252
949 950 1.0
949 3605 0.20759851211817995
949 3620 0.22220127697018305
949 3455 0.2635096868257511
949 3470 0.45330280275371637
949 3486 -0.28577142346757506
949 3501 0.35326961222754744
949 3516 0.5804735068746574
949 3531 -0.3323704868225321
949 3545 -0.26824686254427943
949 3560 0.3652556787418014
949 3575 0.48312456203508714
949 3590 -0.17069814853814633
950 3785 -0.31027582685852795
950 3800 -0.04072538135130759
950 3635 0.40895356924201914
950 3650 -0.5121673500770995
950 3666 0.2619962107399639
950 3681 -0.045034352889627184
950 3696 0.3381625911775576
950 3711 0.9677257507862754
950 3725 0.19493113579128704
950 3740 0.35060261808960685
950 3755 -0.504790615125738
950 3770 -0.06888204761676996
963 964 0.22382466112376379
963 978 0.04381487266299106
963 3425 -0.4008948309752316
963 3440 -0.527526816481582
963 3455 -1.0
963 3470 -0.6609358403079065
963 3486 0.26799996551430116
963 3501 -0.5640541142918598
963 3516 0.6912293198319975
963 3531 -0.24146895444017163
963 3545 0.08478489786289409
963 3560 -1.0
963 3395 -0.09683390174810265
963 3410 -0.02202775175318936
964 965 0.47954453389008006
964 979 0.10917732583219278
964 3605 -0.4631346524826006
964 3620 -0.8518317427670218
964 3635 0.8765476085560151
964 3650 -0.19492099076517372
964 3666 -0.17081483274754647
964 3681 -0.007502530691047064
964 3696 0.00036722160458496454
964 3711 0.49989952951333466
964 3725 0.5016025732314199
964 3740 -0.29926298352224406
964 3575 -1.0
964 3590 0.23248933213719736
965 980 0.6745723298373125
965 3785 0.7115118653228215
965 3800 -0.20698826452193728
965 3815 -0.07875385936053321
965 3830 1.0
965 3846 0.6540034473754138
965 3861 -0.9448223250509312
965 3876 -0.3603346719815481
965 3891 -0.3021549058395932
965 3755 -1.0
965 3770 1.0
978 979 0.0854286663432288
978 3425 0.3034131734369939
978 3440 0.399007425161235
978 3455 0.09639926760118096
978 3470 -0.08075145575866532
978 3486 0.09433945238954417
978 3501 -0.17924063283919942
978 3516 -0.3941317661966493
978 3531 -0.5924600006111364
978 3545 0.8434994646082251
978 3560 -0.3270878475959678
978 3395 -0.4107011585924309
978 3410 -0.0537442750261964
979 980 0.3865762948425564
979 3605 0.14500280495260132
979 3620 0.9403028163728626
979 3635 0.66250209952558
979 3650 -1.0
979 3666 0.5471468013335358
979 3681 -0.6110178402715134
979 3696 -0.46309342322990615
979 3711 0.14398793078953848
979 3725 0.05298724479717371
979 3740 0.08193169517825194
979 3575 -1.0
979 3590 0.1241774076696187
980 3785 -0.7258310187721202
980 3800 -0.359430128838704
980 3815 0.33616886552528014
980 3830 0.3197793926596183
980 3846 -0.5867933215686826
980 3861 0.5242241253877766
980 3876 1.0
980 3891 0.1187292156642305
980 3755 0.501810483899487
980 3770 0.12447392521469047
993 994 -0.6185613103293605
993 1008 -0.2619390974034783
993 3426 0.3331753079309435
993 3441 0.09585349933643915
993 3456 -0.13298142564491022
993 3471 0.27296928598461884
993 3486 0.30691042577033273
993 3501 -0.020350907784621418
993 3516 -0.17405301926771116
993 3531 0.8534835476099172
993 3545 -0.0016139251013884577
993 3560 -0.09544807482421132
993 3395 0.29439870221876885
993 3410 0.16491137914050813
994 995 0.8309406040005457
994 1009 -0.3954738508807694
994 3606 -0.4203067596830557
994 3621 -0.15934925317333742
994 3636 -0.12364573227999072
994 3651 0.1863813562334623
994 3666 0.3100942368614982
994 3681 -0.5473844412210129
994 3696 -1.0
994 3711 0.2578588525292709
994 3725 -1.0
994 3740 -0.11118599826503278
994 3575 -0.15687883776393702
994 3590 -0.27082936196474533
995 1010 0.004070028268724167
995 3786 0.5442778843081745
995 3801 0.3301990084812739
995 3816 -0.6610217540688793
995 3831 1.0
995 3846 -0.4824764508875003
995 3861 -0.17018281934104168
995 3876 -0.39405383886146544
995 3891 -0.1538236553326484
995 3755 0.8788536692049523
995 3770 -0.14705257263709995
1008 1009 0.17818133186862256
1008 3426 -0.17385044020546264
1008 3441 0.1345372298274316
1008 3456 0.8512021699018831
1008 3471 -0.5590380285605425
1008 3486 0.5883865124614469
1008 3501 0.17074888868908902
1008 3516 0.43910468002851927
1008 3531 -0.8799157217285352
1008 3545 -0.02219032811096452
1008 3560 0.0023949148240855673
1008 3395 -0.1664648942313654
1008 3410 0.23520445692225864
1009 1010 0.720731409368584
1009 3606 -0.5873984740470163
1009 3621 -0.34191495258807875
1009 3636 0.14418057618759472
1009 3651 -0.09304312827566848
1009 3666 -0.5710384623454092
1009 3681 0.2955372288608712
1009 3696 -0.1266850883269023
1009 3711 -0.12433035698922919
1009 3725 -0.2515997161501762
1009 3740 0.9113856157009401
1009 3575 -0.06744203678495787
1009 3590 -0.23372316604433924
1010 3786 -0.9492100447454841
1010 3801 -0.06278699420850939
1010 3816 -0.016696081297529815
1010 3831 0.0158261581482172
1010 3846 -0.31038264594254295
1010 3861 -0.16222848072293453
1010 3876 0.04006129744316435
1010 3891 0.09748525742184296
1010 3755 0.3400209295863435
1010 3770 -0.025168388052783864
1023 1024 0.6466161916304868
1023 1038 0.26806362396417177
1023 3426 0.35695688964390765
1023 3441 0.7058832358593672
1023 3456 0.943742357113751
1023 3471 0.16269043785323575
1023 3486 -0.21835847391480007
1023 3501 -0.380174338866115
1023 3365 0.4920963584919572
1023 3380 0.057538575107213996
1023 3395 -0.6203364717365285
1023 3410 0.12201337479983353
1024 1025 0.896726204489201
1024 1039 -0.578570105899605
1024 3606 0.23362276962391945
1024 3621 0.9866729917767424
1024 3636 -0.3083726386009977
1024 3651 1.0
1024 3666 0.7922370383129144
1024 3681 0.1450038317991178
1024 3516 0.4851160913702324
1024 3531 0.07387058364336697
1024 3545 -0.5052671912114941
1024 3560 -0.3464957136393013
1024 3575 0.17756225930234926
1024 3590 0.034527146364932
1025 1040 0.6699561544574115
1025 3786 0.13924887009565576
1025 3801 -0.2503550917430963
1025 3816 0.2572034203630001
1025 3831 0.2614975872650227
1025 3846 0.2213273102020586
1025 3861 0.08689859116798643
1025 3696 -0.0848665221168316
1025 3711 0.32327454762588426
1025 3725 -1.0
1025 3740 -0.9397592209074631
1025 3755 0.11895615280862429
1025 3770 -0.041443207052607144
1038 1039 -0.017329571515104537
1038 3426 0.4764951875653039
1038 3441 -0.060260218344642985
1038 3456 -0.34628806340895063
1038 3471 0.5489089422752191
1038 3486 -0.07331319058564877
1038 3501 0.5128343994628661
1038 3365 0.5254567355421514
1038 3380 0.6317747338298262
1038 3395 0.17802227434759055
1038 3410 0.7576872383439226
1039 1040 -0.5336857216035715
1039 3606 0.17286969273380123
1039 3621 -0.16493818468371138
1039 3636 0.3743248374775283
1039 3651 -0.5389166431361637
1039 3666 0.7489509338204917
1039 3681 -0.28860718268224866
1039 3516 -0.18983586320425874
1039 3531 -0.7600702746573816
1039 3545 -0.3341518869071293
1039 3560 -0.16327248500440417
1039 3575 0.016152670683092042
1039 3590 0.335179430693964
1040 3786 0.055472395498592966
1040 3801 0.26630454609585363
1040 3816 0.9125930767514574
1040 3831 -0.20527987628747016
1040 3846 0.07665752058641338
1040 3861 0.15634060536753364
1040 3696 0.654222899337912
1040 3711 -0.05831764788888749
1040 3725 -0.7091741490386135
1040 3740 -0.005162336627406115
1040 3755 0.10696025715632895
1040 3770 -0.07373550438566796
1053 1054 -0.4069882867669319
1053 1068 -0.02407392224610468
1053 3426 -0.9429318445560285
1053 3441 -0.5353194764260444
1053 3456 0.23715541986167996
1053 3471 1.0
1053 3486 0.008552286752737583
1053 3501 -0.5429157844973631
1053 3366 0.2882888640124597
1053 3381 0.24360765094589154
1053 3396 0.5996979870374899
1053 3411 0.10944982935557904
1054 1055 0.2474596940467477
1054 1069 0.1304468497241544
1054 3606 -0.30521991882347005
1054 3621 0.643855591379902
1054 3636 0.9562442994054948
1054 3651 0.29870347855834123
1054 3666 -0.13993433685905773
1054 3681 -0.8099170685467426
1054 3516 1.0
1054 3531 -1.0
1054 3546 -0.3387827881417247
1054 3561 0.5319870979132052
1054 3576 0.520765772707832
1054 3591 0.1508621125674112
1055 1070 -0.15078447794280006
1055 3786 -0.8870808028754621
1055 3801 0.26264450937018835
1055 3816 -0.22926673557022764
1055 3831 -0.44567653951035274
1055 3846 0.06426582998348813
1055 3861 -0.7784728375617141
1055 3696 0.03666963267782546
1055 3711 -0.23274093947389665
1055 3726 -0.25527283004905443
1055 3741 0.20179223262821294
1055 3756 -0.9393419019758419
1055 3771 0.5719083926305903
1068 1069 -0.2186963669205362
1068 3426 0.23863551363745358
1068 3441 0.18950822708210613
1068 3456 1.0
1068 3471 -0.5634582686792142
1068 3486 -0.033783783808771145
1068 3501 0.7556930129304735
1068 3366 0.4760287356364325
1068 3381 -0.01749972863161627
1068 3396 -0.14855473007353773
1068 3411 0.8382587131353079
1069 1070 0.9436375314232758
1069 3606 -0.31235774741825484
1069 3621 0.32066273187077754
1069 3636 -0.2616905966809045
1069 3651 0.2158979934773135
1069 3666 1.0
1069 3681 -0.07654549218036918
1069 3516 -0.15600594553252187
1069 3531 -0.46180634564785406
1069 3546 0.25596295033764754
1069 3561 -0.5101898167745501
1069 3576 0.056872461177877295
1069 3591 -0.9486420014489957
1070 3786 0.20667260959010184
1070 3801 -0.06170669089356416
1070 3816 0.3027574273252914
1070 3831 0.708714216537137
1070 3846 -0.2762768557777876
1070 3861 0.1658217397329072
1070 3696 0.10320089097851753
1070 3711 0.6770743543012574
1070 3726 -0.11159338217098354
1070 3741 -0.7254868764178491
1070 3756 -0.643427355068744
1070 3771 0.3968006970311016
1083 1084 0.6011645054782752
1083 1098 0.10276922236969833
1083 3426 0.3693217747382272
1083 3441 -1.0
1083 3366 0.14802356254424948
1083 3381 0.6173796979168009
1083 3396 0.3917860198102177
1083 3411 0.3941568775536048
1084 1085 -0.41600891731122314
1084 1099 0.8511910705424226
1084 3606 -0.46423640348607886
1084 3621 0.5483502410897714
1084 3456 0.7088970262210718
1084 3471 -0.1345863279725047
1084 3486 0.1562246468121244
1084 3501 -0.38690209793772773
1084 3516 0.3346993288467497
1084 3531 1.0
1084 3546 -0.3051932694691911
1084 3561 -0.09164009338258518
1084 3576 0.5442529504625901
1084 3591 -0.7681355361761207
1085 1100 0.02006250085069953
1085 3786 0.07027933721217222
1085 3801 0.8780438435072034
1085 3636 -0.19371117105812047
1085 3651 -0.29694107131023995
1085 3666 0.46372044947621066
1085 3681 -0.23919621302675623
1085 3696 -0.07632274806984841
1085 3711 -0.4110276696215945
1085 3726 -0.45114128603030745
1085 3741 0.5672923651294399
1085 3756 -0.5495203955089099
1085 3771 -0.6778546244435366
1098 1099 -0.6090592178232097
1098 3426 0.2030331960051707
1098 3441 0.46060681708599827
1098 3366 -0.23809539039517974
1098 3381 0.4843309122801065
1098 3396 -0.36916816266934893
1098 3411 0.4304191178037867
1099 1100 -0.2595498894756973
1099 3606 0.08221037555769906
1099 3621 0.18636942490131353
1099 3456 0.14849755833875491
1099 3471 1.0
1099 3486 -1.0
1099 3501 0.2141294712248276
1099 3516 0.3618091907875091
1099 3531 -0.7117267613294619
1099 3546 -0.05173451628207251
1099 3561 -0.38113461898070367
1099 3576 -0.334048666997026
1099 3591 0.3836520455335826
1100 3786 0.02057176130428316
1100 3801 -0.2890392471529413
1100 3636 1.0
1100 3651 -0.3864659065467176
1100 3666 -0.013064584559371891
1100 3681 0.2563433097466112
1100 3696 0.32240575560727364
1100 3711 -0.3547640826793666
1100 3726 -0.18417564352155297
1100 3741 0.050651651823224814
1100 3756 -0.0829981318467559
1100 3771 -0.3191140375858192
1113 1114 0.20231847408495296
1113 1128 0.4872304564334412
1113 3426 -0.4808650473101577
1113 3441 0.37691445455766603
1113 3366 -0.6736892465458136
1113 3381 0.35118273395450483
1113 3396 -0.11460823265328879
1113 3411 0.31201437862742903
1114 1115 -0.5362332144498138
1114 1129 0.5082798920149095
1114 3606 -0.13631957265808461
1114 3621 -0.3716041048474184
1114 3456 -0.7040812104666844
1114 3471 -0.10368558911810467
1114 3546 -0.09063199437850061
1114 3561 0.22390189380321965
1114 3576 -0.19427242898124078
1114 3591 0.4812022813883869
1115 1130 -0.625195092624583
1115 3786 -0.5417359185527217
1115 3801 -0.14952965892621647
1115 3636 0.04527882459821216
1115 3651 -0.21622952506348062
1115 3726 -0.295292390026757
1115 3741 -0.25363661818412153
1115 3756 0.6130436256124234
1115 3771 -0.2321769226142873
1128 1129 -0.5610196298469082
1128 3426 -0.360551286378126
1128 3441 -0.7491894864820937
1128 3366 0.453933487357954
1128 3381 0.5087225872113907
1128 3396 -0.15150710422680747
1128 3411 -0.3446939432439804
1129 1130 0.36344361949746956
1129 3606 -0.3163292671117178
1129 3621 -0.08279584270836517
1129 3456 -0.06122885145190193
1129 3471 0.2503359951349395
1129 3546 0.4392934351000839
1129 3561 0.05763406713695003
1129 3576 -0.13864698975676526
1129 3591 0.29485020829088976
1130 3786 -0.2162373697947031
1130 3801 -0.0052157884458196606
1130 3636 0.1659589058313761
1130 3651 -0.21244055829282776
1130 3726 -0.19183604506595023
1130 3741 0.13933947065825136
1130 3756 -0.6543386660598066
1130 3771 0.20985744286048294
3364 3365 -0.06376999482721257
3364 3379 0.5525027937135109
3365 3366 -0.5374134447183897
3365 3380 -0.15070178836553702
3366 3381 0.7938884693354705
3379 3380 0.693917315903815
3380 3381 0.05033144880194012
3394 3395 0.29687092776586865
3394 3409 -0.6939699539136853
3395 3396 -0.3546455765867969
3395 3410 -0.14764159045832448
3396 3411 -0.1844139088476836
3409 3410 -0.15103990770857076
3410 3411 0.28820904622377447
3424 3425 -0.46053462270578316
3424 3439 0.32722661071060327
3425 3426 0.436924617175831
3425 3440 0.37195622994155325
3426 3441 0.15711952364185355
3439 3440 1.0
3440 3441 -0.6088254817745284
3454 3455 -0.6372491769629768
3454 3469 -0.7998130203222531
3455 3456 -0.5906112532520068
3455 3470 -0.2867471133877409
3456 3471 0.6680638381758671
3469 3470 0.45429320547262964
3470 3471 0.4286209789936238
3484 3485 -0.23537259569475108
3484 3499 0.14467851657630926
3485 3486 0.3666710339140236
3485 3500 0.8770157199612418
3486 3501 0.5316529212648952
3499 3500 -0.8682552336026736
3500 3501 0.9606667560741394
3514 3515 0.4735965827424146
3514 3529 0.30583977007186863
3515 3516 0.3045109411160694
3515 3530 0.4798571718753729
3516 3531 -0.4541351483000398
3529 3530 -0.7205856443110449
3530 3531 -0.3524294722931509
3544 3545 -0.5905189466625469
3544 3559 -0.9780747969128069
3545 3546 0.5458441895803888
3545 3560 0.5851498437422883
3546 3561 0.42640227820348886
3559 3560 0.31574092400733156
3560 3561 0.6634751122080128
3574 3575 -0.7837183145156579
3574 3589 0.7002050725101762
3575 3576 -0.10088316975019723
3575 3590 -0.29211533211275453
3576 3591 0.020027478612206752
3589 3590 0.09192025053386801
3590 3591 -0.7773524178269878
3604 3605 0.987871486638842
3604 3619 -0.10865191554259782
3605 3606 -0.039489440294930296
3605 3620 -0.3206649607530668
3606 3621 0.40474402786370645
3619 3620 -0.5853516636696859
3620 3621 -0.12799586551629427
3634 3635 -0.5331487376023186
3634 3649 -0.28666587729411785
3635 3636 0.020869745588615554
3635 3650 0.20556968792730365
3636 3651 0.44080356129381393
3649 3650 0.36705613732505626
3650 3651 -0.4227494799269499
3664 3665 0.6672741187908738
3664 3679 0.5853883180825963
3665 3666 -0.7618311039214933
3665 3680 0.15971446485483184
3666 3681 -0.5031145201460984
3679 3680 0.20898815442843904
3680 3681 -0.41075683545959024
3694 3695 -0.49683668896105215
3694 3709 0.7098840858306243
3695 3696 0.3132962827245938
3695 3710 0.0014224058878292986
3696 3711 0.6086349637130227
3709 3710 0.2850709194145959
3710 3711 -0.39444371422329333
3724 3725 0.41498100746236155
3724 3739 0.178706940668846
3725 3726 0.6369096970877174
3725 3740 -0.5332492162732142
3726 3741 -0.028032021323396203
3739 3740 0.8402766161905554
3740 3741 0.9559990956262394
3754 3755 0.4248668069000247
3754 3769 -0.38884174772792807
3755 3756 0.7587814413170765
3755 3770 0.7300133980431806
3756 3771 -0.270392191203845
3769 3770 -0.29768941879104166
3770 3771 0.029008157781346532
3784 3785 0.2525818179604995
3784 3799 -0.9894856893247963
3785 3786 0.15208761544441365
3785 3800 0.27471868615803324
3786 3801 -0.35804106164803357
3799 3800 -0.10694218952909557
3800 3801 -0.5108030479375355
3814 3815 0.5335493757560168
3814 3829 -0.6259149535269743
3815 3816 -0.6427700096806112
3815 3830 -0.9394348473009072
3816 3831 0.09668246164139625
3829 3830 -0.016583824287884456
3830 3831 0.16003984645347588
3844 3845 0.25774343831173513
3844 3859 -0.0018896990473359744
3845 3846 0.3247395415896299
3845 3860 -0.1631552489188451
3846 3861 -0.21320245300211974
3859 3860 -0.251004546070788
3860 3861 -0.5949490633275875
3874 3875 0.05156604327891811
3874 3889 0.2833557174028631
3875 3876 -0.22549816420223895
3875 3890 -0.9205778934455957
3876 3891 -0.7363865788316667
3889 3890 -0.09841919351433828
3890 3891 0.4661965700738586
