# 
603 603 -0.8167974226177239
604 604 1.148724359780754
605 605 0.45246655052683704
618 618 -0.5179714874836345
619 619 -1.0529051267216776
620 620 1.4838877301739866
633 633 -0.3783617685537102
634 634 0.6897022211649112
635 635 -0.942036576972643
648 648 0.42787149515035133
649 649 -0.7105198790730156
650 650 0.77510763367438
663 663 -0.692798532357357
664 664 -1.7861366203924898
665 665 -1.4001458588193223
678 678 0.42894815018678184
679 679 -0.5977607693019804
680 680 0.6181524143288046
693 693 -0.42461615726171886
694 694 0.8750706482413826
695 695 -0.20971858731854062
708 708 0.1279812389780949
709 709 -1.1143139667831805
710 710 0.30559090197192434
723 723 -1.0140047738969273
724 724 1.9146816761871253
725 725 -0.33648379165263276
738 738 -0.8313829057648968
739 739 -0.04021142725840945
740 740 1.5313491088719362
753 753 0.12633035977637577
754 754 -1.1302038939247223
755 755 -1.8932766069825822
768 768 0.8522305110435607
769 769 0.9576440230682541
770 770 0.2151329642735618
783 783 -2.298246816068715
784 784 0.50403376246136
785 785 -0.687216391053044
798 798 -0.9886555562535219
799 799 -1.109629045632821
800 800 0.6593862721541822
813 813 -0.13263050007467564
814 814 -0.8162189340300884
815 815 0.09638869327616324
828 828 -0.3395469173582805
829 829 -0.0747984139714824
830 830 1.3782532619160626
843 843 -1.8441685391877494
844 844 -0.6936121865514824
845 845 0.9133466003860183
858 858 -1.6009763753415338
859 859 -0.6556949870580973
860 860 -0.13436973898107069
873 873 -0.18138820690914498
874 874 -2.3446405036207834
875 875 -0.5327523458059231
888 888 -1.663726163085287
889 889 0.19892541529176325
890 890 0.7037152156619453
903 903 -0.562405717174987
904 904 -0.0570857449951369
905 905 0.6953823952556845
918 918 0.3717881318461471
919 919 -0.5438050312852795
920 920 0.9209948987186327
933 933 -0.4846750869041393
934 934 -0.9454284975669174
935 935 0.6521073165790111
948 948 -0.9477708909000601
949 949 -0.47115360048075045
950 950 1.365836373626146
963 963 -0.5326829948522854
964 964 0.1483514594265189
965 965 1.7020411689846093
978 978 1.0318238055116407
979 979 0.7396687903756098
980 980 -1.081609001375454
993 993 0.3056213744696222
994 994 0.3763785416403322
995 995 0.511159824958913
1008 1008 0.15766264260683527
1009 1009 -1.594483796964249
1010 1010 -0.051709125784461026
1023 1023 0.05233274672966391
1024 1024 -0.5623471542395608
1025 1025 -0.9577348959472216
1038 1038 1.6367586288980658
1039 1039 -0.705962798274041
1040 1040 -0.2525223120729152
1053 1053 0.30380909090350994
1054 1054 0.7827809271067274
1055 1055 0.9228691002548617
1068 1068 1.0469108816202297
1069 1069 1.263267926474327
1070 1070 -2.7184365950363887
1083 1083 -0.7113200826110377
1084 1084 -1.9669131685647396
1085 1085 0.19871781720617082
1098 1098 -0.9313397663519234
1099 1099 0.051752102168257465
1100 1100 0.4419454823668548
1113 1113 -1.3058398889584568
1114 1114 -1.0824708417913302
1115 1115 1.042937178261321
1128 1128 0.7740739589103918
1129 1129 0.12474869166501279
1130 1130 -0.606957642002052
3364 3364 1.622272385601841
3365 3365 0.6009442801668778
3366 3366 0.9510168484764335
3379 3379 0.46387107700941166
3380 3380 0.363557043864427
3381 3381 1.0569061980274879
3394 3394 0.05469036236946008
3395 3395 0.2736366441357515
3396 3396 -0.9639981051042759
3409 3409 -1.289564430070871
3410 3410 -1.6863696744994086
3411 3411 -0.2770930017065988
3424 3424 0.8881513811162894
3425 3425 0.8793648946839481
3426 3426 0.6720522448893405
3439 3439 0.3569797249650122
3440 3440 -0.2328547279643966
3441 3441 0.06490094970594774
3454 3454 0.2783260658052312
3455 3455 -0.5190588919624622
3456 3456 -0.7805459066549979
3469 3469 0.08924354931647642
3470 3470 1.1610393793915117
3471 3471 0.8626341868293461
3484 3484 0.11468775683043671
3485 3485 0.6090833070056606
3486 3486 -0.32841387836134023
3499 3499 -1.3163382199726061
3500 3500 -1.6124725519536955
3501 3501 -1.3800107072578487
3514 3514 0.5962163046852239
3515 3515 1.227156986847012
3516 3516 0.016874667726882207
3529 3529 -0.7553455106792246
3530 3530 0.18724576191217454
3531 3531 0.9029912827057383
3544 3544 1.2998832366908084
3545 3545 -1.214651262489122
3546 3546 -0.8209089481000732
3559 3559 -0.9220936434897559
3560 3560 0.37330619852371716
3561 3561 0.6824845074549034
3574 3574 0.6827577019855223
3575 3575 0.026802792576925406
3576 3576 -1.8836963920940575
3589 3589 -0.58672173611385
3590 3590 -2.2472181725619156
3591 3591 -1.2971056447808624
3604 3604 0.03257690783381851
3605 3605 -0.6589064407610744
3606 3606 -1.2521967152581626
3619 3619 -0.038127719106876214
3620 3620 0.9542080175529613
3621 3621 -1.114627821044317
3634 3634 0.778362915289015
3635 3635 0.12794340625102124
3636 3636 -0.8799039297979823
3649 3649 -0.8144106560747616
3650 3650 1.3218882113412753
3651 3651 0.22958284792170214
3664 3664 -0.15591252416912357
3665 3665 -0.7483707196575066
3666 3666 -1.1229772841594057
3679 3679 0.06173632823035769
3680 3680 -0.8305533138042529
3681 3681 -0.8771208924529257
3694 3694 -1.9579145685358208
3695 3695 0.40002580950064603
3696 3696 -0.7901526389313973
3709 3709 0.38668453498038463
3710 3710 0.3749348606315318
3711 3711 0.7873420069505206
3724 3724 -1.4238938404872636
3725 3725 1.4202480957087775
3726 3726 1.3380202704205186
3739 3739 1.9474194325181786
3740 3740 1.0716507323013054
3741 3741 0.6555439374104074
3754 3754 -1.6178356848201902
3755 3755 0.964691452809181
3756 3756 0.38544134276899034
3769 3769 -0.7668432600100715
3770 3770 -0.1906870941623029
3771 3771 -1.6679061568637688
3784 3784 -1.1680528244880093
3785 3785 -0.14395338819658046
3786 3786 -0.35388395414774365
3799 3799 -0.2881455063856437
3800 3800 0.7440544149703346
3801 3801 -0.2291466216622166
3814 3814 0.12865522093556683
3815 3815 0.5049207188647457
3816 3816 -1.4331957936435686
3829 3829 0.596015456064972
3830 3830 -0.8199474610512398
3831 3831 0.036152481201755654
3844 3844 0.7988613565992346
3845 3845 -0.44580892226954133
3846 3846 -2.4338002461001733
3859 3859 0.1393543845745418
3860 3860 -0.2702644316380414
3861 3861 0.4093837673085541
3874 3874 0.6408012802529391
3875 3875 -1.6041105630740338
3876 3876 1.5840209596878911
3889 3889 1.0586316468323695
3890 3890 0.047099555910735696
3891 3891 -0.0851107934405184
603 604 -1.0
603 618 -0.4097472174806184
603 3484 -0.3496435073538266
603 3499 -0.4785363289462776
603 3514 -0.10618632397172234
603 3529 -0.7436195908045592
604 605 -0.2097609131665288
604 619 0.9741700944761146
604 3664 0.8567863289258075
604 3679 0.941532046544427
604 3694 0.030838522555091397
604 3709 -0.6394338991341942
605 620 -0.8719044122335542
605 3844 -0.410705404337064
605 3859 0.217719900517241
605 3874 0.13560215390936511
605 3889 -0.6068743354912601
618 619 0.9159421976898604
618 3484 0.47418971012360883
618 3499 0.04787085607290995
618 3514 0.4630516778293937
618 3529 -0.20311814845485385
619 620 -0.1768975163300939
619 3664 -0.5890305417697188
619 3679 -0.2618568416735191
619 3694 -0.22678188632189983
619 3709 0.7055144507288733
620 3844 -0.11983847938271974
620 3859 0.815285044802029
620 3874 -0.2803960960919879
620 3889 -0.13528902601756698
633 634 0.543775502597482
633 648 0.3590565199405447
633 3424 -0.2687399639172423
633 3439 -0.08651134683960437
633 3454 0.3241766042382016
633 3469 -0.7511955381067349
633 3484 0.3737812546803496
633 3499 0.14380172080487208
633 3514 0.037684479381788503
633 3529 0.3007350917634149
634 635 -0.2687951125460976
634 649 -0.43759208326938404
634 3604 0.15906551859217366
634 3619 0.018035634972153616
634 3634 -0.5291450900246012
634 3649 -0.39450772570102355
634 3664 -0.5519506937727919
634 3679 -0.05807066304861776
634 3694 0.09883841945957515
634 3709 0.3195012087412834
635 650 -0.1276998849080192
635 3784 0.16013412747073194
635 3799 0.8198135033821905
635 3814 -0.2519102680997192
635 3829 0.1753108068312782
635 3844 -0.7140606409455995
635 3859 0.27751820125389864
635 3874 -0.11195056560456365
635 3889 0.30897883633096873
648 649 0.4064439126185118
648 3424 0.679865341871943
648 3439 0.9882745207826138
648 3454 0.46669801872674593
648 3469 0.5334632167834398
648 3484 0.23107528949126113
648 3499 0.3978382418561003
648 3514 0.25369800765455053
648 3529 -0.8089481203215512
649 650 -0.43532969671055843
649 3604 0.4010847375954256
649 3619 -0.5872183788395724
649 3634 0.210385182384374
649 3649 -0.2262416202513829
649 3664 -1.0
649 3679 -0.5839497597460581
649 3694 0.4627922733921823
649 3709 -0.5146280465277032
650 3784 -0.5192570951555149
650 3799 -0.5025392335896636
650 3814 -0.6387946550116241
650 3829 -0.7132296260125165
650 3844 0.5313093137200129
650 3859 -0.044477456845305886
650 3874 0.3629011790703751
650 3889 0.1586564177389838
663 664 -0.10378019934550123
663 678 0.3928732772541929
663 3424 -0.5169894988632077
663 3439 -0.33902626992030604
663 3454 0.01131905760417669
663 3469 -0.2792738378728087
663 3484 -0.6953551639451235
663 3499 0.23879071520912348
664 665 -0.489675922981783
664 679 -0.5498590225592972
664 3604 -0.33163109611765423
664 3619 0.13046774386676904
664 3634 0.12193786107708658
664 3649 -0.14153114830344862
664 3664 -0.0666848416516641
664 3679 1.0
664 3514 -0.30896842711469746
664 3529 0.17187982411051708
665 680 -0.20345747007745543
665 3784 -0.43936320812403357
665 3799 0.38995674524661894
665 3814 0.5054636473983315
665 3829 -0.5857701629819692
665 3844 -0.885223685974134
665 3859 -0.4008214510264925
665 3694 0.29574109482647565
665 3709 0.5633305364229172
678 679 -0.029780887722130306
678 3424 0.302498291859248
678 3439 0.35223517363783313
678 3454 0.47645463582837133
678 3469 -0.28148623145482665
678 3484 0.010679938524216935
678 3499 0.026754786387303373
679 680 0.18443065544026596
679 3604 -0.3207978059665264
679 3619 -0.9809581457313329
679 3634 -0.6781993321758761
679 3649 0.010295486605356232
679 3664 0.09907213630152442
679 3679 0.39959776853226836
679 3514 -0.8743642042896831
679 3529 -0.06595251270363542
680 3784 0.8034939796394208
680 3799 0.8420308467900515
680 3814 0.3409714142042057
680 3829 -0.07846821612403129
680 3844 0.11193489227617355
680 3859 0.003901092460139644
680 3694 -0.10422634891079448
680 3709 -0.45924527257449005
693 694 0.5255859874559579
693 708 -0.09208095801594698
693 3424 -0.7769941981549575
693 3439 0.4778723276621859
693 3454 -0.21617159125787702
693 3469 0.3077588843538894
693 3484 0.263513765622689
693 3499 -0.10189278222850269
693 3364 0.26752818676280643
693 3379 0.21625454303252217
693 3394 0.5706289519072909
693 3409 -0.47295063442841306
694 695 -0.306108061027752
694 709 0.5549747958238861
694 3604 0.563387450365671
694 3619 0.5163354036798481
694 3634 0.32117662975801237
694 3649 -0.8753423361732108
694 3664 0.17230518294162797
694 3679 0.9254265594781214
694 3514 -0.5565344282717646
694 3529 0.5324681371479818
694 3544 0.1752218830576174
694 3559 -0.04382717334619015
694 3574 0.37032903239025244
694 3589 0.125483639518548
695 710 0.07236589685518452
695 3784 1.0
695 3799 -0.670162409212558
695 3814 0.8005395333986378
695 3829 -0.15285457747653775
695 3844 0.22407615943752382
695 3859 0.6684779305830975
695 3694 0.18077958042334283
695 3709 0.4397969213126068
695 3724 -0.30923509585089676
695 3739 -0.3648443725076222
695 3754 -0.07126784494611038
695 3769 0.260603795024169
708 709 0.8343358848380387
708 3424 0.022884039892164306
708 3439 -0.02530736914705109
708 3454 -0.2143978279653203
708 3469 -0.9145475448386325
708 3484 -0.18019401061448248
708 3499 -0.7264963221468067
708 3364 0.5723657523454619
708 3379 -0.2790019692501012
708 3394 0.8097832515621816
708 3409 -0.2962263075706667
709 710 -0.31221739973790347
709 3604 -0.6849673352292178
709 3619 -0.27932720680587986
709 3634 -0.7404007488493332
709 3649 -0.7466576310196024
709 3664 0.41229637249660206
709 3679 0.21835117728307513
709 3514 0.9261090557512441
709 3529 0.471998436504494
709 3544 0.17292598844343482
709 3559 -0.4121545599882264
709 3574 0.2215953551557141
709 3589 -0.5413673298837731
710 3784 -0.6595935137807305
710 3799 -0.08673891652532006
710 3814 -0.55124457205799
710 3829 -0.23227549049700272
710 3844 0.9120026174960234
710 3859 0.09988265488443905
710 3694 0.038954957832706055
710 3709 -0.08033303250805462
710 3724 0.610832214221688
710 3739 -0.517343140430998
710 3754 -0.7086066933286972
710 3769 -0.6269576929495186
723 724 -0.11258265551755121
723 738 -0.2603599337155309
723 3424 0.07292536016731355
723 3439 0.8737648200549603
723 3364 -0.1515768664654432
723 3379 -0.19930962269494465
723 3394 -0.35070259383749514
723 3409 0.5671262540474425
724 725 -0.666252788956823
724 739 0.900886781319794
724 3604 -0.08272684839330315
724 3619 0.5085126947571429
724 3454 -0.9166577387401686
724 3469 -0.2691965773903428
724 3484 -0.3639683040372625
724 3499 -0.18684745522594165
724 3514 -0.5689952320422994
724 3529 -0.3080634274049823
724 3544 -1.0
724 3559 -1.0
724 3574 -0.7168632447137435
724 3589 -0.14622498700348505
725 740 0.07796850605835648
725 3784 0.1850438307761393
725 3799 0.14671690346179964
725 3634 -0.2056401423092242
725 3649 0.5947476015440099
725 3664 -0.12253232810541606
725 3679 -0.6429849619674197
725 3694 0.5328460169106712
725 3709 0.4106735587384315
725 3724 0.3942212471897543
725 3739 -0.09440994003715084
725 3754 -0.0922986896486841
725 3769 0.4748080562404788
738 739 -0.38318074135232677
738 3424 -0.7133451913169009
738 3439 -0.8504677156462555
738 3364 0.4223621062316138
738 3379 0.4500291515722286
738 3394 -0.04976719731813698
738 3409 -0.5169000270894232
739 740 -0.00750021330355139
739 3604 0.13989425832570498
739 3619 -0.25101768954513504
739 3454 -0.37926897981317576
739 3469 0.5106695171033291
739 3484 0.14028759799581011
739 3499 0.3211811723670733
739 3514 -0.18066822805601454
739 3529 0.8650805628748917
739 3544 -0.57044902006013
739 3559 0.008292835589116834
739 3574 0.2834144729077021
739 3589 0.03993132397437633
740 3784 -0.5529119144388731
740 3799 0.3872394509770606
740 3634 -0.02174331879768479
740 3649 -0.08231041942287419
740 3664 0.33302529613207027
740 3679 0.4199140984264579
740 3694 -0.253970355714287
740 3709 0.5000487050818618
740 3724 -0.6378723544574684
740 3739 0.38019950904882
740 3754 -0.14186514569055075
740 3769 0.4472342739953064
753 754 0.25361020133182005
753 768 0.5708757007875046
753 3424 0.044892006387855475
753 3439 -0.4291167055309115
753 3364 -0.34120987391406615
753 3379 0.17434076711556934
753 3394 -0.09949018369171171
753 3409 0.5427672604380728
754 755 -0.21335564805925494
754 769 0.24473419535987942
754 3604 0.5830540209544077
754 3619 0.18188155055771546
754 3454 0.1308134601298036
754 3469 0.38385454719818113
754 3485 -0.7430689309697529
754 3500 0.5247066023635463
754 3515 -0.1798377499473541
754 3530 0.722705924405126
754 3544 0.8062620865277085
754 3559 -0.33150156027500294
754 3574 0.2962332387490505
754 3589 0.014393475027080731
755 770 -0.10289100093841706
755 3784 0.6397718580824923
755 3799 1.0
755 3634 0.10451725249367606
755 3649 -0.008986007342709563
755 3665 -0.8906258169433032
755 3680 0.7017621358080708
755 3695 -0.34112912319504585
755 3710 0.16299226873716208
755 3724 -0.0359311832190038
755 3739 0.3114900398648374
755 3754 -0.9007611094399507
755 3769 0.5645298220130127
768 769 0.3517609290526567
768 3424 -0.08247096364046014
768 3439 0.7165223058491899
768 3364 -0.4880234708418619
768 3379 -0.21098277751357708
768 3394 -0.8310261681976948
768 3409 0.18192275224425955
769 770 0.17828493499818543
769 3604 0.47459799058107005
769 3619 0.735764730821635
769 3454 0.31915950187803194
769 3469 0.714552199237302
769 3485 -1.0
769 3500 -0.12650645092167423
769 3515 -0.4362648133933252
769 3530 0.03581724727941169
769 3544 0.06114672565834653
769 3559 0.7441748578455689
769 3574 0.2082244838723385
769 3589 0.14915893263459942
770 3784 -0.7956057012484042
770 3799 -0.3901083449224876
770 3634 0.40274750485959226
770 3649 -0.7217803540104281
770 3665 0.668746659033808
770 3680 -0.12044255564300942
770 3695 0.20661397627256353
770 3710 0.20090559836505287
770 3724 0.31545979490389686
770 3739 0.11330171598711503
770 3754 0.28559795377282626
770 3769 -0.12654216606948124
783 784 0.13736093115498046
783 798 -0.1503131912782731
783 3424 0.1579417991275683
783 3439 -0.7648683713355723
783 3454 -0.27053531166250655
783 3469 0.2040099741758571
783 3485 -0.444140000555311
783 3500 -0.14374162563834555
783 3515 -0.40167037687301227
783 3530 0.03480156717067239
783 3544 -0.19408954321425784
783 3559 -0.3265089423703683
783 3394 0.27791820551513907
783 3409 0.5114054350621636
784 785 -0.2979622734583084
784 799 -0.1734272493505417
784 3604 0.2619274974871298
784 3619 0.04542751782086251
784 3634 0.3731375567575483
784 3649 0.4559630751093697
784 3665 -0.7150309112919968
784 3680 -0.5794704283797846
784 3695 -1.0
784 3710 0.33082696324984107
784 3724 -0.34028021215595344
784 3739 0.4882623048424181
784 3574 0.09907565555916212
784 3589 0.20782857069300528
785 800 0.030468599972953182
785 3784 0.25027485423892026
785 3799 0.5712839317588116
785 3814 -0.5031397338816322
785 3829 0.7536541422138308
785 3845 -0.1286245586516111
785 3860 -0.38606350580059434
785 3875 0.7488608226216448
785 3890 0.05196675977090891
785 3754 0.3217166447187887
785 3769 -0.4457367096739503
798 799 0.3954879835517802
798 3424 -0.04124747525141874
798 3439 -0.21486703703979218
798 3454 -0.5901554195720182
798 3469 0.09039559124960876
798 3485 -0.13203922469431573
798 3500 -0.6104490045270519
798 3515 -0.08152334237244413
798 3530 -0.2658363625222119
798 3544 -0.6786731292093219
798 3559 0.15358301667236157
798 3394 -0.11411124576419562
798 3409 0.16805369880427784
799 800 -1.0
799 3604 0.6006662424812763
799 3619 0.7462403376542212
799 3634 -0.21962547908223698
799 3649 0.22305605048706256
799 3665 -0.2264259068565825
799 3680 0.3690149993052785
799 3695 -0.26985316651270225
799 3710 -0.0210463119909932
799 3724 -0.015138171028149664
799 3739 -0.46867094298123624
799 3574 0.0817767160747007
799 3589 0.6284518949666436
800 3784 -0.33603827970195654
800 3799 0.49891732403482697
800 3814 -0.4900219902035195
800 3829 -0.7881541021718875
800 3845 0.545766221260583
800 3860 -0.08162595641202963
800 3875 0.5527508246630457
800 3890 -0.413497871018936
800 3754 0.4503156552370198
800 3769 0.21268472935800697
813 814 0.1126687016361623
813 828 -0.07026813632031484
813 3425 -0.0849394803432322
813 3440 -1.0
813 3455 -0.23275605385081455
813 3470 0.9622397687227062
813 3485 0.9767404917096583
813 3500 -0.24536348417191392
813 3515 -0.4491663862754175
813 3530 0.09718147193681197
813 3544 -0.16605850580698014
813 3559 -0.52107373630408
813 3394 0.12427701846630307
813 3409 -0.3095540724030423
814 815 -0.18537033297833308
814 829 0.12293847499233135
814 3605 0.22254562957994928
814 3620 0.1581186888531596
814 3635 0.40773982791256214
814 3650 -0.5513173137728675
814 3665 -0.3287296136238329
814 3680 -0.30641389126965574
814 3695 -0.6360175080693514
814 3710 0.3347815626138356
814 3724 -0.2686650047537593
814 3739 -0.11464087473902501
814 3574 0.4942197547241177
814 3589 -0.20782253740322038
815 830 0.3098363725652375
815 3785 0.7118053559042076
815 3800 0.7302587686261826
815 3815 -0.2934080367908506
815 3830 0.0697004468477416
815 3845 -1.0
815 3860 0.649527427156271
815 3875 -0.16303843471797042
815 3890 -0.2923247335804932
815 3754 0.8420991952417111
815 3769 -0.3227546397185905
828 829 -0.3869479332229637
828 3425 -0.31261488106314417
828 3440 0.606330698777783
828 3455 -0.41133396690458646
828 3470 0.3200872213961185
828 3485 -0.3922831593991282
828 3500 -0.06543930781701567
828 3515 0.01778415006247636
828 3530 0.07247270250290164
828 3544 -0.3064343748914269
828 3559 -0.09636963610763813
828 3394 0.33140127652548107
828 3409 -0.12497619320512937
829 830 -0.00921383786590455
829 3605 0.39563478899935495
829 3620 -0.03718032853948483
829 3635 -0.08893158893462402
829 3650 0.9928360108624187
829 3665 0.5804763343759483
829 3680 -1.0
829 3695 0.558648810148738
829 3710 0.2010602556046952
829 3724 -0.29203423629796466
829 3739 0.27309014517250063
829 3574 1.0
829 3589 -0.27151680149229657
830 3785 0.1751883874590403
830 3800 -0.3237743542463253
830 3815 -0.23330385485487443
830 3830 0.4218903335812306
830 3845 0.05455777631913415
830 3860 0.6040587085159158
830 3875 -0.40937871264786074
830 3890 -0.13090281917243676
830 3754 -0.08386952788819664
830 3769 -0.2617774522232533
843 844 -0.598348894315936
843 858 -0.4748717224515071
843 3425 0.9332743440157582
843 3440 -0.3524088322227754
843 3455 -0.11464324379059712
843 3470 -0.5130589920156386
843 3485 0.14309567469295087
843 3500 0.4123989588017505
843 3364 0.9467519474444696
843 3379 -0.19963385336712208
843 3394 0.745745632854069
843 3409 -0.2976797631866244
844 845 0.20316331101500362
844 859 -0.09894171420956528
844 3605 0.05826651725408143
844 3620 0.0974011755562134
844 3635 1.0
844 3650 -0.030472897588058125
844 3665 -0.6642447776173218
844 3680 0.014792201351939304
844 3515 0.5956215565478578
844 3530 0.3329686863311675
844 3544 -0.8734011164968201
844 3559 0.06805310774137756
844 3574 -0.540328942699847
844 3589 0.05465824549804503
845 860 0.5199068812542506
845 3785 0.3492838333829031
845 3800 -0.6744856825428162
845 3815 -0.09823708070413552
845 3830 0.2972752644889936
845 3845 0.984219886349419
845 3860 -0.6016252287256036
845 3695 0.7026430779689514
845 3710 -1.0
845 3724 -0.24411458220335888
845 3739 0.49193271526290666
845 3754 0.49146388592357
845 3769 -0.35151202446106444
858 859 -0.29061386954726465
858 3425 -0.17820652640694398
858 3440 0.3704937620029158
858 3455 -0.7438531881427759
858 3470 0.3564032005717653
858 3485 0.06055145307306101
858 3500 -0.33431410469189704
858 3364 0.17444508051942192
858 3379 -0.194348156163606
858 3394 -0.08709505657740443
858 3409 0.3028617696781046
859 860 -1.0
859 3605 0.6231667284001748
859 3620 -0.9711427606338988
859 3635 0.17585773111735198
859 3650 -0.15468349585270547
859 3665 0.4536114277599207
859 3680 -0.5638059687078124
859 3515 -0.029521784163211
859 3530 -0.2982143993644083
859 3544 -0.1267245390165268
859 3559 0.2440619305236426
859 3574 -0.31562164490992156
859 3589 0.34318456370130773
860 3785 0.17930951906373496
860 3800 0.16204403878966603
860 3815 0.3593894055437306
860 3830 -0.588807345904879
860 3845 -0.6053729833818633
860 3860 0.33491221062754567
860 3695 0.29216971473713915
860 3710 -0.1175966947506163
860 3724 -0.19180682770228266
860 3739 0.6114636821874105
860 3754 -0.019802252546134786
860 3769 1.0
873 874 -0.3763124164587275
873 888 0.1416996381017385
873 3425 0.3539457584655239
873 3440 0.010638582897102712
873 3455 -0.8250682571843829
873 3470 0.5374745176376458
873 3485 0.22703371813245596
873 3500 -0.08227993499906773
873 3365 -0.46074046498899723
873 3380 -0.46293582725647403
873 3395 -0.6628610591234175
873 3410 1.0
874 875 0.8148777583223408
874 889 0.10894528334571972
874 3605 0.13259481516840574
874 3620 0.205502059109037
874 3635 0.7284570186204982
874 3650 0.1928937488288812
874 3665 -0.35268654179383313
874 3680 0.25769300836670267
874 3515 0.023863344492745187
874 3530 0.032714317633412364
874 3545 0.155799144986103
874 3560 -0.3772511315414163
874 3575 0.745050397400751
874 3590 0.3276388208348769
875 890 0.2639178087252459
875 3785 -0.32626821939748163
875 3800 0.41904735752106254
875 3815 -0.02584068223510439
875 3830 -0.24823647374375835
875 3845 -0.5876036080476408
875 3860 0.07254964178625853
875 3695 0.19531190096794165
875 3710 -0.5253551436717855
875 3725 -0.33034301663299587
875 3740 0.021179742964557848
875 3755 -0.09143971468974935
875 3770 -0.48648768302998674
888 889 0.3359388318532884
888 3425 -0.09749859107307049
888 3440 -0.76008829433205
888 3455 -0.08374910128755848
888 3470 -0.7188220930445395
888 3485 0.8326895818359729
888 3500 -0.1109723941032073
888 3365 0.20429778616207286
888 3380 0.17630844762227904
888 3395 0.14991337312895547
888 3410 0.26235125953749017
889 890 0.5327940056447155
889 3605 -0.8292662497554867
889 3620 1.0
889 3635 0.1327417758953125
889 3650 0.6979233173398125
889 3665 0.07333283220288872
889 3680 -0.1327390412148462
889 3515 -0.8928292354310567
889 3530 0.1514777529816721
889 3545 0.1172454987176256
889 3560 -0.6800249395438599
889 3575 0.5188885876901566
889 3590 -0.619844401550855
890 3785 0.12280409822642209
890 3800 0.03729181389699968
890 3815 -0.3358148695915664
890 3830 -1.0
890 3845 0.05793817995080595
890 3860 -0.6007496691756677
890 3695 0.40586968743153373
890 3710 0.16583046216327818
890 3725 -0.3653616360740383
890 3740 -0.0836696847376283
890 3755 0.3986258512876348
890 3770 -0.8786279309084479
903 904 -0.5939797888370669
903 918 0.3420264578356282
903 3425 0.6233561032039987
903 3440 -0.29375694015445963
903 3365 0.2250113987384985
903 3380 0.2076876588666899
903 3395 0.2544356630608468
903 3410 -0.13006322583576468
904 905 -0.5592216791553496
904 919 -1.0
904 3605 0.8029562180816233
904 3620 -0.12482142231938056
904 3455 -0.2479486807042468
904 3470 -0.262793084058258
904 3485 -0.7608323304975402
904 3500 0.7051714898938553
904 3515 0.5228018716849092
904 3530 0.5154155165830822
904 3545 -0.12183261167412328
904 3560 0.26491440469308825
904 3575 0.2691657770830804
904 3590 -0.23065600561661856
905 920 0.07698348972907863
905 3785 -1.0
905 3800 0.40679088985833817
905 3635 0.5199678440746607
905 3650 -0.2683859066453832
905 3665 0.5146022670952694
905 3680 -0.12608160498986046
905 3695 0.41800659165898796
905 3710 0.2881309467570548
905 3725 -0.29984172644594
905 3740 0.16524592794487897
905 3755 -0.13370891164575902
905 3770 -1.0
918 919 -0.4118557909056902
918 3425 -0.6963304351139524
918 3440 -0.14027546798869295
918 3365 0.17006314851553844
918 3380 -0.7963120831137407
918 3395 0.05158205804135495
918 3410 -0.22123454281182692
919 920 1.0
919 3605 0.33985429798773287
919 3620 0.7776293288686624
919 3455 -0.7930548545729775
919 3470 -0.04824875120214495
919 3485 -0.17837786938378883
919 3500 0.7738641159701283
919 3515 0.18222925542989385
919 3530 0.5901750000211019
919 3545 -0.9814364958185677
919 3560 -0.31823941929596294
919 3575 0.33648690133373726
919 3590 0.41015294766967975
920 3785 -0.5165982594455168
920 3800 0.1806111298458574
920 3635 0.270417299204925
920 3650 0.6910011264775392
920 3665 0.5483550262192707
920 3680 -0.12034781776208146
920 3695 -0.5594798340415247
920 3710 -0.43715368903766205
920 3725 -0.43709040724622517
920 3740 0.6786386847186214
920 3755 -0.6430325864228795
920 3770 0.23786840360015601
933 934 0.13897506291575362
933 948 0.5894938933622269
933 3425 0.4527515753147112
933 3440 0.330319813901058
933 3365 0.356705004978029
933 3380 0.9811588674821611
933 3395 0.23354628550306494
933 3410 0.4542184256125814
934 935 -0.30606227918913304
934 949 -0.47267944884957447
934 3605 -0.0679040272454973
934 3620 0.22593996169589323
934 3455 -0.7600285455166285
934 3470 0.3065288865392887
934 3486 -0.5404569224073011
934 3501 -0.566857885328527
934 3516 0.21878983423640777
934 3531 -0.8718566481676585
934 3545 -0.3302927874648232
934 3560 0.7457893861850894
934 3575 0.29919691410820115
934 3590 0.08392579506678295
935 950 0.126314533109576
935 3785 0.13851165974202162
935 3800 -0.21642965643271161
935 3635 -0.2655451953899515
935 3650 -0.3165004344190435
935 3666 -0.34990100630013016
935 3681 1.0
935 3696 -0.7856366159474313
935 3711 0.3104355365933582
935 3725 0.053454480717332734
935 3740 -0.00909728266559514
935 3755 -0.7551508734317113
935 3770 0.7176276355052833
948 949 -0.2611011262633978
948 3425 0.20618236555388764
948 3440 0.3271128034827344
948 3365 -0.39871274670902523
948 3380 0.7318654921917389
948 3395 -0.3505481643848119
948 3410 -0.1418410586643118
949 950 -0.6331282492090481
949 3605 0.6953697030946824
949 3620 0.9325807341025801
949 3455 -0.2558228283742879
949 3470 0.6317174228494669
949 3486 1.0
949 3501 -0.039253954927216596
949 3516 0.390241942489971
949 3531 -0.15078745627782758
949 3545 -0.45927845014952084
949 3560 0.28376463367741966
949 3575 0.5309803099210719
949 3590 -0.2561070903338876
950 3785 -0.4893089588015084
950 3800 0.10671082052070445
950 3635 0.008296278123873159
950 3650 0.010206810205789955
950 3666 0.5196363782150409
950 3681 -0.1337186664612035
950 3696 0.3571642654263925
950 3711 -0.051493208008418646
950 3725 -0.7261740727963657
950 3740 0.530401420215978
950 3755 0.4848867675324815
950 3770 -0.566764126406282
963 964 0.021507846262210875
963 978 0.04898531190868231
963 3425 -0.3278979781932217
963 3440 -0.5637328185786321
963 3455 0.0043540505073561405
963 3470 0.014322238328953204
963 3486 -0.06805141151473984
963 3501 -0.6831926987081396
963 3516 0.021197282671388217
963 3531 0.11891080748115276
963 3545 -0.47167542463603473
963 3560 0.16843390920884532
963 3395 -0.40123900027628934
963 3410 -0.572114248398113
964 965 0.059538012345778615
964 979 0.24531466044220304
964 3605 0.8843741767678073
964 3620 -0.10990996149982282
964 3635 0.2401816161474108
964 3650 -0.16663450712510333
964 3666 -0.08618552242943632
964 3681 1.0
964 3696 0.437627085761133
964 3711 0.56434116346071
964 3725 -0.39426220106605153
964 3740 0.15608416782302198
964 3575 -0.16175653480079855
964 3590 -0.21416649912492094
965 980 -0.32072401816982593
965 3785 -0.2590235007693323
965 3800 -0.1429950675517688
965 3815 -0.04919611815930707
965 3830 -0.23627521004289348
965 3846 -0.6653807846991203
965 3861 -0.23413585835892478
965 3876 -1.0
965 3891 0.12027400770015824
965 3755 0.5035195240198165
965 3770 -0.926580421162696
978 979 -0.35783407334766765
978 3425 0.14895273771609635
978 3440 0.007637675704763936
978 3455 -0.3085334716913436
978 3470 -0.22532366536287116
978 3486 0.7841808304482398
978 3501 0.6018004686963391
978 3516 0.626664379175934
978 3531 -0.7337309840604868
978 3545 -0.5106265011577572
978 3560 -0.23651573442600357
978 3395 -0.33950037729027754
978 3410 -0.42740075138216127
979 980 -0.22385092332861264
979 3605 -0.26218750938743834
979 3620 0.26123623262574497
979 3635 0.5640504757845586
979 3650 -0.33889259322970194
979 3666 0.23079310553080837
979 3681 0.2304079082882406
979 3696 0.19723402695770775
979 3711 0.5169949860800066
979 3725 0.30532534305720443
979 3740 -0.03347824590914942
979 3575 -0.08963837629662248
979 3590 -0.058162718662426685
980 3785 -0.4394518583391481
980 3800 -0.23458040336966185
980 3815 0.24605416055349383
980 3830 0.5269889629248335
980 3846 0.5910977966598169
980 3861 0.0674769361294475
980 3876 -0.29284349860307307
980 3891 -0.38321859546030423
980 3755 -0.0858805399187911
980 3770 -0.26079389073557796
993 994 0.2762064347551755
993 1008 0.04455028810064712
993 3426 0.6736221199542344
993 3441 0.040535789952710406
993 3456 0.1354444882197523
993 3471 -0.39840686880631687
993 3486 -0.2538913726662441
993 3501 0.26951964215492086
993 3516 -0.5971056163494853
993 3531 0.4023692791537665
993 3545 -0.13977250867461743
993 3560 0.07023129112976065
993 3395 0.7716091069895779
993 3410 -0.5941162167851852
994 995 -0.02363010906861671
994 1009 -0.46946798110633964
994 3606 0.30678980326951394
994 3621 -0.3661575122131592
994 3636 -0.36387229243671215
994 3651 0.7146000270231836
994 3666 -0.5919722506894047
994 3681 0.34111341912592247
994 3696 0.02677101619908047
994 3711 0.2736534843690552
994 3725 0.01884214477956539
994 3740 0.5819167928023355
994 3575 -0.09312692996173552
994 3590 -0.022927064400608203
995 1010 -0.05936937018703282
995 3786 0.4035458848426383
995 3801 -0.48984773836125584
995 3816 -0.35262098187287066
995 3831 -0.14535090344509613
995 3846 -0.7453395371602364
995 3861 0.6265335234232368
995 3876 0.32875999846394366
995 3891 -1.0
995 3755 -0.0810133755370267
995 3770 0.17575806779027386
1008 1009 -0.16226895167810282
1008 3426 -0.11472571290011174
1008 3441 -0.3142647018601537
1008 3456 0.0870061187887809
1008 3471 -0.6201426350951238
1008 3486 -0.1739358346084362
1008 3501 -0.004642020455215917
1008 3516 0.07259182398607732
1008 3531 0.21513091098074066
1008 3545 0.009821567475768355
1008 3560 -0.6886005512551723
1008 3395 0.03604709070742618
1008 3410 -0.5146992004767053
1009 1010 0.3700190966411182
1009 3606 -0.31544798950419617
1009 3621 -0.2666492654874528
1009 3636 0.5213888508812552
1009 3651 -0.6959488794305118
1009 3666 -0.33525015167492994
1009 3681 0.06376202862725507
1009 3696 -0.800209765030162
1009 3711 -0.213888622314581
1009 3725 0.4990475029972528
1009 3740 0.8978222096106276
1009 3575 -0.3316238777782575
1009 3590 -0.8612926679385947
1010 3786 -0.2636509182333228
1010 3801 -1.0
1010 3816 -0.832016403016061
1010 3831 -0.43055206514248
1010 3846 -0.6861512883086089
1010 3861 -0.566382150475963
1010 3876 0.15411850510128483
1010 3891 0.22267769716116867
1010 3755 -0.4912504092338512
1010 3770 -0.12988366282694824
1023 1024 -0.7134960549151144
1023 1038 0.45335701716632143
1023 3426 -0.6041066239792241
1023 3441 -0.06023603646593489
1023 3456 -0.561001363622354
1023 3471 0.09539172340997652
1023 3486 0.15460793293287156
1023 3501 -0.20154553035586786
1023 3365 0.1124501954813343
1023 3380 -0.09255917803862371
1023 3395 -0.7230398323515157
1023 3410 -0.2127390711797744
1024 1025 -0.5397852350269552
1024 1039 -0.5309807310378857
1024 3606 -0.8315503869963983
1024 3621 0.11610010010318618
1024 3636 -0.5220501928878378
1024 3651 -0.5955330642056257
1024 3666 -0.6695359728989831
1024 3681 0.24575885736139072
1024 3516 0.32150780047572236
1024 3531 -0.2945843691547052
1024 3545 0.023083158617436615
1024 3560 0.5260157576391408
1024 3575 -0.3202708691945509
1024 3590 0.6527173310280776
1025 1040 0.6359221109552546
1025 3786 0.0307947953793972
1025 3801 0.4923725718526312
1025 3816 0.49519022141272945
1025 3831 -0.020030055987126313
1025 3846 -0.4915530147059622
1025 3861 0.09459703257162272
1025 3696 0.17046715661917317
1025 3711 0.8958034742085466
1025 3725 0.15034436912649182
1025 3740 -0.4667095780649279
1025 3755 0.8669880022922739
1025 3770 0.06095969255138539
1038 1039 -0.006383330734039461
1038 3426 -0.11954130655250599
1038 3441 -0.0678772985800559
1038 3456 -0.5693778223568147
1038 3471 0.4070459571915512
1038 3486 -0.4003630151254145
1038 3501 -0.6592492855474255
1038 3365 -0.19194331033886364
1038 3380 0.09387125929742694
1038 3395 -0.05116477387461843
1038 3410 -1.0
1039 1040 -0.6774954557460086
1039 3606 -0.7618663330412248
1039 3621 0.2871350078515213
1039 3636 -0.5359255592605762
1039 3651 -0.7415717949648558
1039 3666 1.0
1039 3681 -0.18431510389837777
1039 3516 -0.31511903582572726
1039 3531 0.1448809653999942
1039 3545 -0.5302508143027905
1039 3560 0.23246404607097665
1039 3575 -0.332071572040433
1039 3590 -0.3986775294468066
1040 3786 0.18194903676628532
1040 3801 -0.19657394618807256
1040 3816 -0.5656668755974632
1040 3831 0.3017395536622317
1040 3846 -0.19738167623876562
1040 3861 -0.3968528034188871
1040 3696 0.5319356326972411
1040 3711 0.03148670254162175
1040 3725 -0.314300674807201
1040 3740 0.03689547746972985
1040 3755 0.6090847411597196
1040 3770 0.007656569493379294
1053 1054 -0.17708222105293644
1053 1068 -0.6267811881660295
1053 3426 -0.5392378579739893
1053 3441 -0.1847275349017013
1053 3456 0.40464512699266064
1053 3471 -0.08254032715925784
1053 3486 -0.510824520975664
1053 3501 0.3778184564409697
1053 3366 0.7134487921222854
1053 3381 -0.13031959676212573
1053 3396 -0.09706203703671307
1053 3411 0.2677993171393874
1054 1055 -0.09205178468031212
1054 1069 0.36719714943649306
1054 3606 0.3058030675497627
1054 3621 0.8697396895839558
1054 3636 -0.2749802114445168
1054 3651 0.2678432277643603
1054 3666 0.6168497698043467
1054 3681 -0.31336452236240914
1054 3516 -0.21751586184304983
1054 3531 -0.214830481232382
1054 3546 -0.665674413283729
1054 3561 -0.37074614937027583
1054 3576 -0.4593215626060578
1054 3591 -0.21698207251432164
1055 1070 -0.6986574154039327
1055 3786 0.019765488833601724
1055 3801 1.0
1055 3816 0.5443173135916801
1055 3831 1.0
1055 3846 -0.0031587217860050585
1055 3861 -0.7700172819345491
1055 3696 -0.25283434391436005
1055 3711 -0.5831708499230747
1055 3726 0.5760492953927716
1055 3741 -0.6018955464266526
1055 3756 0.22918784812039047
1055 3771 0.07316180815799887
1068 1069 0.6521117701086038
1068 3426 0.20805576416298077
1068 3441 0.5638389802554233
1068 3456 0.8586818766261711
1068 3471 -0.2637972703002643
1068 3486 -0.018815937199520235
1068 3501 -0.19563809704998733
1068 3366 0.10018938931691272
1068 3381 -0.06873574409013163
1068 3396 0.12960608952203626
1068 3411 0.5119616335738694
1069 1070 -0.11121036575436301
1069 3606 0.41057628573603744
1069 3621 -0.14015762098573029
1069 3636 -0.020800404743675262
1069 3651 -0.19876378213251045
1069 3666 -0.6484833527067865
1069 3681 0.6759675145676224
1069 3516 0.6900713960869185
1069 3531 0.22562065863435116
1069 3546 -0.010593958804707364
1069 3561 0.6680655389873082
1069 3576 -0.4771303545391121
1069 3591 -0.45349712090134014
1070 3786 0.1272276751830707
1070 3801 -0.2961052272777453
1070 3816 1.0
1070 3831 -1.0
1070 3846 -0.39258094187859977
1070 3861 0.6033008886554926
1070 3696 -0.7703733799579532
1070 3711 0.26825889058384256
1070 3726 1.0
1070 3741 -0.8385385810475685
1070 3756 -0.26640048749897277
1070 3771 -0.21114676697820545
1083 1084 -0.2763875466639441
1083 1098 -1.0
1083 3426 0.3233142381367342
1083 3441 -0.11891234961516002
1083 3366 0.12207568711679143
1083 3381 0.38454398896172576
1083 3396 -0.5280660517592671
1083 3411 -0.030729883527626824
1084 1085 0.09683526902634935
1084 1099 -0.21884184041128996
1084 3606 -0.9526334530955871
1084 3621 -0.5420461079128263
1084 3456 0.9495019874494746
1084 3471 -0.020631616336269278
1084 3486 0.08391743831264689
1084 3501 -0.9083407294205965
1084 3516 -0.39551387242049785
1084 3531 -0.31730301802775795
1084 3546 -0.7963134851739521
1084 3561 -0.8131980310930138
1084 3576 -0.6663216539174655
1084 3591 -0.429160792563892
1085 1100 0.22908081133128472
1085 3786 -0.7072424961051955
1085 3801 0.3416676241689396
1085 3636 -0.8872141105673248
1085 3651 0.4372647157269419
1085 3666 -0.2317028074288295
1085 3681 -0.5930027077436527
1085 3696 0.4976204845195966
1085 3711 0.7567039737518871
1085 3726 -0.3278248185241715
1085 3741 -0.6375659407906623
1085 3756 0.18782828069258742
1085 3771 -0.8779265635560791
1098 1099 0.3282967831275922
1098 3426 -0.003379257770023496
1098 3441 -0.6603067965075443
1098 3366 0.0010459155495366652
1098 3381 -0.5721277964274335
1098 3396 -1.0
1098 3411 0.836981193144762
1099 1100 0.11871295253267135
1099 3606 -0.3207303936607932
1099 3621 -0.09747320624035606
1099 3456 0.09697959081295945
1099 3471 0.2596707554782651
1099 3486 0.028382625928461497
1099 3501 0.6330270933468624
1099 3516 -0.16093738879593264
1099 3531 -0.26282089263071895
1099 3546 -0.2832578497347336
1099 3561 -0.014578368885881337
1099 3576 -0.2225608228905609
1099 3591 -0.8488286868292717
1100 3786 0.2752034331151816
1100 3801 -0.15369411752066703
1100 3636 0.2404036542574441
1100 3651 0.3615314744093455
1100 3666 -0.23223828685124331
1100 3681 0.28484661929687294
1100 3696 -0.2495315210834253
1100 3711 -0.2085674116925641
1100 3726 -0.6362575433101364
1100 3741 -0.3697871092974082
1100 3756 0.6742416904357822
1100 3771 -0.8495231934268397
1113 1114 0.8295620260641614
1113 1128 -0.23327569013175725
1113 3426 0.32597528674101967
1113 3441 0.13240393808809395
1113 3366 0.16951971282841202
1113 3381 -0.5790447157700637
1113 3396 0.2517871118711177
1113 3411 0.5748203120102315
1114 1115 0.45703456463114084
1114 1129 1.0
1114 3606 0.6070825421675365
1114 3621 -0.38341922677378837
1114 3456 0.13382632231159414
1114 3471 0.5151549045675218
1114 3546 -0.04301094928152113
1114 3561 0.2583818043435327
1114 3576 0.6100667301358691
1114 3591 0.6900334059729414
1115 1130 0.355947227944237
1115 3786 0.9396042542979147
1115 3801 -0.025351576363896823
1115 3636 0.09395020156310126
1115 3651 -0.20908118416826854
1115 3726 0.19053670984740836
1115 3741 -0.08113425644459359
1115 3756 0.18309926920279618
1115 3771 0.33614534909073984
1128 1129 -0.6055808240141234
1128 3426 0.21775168333412206
1128 3441 -0.07365184493332928
1128 3366 0.59765690968317
1128 3381 -0.04855276192990037
1128 3396 0.589428196634038
1128 3411 -0.1602290574059262
1129 1130 -0.28916935916010794
1129 3606 0.8350196190552194
1129 3621 -0.375841476195019
1129 3456 -0.189746848328153
1129 3471 -0.3901494201782754
1129 3546 -0.032977996886925896
1129 3561 0.06156897033792893
1129 3576 -0.4097894026374633
1129 3591 0.20378823843487695
1130 3786 -0.27022968284795573
1130 3801 -0.3005712087110207
1130 3636 -0.041369987968295635
1130 3651 0.40629818372648996
1130 3726 0.648519717153405
1130 3741 0.25292850707814557
1130 3756 0.6555606430474157
1130 3771 0.41080291374630723
3364 3365 -0.15681122826116028
3364 3379 -0.041361726830677965
3365 3366 0.3448764267349212
3365 3380 0.5082924125488287
3366 3381 -0.5411410502962068
3379 3380 -0.2384377288854612
3380 3381 0.25346358688692144
3394 3395 -0.0029114944173808496
3394 3409 0.17523535961202277
3395 3396 0.10910379950096516
3395 3410 -0.10045356463990747
3396 3411 0.4832189931763592
3409 3410 0.30660460246292914
3410 3411 -0.07705870518959815
3424 3425 0.4441386234868197
3424 3439 0.8862921318466752
3425 3426 -0.3467046269059006
3425 3440 1.0
3426 3441 0.1839027721265331
3439 3440 -0.08999418944281358
3440 3441 -0.40086977607419044
3454 3455 0.2504949985322433
3454 3469 -0.038951002664510376
3455 3456 -0.6109122634993444
3455 3470 0.4297815155418569
3456 3471 -0.4117654330968739
3469 3470 0.32501860160781465
3470 3471 0.795624311453078
3484 3485 0.7396554898133701
3484 3499 -0.24192975255877255
3485 3486 -0.07480237814937922
3485 3500 -1.0
3486 3501 -0.008820691835593836
3499 3500 0.598877551630619
3500 3501 0.5367987699072176
3514 3515 0.35904907508471995
3514 3529 0.1838420124585303
3515 3516 -0.2032269705423566
3515 3530 1.0
3516 3531 -0.08504796483140852
3529 3530 -0.8119935336142978
3530 3531 0.3425069834657571
3544 3545 -0.3071221735500897
3544 3559 -0.0876822978122464
3545 3546 1.0
3545 3560 -0.05558435091812203
3546 3561 0.30170318133942975
3559 3560 0.633109044176948
3560 3561 -1.0
3574 3575 -0.6124024187472937
3574 3589 0.19370733720673722
3575 3576 -0.6041775114223261
3575 3590 -0.01413906260425755
3576 3591 0.26445079122603327
3589 3590 0.21392945203589395
3590 3591 0.2836959814444634
3604 3605 0.35567499692755117
3604 3619 0.784417820052101
3605 3606 0.7008342392747039
3605 3620 0.015371403116264053
3606 3621 1.0
3619 3620 0.6144994779742111
3620 3621 0.720983757728233
3634 3635 0.5779064179463599
3634 3649 0.18575980489435534
3635 3636 -0.22264526327917958
3635 3650 0.27444858250320114
3636 3651 0.4895095616871259
3649 3650 -0.7544096120514193
3650 3651 0.45556616768968455
3664 3665 0.130778222475129
3664 3679 0.05972445561260298
3665 3666 -0.341229171337352
3665 3680 -0.3728544201913033
3666 3681 -0.22381424810708414
3679 3680 -0.6893516841360264
3680 3681 -0.4359882992613096
3694 3695 -0.5237722125840591
3694 3709 0.12433322358918965
3695 3696 -0.9772090258688894
3695 3710 0.06713480076521987
3696 3711 -0.7309448642112671
3709 3710 0.8388485521259423
3710 3711 0.2587506113291371
3724 3725 -0.5231270673885439
3724 3739 0.7059391662796182
3725 3726 0.32942083240155184
3725 3740 -0.6750410705277705
3726 3741 -0.2146476472684543
3739 3740 -0.3936678887303202
3740 3741 0.05714977403673822
3754 3755 -0.1971825664873697
3754 3769 -0.7019679090763262
3755 3756 0.07444544741714336
3755 3770 -0.002650938215715969
3756 3771 0.08702435157828711
3769 3770 0.6140133684282194
3770 3771 0.3007668892496836
3784 3785 0.2401381791318498
3784 3799 -0.07304514940334245
3785 3786 0.3975594726350096
3785 3800 0.19144468655152438
3786 3801 -0.06478266102109835
3799 3800 0.258817870786732
3800 3801 -0.21747443219305357
3814 3815 -0.1767020709230931
3814 3829 0.02562209432768261
3815 3816 -0.07899648915568258
3815 3830 0.0818538534580199
3816 3831 0.6448282020345281
3829 3830 0.018030649486155834
3830 3831 -0.14779536203341534
3844 3845 0.19875301548033722
3844 3859 -0.22004905069649852
3845 3846 -0.21142744631084562
3845 3860 -0.8024643637595754
3846 3861 -0.3829640639931998
3859 3860 -0.14852790996208232
3860 3861 -0.5506281527829572
3874 3875 -0.22535905668510312
3874 3889 -0.37329724186171137
3875 3876 -0.8211869534230604
3875 3890 0.20136939245517463
3876 3891 1.0
3889 3890 -0.19857111102440325
3890 3891 -0.01302059242431409
