# 
603 603 -0.34620389341389807
604 604 -0.7773464137305817
605 605 1.4495886285110742
618 618 -2.5447272070368485
619 619 -0.37775248840823306
620 620 1.3843049989956657
633 633 -0.28913697850631864
634 634 -0.3416087697114199
635 635 1.8768327233599555
648 648 -0.356076524096613
649 649 0.2299110969761473
650 650 -0.577217151914889
663 663 -1.257710328803207
664 664 0.4088839889418382
665 665 -0.29961398947545453
678 678 -0.5908025693826834
679 679 -0.03344999523336613
680 680 1.4241685443668537
693 693 -0.32091312823900614
694 694 0.8746969893091205
695 695 1.813032894156147
708 708 -1.7648011889733786
709 709 0.04959066837032275
710 710 -1.678349562636904
723 723 0.17180902549756
724 724 0.4286104092113846
725 725 0.44877490829624644
738 738 0.005215307444770795
739 739 0.4325084735714945
740 740 2.5945930016973953
753 753 -1.1963907223172197
754 754 -0.046590487212278424
755 755 0.19780012391126822
768 768 -0.0593876728023034
769 769 -1.1833531689500847
770 770 1.1795383146292446
783 783 -1.3135291617979683
784 784 -1.745156340732727
785 785 1.2939564355164141
798 798 -0.625225132456715
799 799 -0.009851061862449677
800 800 -0.9340755404545836
813 813 0.03025350905971469
814 814 -0.2753751857911705
815 815 -1.1540757339720586
828 828 -1.5029988355979722
829 829 -1.7953433285604077
830 830 0.16017913654710636
843 843 -1.623133879839608
844 844 1.8017398730721423
845 845 2.3777480601118226
858 858 0.9481013485944928
859 859 0.4857400969334954
860 860 0.29784230894698527
873 873 0.9642179913570085
874 874 2.807748487942644
875 875 -0.08027183096728102
888 888 -0.7525403262610412
889 889 -0.3073425297216265
890 890 1.1067080717369755
903 903 0.17178182818200144
904 904 2.1179688587828758
905 905 0.17629128361091567
918 918 1.1583076288673784
919 919 -0.8251947272186259
920 920 0.4428683689144398
933 933 1.9721909801574713
934 934 0.9724678731063218
935 935 -0.9694594788740732
948 948 1.446134082794692
949 949 -1.1469372004866158
950 950 0.6090010559258556
963 963 1.3222465670019015
964 964 -0.09231040756434318
965 965 -1.2175890492965284
978 978 -1.6084130642928405
979 979 0.0974543170938045
980 980 1.073598596313376
993 993 1.0710527443947335
994 994 0.4996177125208613
995 995 -0.8412885433736313
1008 1008 0.8322039368559263
1009 1009 0.8656437214221072
1010 1010 1.3144226240187407
1023 1023 0.378295697800429
1024 1024 -0.521935619522228
1025 1025 1.4108315361485484
1038 1038 0.608159804506546
1039 1039 -0.44919830726407844
1040 1040 -2.6284340067194942
1053 1053 -0.3903816419785202
1054 1054 -0.08500128658394707
1055 1055 0.6770723138869627
1068 1068 -0.9909547882920281
1069 1069 1.289330694802689
1070 1070 0.3131162459027888
1083 1083 -1.6443424862195282
1084 1084 -0.1437841336282652
1085 1085 0.2679402867552337
1098 1098 1.8547359012551248
1099 1099 -0.6340390897191861
1100 1100 1.6903315810159816
1113 1113 0.7990725563500394
1114 1114 0.6883345752020307
1115 1115 -0.4381484874928695
1128 1128 -0.292078369122903
1129 1129 -0.34263318176960167
1130 1130 0.6178340671961067
3364 3364 1.51557813451397
3365 3365 0.2746664884913833
3366 3366 -0.004261977875581298
3379 3379 -0.8787945795359571
3380 3380 0.6344958003338956
3381 3381 0.3746879181313424
3394 3394 0.15409383079008124
3395 3395 1.1384459391974586
3396 3396 -0.22293121861194876
3409 3409 0.29389867845735257
3410 3410 0.7064955513020894
3411 3411 -1.1526389587048695
3424 3424 -0.38296042269517644
3425 3425 -0.2754138895136794
3426 3426 0.30283449841963805
3439 3439 0.496094970669421
3440 3440 0.010911573874699015
3441 3441 -1.2035693420265179
3454 3454 0.17828691326560003
3455 3455 -0.2424028551833011
3456 3456 0.3618863161200917
3469 3469 0.5494109476772349
3470 3470 -0.27984037998487266
3471 3471 -0.3361982203318039
3484 3484 -1.0296878899923427
3485 3485 -0.8039822444742291
3486 3486 0.2601694706342283
3499 3499 -1.3101814610607196
3500 3500 -1.671141684251498
3501 3501 -1.4119411919000395
3514 3514 0.14216371572070896
3515 3515 0.6083388757428129
3516 3516 -0.10335167228927959
3529 3529 -0.6136390173404348
3530 3530 -2.229359064294016
3531 3531 -0.9275157642821721
3544 3544 0.626617723735845
3545 3545 1.1114232925768668
3546 3546 -0.6833080707734084
3559 3559 0.9341655986694073
3560 3560 0.7137661854320254
3561 3561 -1.0226141660904415
3574 3574 0.19493566311020447
3575 3575 -0.12028877170694387
3576 3576 -1.0765942281438838
3589 3589 2.364828991036618
3590 3590 -2.783278754498633
3591 3591 -1.534958943753047
3604 3604 -0.0673311938908614
3605 3605 -0.12009992445405765
3606 3606 0.22895542578864045
3619 3619 -0.5582341860375342
3620 3620 0.6091596499285232
3621 3621 0.46626282454904705
3634 3634 0.20587301617289464
3635 3635 -1.1671176889734445
3636 3636 -0.7032717820711994
3649 3649 0.06327938408810949
3650 3650 2.085040792250603
3651 3651 -1.2047998049951334
3664 3664 -0.405148740052688
3665 3665 0.2195405641390886
3666 3666 0.7714776483787397
3679 3679 0.07517686055478152
3680 3680 0.16374093362411135
3681 3681 0.294641921676906
3694 3694 -0.1768811756946488
3695 3695 -0.5503247042027282
3696 3696 -0.22720730029206299
3709 3709 0.12853894931420268
3710 3710 -0.5799212715082137
3711 3711 0.2211200982061145
3724 3724 -0.22269284912452558
3725 3725 3.130688792580244
3726 3726 1.6539034039378089
3739 3739 -1.0450648989986766
3740 3740 -0.7418302465076364
3741 3741 -0.23778321843855685
3754 3754 1.423983925197256
3755 3755 1.1845721488104357
3756 3756 0.18306572647388053
3769 3769 -0.1412932027286472
3770 3770 -1.472267865106602
3771 3771 -0.19107701639523283
3784 3784 -0.8129278409199298
3785 3785 0.7551293287457104
3786 3786 -0.514425303762657
3799 3799 -0.997881186099603
3800 3800 -0.5059702164529463
3801 3801 -1.675285376929999
3814 3814 0.10075954206949318
3815 3815 -0.9437321114765834
3816 3816 -0.8809561512826904
3829 3829 -0.05576717927729457
3830 3830 1.337954264419482
3831 3831 -1.82715784906241
3844 3844 0.6089581175560971
3845 3845 -2.3575300870081066
3846 3846 0.41401346093183355
3859 3859 -0.7325738226156998
3860 3860 -0.1624721241155862
3861 3861 1.4857427185012206
3874 3874 0.3802838530291247
3875 3875 -0.7199033600686527
3876 3876 0.6585761606390159
3889 3889 -0.2532707706188778
3890 3890 0.15520232593144667
3891 3891 -1.6201639726451318
603 604 0.042857943056429454
603 618 0.6065837087109784
603 3484 -0.029370078487791
603 3499 -0.1804448719340372
603 3514 -0.2029282244877136
603 3529 0.9631727208921944
604 605 -0.279106395018689
604 619 -0.08722513914815722
604 3664 0.21418776199349987
604 3679 -0.10989683260921482
604 3694 0.3624516347435527
604 3709 0.21375479011452367
605 620 0.42196142994070274
605 3844 0.8841333184987463
605 3859 -0.8171855798469426
605 3874 0.0753272292285714
605 3889 -0.1877017743571066
618 619 -0.421205032318934
618 3484 -0.8537066170272987
618 3499 0.5465758668967048
618 3514 0.0504153666072342
618 3529 -0.4987817349617572
619 620 1.0
619 3664 0.2895475796522358
619 3679 0.41089027138712153
619 3694 0.03922657780401292
619 3709 -0.5175801096679236
620 3844 0.5865836734566416
620 3859 0.00048117782649253685
620 3874 -0.2866523261099725
620 3889 0.5387816984993204
633 634 -0.5768787770882345
633 648 -0.5422657207052243
633 3424 -0.10551721932565211
633 3439 0.7490390043770317
633 3454 -0.09566437975398491
633 3469 -0.14298687033946492
633 3484 0.825531543594057
633 3499 0.6757052263873156
633 3514 0.15668696118775882
633 3529 -0.624935105064131
634 635 -0.7870564745041372
634 649 -0.5181741221618962
634 3604 0.4096266938468309
634 3619 -0.6973797428396709
634 3634 -0.5259385051177663
634 3649 0.26092122099287074
634 3664 -0.021015523017212427
634 3679 0.5022926360800374
634 3694 -0.6912703019526566
634 3709 -0.06390555441031459
635 650 -0.7368594021281263
635 3784 0.20566630259435129
635 3799 0.10893945373889202
635 3814 -0.02422385357573678
635 3829 -0.180241664077247
635 3844 -0.6763335928611475
635 3859 -0.4118705906154191
635 3874 -0.22536924884446083
635 3889 -0.6758288802984043
648 649 0.39516411872051477
648 3424 -0.5377291219057321
648 3439 -0.2717144775039678
648 3454 -0.45937339606308003
648 3469 -0.24424795437984115
648 3484 -0.4398503568969661
648 3499 -0.657814155851316
648 3514 0.34020760390910815
648 3529 -0.12095444917840352
649 650 -1.0
649 3604 -0.6924572442163965
649 3619 -0.61798117612429
649 3634 0.12403957006718151
649 3649 0.40804179502160165
649 3664 0.01704725081718838
649 3679 0.30961428908857547
649 3694 0.11602053806789538
649 3709 -0.7822572960540185
650 3784 0.6046140486241143
650 3799 -0.20080716715705405
650 3814 0.02333030709771342
650 3829 1.0
650 3844 0.36739747502866343
650 3859 -0.07958600798183825
650 3874 -1.0
650 3889 -0.6399321959673032
663 664 0.21215116331525455
663 678 -0.3909451083190522
663 3424 -0.07860065458269623
663 3439 -0.4795174953095198
663 3454 -0.18359949301805512
663 3469 -0.03468192708388594
663 3484 -0.3563356393638245
663 3499 -0.07448385421611535
664 665 -0.7359432154935179
664 679 0.021639012452615757
664 3604 0.8714827110929387
664 3619 0.010617090445250542
664 3634 0.779951423492123
664 3649 0.17399499422258174
664 3664 0.5490926237879495
664 3679 0.03344920927355997
664 3514 0.5912045133978475
664 3529 -0.3013527216539058
665 680 -0.1063430258911196
665 3784 0.3374464253729459
665 3799 -0.8040684427042101
665 3814 -0.25405214602241427
665 3829 -0.30593746432795593
665 3844 -0.43324098449222476
665 3859 0.012554770887455541
665 3694 0.04753142356468726
665 3709 0.42414802609809465
678 679 0.021075112101314332
678 3424 0.46430907091834117
678 3439 0.17562231354341484
678 3454 -0.3963178489215451
678 3469 0.5354906732670541
678 3484 0.8363503912427124
678 3499 0.13386450038720768
679 680 -0.5347206892358465
679 3604 -0.4303417625674544
679 3619 -0.3078338719123035
679 3634 -0.20195762798446112
679 3649 0.34113009494572943
679 3664 0.08607904239145793
679 3679 0.3864526385555417
679 3514 -0.19480485916640547
679 3529 -0.42394874153036266
680 3784 0.24642849746658396
680 3799 1.0
680 3814 -0.023409524807429683
680 3829 -0.08217659133409343
680 3844 0.22105139569703697
680 3859 -0.4890428505659164
680 3694 -0.11104784638834231
680 3709 -0.22480125338825704
693 694 0.05331507989238664
693 708 0.08449383254200132
693 3424 0.8819169252002212
693 3439 0.6160410701784498
693 3454 0.058396108522389294
693 3469 -0.5414609543783439
693 3484 -0.46199369966269394
693 3499 -0.0987415220119319
693 3364 -0.18033610941568387
693 3379 0.6017338647727578
693 3394 0.1810388592931752
693 3409 -0.05649331122955244
694 695 -0.031998636404484034
694 709 0.5524180628905396
694 3604 -0.6146461816930361
694 3619 0.30328323093672704
694 3634 0.26683300029095386
694 3649 0.12647925369148014
694 3664 -0.10538992260926901
694 3679 1.0
694 3514 0.5562373946234725
694 3529 -0.3039753963958642
694 3544 -0.03924295294172005
694 3559 0.5406669640013766
694 3574 -0.0011547110883478788
694 3589 -0.5432003942395971
695 710 -0.6641131745746031
695 3784 0.19283069820719462
695 3799 -0.16647091345405257
695 3814 -0.5066630175017742
695 3829 -0.31213487863455913
695 3844 0.09666726290250213
695 3859 0.1942756292301809
695 3694 0.0946454887468484
695 3709 -0.012039070038674625
695 3724 0.23166437358315053
695 3739 0.02605209018936786
695 3754 -0.3777072304251932
695 3769 -0.09099075906894304
708 709 -0.37060564546400626
708 3424 -0.577625347915425
708 3439 0.006004233861543846
708 3454 0.7622353866831167
708 3469 -0.5349821572146174
708 3484 -0.027992999754013502
708 3499 0.2792401336891901
708 3364 0.08534979022002372
708 3379 -0.8170911614417667
708 3394 0.22398336777129052
708 3409 -0.1607917120359812
709 710 -0.6331982121486539
709 3604 -0.236879333954753
709 3619 0.4608363002085265
709 3634 0.16797883644667977
709 3649 0.08924434900802941
709 3664 -0.07325060096820864
709 3679 0.0080679094666837
709 3514 0.018165419800972166
709 3529 -0.7251113290082852
709 3544 -0.7879698761009646
709 3559 0.6045238866468197
709 3574 0.4215660351081326
709 3589 -0.2097514614861022
710 3784 -0.33863859242162764
710 3799 0.019257741605149908
710 3814 -0.13005889649662383
710 3829 0.43909014984816724
710 3844 0.5177284103884168
710 3859 -0.24274857202374564
710 3694 -0.22619482838978444
710 3709 0.22563051426512676
710 3724 -0.2176736634808872
710 3739 -0.6698829822527894
710 3754 0.355281522477077
710 3769 -0.3144392608420589
723 724 0.06565703829751346
723 738 -0.36061073337458843
723 3424 -0.4699013541026002
723 3439 -0.4072510799519986
723 3364 -0.6591210747267271
723 3379 0.2579093047377796
723 3394 0.31802801340436104
723 3409 -1.0
724 725 -0.003233506005885105
724 739 0.672137889144271
724 3604 0.5284703762996318
724 3619 0.04694670756848429
724 3454 0.9446387150931903
724 3469 0.10073379148080708
724 3484 -0.7385298674095059
724 3499 0.20824495265145346
724 3514 0.44208263151534327
724 3529 -0.03810663382531955
724 3544 -0.20994840861669084
724 3559 0.5149823561110369
724 3574 0.2351422177978305
724 3589 -0.12813824169050708
725 740 0.3842512770207953
725 3784 0.1434872202425293
725 3799 -0.06428643959441648
725 3634 0.11304535747054015
725 3649 -0.08400246702605522
725 3664 0.8486532249945081
725 3679 -0.3693125783097265
725 3694 -0.13702417282979637
725 3709 -0.2091894194567769
725 3724 -0.8371779487412426
725 3739 -0.1647720115562547
725 3754 0.4054155548062355
725 3769 0.4516779022995626
738 739 0.20516141791074524
738 3424 0.03731492987378791
738 3439 -0.8332583135862189
738 3364 -0.47469303597467344
738 3379 0.04043275470057843
738 3394 -0.21501566827643404
738 3409 -0.5870336323621519
739 740 0.12871106857801598
739 3604 -0.9195606756720502
739 3619 0.020337506284344418
739 3454 0.08631381780141546
739 3469 0.30970609276239097
739 3484 -0.44374151943555146
739 3499 0.5072099759751966
739 3514 -0.12549686010787992
739 3529 -0.19085916233178218
739 3544 -0.05511146231909779
739 3559 -0.740227541160316
739 3574 -0.08769075795413708
739 3589 0.41256226326566126
740 3784 0.18958931040151286
740 3799 -0.2692140631470103
740 3634 0.3392043871626944
740 3649 0.4395860976076124
740 3664 0.9590659207324257
740 3679 0.17418509628051446
740 3694 -0.20265105918515022
740 3709 -0.714596135352187
740 3724 -0.401433847255054
740 3739 0.24808193275662396
740 3754 0.24914245242994107
740 3769 -0.2770461349655471
753 754 0.8093117782704692
753 768 -0.36880037917101943
753 3424 -0.04513213776633624
753 3439 0.3679425027542894
753 3364 -1.0
753 3379 0.4439516057217864
753 3394 -0.21199732618281078
753 3409 -1.0
754 755 -1.0
754 769 -0.12497170788524199
754 3604 0.4538278433509315
754 3619 -0.5495114312262224
754 3454 -0.19689852049127526
754 3469 -0.2483370917115565
754 3485 -1.0
754 3500 0.23522733464480405
754 3515 -0.7807798507932059
754 3530 0.716742229392202
754 3544 -0.20080812722758
754 3559 -0.18549421034494096
754 3574 0.6180128568335033
754 3589 0.48022892594536487
755 770 -1.0
755 3784 -0.1609762428802073
755 3799 -0.3313542502481337
755 3634 -0.4545523221032359
755 3649 0.12451666444802127
755 3665 -0.9483286468926189
755 3680 -0.38595470093865736
755 3695 -0.9016486880427758
755 3710 0.7329069218487121
755 3724 0.2551829664350215
755 3739 0.8091758086535998
755 3754 -0.5200483899050649
755 3769 -0.42979457289907697
768 769 -0.05229729779373072
768 3424 1.0
768 3439 -0.01825996517372144
768 3364 -0.5235028892845275
768 3379 -0.27846922580923017
768 3394 0.5061855182068175
768 3409 -0.24547238503779423
769 770 0.4381334439397058
769 3604 -0.4641071395830902
769 3619 -0.13041484631176303
769 3454 0.39426679653986807
769 3469 -0.6009926240242033
769 3485 0.10799309118736158
769 3500 0.3342918524313359
769 3515 -0.22694682943431382
769 3530 -0.02543413248933251
769 3544 -0.9297077347161166
769 3559 -0.04346483715425247
769 3574 -0.09653668989578543
769 3589 -0.1278708255499315
770 3784 0.7045859358457556
770 3799 0.2636673724034857
770 3634 0.520686229031412
770 3649 -0.4518157153415396
770 3665 0.1554339100236147
770 3680 -0.06623929628128292
770 3695 -0.7520690653116779
770 3710 0.053735539680281275
770 3724 -0.33897134758272407
770 3739 -0.3705903988193901
770 3754 -0.07783830630081914
770 3769 -0.15134664840294784
783 784 0.058902210376327535
783 798 -1.0
783 3424 -0.3749958646757451
783 3439 -0.6394181255445608
783 3454 0.4464577173714484
783 3469 0.27333944758671513
783 3485 -0.2405373973415706
783 3500 0.505773297460928
783 3515 -0.5215429569330504
783 3530 -0.3114317816658568
783 3544 0.12140858132371213
783 3559 0.07879289326918956
783 3394 -0.07187230030601335
783 3409 0.5786472657162528
784 785 0.4176323083637504
784 799 0.808680006386372
784 3604 -0.38834131274997674
784 3619 -0.36098466725037937
784 3634 0.07413895061717651
784 3649 0.7376353992658008
784 3665 0.5826400373414953
784 3680 -0.23928163576898753
784 3695 -0.00900260316541228
784 3710 0.37798195466969686
784 3724 -0.5015424899514368
784 3739 0.9823841474772966
784 3574 -0.49637847667534707
784 3589 0.6237424706341255
785 800 -0.729523940485415
785 3784 -0.7663294652980082
785 3799 -0.2534765209700076
785 3814 0.3694178665067877
785 3829 0.5439543926711071
785 3845 -0.24104911822633712
785 3860 -0.23331243238018923
785 3875 -0.05774874314573967
785 3890 0.24755377127280967
785 3754 0.48489236226743704
785 3769 -0.4347185926278217
798 799 0.4457560656106594
798 3424 0.04773054087039118
798 3439 0.18546499796382798
798 3454 -0.4733140298634393
798 3469 1.0
798 3485 0.17696263868484632
798 3500 0.07713492207047322
798 3515 0.5912765140845494
798 3530 0.6343949573131338
798 3544 -0.49336437678884704
798 3559 -0.4780300690476926
798 3394 0.42336989380159656
798 3409 0.7029935822111125
799 800 -0.12184046710787458
799 3604 0.05265501826110118
799 3619 -0.35597053105159987
799 3634 0.26781806578020734
799 3649 0.16766120305657659
799 3665 0.15275226553367657
799 3680 0.6062831091792265
799 3695 -0.06423337781737055
799 3710 -0.21632132959387565
799 3724 0.5793858883831242
799 3739 0.21662166738963737
799 3574 -0.6464840489499907
799 3589 0.325492176229515
800 3784 0.834000084838156
800 3799 0.14123763089180044
800 3814 -0.09709866193967634
800 3829 0.0956939381753588
800 3845 -0.54896715888681
800 3860 -0.31476333532592854
800 3875 0.33937188706539495
800 3890 0.14436801347534473
800 3754 -0.2797766687263732
800 3769 -0.6298504062328231
813 814 0.01950778388760239
813 828 -0.6919896202862565
813 3425 -0.44303701027403125
813 3440 -0.08160964379811401
813 3455 0.7027427001385816
813 3470 0.23193528840223998
813 3485 0.4914076769752596
813 3500 -0.8940605391344696
813 3515 -0.14414087245886703
813 3530 0.1078655154058607
813 3544 0.08827245235322823
813 3559 1.0
813 3394 1.0
813 3409 -0.46922864786405283
814 815 0.08437371194002963
814 829 -0.4406970286665923
814 3605 0.0079189368539572
814 3620 -0.5126812595250063
814 3635 0.4754192794643291
814 3650 -0.7635760925795244
814 3665 -0.1122530655658635
814 3680 0.558901677377838
814 3695 0.38397303118371395
814 3710 0.8176337146149759
814 3724 -0.06091063091653967
814 3739 -0.27325922866957664
814 3574 0.3410846693915177
814 3589 0.276531995575463
815 830 -0.21743267644159164
815 3785 -0.8658681545414671
815 3800 1.0
815 3815 -0.6111293068516952
815 3830 -0.03445110092503773
815 3845 1.0
815 3860 0.12971677499315318
815 3875 0.46901877900485633
815 3890 -0.8487040969146816
815 3754 -0.4596702121929743
815 3769 0.6263855761227987
828 829 0.1874221832034159
828 3425 0.4945633348005035
828 3440 0.31219382624369396
828 3455 -0.05098154147755627
828 3470 -0.5129735127823745
828 3485 -0.15230151782722565
828 3500 0.49489290752401094
828 3515 -0.08719098338286699
828 3530 0.10642888129306413
828 3544 0.7593137958578727
828 3559 -0.6694489321172775
828 3394 0.2506800762307766
828 3409 -0.44914753504481053
829 830 -0.409174481124465
829 3605 0.3261503343976071
829 3620 -0.1677184757649541
829 3635 0.14062185103425104
829 3650 0.1696637004047181
829 3665 0.6237543213165871
829 3680 0.050718277689011396
829 3695 0.48976474669043457
829 3710 0.006923164050372497
829 3724 -0.11918285260282856
829 3739 -0.3138612104666203
829 3574 -0.2819346182092842
829 3589 0.12470740507139172
830 3785 0.16581887169268564
830 3800 0.056124709157353216
830 3815 0.037886718819165305
830 3830 -0.617046665251231
830 3845 0.38534382936231015
830 3860 -1.0
830 3875 -0.3719677314696974
830 3890 0.3221978119620517
830 3754 0.5611589516484871
830 3769 0.4488204104967328
843 844 0.2314293036617577
843 858 -0.3769490872881055
843 3425 -0.3498526716521272
843 3440 -0.31854540747626175
843 3455 0.5331580806669363
843 3470 -0.42814971884918224
843 3485 -0.03411216670522941
843 3500 0.006099266979355425
843 3364 -0.15374946303041775
843 3379 -0.28384184769448884
843 3394 0.44268660771050566
843 3409 -0.08585354629773925
844 845 0.15336460184705492
844 859 0.1179035083039811
844 3605 -1.0
844 3620 -0.0595489718432233
844 3635 -0.22015183855042325
844 3650 1.0
844 3665 -0.5000891824951631
844 3680 -0.12184327022867451
844 3515 0.0003044580179120777
844 3530 0.17042776514254945
844 3544 0.2811619018382897
844 3559 0.6497731140215074
844 3574 -0.41805127031876166
844 3589 0.20652651241268719
845 860 0.5408674735445044
845 3785 -0.04429482835768823
845 3800 0.1695434197911349
845 3815 -0.19637186890701727
845 3830 0.5704938608306188
845 3845 0.39680609296896524
845 3860 -0.4375589175713156
845 3695 -0.7443537596686362
845 3710 -0.24628733830657645
845 3724 -0.6860057976508769
845 3739 0.680095420193263
845 3754 -0.49735242426207676
845 3769 0.8646875151331778
858 859 0.26238118423467066
858 3425 0.16946984801802098
858 3440 -0.19463052951415347
858 3455 -0.14247289040548852
858 3470 0.07013096664355695
858 3485 0.7622946726063369
858 3500 0.5447258998719278
858 3364 -0.3966485998973839
858 3379 -0.5586296975711535
858 3394 0.11857502609855261
858 3409 0.40249911130297716
859 860 0.4125630888825586
859 3605 -0.00412925474995304
859 3620 -0.9818130646609858
859 3635 0.16929823120538937
859 3650 0.7010632867043333
859 3665 -0.4315958745292309
859 3680 0.7129157680954579
859 3515 0.41457094778303744
859 3530 -0.6173189169884564
859 3544 -0.3599289862250769
859 3559 -0.5724261685015535
859 3574 0.09770201891201194
859 3589 -0.4252292442326323
860 3785 -0.4161945300599808
860 3800 0.07956215236064726
860 3815 0.28716334994064596
860 3830 0.02705841338179054
860 3845 -0.020530050389106515
860 3860 0.4226644059412286
860 3695 0.42694976255038364
860 3710 0.5689038748457038
860 3724 -0.14637037849027032
860 3739 -0.8092021413373404
860 3754 -0.46376069117526914
860 3769 0.010627412825953962
873 874 0.12121536411819282
873 888 0.47821268875235784
873 3425 -0.5813258453545737
873 3440 -0.5436899163424251
873 3455 -0.45324925758037016
873 3470 -0.2693916471097376
873 3485 -0.2781723648637698
873 3500 -0.16251342307738326
873 3365 0.38524259681010925
873 3380 -0.29282514855615
873 3395 0.1744919219438302
873 3410 -0.09268043990620657
874 875 -0.16959285617593184
874 889 0.071370541702237
874 3605 -0.81683881880206
874 3620 -1.0
874 3635 0.7723505481912069
874 3650 1.0
874 3665 0.7917983124957736
874 3680 -0.19273808462079906
874 3515 -0.023914757624033736
874 3530 -0.11686238169169157
874 3545 -0.5028155244386338
874 3560 0.7545244573915993
874 3575 0.09468295906700044
874 3590 -0.34099640957564964
875 890 -0.5082585876643344
875 3785 -0.2326592443801545
875 3800 -0.09599248489168026
875 3815 -0.23581759081687081
875 3830 0.11703936249078979
875 3845 0.03217866293744138
875 3860 -1.0
875 3695 -0.5610074247967939
875 3710 -0.48494083103041835
875 3725 -0.49141588247068574
875 3740 -0.21245314399674448
875 3755 -0.47372183127295503
875 3770 0.08787700920660696
888 889 1.0
888 3425 0.006953459564980788
888 3440 -0.8934076975522673
888 3455 -0.34542930718748605
888 3470 -0.7046271604045424
888 3485 0.5043277345814127
888 3500 -0.08745211256352334
888 3365 0.09392797660747233
888 3380 -0.18200092786036806
888 3395 0.39207693840815666
888 3410 -0.6117605115946243
889 890 0.013513958785959268
889 3605 0.4354022879430099
889 3620 0.9443124925980184
889 3635 0.48035265817187567
889 3650 -0.2949223496990965
889 3665 0.6234089556585501
889 3680 0.12159929643116778
889 3515 0.026842882009795784
889 3530 -0.5807979599818489
889 3545 0.14053001786790706
889 3560 0.8708311126635144
889 3575 0.6406444682340595
889 3590 -0.29971705943601606
890 3785 0.5465030546147752
890 3800 -0.2683978453386467
890 3815 0.5078921429901029
890 3830 0.017730501912519146
890 3845 -0.9033522265287055
890 3860 -0.5136301082284961
890 3695 -0.06756953929932626
890 3710 0.6789162732221119
890 3725 -0.6520734102740356
890 3740 0.07968002540516872
890 3755 0.036465046137421894
890 3770 0.5995424744067193
903 904 0.3149394144976874
903 918 0.3647458598890849
903 3425 0.42064214538055456
903 3440 -1.0
903 3365 -0.20600145235524217
903 3380 0.4533273187082881
903 3395 0.42005494743408056
903 3410 0.27803283383599
904 905 -0.09476840483081721
904 919 0.7166209258440444
904 3605 -0.60178871895079
904 3620 -0.2645837528997688
904 3455 -0.12362090909936163
904 3470 -0.017725002850848867
904 3485 -0.22195386766432434
904 3500 -0.36553141757305896
904 3515 -0.1988883972549486
904 3530 0.5372562931406808
904 3545 -0.30521040139278527
904 3560 -0.3177708911281899
904 3575 1.0
904 3590 0.5549177110668098
905 920 -0.742763807930091
905 3785 0.6595628421325559
905 3800 -0.16297779943095814
905 3635 0.13736204395455853
905 3650 0.005166825056735032
905 3665 0.2654535193598758
905 3680 -0.24549017681107596
905 3695 0.34449266260762673
905 3710 0.6985859738297968
905 3725 -0.5578949295486086
905 3740 1.0
905 3755 -0.718996017010882
905 3770 -0.4297934984946086
918 919 0.14164325217086446
918 3425 0.09901334721836438
918 3440 -0.6905868473440706
918 3365 0.036425213726554655
918 3380 -0.21578809937230237
918 3395 0.46038681944182536
918 3410 0.419262491766128
919 920 0.15922595257130126
919 3605 -0.308691334712734
919 3620 -0.42724583983593883
919 3455 0.056710405325712594
919 3470 -0.5697580404024001
919 3485 -0.4577495653632376
919 3500 0.30447216871791066
919 3515 0.14061414588249432
919 3530 0.05130637240963742
919 3545 -0.0848968731165595
919 3560 -0.1846537227002267
919 3575 -0.7146608057332212
919 3590 0.2662022406867171
920 3785 0.30450430501351644
920 3800 0.5212918542098883
920 3635 -0.12966633794569773
920 3650 -0.16600641023232948
920 3665 0.1760697014346011
920 3680 -0.6485669738024568
920 3695 -0.7085546093398979
920 3710 0.027297560822525088
920 3725 0.48947318566509435
920 3740 0.3804692651599805
920 3755 -0.2940056470838236
920 3770 0.13879938375760204
933 934 0.22979251477741225
933 948 -0.00858281911253739
933 3425 0.09517507582124858
933 3440 -0.9173836014624503
933 3365 -0.5304309277851923
933 3380 0.26517873849718804
933 3395 0.14730445552755908
933 3410 0.2018819297618368
934 935 -0.40339667922363137
934 949 0.0927663900745379
934 3605 0.3926845833205253
934 3620 -0.33856047945496504
934 3455 0.21242367293751704
934 3470 -0.4235942625893063
934 3486 0.35183190980970136
934 3501 0.4836501562837384
934 3516 -0.3516591368723055
934 3531 -0.7554620752605782
934 3545 -0.21099547818628658
934 3560 -0.432540318157416
934 3575 -0.2800827000388196
934 3590 0.08119138979928495
935 950 -0.6013562274448377
935 3785 -0.17407319139316133
935 3800 -0.26781231720903903
935 3635 -0.20477230642019598
935 3650 0.3922665487238905
935 3666 0.21143140009448827
935 3681 0.830953481448049
935 3696 0.24253735988116795
935 3711 -0.2763904583492797
935 3725 0.2180762628402279
935 3740 -0.21341746132930933
935 3755 0.2965837248068047
935 3770 -0.4043591480812409
948 949 -0.12643140252702878
948 3425 0.8987254982438122
948 3440 0.35502228453916396
948 3365 0.021442366494698623
948 3380 -0.5536518756396287
948 3395 0.09388758127698187
948 3410 0.6125477947594463
949 950 0.37493624491719757
949 3605 -0.060160825054967414
949 3620 -0.6291240512398502
949 3455 0.530313454008795
949 3470 -0.111346028688044
949 3486 0.6632964508334835
949 3501 0.7459038552324163
949 3516 -0.43646276756324337
949 3531 0.36534802198245786
949 3545 -0.29154465311702976
949 3560 -0.6526401512978394
949 3575 0.19289409568381216
949 3590 0.15537136627079004
950 3785 0.006647474293597653
950 3800 0.789917034039267
950 3635 -0.13070663916635658
950 3650 -0.5466653519955543
950 3666 0.0002560722990643512
950 3681 -0.6212106617428899
950 3696 0.09529166252244634
950 3711 -0.16707106584833717
950 3725 0.08646255657916814
950 3740 -1.0
950 3755 -0.6172030567165704
950 3770 0.9979521092842847
963 964 -0.8910595935595093
963 978 0.395208004306602
963 3425 0.051643477712771176
963 3440 0.3311478097201405
963 3455 0.20820661752635672
963 3470 0.4003266112995278
963 3486 0.0783125648279306
963 3501 -0.26062049735377274
963 3516 -0.39445357419190313
963 3531 0.6131163877645508
963 3545 0.05087902098502706
963 3560 0.05731560547224133
963 3395 0.5818228695308605
963 3410 -0.2616658710622189
964 965 -0.059019584249789266
964 979 -0.23375525152468143
964 3605 -0.022110361384488197
964 3620 0.3745575363897958
964 3635 0.27720057017431565
964 3650 0.2677433950865297
964 3666 -0.9521055143665298
964 3681 -0.16704475317095185
964 3696 0.8235294611998512
964 3711 0.804965504808917
964 3725 0.471769091349698
964 3740 -0.8495867353247802
964 3575 -0.7020501941329559
964 3590 0.11635142655086869
965 980 0.3980631988501728
965 3785 0.28131752632677687
965 3800 -0.5104594140239639
965 3815 0.10273086918624373
965 3830 0.31692625175961747
965 3846 0.040046216164240395
965 3861 -0.28704324631020967
965 3876 0.5663671741644266
965 3891 0.03737376933659189
965 3755 0.5007638024112412
965 3770 -0.5893243672004906
978 979 0.8203126678942845
978 3425 0.681657931474224
978 3440 -0.23571091046535395
978 3455 0.4562294372225176
978 3470 -0.016202893087251254
978 3486 0.6309513016081904
978 3501 -0.9154961847394214
978 3516 -0.23219167815258207
978 3531 -0.3487664899474908
978 3545 -0.27826582607148304
978 3560 -0.017400839869306843
978 3395 -0.6917522592422299
978 3410 0.34021949156329173
979 980 0.38413897519920465
979 3605 -0.2502666936861278
979 3620 0.8020561759428654
979 3635 -0.5553211448311814
979 3650 0.1514206056874371
979 3666 -0.042541703337824546
979 3681 0.37633813480783707
979 3696 -0.3999083442736206
979 3711 -0.6501088438744678
979 3725 0.39987854282785357
979 3740 -0.2821067572705407
979 3575 0.07104149887635247
979 3590 -0.060274295493655636
980 3785 0.3406379284786624
980 3800 0.3927728411966839
980 3815 0.10617689607074361
980 3830 -0.40991816234702116
980 3846 0.418628501480485
980 3861 -0.061537710841381536
980 3876 -0.040376186294473024
980 3891 -0.842224747320875
980 3755 0.04664086806629781
980 3770 0.28522482052474496
993 994 0.03331641383543932
993 1008 -0.1768801378978812
993 3426 -0.24215106620585486
993 3441 0.2869452125555555
993 3456 -0.5667730369836788
993 3471 -0.06249203340805702
993 3486 -0.017312501332203002
993 3501 0.7014630816932461
993 3516 0.762581480270979
993 3531 -0.8625331478367911
993 3545 -0.019125902751020343
993 3560 0.6168670049001257
993 3395 0.279893684744396
993 3410 0.4149118136562548
994 995 0.015550904543087081
994 1009 -0.22410597596625736
994 3606 -0.3828997069714763
994 3621 -0.4678114931720036
994 3636 0.2917214369156654
994 3651 0.1856045488560469
994 3666 -0.06034639701303089
994 3681 0.4108974178588879
994 3696 0.6519499761009576
994 3711 -0.9270868168389242
994 3725 0.04647053559731688
994 3740 0.2785888356517995
994 3575 0.2884764563059567
994 3590 -0.5705390115898752
995 1010 -0.6268058429149941
995 3786 0.13531297528466907
995 3801 0.6255895790429198
995 3816 0.4628915333663267
995 3831 -0.8854714131120914
995 3846 0.020245363331116775
995 3861 0.4993387409525969
995 3876 0.22812088458939062
995 3891 -0.11647312450057018
995 3755 -0.4705067615764546
995 3770 0.8285986711559975
1008 1009 0.1063543301353549
1008 3426 0.5208665652625513
1008 3441 -0.37606579980948057
1008 3456 0.4085518045963186
1008 3471 0.5940768721382821
1008 3486 0.3914299069855011
1008 3501 -0.8735077321954641
1008 3516 -0.31327472808291534
1008 3531 0.22582316437977915
1008 3545 1.0
1008 3560 -0.13014933411496687
1008 3395 0.13188209901077505
1008 3410 -1.0
1009 1010 -0.09717751082786388
1009 3606 -0.4428872903808158
1009 3621 0.12829614118619698
1009 3636 0.44943815520617886
1009 3651 -0.03697322490016809
1009 3666 -0.010871260961619214
1009 3681 0.3050504440491292
1009 3696 0.3832981790972802
1009 3711 0.7402825849540833
1009 3725 -0.8673836425386178
1009 3740 0.5608841430520937
1009 3575 -0.03332541779058098
1009 3590 -0.281632885868031
1010 3786 0.36152940242934484
1010 3801 0.1176477898133866
1010 3816 -0.340959000306522
1010 3831 -0.18501398550228682
1010 3846 0.2615094492873991
1010 3861 -0.032546115489712917
1010 3876 -0.21578542084565294
1010 3891 0.09595494219553531
1010 3755 0.31367287804918903
1010 3770 0.6434522101273196
1023 1024 -0.2995601659186243
1023 1038 0.42853372166443365
1023 3426 0.34981540557339846
1023 3441 1.0
1023 3456 -0.636700685870323
1023 3471 -0.436210357738205
1023 3486 0.049014169838710576
1023 3501 -0.17696897457703273
1023 3365 0.7728165072618821
1023 3380 -0.014705744758887142
1023 3395 0.17852623338565146
1023 3410 -0.36295885317044907
1024 1025 -0.7033457594532111
1024 1039 0.3209831293156598
1024 3606 -0.46148521817285365
1024 3621 -0.1714249156806939
1024 3636 0.7162572599724328
1024 3651 -0.46471381639369663
1024 3666 0.16901470099589413
1024 3681 -0.5823573492456254
1024 3516 0.339756523507147
1024 3531 0.30035977835937683
1024 3545 -0.9201636672875788
1024 3560 -0.11764857527235258
1024 3575 0.8379769543789369
1024 3590 0.6129947259312328
1025 1040 -0.9239919266716339
1025 3786 -0.11948590621405526
1025 3801 -0.007554595326674761
1025 3816 -0.21744823166066857
1025 3831 0.4007581463219386
1025 3846 0.44288200746761075
1025 3861 -0.02720279778659493
1025 3696 -0.17004977860789922
1025 3711 -0.892160414543945
1025 3725 0.0038507025422174095
1025 3740 0.43085387514751555
1025 3755 -0.267644325083595
1025 3770 -0.6826053973768037
1038 1039 -0.5146564731280121
1038 3426 -0.406360730875554
1038 3441 -0.1337757699253268
1038 3456 0.5829647324353813
1038 3471 0.10159619290919997
1038 3486 -0.05271400022680977
1038 3501 -0.6842270232569916
1038 3365 0.40637865673191975
1038 3380 0.03186296187146722
1038 3395 -0.04183122168154295
1038 3410 0.9325671872639056
1039 1040 0.22398357331285768
1039 3606 0.15672339994572695
1039 3621 -0.364053795998472
1039 3636 -0.4379099631769439
1039 3651 0.2581377395021986
1039 3666 0.02273823257023667
1039 3681 -0.7020700249419388
1039 3516 -0.07362203916740422
1039 3531 0.17360585454550745
1039 3545 -0.2021232800833077
1039 3560 -1.0
1039 3575 0.28184246519215067
1039 3590 -0.7190288217008359
1040 3786 -1.0
1040 3801 0.1562057208522185
1040 3816 0.3709817942459187
1040 3831 -0.5530210534531996
1040 3846 0.07681396048623575
1040 3861 0.030329131850823924
1040 3696 -0.3771303766177597
1040 3711 -0.2608759748375154
1040 3725 -0.6848575479702514
1040 3740 -0.3779266593486016
1040 3755 -0.6389435880188147
1040 3770 0.8125650540565106
1053 1054 -0.5908764470385961
1053 1068 -0.14124899517629988
1053 3426 -0.16032693063011116
1053 3441 -0.5118176878098135
1053 3456 -0.6446666694316102
1053 3471 0.7043946788308976
1053 3486 0.0037017824666821767
1053 3501 -0.44646881065760086
1053 3366 0.32136071033453917
1053 3381 -0.22957554166863856
1053 3396 0.6261577618237888
1053 3411 -0.05529164074875634
1054 1055 0.19490604091488326
1054 1069 0.07378147445109189
1054 3606 -0.09417484155020475
1054 3621 0.45132332167629596
1054 3636 0.10598309519038933
1054 3651 0.20499110121438677
1054 3666 0.10180806737723648
1054 3681 -0.2774038362924243
1054 3516 0.42417359725688997
1054 3531 -1.0
1054 3546 0.6742537118358699
1054 3561 -0.732780428362834
1054 3576 1.0
1054 3591 0.33924397487836944
1055 1070 -0.5523180594426731
1055 3786 0.11650882510022313
1055 3801 0.9134357443778813
1055 3816 0.6122951399090261
1055 3831 0.41581622952352937
1055 3846 0.4447760158140243
1055 3861 -0.562839871750149
1055 3696 -1.0
1055 3711 -0.23487668660591768
1055 3726 -0.2557047523527177
1055 3741 -0.04226180863133929
1055 3756 -0.32626553633442246
1055 3771 -0.09377685860898281
1068 1069 0.31781770808342624
1068 3426 -0.29677558454723424
1068 3441 0.9728045468402533
1068 3456 -0.24428936651471403
1068 3471 0.5782862863118859
1068 3486 -0.1390721175682653
1068 3501 0.08331621852079106
1068 3366 -0.43048739170841743
1068 3381 -0.459639980725085
1068 3396 0.8306171723491568
1068 3411 -0.3380482342535608
1069 1070 -0.10762896106391036
1069 3606 -0.4882058240304069
1069 3621 0.2107338911630664
1069 3636 1.0
1069 3651 0.9235333687694438
1069 3666 -0.3912527472793446
1069 3681 0.25264834186622065
1069 3516 -0.7644335112818416
1069 3531 -0.6032495336110009
1069 3546 0.33300151710965903
1069 3561 0.21330440760972563
1069 3576 -0.6103925509573126
1069 3591 0.22208940468861949
1070 3786 -0.4089013359669954
1070 3801 -0.7004592145245091
1070 3816 -0.14356158019661028
1070 3831 1.0
1070 3846 0.4608414825636951
1070 3861 0.16956314831604016
1070 3696 0.23786990923454646
1070 3711 -0.2728029975557276
1070 3726 0.04254097841739924
1070 3741 0.057014646903273576
1070 3756 -0.15585635342694176
1070 3771 0.6116924249659274
1083 1084 0.11378347898716373
1083 1098 0.2719892020106355
1083 3426 0.5920992284202398
1083 3441 0.2065151522079904
1083 3366 -0.5830970602406997
1083 3381 0.8878175943960236
1083 3396 0.8043486951397929
1083 3411 -0.16148333867065093
1084 1085 0.2445243688548683
1084 1099 -0.8176723373389944
1084 3606 -0.09708807705948667
1084 3621 -0.08141450885928643
1084 3456 -0.12453609898060816
1084 3471 -0.45756164140534666
1084 3486 -0.3128497001748422
1084 3501 -0.2733049391067931
1084 3516 -0.39814395153507737
1084 3531 -0.8739548453995143
1084 3546 0.26944420301727656
1084 3561 0.22543475931960621
1084 3576 -0.0722990601884645
1084 3591 -0.24465880634390225
1085 1100 0.22308112023817472
1085 3786 -0.34174651777579823
1085 3801 0.5169850863824578
1085 3636 0.3607758556367054
1085 3651 0.2398867712175839
1085 3666 0.07084689213533492
1085 3681 0.860006886018807
1085 3696 -0.5978890047968183
1085 3711 -0.08904611641052194
1085 3726 -0.05914434596395317
1085 3741 -0.07840233638116696
1085 3756 -0.5812283814712541
1085 3771 0.09302436809822734
1098 1099 0.19718845353024889
1098 3426 -0.5984212473939344
1098 3441 -0.25279031933499657
1098 3366 0.6588882032612167
1098 3381 1.0
1098 3396 -0.425038765133036
1098 3411 -0.5649821096837632
1099 1100 -0.09912949257770412
1099 3606 -0.3676799641644591
1099 3621 0.18139555864879678
1099 3456 0.44380727368124323
1099 3471 0.22285685905865296
1099 3486 -0.5152615256379275
1099 3501 0.1315687706970014
1099 3516 0.27299331777244695
1099 3531 0.7481258888767937
1099 3546 -0.1930757666617323
1099 3561 0.6735025856729007
1099 3576 0.7866560661848121
1099 3591 0.2552731794658368
1100 3786 0.25659789177296666
1100 3801 -0.6676649087105625
1100 3636 0.2254376455053295
1100 3651 0.2919206683888687
1100 3666 -0.3959319779237843
1100 3681 0.8741543655216096
1100 3696 -0.14511188120642116
1100 3711 0.396904116748378
1100 3726 -0.4474155063264034
1100 3741 -0.037972576031902114
1100 3756 -1.0
1100 3771 0.25227331324601693
1113 1114 0.37508457246015003
1113 1128 0.17049903564133329
1113 3426 -0.2965272558071902
1113 3441 0.2989087940271295
1113 3366 -0.0339472496410791
1113 3381 -1.0
1113 3396 0.18759368917709968
1113 3411 0.5576012314233972
1114 1115 0.5082076543498343
1114 1129 -0.2643512286812839
1114 3606 0.47581190440390225
1114 3621 -0.1783439059300631
1114 3456 -0.016358076929753388
1114 3471 -0.38042997534001494
1114 3546 0.6715051102988596
1114 3561 -0.488067116186855
1114 3576 0.0016876787201750814
1114 3591 0.24899702111260033
1115 1130 0.03629441728735108
1115 3786 0.14595061347557364
1115 3801 0.817274848071655
1115 3636 -1.0
1115 3651 0.7477156546025366
1115 3726 -0.5156658232763944
1115 3741 -0.18376485978694712
1115 3756 0.13777430055988124
1115 3771 -0.755321802914962
1128 1129 -0.31708344859687193
1128 3426 0.42235796980099566
1128 3441 0.16133284266524447
1128 3366 -0.22418872550225033
1128 3381 0.31670748159217205
1128 3396 -0.3435203503528887
1128 3411 -0.04439175124564533
1129 1130 0.21348563403548548
1129 3606 0.8512935177199544
1129 3621 -0.34552298511878526
1129 3456 -0.6305453523427125
1129 3471 -0.7982734616826679
1129 3546 -0.854057114999853
1129 3561 -0.6928580259981383
1129 3576 0.11607538066800245
1129 3591 -0.3301974251176832
1130 3786 -0.37950725988576783
1130 3801 -0.38358351111791894
1130 3636 0.5855786120509412
1130 3651 0.6939964509540375
1130 3726 0.2194958265682645
1130 3741 0.0825948923373848
1130 3756 0.20515520934451228
1130 3771 0.37939986555579713
3364 3365 -0.052387695257354115
3364 3379 -0.39897369814421013
3365 3366 -0.5141309018500753
3365 3380 -0.6914499628999495
3366 3381 0.6356997510360549
3379 3380 -0.05020096365002563
3380 3381 -0.7658575241891031
3394 3395 0.5569700644229162
3394 3409 0.23447909358378993
3395 3396 -0.6454482587710324
3395 3410 -0.10277841191987042
3396 3411 0.18438621816934095
3409 3410 0.06623670244586664
3410 3411 -0.4420005425052276
3424 3425 -0.5506167445335475
3424 3439 -0.7037006593587201
3425 3426 -0.18202582658774097
3425 3440 -0.3476655512424002
3426 3441 -0.5141872778592578
3439 3440 -0.12852578280226887
3440 3441 -0.6700741903984192
3454 3455 -0.6679923554288063
3454 3469 -0.630811699980818
3455 3456 0.4359219018052312
3455 3470 -0.015407871938142794
3456 3471 0.30190374390694763
3469 3470 -0.7179595076726994
3470 3471 -0.36355121225015835
3484 3485 0.45039477258930327
3484 3499 0.18424362788331297
3485 3486 -0.12559714487745097
3485 3500 0.2586287046196285
3486 3501 -0.7880616552596077
3499 3500 0.0059223905817589245
3500 3501 -0.6050707843444779
3514 3515 -0.2839567705015188
3514 3529 -0.4732450110577863
3515 3516 0.6694967261724812
3515 3530 0.19129995649129514
3516 3531 -0.9175631111762195
3529 3530 -0.23026699047104027
3530 3531 -0.2815736096148303
3544 3545 0.2671434894398454
3544 3559 0.5396622586951408
3545 3546 -0.6549447276126598
3545 3560 -1.0
3546 3561 0.305704595999245
3559 3560 0.36834791323116467
3560 3561 -0.3368879911917743
3574 3575 0.688494977782533
3574 3589 -0.018445250793229926
3575 3576 0.026119702520272528
3575 3590 0.584734277644367
3576 3591 1.0
3589 3590 0.5683713020058521
3590 3591 0.10380191253973997
3604 3605 0.49784062161172704
3604 3619 -0.11144808722025377
3605 3606 0.6192973339538694
3605 3620 0.6000503504690566
3606 3621 -0.6871295122718969
3619 3620 0.41502723188059604
3620 3621 -0.3946858808575333
3634 3635 0.20444684648505745
3634 3649 -0.4126807038026445
3635 3636 -0.5166908578650476
3635 3650 -0.01420763141620716
3636 3651 -0.2700107790756054
3649 3650 -0.3726828317566672
3650 3651 -0.6346190724955549
3664 3665 -0.004635336003328343
3664 3679 0.5819371257421568
3665 3666 0.33594467938141004
3665 3680 0.024599725877109263
3666 3681 -0.5228643562625381
3679 3680 -0.2636143327190076
3680 3681 0.5109855023766487
3694 3695 0.0902063055955019
3694 3709 -0.5476340518403223
3695 3696 -0.07635217115233235
3695 3710 -1.0
3696 3711 0.39929280042913623
3709 3710 -0.0594032275636834
3710 3711 0.8415006494992923
3724 3725 -0.9989430063884489
3724 3739 -0.5343822869860703
3725 3726 0.21212603394933757
3725 3740 0.3230327948941194
3726 3741 0.6301341261348566
3739 3740 -0.05773170987701987
3740 3741 -0.8552486550418186
3754 3755 -0.9874369555798691
3754 3769 0.3342306945976538
3755 3756 -0.6539600942640141
3755 3770 0.6357240638672296
3756 3771 -0.22293865712413488
3769 3770 -0.7262994162472861
3770 3771 -0.6086159999488564
3784 3785 -0.44857064733290464
3784 3799 -0.7535553767715135
3785 3786 -0.28000654061205005
3785 3800 -0.11006515823754617
3786 3801 0.09476394920457881
3799 3800 -1.0
3800 3801 -0.19193306393834178
3814 3815 0.23553114787765628
3814 3829 -0.38784705904781475
3815 3816 -0.09804863016788246
3815 3830 0.17885311741821566
3816 3831 -0.16828693899428973
3829 3830 0.256110240401204
3830 3831 0.9340199557992842
3844 3845 1.0
3844 3859 0.191743497446565
3845 3846 0.6167459182523384
3845 3860 -0.3650934231506478
3846 3861 0.5826559494733067
3859 3860 -0.03694991871567906
3860 3861 -0.06474209248187411
3874 3875 0.0643045072648691
3874 3889 -0.29972124517547555
3875 3876 -0.4658744984620579
3875 3890 -1.0
3876 3891 -0.16160007993200304
3889 3890 0.18636109455051125
3890 3891 1.0
