# 
603 603 -0.6475962407470784
604 604 1.0685832537883355
605 605 0.9054665980606599
618 618 0.6814957145462188
619 619 -0.6791288984753906
620 620 -0.24971948708621053
633 633 -0.7499346966094249
634 634 0.37158252637727035
635 635 -1.4409522853864514
648 648 -0.8810561448817709
649 649 2.0618756091216124
650 650 0.33625406628840404
663 663 0.3517276185375277
664 664 1.6625658546136246
665 665 -0.40691638792855345
678 678 -1.150583283878712
679 679 0.6736937803450385
680 680 -0.5961810429415546
693 693 -0.03882851778579086
694 694 1.0770714330469546
695 695 -1.026485797447428
708 708 -1.833412281354116
709 709 0.35600006737423423
710 710 1.5273643412794442
723 723 -0.8582021795607707
724 724 0.12396518403799547
725 725 0.07818337776033435
738 738 0.4690154391349635
739 739 -2.180616222837399
740 740 0.2690824444812119
753 753 -2.5963990456242447
754 754 -0.14991450228639383
755 755 -0.20413223810191503
768 768 1.0364983771258292
769 769 -0.04498186084993299
770 770 -0.09740185521587624
783 783 1.3625173624277196
784 784 -0.3626874020102751
785 785 0.8569562539553462
798 798 0.06291285296602789
799 799 0.04947888156858567
800 800 -0.4910081774204436
813 813 0.1585565548503234
814 814 -1.7405993049393638
815 815 -0.21717227278322257
828 828 -0.532713424726371
829 829 0.04621165574817081
830 830 0.4682410213936055
843 843 0.36307948732549106
844 844 -2.027767519376182
845 845 0.6604235064287237
858 858 0.8093995672234324
859 859 -0.1669960593661249
860 860 -0.17967907861321297
873 873 1.2651839418582211
874 874 -0.300977859210045
875 875 1.2794954352746735
888 888 -0.5196126369719838
889 889 1.4363104299008085
890 890 -0.18007008734200122
903 903 2.2137907371314567
904 904 0.0992215878637422
905 905 -1.0842960683777532
918 918 1.4097075029001642
919 919 -1.1959848166473572
920 920 -0.7769624109497164
933 933 1.9487695740837159
934 934 -1.5963791076398532
935 935 -0.1765458904541291
948 948 -1.5073742135602648
949 949 -0.7483219004852718
950 950 -0.5804031449314568
963 963 -0.010882056292556484
964 964 -0.47991224940215566
965 965 -0.5269364234253863
978 978 -0.1877130473266547
979 979 -0.48733938620466655
980 980 0.5432023143840108
993 993 1.1374906606780533
994 994 -1.1280099062133848
995 995 0.3115481623303298
1008 1008 -0.39099113716707384
1009 1009 -1.1845570760651745
1010 1010 -1.215770813614185
1023 1023 -0.1309649850450596
1024 1024 0.49989414735269944
1025 1025 -0.020685210520872993
1038 1038 0.38018258354674
1039 1039 1.3439443986166673
1040 1040 0.3262810743126937
1053 1053 -0.20440123210934494
1054 1054 1.4574661716775967
1055 1055 -0.8561745157738732
1068 1068 0.30701298340366323
1069 1069 1.135672146651436
1070 1070 1.0882026011485497
1083 1083 -1.3028836698659279
1084 1084 1.558963384672701
1085 1085 -0.6927122524003502
1098 1098 -2.0691744415950732
1099 1099 -0.043428883021645
1100 1100 0.3709808334633884
1113 1113 -0.001992310940157116
1114 1114 -0.1179001644962412
1115 1115 0.011559981876995586
1128 1128 0.11861544792699395
1129 1129 0.20298785408445394
1130 1130 0.1998504968804979
3364 3364 -0.5186204526210779
3365 3365 -0.07787391775887183
3366 3366 0.3360119861942158
3379 3379 -0.9888511482992414
3380 3380 -0.15174068960513695
3381 3381 -1.7621637184955663
3394 3394 -0.8740058268917542
3395 3395 2.1619727578609416
3396 3396 1.156620458270512
3409 3409 0.2287013762969274
3410 3410 -0.2983186432037246
3411 3411 -1.5796270190233483
3424 3424 -0.7573544113418315
3425 3425 0.5794363437216136
3426 3426 0.9910492622900224
3439 3439 -0.629269259782479
3440 3440 0.3081477804495466
3441 3441 1.723983808933008
3454 3454 0.8996927071932725
3455 3455 0.12050540791149901
3456 3456 -0.6855104474301253
3469 3469 0.5918280527562819
3470 3470 -0.22732007893847544
3471 3471 -1.0366472264772983
3484 3484 -0.07628508094462892
3485 3485 -0.09123680866993379
3486 3486 1.9863107679801153
3499 3499 -3.2349098618290655
3500 3500 0.6447982658628382
3501 3501 0.7560748938575214
3514 3514 -0.01273621216967361
3515 3515 0.865817040539702
3516 3516 1.2770304212682906
3529 3529 0.026116759879971446
3530 3530 -0.28021239474990295
3531 3531 -0.30333382365469025
3544 3544 0.14994505232133348
3545 3545 2.2915245634148995
3546 3546 -1.5253752908712515
3559 3559 0.26263818525553034
3560 3560 0.4861893066538816
3561 3561 1.9745996190653288
3574 3574 0.9845370084570817
3575 3575 -0.6614668248714175
3576 3576 -0.8847432269077453
3589 3589 -0.633757277534614
3590 3590 -0.14604534603255784
3591 3591 -2.622891913465361
3604 3604 -1.6424918241477129
3605 3605 0.3792744550888654
3606 3606 -0.6160409289077519
3619 3619 1.0918371783817393
3620 3620 -2.4542707904843706
3621 3621 -0.5999031894331415
3634 3634 -0.34713323567256443
3635 3635 0.09984206593390521
3636 3636 -0.2723890437277681
3649 3649 0.8851313916463529
3650 3650 0.5615182302951125
3651 3651 0.23540482460412
3664 3664 -1.7409910790303582
3665 3665 -1.6636050401339912
3666 3666 -0.028862871674163976
3679 3679 -0.6462587035449252
3680 3680 -1.7726751287370885
3681 3681 1.8918926213282172
3694 3694 -1.4573127884229926
3695 3695 -0.23981923373772665
3696 3696 -0.07681341314186375
3709 3709 1.5067573360191564
3710 3710 0.5711447897505727
3711 3711 0.4865723149725822
3724 3724 0.883212377858902
3725 3725 1.2371319099386084
3726 3726 0.6316906883978829
3739 3739 1.4181696693047452
3740 3740 1.900005669949222
3741 3741 -1.1012930560561238
3754 3754 1.137832317937777
3755 3755 0.1752906123832095
3756 3756 -0.011896634893778325
3769 3769 0.9305031065834198
3770 3770 -0.3712016822181778
3771 3771 0.6594946317983283
3784 3784 -1.1234815482615972
3785 3785 0.3365836660334728
3786 3786 -1.5388801095788882
3799 3799 1.4258629829338725
3800 3800 -0.6274659370141962
3801 3801 2.230337762748136
3814 3814 -2.156759565935187
3815 3815 -0.3335475436424548
3816 3816 -0.023475889153549413
3829 3829 -0.7945971339986513
3830 3830 -0.1449665996230065
3831 3831 1.182340492018914
3844 3844 -0.6716301260455461
3845 3845 -0.8323933772100662
3846 3846 0.29173385903955734
3859 3859 -0.9127588309346734
3860 3860 1.4623690477383173
3861 3861 -0.5773195473033198
3874 3874 -0.49149579105106106
3875 3875 0.31155569524049437
3876 3876 -1.6717866064562668
3889 3889 1.429658099288953
3890 3890 0.06963412546545532
3891 3891 0.8310152863042923
603 604 0.19531288952722226
603 618 0.23683090361686385
603 3484 0.38356512182862784
603 3499 1.0
603 3514 -0.05473316209559652
603 3529 0.5311627392089545
604 605 0.4264994775099599
604 619 0.4156610780394733
604 3664 -0.01468995077150502
604 3679 0.530023939120026
604 3694 0.4945785530079841
604 3709 -0.12613613056455047
605 620 0.6373299183894511
605 3844 -0.0946863315250244
605 3859 0.11832405716072927
605 3874 -0.09019478790392539
605 3889 -0.02398515492162962
618 619 -0.2206493153343296
618 3484 0.016092210997985728
618 3499 -0.37112677878148675
618 3514 -0.43517426661369024
618 3529 -0.2859010587590648
619 620 -0.3741531069821793
619 3664 -0.1876743132045783
619 3679 0.34343860963973394
619 3694 -0.12757527008193836
619 3709 -0.3501747824238969
620 3844 -0.10401392603129597
620 3859 0.36331580295772187
620 3874 -0.7691299369176512
620 3889 0.16005478951370186
633 634 0.04774600631324571
633 648 0.08696512412065757
633 3424 -0.948510296840314
633 3439 0.3148485058559087
633 3454 0.04491226392120491
633 3469 -0.5858812554017255
633 3484 -0.10705170688669763
633 3499 0.9614374309598862
633 3514 -0.14471843440211932
633 3529 -0.48074213667050175
634 635 -0.06319187085466717
634 649 0.9074994427289244
634 3604 0.8113816283374494
634 3619 -0.13939227611826374
634 3634 0.30542493615486044
634 3649 -0.5369671333364583
634 3664 -0.3460019295238544
634 3679 0.5776089349170416
634 3694 -0.5276815344902018
634 3709 -0.40351126048855895
635 650 0.027906535188999576
635 3784 0.2441261265132956
635 3799 -0.4947449237719296
635 3814 -0.4835820699767752
635 3829 -0.11300870229542041
635 3844 -1.0
635 3859 0.2191768719773758
635 3874 -1.0
635 3889 0.2941107820431263
648 649 0.3006485792279515
648 3424 0.9577969985125733
648 3439 -0.47327152609051043
648 3454 0.32678873252357127
648 3469 -0.06746467924180852
648 3484 -0.00626798978302375
648 3499 0.20722526043720346
648 3514 -0.28932810186971347
648 3529 -0.28754536033287464
649 650 0.639583369187583
649 3604 0.19339660320899332
649 3619 0.48947233065248225
649 3634 -0.22213573826440236
649 3649 0.5349429478475851
649 3664 -0.6405694548190993
649 3679 -0.5353574036865378
649 3694 0.24764434707172314
649 3709 -0.5204958761201628
650 3784 0.05824603936420442
650 3799 -0.36051824294287305
650 3814 -0.1100256684093505
650 3829 0.07366994520142042
650 3844 -0.1726059561194849
650 3859 -0.005676294596657883
650 3874 -1.0
650 3889 -0.17250276525825306
663 664 -0.2795576292201787
663 678 0.674958841763305
663 3424 -0.11452509577109546
663 3439 0.8545816846239684
663 3454 -0.4481252533169499
663 3469 -0.10373960121503176
663 3484 0.3045404096502003
663 3499 0.16288250752351047
664 665 0.8121029914749596
664 679 0.032990214387279705
664 3604 1.0
664 3619 -0.4368522328954505
664 3634 -0.5291590239314449
664 3649 -0.5686170274179018
664 3664 0.5106046669255473
664 3679 1.0
664 3514 0.1747136667681161
664 3529 -0.4292244460121995
665 680 -0.2115096708267602
665 3784 -0.09546867286464726
665 3799 0.2021889714153997
665 3814 -0.5341439220604481
665 3829 0.7566242564489247
665 3844 0.12240950437876924
665 3859 -0.17860054951087734
665 3694 -0.4010099082129484
665 3709 1.0
678 679 -0.21227172656408855
678 3424 -0.1504019159471598
678 3439 0.6936203821147867
678 3454 -0.560402242980382
678 3469 -0.36335174767547124
678 3484 -0.7231559019501068
678 3499 -0.4513569432336403
679 680 -0.2717437642117044
679 3604 -0.2050646836487164
679 3619 1.0
679 3634 0.1480871283401034
679 3649 0.37931910289764537
679 3664 0.250725937892389
679 3679 -1.0
679 3514 0.04311735481059525
679 3529 -0.19630875784421026
680 3784 0.3124332529409441
680 3799 -0.5198036925780739
680 3814 0.7831865938089964
680 3829 0.6941787139496679
680 3844 0.2589385273535286
680 3859 -0.17791624416403404
680 3694 -0.5767223941371756
680 3709 0.8042045435596624
693 694 0.2366161419287311
693 708 -1.0
693 3424 0.012678984962383092
693 3439 0.12857928352713743
693 3454 -0.30187542030709213
693 3469 -0.6994363808066059
693 3484 0.03314604754157777
693 3499 -0.4137668714129117
693 3364 0.2866432768396103
693 3379 -0.28557711604300445
693 3394 0.846839109886653
693 3409 0.1582005364174419
694 695 0.9519301537150724
694 709 -1.0
694 3604 -0.23531401765979237
694 3619 -0.08022967590481334
694 3634 -0.2707904973917797
694 3649 0.40763233248008524
694 3664 0.39621271820712983
694 3679 0.1888848089992477
694 3514 -0.10907871390752505
694 3529 -0.05820525885065535
694 3544 0.12812102269487677
694 3559 -0.7929055792515182
694 3574 0.40129606249170313
694 3589 0.5470889465402602
695 710 -0.9704961089242538
695 3784 0.28589610492568407
695 3799 0.2836803676637523
695 3814 1.0
695 3829 -0.40171112485706584
695 3844 0.630295530052467
695 3859 0.8256960650253943
695 3694 -0.2375131299516702
695 3709 0.36787737980450813
695 3724 0.1601930101540196
695 3739 -0.6249150102395469
695 3754 -0.9281311689895944
695 3769 0.5271513361583885
708 709 0.18986170098253843
708 3424 -0.6966947625596921
708 3439 -0.8050731534482729
708 3454 0.03964924734123675
708 3469 -0.3163725865798629
708 3484 -0.05831846472729648
708 3499 0.18507464852884467
708 3364 -0.28794868851743555
708 3379 -0.5324876208649254
708 3394 0.06457150255943957
708 3409 -0.6127781758633887
709 710 1.0
709 3604 -0.3579833450444011
709 3619 -0.24225490903610145
709 3634 -0.5752063815483234
709 3649 0.1811612038456234
709 3664 0.25651232488105336
709 3679 0.779237736940891
709 3514 -0.17325069907183327
709 3529 -0.43405415305563394
709 3544 0.061102141717289275
709 3559 0.6958502065886195
709 3574 -0.1898977400791544
709 3589 0.5026081977306525
710 3784 -0.4108219631768765
710 3799 0.8895881973051936
710 3814 0.5090839359353413
710 3829 0.6136857565642093
710 3844 0.3460004239460977
710 3859 0.7062944491590426
710 3694 0.705805264393482
710 3709 0.4504851268678537
710 3724 -0.12719565465480087
710 3739 0.17646002928798105
710 3754 -0.7657803823519674
710 3769 -0.27524636748186804
723 724 -0.5506906114114147
723 738 -0.5554400543460813
723 3424 0.809348961929071
723 3439 0.46201329294970145
723 3364 -0.23025156319301218
723 3379 -0.3945157691393673
723 3394 -0.39956415519087657
723 3409 -0.8043060238911602
724 725 0.5247892947390944
724 739 0.34838328095245225
724 3604 0.21859683138501992
724 3619 0.10039089403635561
724 3454 -0.551498128025241
724 3469 0.5837216806946999
724 3484 -0.8500851624328233
724 3499 0.8854138460822265
724 3514 -0.15846121271203836
724 3529 0.8108545692029038
724 3544 0.5265536704154443
724 3559 0.3257505027329247
724 3574 0.6514949536509654
724 3589 -0.008954742918819725
725 740 0.5591997456525134
725 3784 0.3481925918217908
725 3799 -0.11169703077664059
725 3634 -0.34114870366983885
725 3649 0.7557625652757524
725 3664 -0.6990534313162045
725 3679 0.5915565830917082
725 3694 0.3106430878615361
725 3709 -0.15675412028749616
725 3724 -0.23345354421030395
725 3739 -0.2845670555171788
725 3754 -1.0
725 3769 0.4455015923699377
738 739 0.016298181768879167
738 3424 0.5817838844749736
738 3439 0.9473672878229745
738 3364 -0.06616851500733603
738 3379 -0.46153119632553774
738 3394 0.5148172198572588
738 3409 -0.3123130180373446
739 740 0.47937928425702736
739 3604 0.6009491965664563
739 3619 0.5688369640249517
739 3454 -0.29563493511418154
739 3469 -0.7946405551825448
739 3484 0.1623460189815461
739 3499 -0.26817224194806744
739 3514 0.14253889354055568
739 3529 0.31334298968591406
739 3544 0.021600152207521078
739 3559 0.24116153645431068
739 3574 -0.8589157548277955
739 3589 0.00811849935564002
740 3784 -0.1280811325113217
740 3799 -0.26015134425099545
740 3634 -0.4167372625069585
740 3649 0.0037016103345437665
740 3664 -0.17587115728851624
740 3679 -0.27392052572806347
740 3694 1.0
740 3709 -0.056491844972383805
740 3724 -0.3289525658201151
740 3739 -0.4574738274604156
740 3754 -0.8560154795726901
740 3769 0.12812740845587087
753 754 -0.1120423260494866
753 768 0.019386916260928703
753 3424 -0.04989653063650463
753 3439 0.05361285979726637
753 3364 -0.8739517401802827
753 3379 -0.8955368896458593
753 3394 0.25407174108018554
753 3409 -0.012289442123419555
754 755 0.01094600192308365
754 769 -0.5522604741694549
754 3604 -0.7305424138951406
754 3619 -0.10504438465558012
754 3454 -0.30564051941827236
754 3469 -0.8737913934807917
754 3485 -0.6085546007860997
754 3500 0.019122782595372107
754 3515 -0.6956478150515689
754 3530 -0.2500979736231821
754 3544 -0.5775964720121994
754 3559 -1.0
754 3574 0.28042763749746724
754 3589 0.22040662812577713
755 770 -0.4919304719434762
755 3784 0.25268706471386265
755 3799 -0.16553248299128198
755 3634 -0.8445982759068001
755 3649 -0.3108721828802179
755 3665 -0.0755696462096247
755 3680 0.4117667101596647
755 3695 0.04593509055106988
755 3710 0.6007916473051236
755 3724 0.08641005974961252
755 3739 -0.3767000119791182
755 3754 -0.16411960253860794
755 3769 -0.5736558655459526
768 769 0.03572314520161282
768 3424 0.7401233456484925
768 3439 0.2389420397318731
768 3364 -0.03536951875146997
768 3379 0.30274774667967935
768 3394 -0.2236337122342436
768 3409 0.3285990184978812
769 770 0.0390372371900664
769 3604 -0.21633991799159685
769 3619 0.24343953271481936
769 3454 0.6262556920698453
769 3469 0.1922228474780008
769 3485 1.0
769 3500 -0.17415939329121358
769 3515 -0.3417906559703481
769 3530 -0.4079791094505125
769 3544 -0.10898580435706251
769 3559 -0.2856605848286363
769 3574 -0.8268824689472706
769 3589 -0.7028243517692387
770 3784 0.007194290076917888
770 3799 -0.19628291130247258
770 3634 -0.756315905769654
770 3649 -0.015260027859370435
770 3665 0.7553237436435706
770 3680 0.06406227189160786
770 3695 -0.45482209334956913
770 3710 1.0
770 3724 1.0
770 3739 -0.5107929569196744
770 3754 0.8209528561486857
770 3769 -0.11221664878760076
783 784 0.12292113708548384
783 798 -0.027563920818748974
783 3424 -0.11900127979005062
783 3439 -0.03746738908938069
783 3454 -0.021257757513766986
783 3469 0.9978556494838396
783 3485 1.0
783 3500 0.16832317933669438
783 3515 0.24446433922905525
783 3530 -0.2948167052230152
783 3544 0.6716321214301605
783 3559 -1.0
783 3394 0.1412160323737645
783 3409 0.46554117329156924
784 785 0.5355772294436767
784 799 0.5010095725904049
784 3604 0.3491904971811909
784 3619 0.27884917097530815
784 3634 -1.0
784 3649 0.3251242229120562
784 3665 -0.236641894043934
784 3680 -0.2182758876210334
784 3695 -0.7178113357846875
784 3710 -0.5310503367001276
784 3724 0.7551640707420695
784 3739 -0.3937021933687402
784 3574 -0.3451049346143839
784 3589 -0.23609258952835485
785 800 -0.18629038716393578
785 3784 -0.8266806660327497
785 3799 0.08862602210984037
785 3814 0.16714519289824223
785 3829 0.12129854430690393
785 3845 -0.3412424375066774
785 3860 0.4975237263072075
785 3875 -0.11531781537826058
785 3890 0.48596983033962776
785 3754 -0.09511379807823678
785 3769 -0.13830540787006024
798 799 0.22647143886955742
798 3424 0.6119243624422066
798 3439 -0.3978089121781604
798 3454 -0.2108264286746101
798 3469 0.5137056414041279
798 3485 0.39936238774180943
798 3500 -0.2989588872809279
798 3515 0.25909885177946357
798 3530 -0.08429599829514978
798 3544 -0.42488409848619707
798 3559 -0.17737267934116926
798 3394 -0.2142888407953809
798 3409 0.0783093224235321
799 800 -0.6452839900523643
799 3604 0.0543010318482002
799 3619 0.5797516037268535
799 3634 -0.44542127848994956
799 3649 -0.19812968386453705
799 3665 -0.11434035877471246
799 3680 0.5547277964721107
799 3695 -0.03386055809150703
799 3710 0.02796064729273691
799 3724 0.10056317471100923
799 3739 -0.5059629578989261
799 3574 0.30166392334551667
799 3589 0.606310510721518
800 3784 -0.3960630260515706
800 3799 -0.8028965596698042
800 3814 0.721215908843732
800 3829 0.17985611259051296
800 3845 0.35830927120548395
800 3860 -0.02871081878419888
800 3875 -0.023657402889329028
800 3890 0.5562776859227685
800 3754 0.4280102552972485
800 3769 -0.03077583390310059
813 814 0.5152194231658521
813 828 0.43421255691000615
813 3425 -0.05416657027104862
813 3440 -0.411547554508423
813 3455 0.5883528875863179
813 3470 0.8117081233268748
813 3485 0.1803109865414509
813 3500 -0.36709206443742104
813 3515 -0.934182182232727
813 3530 -0.8375527401228358
813 3544 -0.004579485254935918
813 3559 -1.0
813 3394 0.5794607917584056
813 3409 0.04245066697252841
814 815 0.09987273414239241
814 829 0.24366216167198756
814 3605 0.08091555975234493
814 3620 0.0043918729570690904
814 3635 -0.06515002877729939
814 3650 -0.13158959980693444
814 3665 0.44369750177341943
814 3680 0.4015284360148169
814 3695 -0.5430500864795167
814 3710 -0.6192604813568626
814 3724 0.15821812079617303
814 3739 0.03165868683644912
814 3574 0.8205221908112074
814 3589 -0.2362482557295669
815 830 -0.41591971388338894
815 3785 0.6246131943643323
815 3800 0.07872557909660365
815 3815 -0.34784315151839595
815 3830 -0.6062485585364336
815 3845 -0.6247228056784762
815 3860 -1.0
815 3875 -1.0
815 3890 -0.022504176806391503
815 3754 0.2100788713646471
815 3769 0.47724643125498084
828 829 -0.14900666266273452
828 3425 -0.5883883723551241
828 3440 0.1608595135223798
828 3455 -0.03702051021773079
828 3470 0.9177098410321265
828 3485 -0.6271428664450147
828 3500 -0.07713423338311279
828 3515 0.1410575312802575
828 3530 0.027958543554576405
828 3544 0.4943460455264894
828 3559 0.39752722447209005
828 3394 0.37761936840748256
828 3409 -0.026721242168984194
829 830 -0.9278390664111434
829 3605 -0.4814809511111392
829 3620 0.5358873332292076
829 3635 0.23835417803845635
829 3650 -0.2888435949071485
829 3665 -0.3232672027470507
829 3680 0.332558572774559
829 3695 0.3091714416640517
829 3710 0.2628506596241583
829 3724 -0.21159798009595224
829 3739 0.5116951692322005
829 3574 0.03341037361241168
829 3589 0.11959685814019105
830 3785 0.34219786985574996
830 3800 -0.1064578047217955
830 3815 0.59870413559935
830 3830 0.6446433803464362
830 3845 -0.5594515157765861
830 3860 -0.3156571310336811
830 3875 0.04785702159737936
830 3890 0.8240694195871932
830 3754 -0.5294349631292532
830 3769 -0.220470834360422
843 844 0.006530640159512689
843 858 0.24289931012200808
843 3425 0.23874538292061784
843 3440 0.38250648697021555
843 3455 0.30698541818238323
843 3470 0.33877387561069927
843 3485 0.3978517539815768
843 3500 0.3720071803522646
843 3364 0.5050916960631975
843 3379 -0.10886479208583712
843 3394 -0.4467453494264355
843 3409 -0.49893461472809825
844 845 0.8077867197562268
844 859 0.7771829325353491
844 3605 0.10394821443600286
844 3620 0.6627670678694765
844 3635 0.5986282513810529
844 3650 -0.1375216671724977
844 3665 0.24015058976261267
844 3680 -0.24804650330899597
844 3515 -0.38353759808171256
844 3530 0.32331372489783533
844 3544 -0.9580946338578679
844 3559 0.17647811132281688
844 3574 0.2127627594391197
844 3589 0.35043242433562116
845 860 -0.7308431724732989
845 3785 -0.7760769276629536
845 3800 -0.017726877849925077
845 3815 -0.17591912143800503
845 3830 0.9441321124017709
845 3845 -0.4282335022708948
845 3860 1.0
845 3695 -0.9148193722128749
845 3710 0.451682834909763
845 3724 0.05236838709617793
845 3739 0.2337307149380228
845 3754 0.3415873278839963
845 3769 -0.24662173158658687
858 859 -0.1499958649884783
858 3425 1.0
858 3440 0.2390642426167345
858 3455 0.23770013721383165
858 3470 -0.5877361278813545
858 3485 -0.9559119424838676
858 3500 -0.33051526348331
858 3364 -0.5648555247141412
858 3379 0.3106444156735096
858 3394 -0.6777739300006815
858 3409 -0.731990833070503
859 860 0.3543836325864106
859 3605 0.15915545231856754
859 3620 -0.7917480819585418
859 3635 0.9385982262355197
859 3650 0.553577386525059
859 3665 -0.16657863047019714
859 3680 0.9459759688790623
859 3515 0.05760238512930793
859 3530 -0.5727747948176596
859 3544 0.17154646056712172
859 3559 -0.5670938772817897
859 3574 -0.05656156672715608
859 3589 -0.19153190631739583
860 3785 0.3817574204276332
860 3800 0.20620232121769774
860 3815 0.9118741559574406
860 3830 0.018570980481372335
860 3845 -0.4736384873138205
860 3860 0.08152041651992335
860 3695 -0.3362291824680343
860 3710 -0.5656457271168757
860 3724 0.01714918977215861
860 3739 0.17654661089514473
860 3754 -0.7421809588456214
860 3769 0.18394599809928414
873 874 -0.7282752991891401
873 888 -0.30971706094741785
873 3425 -0.5427543511892494
873 3440 -0.3185732799848289
873 3455 -0.6177474832645606
873 3470 -1.0
873 3485 0.5789225730432868
873 3500 -0.3249815430914951
873 3365 -0.007457395587099841
873 3380 0.6195093554567285
873 3395 -0.43794944311589556
873 3410 0.16859138809912522
874 875 0.9133920373755909
874 889 0.11705895761914885
874 3605 -0.7608623042707817
874 3620 -0.2887049694524165
874 3635 0.7374152211892592
874 3650 -0.3805589580661763
874 3665 0.3907445459176662
874 3680 -0.8654698570253411
874 3515 0.29223498810931364
874 3530 -0.14578208778668664
874 3545 -0.8357030782347631
874 3560 0.9855699498006925
874 3575 -0.8528256018491279
874 3590 0.615055349814689
875 890 0.5921812233625685
875 3785 0.08701497897049745
875 3800 -0.09629087769470752
875 3815 -0.3516882957296775
875 3830 -0.5410197915807123
875 3845 0.7140936791298454
875 3860 -0.7033764573695916
875 3695 -0.4150538542312727
875 3710 -0.5172229302353648
875 3725 -1.0
875 3740 -0.07909396283358056
875 3755 0.28333175085781226
875 3770 -1.0
888 889 -0.7405598444680453
888 3425 -0.40580269344174774
888 3440 0.1356323523676778
888 3455 -0.4919169018149847
888 3470 -0.5848315516269117
888 3485 -0.5390265290101646
888 3500 0.004661938977907269
888 3365 -0.08617571448379809
888 3380 -0.05080612108110368
888 3395 0.25356259611008847
888 3410 -0.0007034937628955467
889 890 0.5268455646961712
889 3605 -0.5298686213880777
889 3620 0.33866618924703473
889 3635 0.20668625585110756
889 3650 -0.3187220074870483
889 3665 -0.4662227236429493
889 3680 0.9742944832286208
889 3515 -0.31643028981145055
889 3530 0.027283419082420792
889 3545 -0.37622314910117755
889 3560 0.29221433103332783
889 3575 -0.2300415829196819
889 3590 -0.659969873995976
890 3785 0.2658683929414762
890 3800 0.6193146299156551
890 3815 -0.14847902705733063
890 3830 -0.2064146964424175
890 3845 -0.01927903128011424
890 3860 -0.14108792751830834
890 3695 0.014815554502578009
890 3710 -0.3961098259011115
890 3725 -0.2522376412990132
890 3740 -0.09160645933823361
890 3755 -0.8029711998457167
890 3770 0.5761128781475158
903 904 -0.9409844929016097
903 918 -0.2198910557833079
903 3425 -0.1845890080541192
903 3440 0.40497895421485675
903 3365 0.5831466675573143
903 3380 -0.3520217802125003
903 3395 0.18126200420184058
903 3410 -0.42981847144550395
904 905 -0.9171578971151535
904 919 1.0
904 3605 0.1537166170287872
904 3620 -0.03077895284893707
904 3455 0.11369623318915786
904 3470 0.5697989261617801
904 3485 0.17840391188929305
904 3500 -1.0
904 3515 -0.4926318147969812
904 3530 0.4008605337280229
904 3545 -0.6769136352386613
904 3560 0.9312849196832141
904 3575 0.8124598402319825
904 3590 -0.2514844306921725
905 920 -0.644632328658445
905 3785 0.2121939051693625
905 3800 0.43868164175739294
905 3635 -0.1550950884911031
905 3650 0.20337407947593453
905 3665 0.5259121524329288
905 3680 0.33486794817359067
905 3695 0.2241136356026212
905 3710 0.1809611628095138
905 3725 0.1782190264528395
905 3740 0.44366880812065
905 3755 -0.2685153547904228
905 3770 0.05506443007861162
918 919 -0.34639433640118966
918 3425 -0.33960495669317514
918 3440 -0.24404029489372778
918 3365 0.40157424938527403
918 3380 0.2601139752563704
918 3395 -0.22449892295872928
918 3410 -1.0
919 920 0.30984288139274196
919 3605 0.4021842146629504
919 3620 -0.20163309775980623
919 3455 0.42961714539716567
919 3470 0.4669106984171834
919 3485 0.3931651578903232
919 3500 -0.6600552883985961
919 3515 -0.01498686702908406
919 3530 0.08465496976348327
919 3545 0.5590173334738704
919 3560 -0.27699602027025516
919 3575 0.27452690417319914
919 3590 0.23905831133260405
920 3785 0.3620004812212652
920 3800 0.20982794996020324
920 3635 0.12659095839815693
920 3650 -0.12392929851736748
920 3665 0.3475492100790204
920 3680 -0.4067903838100596
920 3695 -0.009486607079497365
920 3710 0.9590889155386485
920 3725 -1.0
920 3740 -0.24076115287016922
920 3755 -0.6413390557569074
920 3770 -0.3429714085938101
933 934 0.07684725875373684
933 948 0.2622800428635438
933 3425 0.1971089760223652
933 3440 0.24643594116933593
933 3365 -0.1101342745585003
933 3380 0.49767595190063796
933 3395 0.5563672973299609
933 3410 -0.3220375424353911
934 935 0.49142122684693174
934 949 0.7863112754861589
934 3605 -0.4773570814969409
934 3620 -0.6257250071032532
934 3455 0.5956741908025219
934 3470 0.16014560625268318
934 3486 0.5607703672996901
934 3501 -0.24448310460492093
934 3516 0.18761103771780788
934 3531 -0.2030056589744413
934 3545 -0.3348657541512585
934 3560 -0.8807087625047191
934 3575 -0.28961998047184323
934 3590 0.275801402511014
935 950 -0.73195371854091
935 3785 -0.0387981722130915
935 3800 -0.6411332292735468
935 3635 1.0
935 3650 0.44593831993392835
935 3666 0.665002122662292
935 3681 0.14158168347973027
935 3696 0.39505889530241844
935 3711 0.17392025879052248
935 3725 -0.8183081888493574
935 3740 0.8514548446723276
935 3755 0.013257380809364581
935 3770 0.33486301837745086
948 949 -0.22074257488566026
948 3425 0.8020290522121358
948 3440 -0.7366121164064207
948 3365 0.11879515652126882
948 3380 0.25385634349897046
948 3395 0.7172281940310118
948 3410 0.41492864910554034
949 950 -0.4643459944005593
949 3605 -0.6820296117446362
949 3620 0.4556317248285918
949 3455 -0.48245838992710216
949 3470 -0.2313789981500334
949 3486 -0.17731954887885293
949 3501 -0.21512309629586482
949 3516 -1.0
949 3531 -0.48964772325852657
949 3545 0.26886199750689055
949 3560 -0.3613458473316619
949 3575 0.8296949901919545
949 3590 0.2099394804772514
950 3785 0.4121846083851585
950 3800 0.08980358226643934
950 3635 0.019865405960991553
950 3650 -0.19250761582376674
950 3666 0.18660846300537956
950 3681 0.24854978525881233
950 3696 -0.25041798130955156
950 3711 -0.12814983280773873
950 3725 0.3324564703393474
950 3740 -0.4064447414631745
950 3755 0.08420152210919779
950 3770 -0.22384938424531484
963 964 0.002122566472081428
963 978 0.8832612194403402
963 3425 -0.2577141067937655
963 3440 0.83428033904894
963 3455 -0.18586529115207176
963 3470 0.6473333415630008
963 3486 0.6143789483875337
963 3501 -0.6504250208861714
963 3516 -0.3261422468881556
963 3531 0.15605848726192467
963 3545 -0.6332879774864921
963 3560 -0.1578497499743782
963 3395 -0.21171433357749567
963 3410 0.3644648313397198
964 965 -0.5538902014939998
964 979 -0.2847983242526067
964 3605 0.01780127366224998
964 3620 -0.01573683850980451
964 3635 1.0
964 3650 -1.0
964 3666 -0.9439250125599792
964 3681 -0.07966606583639631
964 3696 -0.14305894775771366
964 3711 -0.2018788216054712
964 3725 -0.03386630802449577
964 3740 0.42057762619686495
964 3575 0.42947558497496385
964 3590 -0.09269456760513052
965 980 -0.5286976217279462
965 3785 0.40982456081182617
965 3800 -0.6469303705861374
965 3815 0.15092158685258544
965 3830 -0.1985344322544328
965 3846 -0.274722622601986
965 3861 -0.7176269869806612
965 3876 -0.11949450925103128
965 3891 0.42575256524716065
965 3755 -0.20313086853269746
965 3770 -0.14634216483969534
978 979 -0.07245637721909423
978 3425 0.24950779727381242
978 3440 0.3894919163442176
978 3455 -0.39621724318677715
978 3470 -0.20973307159187962
978 3486 0.34695244296824873
978 3501 -0.5207889029759488
978 3516 -0.3483122113960859
978 3531 0.3081929870919772
978 3545 1.0
978 3560 0.0652512384518605
978 3395 0.9133576717955001
978 3410 -0.06113181566972549
979 980 -0.12600983317145992
979 3605 -0.05889562007032157
979 3620 0.3585221049260129
979 3635 0.0037203712725769568
979 3650 -0.18822804875133373
979 3666 0.6223097148267099
979 3681 0.11010683300413476
979 3696 -0.6166382589825314
979 3711 -0.20498039147013916
979 3725 0.7702712803401177
979 3740 -0.155621610235862
979 3575 -1.0
979 3590 -0.4298770233379997
980 3785 0.8174636185073778
980 3800 -0.30425216588382187
980 3815 0.2920860644361241
980 3830 0.5180922172521167
980 3846 -0.16152742731457928
980 3861 -0.3929721127958091
980 3876 0.9025996137359362
980 3891 -0.13653738510302454
980 3755 -0.4748614027023502
980 3770 -0.3012455157310779
993 994 -0.18073746589808581
993 1008 0.9528455748200518
993 3426 0.3211727476190373
993 3441 -0.5181069246151763
993 3456 0.05715310380970475
993 3471 -0.17778773830437006
993 3486 0.6762100474634167
993 3501 0.20606668891486848
993 3516 0.23716918881985039
993 3531 0.6128171864923694
993 3545 -0.49218775945078713
993 3560 0.6499690178462321
993 3395 0.48691643799363016
993 3410 -0.8860866465693941
994 995 -0.19039291973547265
994 1009 -0.15932225684297127
994 3606 0.024409624702729792
994 3621 -0.2712571092936147
994 3636 -0.22947893764875005
994 3651 -0.1224979120441192
994 3666 0.700675114169004
994 3681 -0.33097207290351066
994 3696 0.3077486199605463
994 3711 0.2478085024830656
994 3725 -0.04012638992350666
994 3740 -0.2842436563458829
994 3575 1.0
994 3590 0.13769564889747565
995 1010 -0.5138049393792081
995 3786 -0.37587129552413373
995 3801 -0.48202997834585315
995 3816 -0.33669517049165193
995 3831 0.41132582414577945
995 3846 -0.18949957782536325
995 3861 0.468756206050463
995 3876 -0.18710306456347123
995 3891 0.8458250547837567
995 3755 0.3642276167768754
995 3770 -0.2643226246730204
1008 1009 -1.0
1008 3426 -0.9437884566984803
1008 3441 0.2810839474523698
1008 3456 -0.34538698837165305
1008 3471 0.033077954770109545
1008 3486 -0.002950087409589711
1008 3501 -0.41129002452241964
1008 3516 -0.18128939187065468
1008 3531 -0.4073499179201612
1008 3545 -0.11830270401453687
1008 3560 -0.8952816088155482
1008 3395 -0.008148730494589036
1008 3410 -0.051592716793203326
1009 1010 0.038735406326243345
1009 3606 -0.009040360315372318
1009 3621 0.24773760891052385
1009 3636 0.19573847703475578
1009 3651 -0.12422495909772228
1009 3666 -0.24474215212070266
1009 3681 -0.564969574949681
1009 3696 -0.7077731168478603
1009 3711 0.8950978599194127
1009 3725 0.7654151322841567
1009 3740 -0.3470936818545856
1009 3575 0.5849528469441672
1009 3590 -0.45476839850901357
1010 3786 0.6473900996108358
1010 3801 0.4632106909888798
1010 3816 -0.2994682098055955
1010 3831 -0.21072515390753613
1010 3846 -0.3786754813961622
1010 3861 -0.740848763986144
1010 3876 0.06219626956738594
1010 3891 0.8320495973388199
1010 3755 0.5904232444827958
1010 3770 0.22721690524102373
1023 1024 0.5895705712971718
1023 1038 -0.21076491458156013
1023 3426 0.7093375162630129
1023 3441 0.6416419372628414
1023 3456 -1.0
1023 3471 0.9424128577272051
1023 3486 0.4200969924957182
1023 3501 0.22081471142640485
1023 3365 -1.0
1023 3380 0.04154027994940181
1023 3395 -0.37273773282830475
1023 3410 -0.5014787503462559
1024 1025 -0.7210446368247136
1024 1039 -0.9932485633875984
1024 3606 0.7899582671771265
1024 3621 -0.6520539159097879
1024 3636 -0.10517432624240237
1024 3651 -0.4856802136448685
1024 3666 -0.14826908533314617
1024 3681 -0.7379391250016694
1024 3516 0.5179344132016597
1024 3531 0.16189343905624998
1024 3545 -0.11050347343043423
1024 3560 1.0
1024 3575 0.8768802938586999
1024 3590 -0.2959306609258778
1025 1040 -0.290461985809891
1025 3786 -0.506742918808293
1025 3801 -0.025154250026195774
1025 3816 0.30584654282194434
1025 3831 0.5215806475036864
1025 3846 -0.2898560994665732
1025 3861 0.044271258336604925
1025 3696 -0.4041901328888502
1025 3711 0.2858466548371479
1025 3725 0.43424317225468756
1025 3740 0.6282775393645035
1025 3755 0.3220902765839886
1025 3770 0.1663361436072786
1038 1039 -0.6263328314697931
1038 3426 -1.0
1038 3441 0.7201582037530097
1038 3456 -1.0
1038 3471 -0.6815112270630765
1038 3486 -0.86365739323071
1038 3501 -0.23008319859316254
1038 3365 0.08531787087347832
1038 3380 0.1001919452671659
1038 3395 -0.027544880623557155
1038 3410 0.27865475922958066
1039 1040 0.9053384435729916
1039 3606 -0.6814831396583217
1039 3621 0.20490925369810561
1039 3636 0.8070312237568195
1039 3651 -0.34965925528091635
1039 3666 -0.2655748636452511
1039 3681 -0.04952655009208566
1039 3516 -0.4509799775206322
1039 3531 0.6288533564213132
1039 3545 0.5562506321033698
1039 3560 -0.4729207408482363
1039 3575 -0.48759046474035256
1039 3590 0.3693243397668438
1040 3786 -0.5059266968409173
1040 3801 0.309428404681391
1040 3816 0.29357522091015903
1040 3831 0.5474615662433996
1040 3846 -0.06928327335321903
1040 3861 0.5303643605523743
1040 3696 -0.10605836245158827
1040 3711 0.6045267138163435
1040 3725 -0.3645695374019838
1040 3740 -0.11476022258154582
1040 3755 -0.5992403457604905
1040 3770 -0.3569974256490284
1053 1054 -0.56089641705386
1053 1068 0.6536412032282342
1053 3426 -0.6277084285771277
1053 3441 -0.15526416776801663
1053 3456 0.9274612594948377
1053 3471 0.0929270938629516
1053 3486 -1.0
1053 3501 -0.07664483974141321
1053 3366 1.0
1053 3381 -0.2114862717645955
1053 3396 -0.6815245039813399
1053 3411 -0.24850535398786552
1054 1055 -0.8807456821931993
1054 1069 -0.2600920376139391
1054 3606 -0.7329211654247406
1054 3621 0.41895641533748906
1054 3636 0.07067916214218917
1054 3651 -0.035492413823685835
1054 3666 0.09966504633088877
1054 3681 -0.0948350545759832
1054 3516 0.6067231570175542
1054 3531 0.8113457136446701
1054 3546 0.18558285054852955
1054 3561 0.08047298000957138
1054 3576 0.8810811726298372
1054 3591 -0.47213659662109037
1055 1070 0.7261889233059498
1055 3786 -0.055298435522429946
1055 3801 0.5455471322857397
1055 3816 -0.6033192426382779
1055 3831 -0.18247199718824728
1055 3846 0.2710096789227554
1055 3861 0.4779418742327385
1055 3696 -0.9495589084598133
1055 3711 -0.30921601023261525
1055 3726 -0.12588080577010227
1055 3741 0.031324347115836954
1055 3756 -0.38543194789211543
1055 3771 0.4644436071937411
1068 1069 -0.1789895101468478
1068 3426 -0.1881044932269387
1068 3441 0.15807785577815486
1068 3456 0.47269829001537295
1068 3471 0.11648277736111874
1068 3486 1.0
1068 3501 -0.7797818886268532
1068 3366 0.23037655474060165
1068 3381 0.909698158385779
1068 3396 0.4814952986425654
1068 3411 -0.9023679223779738
1069 1070 -0.28862434771040185
1069 3606 -0.0016608285525011263
1069 3621 -0.3236685187189439
1069 3636 -0.20720042731775642
1069 3651 0.027756793328794292
1069 3666 -0.7456429494514782
1069 3681 0.05278801204200721
1069 3516 -0.19921911251311336
1069 3531 0.09390294792419895
1069 3546 -0.2657398246137969
1069 3561 -0.16535887176825748
1069 3576 0.6215249603937002
1069 3591 0.05616131189357507
1070 3786 0.1149101015515674
1070 3801 -0.1900939076451226
1070 3816 -0.048724838820289634
1070 3831 -0.021104053190715188
1070 3846 0.2581445148798033
1070 3861 0.08697558632331569
1070 3696 0.30815240633450297
1070 3711 0.3560902485104614
1070 3726 0.6042653735651308
1070 3741 -0.9706011563244015
1070 3756 0.5601992165709976
1070 3771 -0.21238080293611497
1083 1084 0.37892854331464726
1083 1098 -0.3836668383969145
1083 3426 0.9773473939945927
1083 3441 0.5512680122901171
1083 3366 -0.3661979786068406
1083 3381 -0.06916123834868576
1083 3396 -0.7726577384921434
1083 3411 0.31528945221099075
1084 1085 0.6102800039047371
1084 1099 0.8129275220024936
1084 3606 0.25965016263702556
1084 3621 -0.2228350977871774
1084 3456 -0.7060879362640567
1084 3471 0.14620605376625892
1084 3486 0.29701147257893806
1084 3501 1.0
1084 3516 0.37679642229400867
1084 3531 -0.5726833862176222
1084 3546 0.7280846926532508
1084 3561 0.09324541065503299
1084 3576 0.30508605376228176
1084 3591 -0.9251383218346191
1085 1100 0.027261228998813624
1085 3786 -0.6138203711992647
1085 3801 -0.2194998609449716
1085 3636 0.5746008309320318
1085 3651 0.14509389603638714
1085 3666 -0.4327533724129612
1085 3681 0.8566833425121774
1085 3696 -0.3710712848790929
1085 3711 1.0
1085 3726 0.15429583467928187
1085 3741 0.33791084367458046
1085 3756 -0.07099683891707366
1085 3771 -0.0359281837646972
1098 1099 0.45047063735642073
1098 3426 -0.6513271541778
1098 3441 -0.4495140953649021
1098 3366 0.08584292250601516
1098 3381 0.4669055907269028
1098 3396 0.5730135548644547
1098 3411 0.20355008796126964
1099 1100 0.04087069128096586
1099 3606 -0.24920531000860338
1099 3621 0.5051118040276972
1099 3456 1.0
1099 3471 -0.3442439601908466
1099 3486 0.5102546988941166
1099 3501 0.8557163104079688
1099 3516 0.1799061710458092
1099 3531 -0.7770669193109062
1099 3546 0.5164721308476322
1099 3561 0.5673974619515497
1099 3576 0.6450797226234848
1099 3591 0.5303097549090694
1100 3786 0.5771770279202177
1100 3801 0.4020528465175493
1100 3636 -0.3410669363694589
1100 3651 0.03478705940477715
1100 3666 0.14933012201057308
1100 3681 0.24927162935500263
1100 3696 0.20311826749643727
1100 3711 -0.10776605251708087
1100 3726 -0.021073436559361933
1100 3741 0.7449020590071599
1100 3756 0.024808377695776204
1100 3771 -0.47681674364393306
1113 1114 -0.5646185298976755
1113 1128 -0.3836297013797618
1113 3426 0.6768550915688988
1113 3441 0.1373708190731167
1113 3366 0.4528302423518749
1113 3381 0.5693440916574898
1113 3396 -0.02405170737731341
1113 3411 -0.2739235525700193
1114 1115 0.12901671504226375
1114 1129 -0.2719732718988711
1114 3606 0.4619687384832895
1114 3621 -0.0781628238622181
1114 3456 0.037012420804605164
1114 3471 0.09316268262389756
1114 3546 0.1376348104055082
1114 3561 -0.1633935224095821
1114 3576 -0.43199119281680187
1114 3591 -0.025455291250585134
1115 1130 -0.25480577248120173
1115 3786 0.48404936574629154
1115 3801 0.40335745782626664
1115 3636 -0.47500233199712816
1115 3651 -0.6185743859244337
1115 3726 -0.20312453223083204
1115 3741 -0.5585668911840634
1115 3756 0.1928822012246604
1115 3771 0.20106534984737862
1128 1129 -0.05448577958218762
1128 3426 -0.07507188159283179
1128 3441 0.3421606594656764
1128 3366 1.0
1128 3381 0.15266467604889838
1128 3396 0.5495721558149131
1128 3411 0.5288514830448436
1129 1130 -0.3314379853277648
1129 3606 0.08512751490390827
1129 3621 0.49030733886282346
1129 3456 0.3394448555795672
1129 3471 -0.24301161476816877
1129 3546 0.03231381880659
1129 3561 0.17237602715738748
1129 3576 0.17618395162006792
1129 3591 -1.0
1130 3786 0.1092533918538623
1130 3801 -0.5632038398273305
1130 3636 -0.8121027869050739
1130 3651 0.24894972403827353
1130 3726 -0.08750989335465208
1130 3741 -0.05886960004160588
1130 3756 0.19623031383000805
1130 3771 -0.27215132554274746
3364 3365 0.03862680937883935
3364 3379 -0.26636284456536174
3365 3366 -0.03189327397645038
3365 3380 0.49469639355038014
3366 3381 -0.4087025294047494
3379 3380 -0.883045674013155
3380 3381 0.6641024367785332
3394 3395 0.723351998774741
3394 3409 -0.37864048519421056
3395 3396 -0.5550121736965689
3395 3410 -0.6552153772812319
3396 3411 0.061809218226045085
3409 3410 -0.4290871598611378
3410 3411 0.6195418942042878
3424 3425 -0.17650948832920868
3424 3439 -0.3127981054792577
3425 3426 0.40107361503034317
3425 3440 0.1343653718408858
3426 3441 -0.5760590424942372
3439 3440 0.32365848183658735
3440 3441 -0.027931149481071876
3454 3455 -1.0
3454 3469 -0.387404785568721
3455 3456 -1.0
3455 3470 -0.17105892388504054
3456 3471 0.18607921146874756
3469 3470 0.3245482562293618
3470 3471 -0.6502994793468099
3484 3485 0.9251757914996904
3484 3499 -0.3132686790579272
3485 3486 0.019909001614983234
3485 3500 -0.04450043704438143
3486 3501 -0.035179865319870884
3499 3500 -0.09077872044555486
3500 3501 -0.1956365705258565
3514 3515 0.22318960595304793
3514 3529 -1.0
3515 3516 -0.4042549447071853
3515 3530 -0.6262103594854532
3516 3531 -0.65498342495489
3529 3530 0.3105471297568681
3530 3531 0.38356328448264476
3544 3545 -0.0688918751951456
3544 3559 -0.9752740575363439
3545 3546 -0.26572260487081995
3545 3560 -0.006249687564906803
3546 3561 -0.6710587730794504
3559 3560 0.41531426834777296
3560 3561 -0.022889121809510613
3574 3575 -0.2619396058814236
3574 3589 0.28529764731820867
3575 3576 0.7937773868956958
3575 3590 0.26600819636770184
3576 3591 -0.8209392492105443
3589 3590 0.0405052806161905
3590 3591 -0.09219485790462835
3604 3605 0.16599362793961633
3604 3619 0.20764792211412014
3605 3606 -0.5069454329928388
3605 3620 0.7332754982378301
3606 3621 0.07625223705258116
3619 3620 -0.5109043402546101
3620 3621 0.5720624878653499
3634 3635 -0.07067417480610609
3634 3649 0.2753114690171149
3635 3636 0.3451144201544079
3635 3650 -0.0683166247821769
3636 3651 0.45371548299547654
3649 3650 0.07255862763439677
3650 3651 0.4788232080513465
3664 3665 -0.25077179751024425
3664 3679 0.10416428127090974
3665 3666 0.2396599713222993
3665 3680 -0.5270299226769041
3666 3681 -0.06726731833549256
3679 3680 0.1411329836293049
3680 3681 -0.7273448252840705
3694 3695 0.26890972706696237
3694 3709 0.14398057214040375
3695 3696 0.17889024483261856
3695 3710 -1.0
3696 3711 0.41702636951030136
3709 3710 0.5790688141770786
3710 3711 -0.21327342908488753
3724 3725 -0.8364109962650746
3724 3739 -0.07231086917519419
3725 3726 -0.21274713193224004
3725 3740 0.16269739616964216
3726 3741 0.3309241129270224
3739 3740 0.36473602614785566
3740 3741 -1.0
3754 3755 0.5600639823281158
3754 3769 0.34382122814132926
3755 3756 -1.0
3755 3770 -0.16304025879723677
3756 3771 0.2787070412275009
3769 3770 -0.4103327638462612
3770 3771 0.015666577834137073
3784 3785 -0.23576838555686536
3784 3799 -0.6285457793751534
3785 3786 0.7859056328910893
3785 3800 0.7092527948972859
3786 3801 -0.04857942646627607
3799 3800 -0.4628069838315476
3800 3801 -0.43678094667521766
3814 3815 -0.5626518867252664
3814 3829 0.08468165178682309
3815 3816 0.9010653039255045
3815 3830 0.6112663827493912
3816 3831 -0.6057611675214846
3829 3830 -0.06818116829252119
3830 3831 -0.3437443729042867
3844 3845 0.5536226846427608
3844 3859 -0.8597021619215313
3845 3846 -0.19402396762070487
3845 3860 0.5731336249716767
3846 3861 -0.015994736029650413
3859 3860 0.29875098913419035
3860 3861 0.6579390219969321
3874 3875 0.2125198654420478
3874 3889 0.06284002000823001
3875 3876 -0.17660467087786474
3875 3890 -0.41184325653138887
3876 3891 -0.34692836135963817
3889 3890 0.35390282433590636
3890 3891 -0.9880180659860421
