# 
603 603 -1.1967610710324512
604 604 -0.6387701128642442
605 605 -0.8342967593885359
618 618 -2.3956955270233027
619 619 -0.01710329619005883
620 620 0.030520274223564795
633 633 0.9266184794043008
634 634 -1.023679436750645
635 635 -0.37737767379102155
648 648 -0.862738244522449
649 649 -0.8573161340470747
650 650 -1.1886153543794242
663 663 1.2393739016618066
664 664 1.038600072291989
665 665 1.3367732305915108
678 678 -0.918162950496938
679 679 2.1538272855528757
680 680 0.3331174007331137
693 693 -1.6102378131660056
694 694 -1.085997579162888
695 695 -0.1105314924041621
708 708 0.1996583097235076
709 709 -0.29418783417155564
710 710 0.6249087936098358
723 723 -1.1457884936641236
724 724 0.8631883201779552
725 725 -0.35039241003164306
738 738 -0.07818689050163352
739 739 0.8328731593231475
740 740 -1.4948420636807547
753 753 1.474271330988807
754 754 0.2636920308843
755 755 -0.9150585392049457
768 768 -1.263376202222656
769 769 1.904517235105358
770 770 -0.32532747841866355
783 783 1.4548057236693093
784 784 0.7500935252895804
785 785 0.41024622035663516
798 798 0.9907268235302549
799 799 1.183510195164235
800 800 -1.0233749227691649
813 813 -0.11607392636164969
814 814 -0.20024378847818436
815 815 -0.04814132617130018
828 828 -0.8803318309604017
829 829 -0.09343677236897294
830 830 -0.5033799957036813
843 843 1.1050382635832783
844 844 0.5825804345047113
845 845 0.3291818565557086
858 858 -0.9968992012056113
859 859 0.488667334091416
860 860 1.458989845361285
873 873 0.19512946852297638
874 874 -1.434957143285829
875 875 0.09820651619088261
888 888 0.7792750934582049
889 889 -0.6516668971433088
890 890 0.4522364946316554
903 903 -0.7365826197155086
904 904 -0.43228596059980273
905 905 0.3623819279334149
918 918 -1.2904716981348747
919 919 1.5258659870197466
920 920 -1.0641059639652937
933 933 -0.35947790021579407
934 934 0.15263278634930885
935 935 0.3097788243444512
948 948 -0.5348732159761537
949 949 -1.4179374066274804
950 950 1.3996147085329818
963 963 -0.02646188358343246
964 964 0.5276566512846065
965 965 1.2628429187977877
978 978 0.05364956087701971
979 979 -0.6258829325500467
980 980 -1.4776883953287279
993 993 -0.4096907306062508
994 994 -0.7482824448565583
995 995 -0.9662179670762183
1008 1008 0.9627705038189286
1009 1009 -0.6331323328520313
1010 1010 0.7044072798886287
1023 1023 -0.594202960217966
1024 1024 -0.7066536057161885
1025 1025 -1.9480512606155238
1038 1038 -0.5550870039299163
1039 1039 -0.29791056747937295
1040 1040 -0.6047247485527921
1053 1053 -0.2919158563105781
1054 1054 -0.8283753339128472
1055 1055 0.5029443626303075
1068 1068 -0.10509819978920562
1069 1069 1.0275500141526814
1070 1070 -2.9709356195167653
1083 1083 1.514254046112131
1084 1084 0.9196784832065391
1085 1085 1.0556583480627746
1098 1098 -0.8038645563172563
1099 1099 0.05939589193611405
1100 1100 -1.1317594733236176
1113 1113 -3.043317426707296
1114 1114 0.6337793381289356
1115 1115 -0.8942750972423529
1128 1128 -0.4512453260253306
1129 1129 1.1205286881296368
1130 1130 0.03998947629029826
3364 3364 1.0032410371379326
3365 3365 -1.3881414180593017
3366 3366 1.8713098683494507
3379 3379 -0.33368816081994335
3380 3380 1.5230239608547038
3381 3381 -1.3616691050023497
3394 3394 -0.26195876014409397
3395 3395 0.09228448023756794
3396 3396 0.16550027776671333
3409 3409 -1.2985378675030588
3410 3410 -0.2922565980233832
3411 3411 -0.25325721453052413
3424 3424 0.016513370002649443
3425 3425 0.0539270008510687
3426 3426 0.11235002012917603
3439 3439 -0.6293927525674621
3440 3440 0.21632173449845704
3441 3441 -0.8240943203536495
3454 3454 0.6405149065546484
3455 3455 0.11948236434509935
3456 3456 0.13238340094688547
3469 3469 -1.7848275766223851
3470 3470 0.8847728612037868
3471 3471 -0.39642933020587434
3484 3484 -0.8456585623343282
3485 3485 -0.44759740832797196
3486 3486 0.9776291115272541
3499 3499 -0.35148365266857323
3500 3500 0.05851580194361165
3501 3501 -1.5969317584014926
3514 3514 -2.749242720511978
3515 3515 2.747809368107387
3516 3516 1.802430677745084
3529 3529 -0.04707671308668782
3530 3530 0.060746766906931024
3531 3531 0.395155695728759
3544 3544 -0.9201322003919729
3545 3545 -0.738883031024945
3546 3546 1.1442803281432725
3559 3559 -0.42034862306992227
3560 3560 -0.8849758823281839
3561 3561 0.11761204002407101
3574 3574 -0.9693022878171488
3575 3575 0.07240965821616663
3576 3576 0.8844000065350764
3589 3589 -2.1574130394177997
3590 3590 0.16206566573306377
3591 3591 -2.5399249356152325
3604 3604 0.44699123512249833
3605 3605 0.11086703423384255
3606 3606 0.5352602798969854
3619 3619 0.4384127918650288
3620 3620 -1.050191401561473
3621 3621 1.0169015866410829
3634 3634 -0.7559955549395998
3635 3635 1.7033656155621155
3636 3636 -1.5371397113781593
3649 3649 0.26816425830578206
3650 3650 0.35297824860706517
3651 3651 -1.3118694245723066
3664 3664 0.9967633947406687
3665 3665 -0.21850477623674308
3666 3666 1.0700777988555419
3679 3679 -0.04883721982877192
3680 3680 1.3777771790282147
3681 3681 -1.006857723470092
3694 3694 -0.3602322281042118
3695 3695 1.595144907360991
3696 3696 -0.18075415734752506
3709 3709 1.9559015163553024
3710 3710 1.1025649058406406
3711 3711 1.0672850660288038
3724 3724 1.4105365250959276
3725 3725 -0.739863141170599
3726 3726 1.3694293067436127
3739 3739 1.2132687096335546
3740 3740 -0.4247975503690693
3741 3741 -1.422959240303586
3754 3754 1.5850662078070603
3755 3755 -1.8568437313360364
3756 3756 0.16947254229755485
3769 3769 1.0643886212078246
3770 3770 0.41631202258845573
3771 3771 -0.8035764406102343
3784 3784 1.0733567148975
3785 3785 0.5695503425893363
3786 3786 0.581258265460427
3799 3799 -0.6733944540986008
3800 3800 1.8117532724295964
3801 3801 -0.3009060979101564
3814 3814 -0.7083102894685486
3815 3815 -0.6817118065447408
3816 3816 0.31344295013448076
3829 3829 -0.7678578927500718
3830 3830 0.2866371905548709
3831 3831 -0.7870515292805312
3844 3844 0.8355813131138289
3845 3845 1.6470490755712572
3846 3846 -1.484978471647501
3859 3859 0.940156262320994
3860 3860 -2.596927729375525
3861 3861 0.49445807714669154
3874 3874 -1.5114843081715903
3875 3875 0.10757108715738649
3876 3876 -0.1273708678629417
3889 3889 1.615988966158957
3890 3890 0.09897002322157253
3891 3891 0.3315336487188002
603 604 -1.0
603 618 -0.19326221226031984
603 3484 0.8116433981818599
603 3499 0.1836857088814478
603 3514 0.6412828613419661
603 3529 0.4133311588150131
604 605 -0.14211742448275674
604 619 0.41376619736777226
604 3664 0.14999936237119393
604 3679 0.04095048141113368
604 3694 -0.08360738126684103
604 3709 -0.3268448940406618
605 620 0.44554348972069674
605 3844 0.4089565213253389
605 3859 0.19478693471502845
605 3874 -0.3469627849531249
605 3889 -1.0
618 619 -0.07665828894054387
618 3484 0.15367746497771576
618 3499 -0.10438869658973449
618 3514 0.0663023210355794
618 3529 -0.2127084049780245
619 620 -0.23083497746223286
619 3664 -1.0
619 3679 -0.2743755880888401
619 3694 -0.5937603187355949
619 3709 0.35534019865724314
620 3844 0.8602291369014198
620 3859 0.7905826064173619
620 3874 -0.051135355548494965
620 3889 0.5058330255248311
633 634 0.9386919440070303
633 648 -0.5655413428474182
633 3424 -0.13654410389359092
633 3439 0.27003195095010185
633 3454 0.09274047765477665
633 3469 -0.23522218062250572
633 3484 -0.23922192938433476
633 3499 0.06340957753083037
633 3514 -0.5194167484278892
633 3529 0.42147152883211236
634 635 -0.5355931910962333
634 649 0.9693001830942234
634 3604 -0.15362146269676577
634 3619 0.689288506846378
634 3634 -0.16121786776832556
634 3649 -0.8916400647339665
634 3664 -0.2370060501160601
634 3679 -1.0
634 3694 -1.0
634 3709 -0.8623064678303523
635 650 0.1682663732295698
635 3784 0.478887377406392
635 3799 0.4427935578183008
635 3814 -0.08764161113118485
635 3829 1.0
635 3844 -0.3989253097882151
635 3859 -0.11526090336212004
635 3874 -0.7664942905359956
635 3889 -0.03068663793362583
648 649 -0.23505308764497093
648 3424 0.6434815667655133
648 3439 0.5000534061700265
648 3454 0.6924522321649929
648 3469 0.5522106100814282
648 3484 -0.9789571923154067
648 3499 -0.3982261144085659
648 3514 0.808945332243819
648 3529 0.09887305052210117
649 650 0.4685326487547692
649 3604 -0.21270627580815404
649 3619 -0.5639567143337528
649 3634 -0.8255513718596544
649 3649 0.22137902506243506
649 3664 -0.11342685591801889
649 3679 0.1010502416483612
649 3694 0.19462642332615107
649 3709 0.6795428429705089
650 3784 0.5473582596085842
650 3799 0.4306947498530354
650 3814 -0.5152752688828505
650 3829 0.19860438488425528
650 3844 0.04598859352815333
650 3859 -0.07034630419232621
650 3874 -0.1824786232127764
650 3889 0.5299193559031025
663 664 0.03395948427878364
663 678 -0.41387192401828105
663 3424 -0.5632253995402677
663 3439 -0.24791627887686338
663 3454 -0.5434470882281949
663 3469 0.6285770436555684
663 3484 -0.1656167267935624
663 3499 0.654743226641203
664 665 0.4689778174098114
664 679 -0.48887669117014515
664 3604 0.12079075512362261
664 3619 -0.31300094595648337
664 3634 -0.6977985254403941
664 3649 0.18504827443686767
664 3664 -0.7236892741423854
664 3679 -0.09999031650062003
664 3514 -0.0184049597671289
664 3529 0.09750196309992483
665 680 -0.039904859766030566
665 3784 0.1654258824378753
665 3799 0.03794787894490763
665 3814 -0.4456007788008588
665 3829 -0.43393204300756943
665 3844 0.2329903841638275
665 3859 0.04288727562021064
665 3694 0.7422497126974708
665 3709 -0.8102349787499618
678 679 0.4908349624068812
678 3424 0.3223956435408453
678 3439 0.03218067877006391
678 3454 -0.18541606174256461
678 3469 -0.02279019294264731
678 3484 0.6481828450049362
678 3499 -0.3781756014874963
679 680 -0.421223198433154
679 3604 0.05009501588754185
679 3619 -0.02137906551269788
679 3634 -0.5216045592621186
679 3649 0.9247486038319581
679 3664 0.7160521152768881
679 3679 -0.16684561918234303
679 3514 -0.6770938932652687
679 3529 0.02383982157449184
680 3784 0.6011319979664581
680 3799 0.29660694537734345
680 3814 -0.4084744713359545
680 3829 -0.2879551464596231
680 3844 0.24986387724286385
680 3859 0.7094547848255491
680 3694 -0.11613616481295527
680 3709 -0.3947929762637525
693 694 0.19567467425204216
693 708 0.0923279905608132
693 3424 -0.2189364436376112
693 3439 0.08097089513380104
693 3454 -0.33494900690420626
693 3469 -0.7375665427602305
693 3484 -0.04377310825232916
693 3499 -0.25867024070052536
693 3364 0.5897064888054294
693 3379 -0.9519461144155983
693 3394 -0.1369904184484975
693 3409 -0.4946596206806833
694 695 -0.27072575069091814
694 709 0.12050399105425784
694 3604 -0.4642132262695559
694 3619 0.35741703624800303
694 3634 -0.37483935569083676
694 3649 0.3824523477175098
694 3664 0.7716704108068402
694 3679 0.544301379341285
694 3514 -0.09053021980538752
694 3529 -0.02099059318150995
694 3544 0.5391652012845859
694 3559 -0.1437943224553029
694 3574 -0.11426284240534593
694 3589 -0.03963221673985275
695 710 0.1233747708610188
695 3784 0.42311280095644277
695 3799 -0.28978691608051627
695 3814 0.101122175472784
695 3829 0.02159604131407572
695 3844 0.5906534491498519
695 3859 0.11983610342675595
695 3694 -0.4245065103525742
695 3709 0.3905646234917119
695 3724 0.4765962164477795
695 3739 0.7311161368960425
695 3754 -0.2285758837322911
695 3769 -1.0
708 709 0.05897240101274388
708 3424 0.15901349455379865
708 3439 -0.5869362197535534
708 3454 0.04245147149766664
708 3469 -0.32629589593843866
708 3484 0.31234056362522794
708 3499 -0.026176723545325808
708 3364 -1.0
708 3379 -0.7761120687163646
708 3394 -0.062688022351842
708 3409 0.419206877402329
709 710 -0.08498185960468228
709 3604 0.7684414269713403
709 3619 -0.5524679259431438
709 3634 -0.4399959852510261
709 3649 1.0
709 3664 0.575012311542095
709 3679 -0.06219015334916073
709 3514 0.18651719817799375
709 3529 -0.04463710196238385
709 3544 0.48571508339298974
709 3559 -0.5312007381589307
709 3574 0.4206210707786687
709 3589 -0.11329866014472846
710 3784 0.35916900841528715
710 3799 -0.19545065025811312
710 3814 -0.09083143153672979
710 3829 -0.4777477364159273
710 3844 -0.3211798343005467
710 3859 -0.8153600063453179
710 3694 0.3326527019476276
710 3709 0.2663574910171973
710 3724 -0.44358114745383226
710 3739 -0.15413772037007814
710 3754 0.05475735704723847
710 3769 0.03632321195025389
723 724 0.9355127961918537
723 738 0.40013226641592226
723 3424 -0.15501033393265817
723 3439 0.9483065618324802
723 3364 -0.4674080555421704
723 3379 -0.08482279341467942
723 3394 -0.09399322586075015
723 3409 0.6544781128107255
724 725 -0.6898709671954475
724 739 0.12590281546676177
724 3604 -0.9455639319373694
724 3619 0.2335542064017624
724 3454 -0.2859470790467617
724 3469 0.08643995293509833
724 3484 -0.9237030523011391
724 3499 0.23891050158295232
724 3514 -0.3232617650176858
724 3529 -0.4777961478506245
724 3544 1.0
724 3559 -0.30857113455152085
724 3574 0.4693986675921372
724 3589 0.5048206269277334
725 740 0.0368980195110448
725 3784 -0.021371025070216564
725 3799 0.2529716149458166
725 3634 0.14034939818390219
725 3649 -0.3194443802739211
725 3664 -0.2481592091557325
725 3679 0.36151069465231633
725 3694 -0.2739113382224507
725 3709 -0.3279254502225822
725 3724 0.2534309913505055
725 3739 -0.4088019101578334
725 3754 -0.43827790662721927
725 3769 0.19727353287286453
738 739 -0.30816185758745585
738 3424 1.0
738 3439 0.15429579977721541
738 3364 0.44880543801858996
738 3379 -0.44832305050540705
738 3394 -0.41867853080121836
738 3409 1.0
739 740 -0.4352036060131871
739 3604 0.6493073538686277
739 3619 0.4537339026553132
739 3454 -0.695361181974954
739 3469 -0.9068679524494738
739 3484 0.4863020905290081
739 3499 0.39533894129639374
739 3514 0.23604937029441692
739 3529 0.5319433903670959
739 3544 -0.6412398431482617
739 3559 0.9222440353405337
739 3574 -1.0
739 3589 -0.13143983541304183
740 3784 0.43779551586451426
740 3799 -0.22137852276373832
740 3634 0.40469560237498464
740 3649 -0.18429555228735361
740 3664 0.9726072830217315
740 3679 -0.10373852899475303
740 3694 0.8645115884686491
740 3709 0.6543260116165018
740 3724 -0.7239445100460052
740 3739 -0.04491975699336614
740 3754 0.6696501170597965
740 3769 1.0
753 754 -0.008711971975411932
753 768 0.767386379801675
753 3424 -0.5785252702389966
753 3439 0.10619149147720842
753 3364 0.05918812514913377
753 3379 0.3056126043390742
753 3394 0.5504421468700846
753 3409 0.33407846687314074
754 755 0.17209701241058922
754 769 0.03444869769867152
754 3604 0.8187194848069508
754 3619 -0.8913975092516385
754 3454 0.4976866717923086
754 3469 -0.5463516413823882
754 3485 0.037820659143578156
754 3500 -0.4023646140499675
754 3515 -0.12913363777132594
754 3530 0.3799641581864697
754 3544 -0.33056162583689835
754 3559 -0.6916147881564512
754 3574 -0.4836140952568158
754 3589 -0.6902188169324177
755 770 -0.21921839086156378
755 3784 0.41071725393651065
755 3799 -0.45231867581608387
755 3634 -0.01405814415955775
755 3649 -0.37806449428511046
755 3665 1.0
755 3680 -0.4919689171856578
755 3695 0.31627017782281186
755 3710 -0.7260956180398793
755 3724 -0.18811093527327832
755 3739 0.42799636990075246
755 3754 0.1775299027624189
755 3769 0.058842639203336156
768 769 -0.25443557997837923
768 3424 -0.13106944538045784
768 3439 -0.0691293242182598
768 3364 -0.5791616159831562
768 3379 -0.09215882084020376
768 3394 0.23039705646297826
768 3409 -0.4309708895499482
769 770 0.16089415774752716
769 3604 0.10015689411170714
769 3619 0.8946016014493542
769 3454 -0.4112925412842493
769 3469 0.47008439124205326
769 3485 -1.0
769 3500 0.15794763136239875
769 3515 0.5753373506798236
769 3530 0.3857000586598888
769 3544 -0.7093573382565281
769 3559 -0.047786480315406124
769 3574 -0.16922111759553593
769 3589 -0.46410170307486664
770 3784 0.17717745633109905
770 3799 0.5893741246254417
770 3634 -0.2997991164329909
770 3649 0.011340874090481217
770 3665 -0.5056279244945393
770 3680 0.6064348143110317
770 3695 -0.3024767083796651
770 3710 -0.47859745535619375
770 3724 -0.4970567456510008
770 3739 0.4424385311287497
770 3754 -0.2676565414122601
770 3769 0.1738434023191299
783 784 -0.13331242814093963
783 798 0.2104898051460739
783 3424 -0.4901143062293071
783 3439 -0.47090101308722815
783 3454 0.17230622437861362
783 3469 0.623241358879417
783 3485 -0.5152870491543005
783 3500 0.023309040994055504
783 3515 -0.11403729786126535
783 3530 -0.011638741568429346
783 3544 0.6772806961528676
783 3559 -0.2411212101677041
783 3394 0.520230493232835
783 3409 0.39289625971209613
784 785 0.30466128547020965
784 799 0.07660768769078956
784 3604 0.4329588306051425
784 3619 0.06605772090976887
784 3634 -0.2596890643792348
784 3649 1.0
784 3665 0.3258449944096497
784 3680 -0.19474541567162118
784 3695 -0.03861299143431269
784 3710 0.3431628942041539
784 3724 -0.4574169870583421
784 3739 0.2944463283094543
784 3574 0.01853190169455106
784 3589 -0.8956801279133398
785 800 0.550042704917005
785 3784 0.47111750921348866
785 3799 -0.8143781345249336
785 3814 -0.5125183804073965
785 3829 -0.5587759321031501
785 3845 -0.41728679544947167
785 3860 -0.04641718418483604
785 3875 0.3794892498267685
785 3890 0.4094364412210333
785 3754 0.8015601061772527
785 3769 0.6583911848305728
798 799 0.23574682105123249
798 3424 0.6883407909967896
798 3439 0.519861643677931
798 3454 0.14502306218676192
798 3469 0.640715820917323
798 3485 -0.2663107556218707
798 3500 -0.868604893215845
798 3515 0.2805040553903185
798 3530 0.9487275450538387
798 3544 0.5261125389980509
798 3559 -0.42781206234018654
798 3394 -0.20031621033909447
798 3409 -0.009220097354431219
799 800 0.350424596680765
799 3604 0.42507127442709663
799 3619 0.4753202821323154
799 3634 0.5654376011812406
799 3649 -0.10277935650243718
799 3665 0.22407640096284903
799 3680 -0.7119951326570014
799 3695 0.4125340879917563
799 3710 0.376549738614151
799 3724 0.5045528007213333
799 3739 0.3972200018415398
799 3574 -0.3620433309386253
799 3589 -0.08756097226553002
800 3784 0.09122004142181755
800 3799 -0.19047597462100269
800 3814 -0.3690173722643222
800 3829 0.7812464635635598
800 3845 0.2551478963475509
800 3860 -0.8343139272918242
800 3875 -0.17276149564649454
800 3890 -0.40950595632664705
800 3754 -1.0
800 3769 0.13527834445077264
813 814 -0.4451047477111951
813 828 0.026487375730284896
813 3425 0.051020966220678754
813 3440 -0.3000959292478146
813 3455 -0.06326745654152864
813 3470 -0.0564262595832934
813 3485 0.41342570490752084
813 3500 -0.46789467273857965
813 3515 0.20831617000253294
813 3530 -0.6367102773191633
813 3544 -0.4641595261013514
813 3559 0.4333559808678253
813 3394 -0.26820215449515994
813 3409 0.5405307543052955
814 815 0.44583671232836614
814 829 0.3500098598213793
814 3605 0.024337762805339013
814 3620 -0.30160401231572986
814 3635 -0.32870759269151734
814 3650 0.35116543132932254
814 3665 -0.23054123291560177
814 3680 0.6898204556279718
814 3695 0.30856162661809566
814 3710 -0.12144991820761218
814 3724 0.18499097202222733
814 3739 0.3661151567815042
814 3574 0.2977534934295036
814 3589 -0.06924141031447172
815 830 -0.1365161546133728
815 3785 0.04106584431459815
815 3800 0.8334374238651733
815 3815 -0.14409315166012218
815 3830 -0.8608970769912538
815 3845 0.4133112847723961
815 3860 0.8887469922460323
815 3875 0.5174996849576828
815 3890 -0.903221287323497
815 3754 0.5048475948121564
815 3769 0.2120791191535955
828 829 0.1567147807525933
828 3425 -0.3077715815633189
828 3440 1.0
828 3455 0.6738434042654654
828 3470 0.2701355491550991
828 3485 -0.5647378785664663
828 3500 0.637110174352891
828 3515 -0.004827886904214278
828 3530 -0.4296485804344141
828 3544 -0.040544039364325116
828 3559 -0.8719024123029834
828 3394 -0.09996436540356422
828 3409 0.22551335713725484
829 830 0.2399529196642016
829 3605 0.18634852088435086
829 3620 -0.01984341294323486
829 3635 -0.6197292459598254
829 3650 -0.5122215311137425
829 3665 0.47533415540681856
829 3680 0.06944956657170748
829 3695 0.3006699168287606
829 3710 0.1077331827928319
829 3724 -0.02991452178652589
829 3739 0.10501833378240667
829 3574 0.9925862793792026
829 3589 -0.1759004081325576
830 3785 0.6727239689565203
830 3800 -1.0
830 3815 -0.7519723852819398
830 3830 -0.025876899170353906
830 3845 -0.4783944940096269
830 3860 0.4374724433033892
830 3875 -0.2841898302281216
830 3890 0.03148759717636863
830 3754 -0.02894499802780739
830 3769 0.5229721229697346
843 844 0.045863596575580964
843 858 -0.09265475214109645
843 3425 0.9614517632936669
843 3440 0.4881181817661416
843 3455 -1.0
843 3470 -0.13028042961658623
843 3485 0.1478427827089491
843 3500 0.8518106854387869
843 3364 0.3557558810453977
843 3379 -0.2917199184284148
843 3394 0.7251887794803384
843 3409 -0.5793232376472339
844 845 -0.6185551279927399
844 859 -0.031014756264117312
844 3605 0.5152151809716653
844 3620 -0.23248405834009847
844 3635 -0.6627545213227883
844 3650 0.0013412535045579398
844 3665 -0.3351885565986263
844 3680 -0.5664036462327657
844 3515 0.13636741541670835
844 3530 -0.09969034676980174
844 3544 0.8588347221096834
844 3559 -0.7983749541548802
844 3574 -0.6851185947898849
844 3589 0.6098357064195797
845 860 -0.6946082942956417
845 3785 -0.9994522263495437
845 3800 -0.5846246789567905
845 3815 -0.531011160111666
845 3830 0.6934233221440729
845 3845 -0.6960192047023335
845 3860 0.653567686205659
845 3695 0.24452087372084375
845 3710 -0.4215392486688338
845 3724 -0.012429337707965704
845 3739 -0.7511567916225644
845 3754 -0.11705450013260987
845 3769 -0.18351552887903969
858 859 0.08171462527359624
858 3425 -0.08422429058670923
858 3440 0.13461010312828564
858 3455 -1.0
858 3470 -0.6876162719335368
858 3485 -0.2310804914769197
858 3500 -0.3635381219931401
858 3364 -0.02200714304866933
858 3379 0.6871941132803469
858 3394 -0.09484450236077613
858 3409 -0.29766681251010446
859 860 -0.30243194922520933
859 3605 -0.0024151434641642147
859 3620 -0.47854938964801585
859 3635 0.3730431409766587
859 3650 0.13133603966804105
859 3665 0.6618867882784347
859 3680 0.4205891773606663
859 3515 -0.8873386774603993
859 3530 -0.4219650325399583
859 3544 0.3569793128983316
859 3559 -0.4045664579978801
859 3574 -0.6095911316221272
859 3589 0.019897909621657387
860 3785 -0.500066551217616
860 3800 -0.39295661699390927
860 3815 0.05807738378595773
860 3830 -0.7762160145709025
860 3845 0.2569361532021324
860 3860 0.32116418616561065
860 3695 -0.2788089594203445
860 3710 0.09175047731582676
860 3724 0.5026172035769922
860 3739 -0.012288206463799802
860 3754 0.7212440160521856
860 3769 -0.13092532843052385
873 874 -0.49752475315328276
873 888 0.370131565362686
873 3425 0.23993870549228968
873 3440 0.9259862594052065
873 3455 0.6811516895291249
873 3470 -0.3336590615836196
873 3485 -0.6124105403290371
873 3500 -0.12185952933240835
873 3365 -0.19230874212235646
873 3380 -0.2784840868124421
873 3395 0.13014968528228343
873 3410 0.2777163413122492
874 875 -0.7042526854811364
874 889 0.6770481683369871
874 3605 0.2565445744410459
874 3620 0.04054718977472759
874 3635 -0.09059404983899219
874 3650 0.5666757067775025
874 3665 -0.1397352287965194
874 3680 -0.5542312117745856
874 3515 0.19935593161858267
874 3530 -0.692101972719747
874 3545 0.4936997608986992
874 3560 0.2393289224593319
874 3575 0.05509617506868516
874 3590 0.6190368508835788
875 890 0.43263231901800697
875 3785 0.3667350836580133
875 3800 0.572239638681774
875 3815 0.5570757951862155
875 3830 0.43822796743052145
875 3845 0.7343200047578944
875 3860 0.14561614414792623
875 3695 -0.88829290252703
875 3710 0.08142983694855671
875 3725 0.8362960702471246
875 3740 -0.6172497249516389
875 3755 -0.7709124346170366
875 3770 -0.33836598938281914
888 889 -0.521462449199233
888 3425 0.08165526962126099
888 3440 -0.2626348277703722
888 3455 -0.2855295436449989
888 3470 -0.549733151195609
888 3485 -0.1955907864039637
888 3500 0.19745743220687859
888 3365 -0.0875430335341694
888 3380 0.3884884087870235
888 3395 0.2702249782352081
888 3410 0.1439340231390546
889 890 -0.2962115736754214
889 3605 -0.809415434842491
889 3620 -0.16681624806189913
889 3635 0.24268348232534653
889 3650 0.03812037834471603
889 3665 -0.2420843280920073
889 3680 0.32174551309864874
889 3515 -0.6243423621403621
889 3530 0.6942572270712694
889 3545 -0.5339675220568968
889 3560 0.8919025434196749
889 3575 0.9585245417084892
889 3590 0.59509625114212
890 3785 0.3143704856579418
890 3800 -0.2032236962255644
890 3815 -0.11297164715096372
890 3830 0.12297133242425899
890 3845 -0.3354051077138873
890 3860 1.0
890 3695 0.1604631033539595
890 3710 -0.0615752988723562
890 3725 0.5560736728438709
890 3740 -0.9866902990677282
890 3755 0.4703585567625454
890 3770 -0.6864787329457332
903 904 0.28313387134328954
903 918 -0.08949531693476259
903 3425 0.2571941013125479
903 3440 0.019045161213534785
903 3365 0.5125004990007102
903 3380 0.5271691894736376
903 3395 0.5871398365007712
903 3410 -0.3664234175513774
904 905 0.12409409787783313
904 919 0.17057582174094055
904 3605 0.06173086399063721
904 3620 1.0
904 3455 0.7426794623664914
904 3470 0.06957708989927118
904 3485 -0.49016379764500423
904 3500 0.4504234537059531
904 3515 -0.257700734016978
904 3530 0.9390167413860354
904 3545 0.3279547457962462
904 3560 0.036608706977839724
904 3575 -0.903103797138131
904 3590 0.37799174700736826
905 920 0.1768996296799996
905 3785 -1.0
905 3800 -0.5396923931433728
905 3635 0.26667147747850717
905 3650 0.3831379952391119
905 3665 0.19964115356172302
905 3680 0.08364092418897512
905 3695 0.6166299197467087
905 3710 -0.035077923688577595
905 3725 0.4022197709548618
905 3740 0.0383354598236136
905 3755 0.7130731060497304
905 3770 0.4262845475721556
918 919 0.7602041511173306
918 3425 -0.25096127081007186
918 3440 0.3298196509513327
918 3365 0.25083713294503257
918 3380 -0.6936814382970851
918 3395 -0.013180439258574596
918 3410 -0.2137484094898742
919 920 0.5042883042084209
919 3605 -0.7691932057559847
919 3620 -0.09312177372747445
919 3455 0.14633189677736805
919 3470 1.0
919 3485 -0.34993627563782653
919 3500 -0.21803294298604325
919 3515 0.4688093104304463
919 3530 -0.3670739831775722
919 3545 -0.3248372216874066
919 3560 -0.8600566246590358
919 3575 -0.1730599166374389
919 3590 -0.6487885889154328
920 3785 -1.0
920 3800 0.579798349540375
920 3635 -0.37155349172631447
920 3650 -0.5341411477311879
920 3665 0.2562882707263804
920 3680 0.6255008523452921
920 3695 -0.29423707503604457
920 3710 -0.30516610512803594
920 3725 -0.2490516817419431
920 3740 0.24119136096814967
920 3755 0.43514290181569426
920 3770 0.264953416848896
933 934 -0.19032489823174356
933 948 0.4309778619870303
933 3425 -0.23487498710841562
933 3440 -0.28471159532078494
933 3365 -0.0006898935262202876
933 3380 -0.36777853889686896
933 3395 -0.8059734481181732
933 3410 0.2559721868938292
934 935 -1.0
934 949 -0.19343333401928345
934 3605 0.046359046818726095
934 3620 -0.4981648956764756
934 3455 0.8596334656904776
934 3470 -0.1075894911099713
934 3486 -0.017836888918512546
934 3501 -0.1974653510429419
934 3516 0.9113383688022701
934 3531 -0.17072275404954487
934 3545 -0.1746336659218653
934 3560 0.2464161558749531
934 3575 1.0
934 3590 -0.6618945333910355
935 950 -0.5025019494758448
935 3785 -0.19452593380443448
935 3800 -0.09190017718181191
935 3635 -0.07334534160447155
935 3650 -0.2104475260608885
935 3666 -0.025853124826361908
935 3681 -0.23689457760269336
935 3696 -0.30361068619564313
935 3711 -0.27358197387953803
935 3725 -0.06894325601870166
935 3740 -0.38415972863319486
935 3755 -0.2658864408908856
935 3770 0.14266805014976566
948 949 0.15671259584296912
948 3425 -0.0534347793765191
948 3440 0.3454325505683785
948 3365 0.2378857840471175
948 3380 0.18324148305963028
948 3395 -1.0
948 3410 0.5463273298980615
949 950 0.04878523465844133
949 3605 -0.4467176516584792
949 3620 -0.5284177357809992
949 3455 0.46648970239744153
949 3470 -0.5785496379410758
949 3486 -0.6815395108198857
949 3501 -0.1997157414080024
949 3516 0.3467860336414006
949 3531 0.35567563258792634
949 3545 -0.05009798194031159
949 3560 -0.1970715508592949
949 3575 -0.4522289000626273
949 3590 -0.037932770184728
950 3785 0.8117769560201014
950 3800 -0.340132741855787
950 3635 -0.4693634060951877
950 3650 0.5938195561311959
950 3666 0.2856816162421442
950 3681 0.05386298069642828
950 3696 -0.8904999359426962
950 3711 1.0
950 3725 0.741838405966246
950 3740 -0.09936459405841497
950 3755 0.5187520671298571
950 3770 0.18214103286231667
963 964 0.34029698208729786
963 978 -0.7361481045395445
963 3425 -0.32742284831520907
963 3440 0.659456999517916
963 3455 0.13171967029140894
963 3470 0.12667436813856173
963 3486 -0.4967386960584436
963 3501 1.0
963 3516 -0.0742626514499397
963 3531 -0.010634605777708257
963 3545 0.4843338507558487
963 3560 0.4774667414843048
963 3395 -0.2148582946246599
963 3410 0.30730933085974255
964 965 -0.04693688881859923
964 979 0.34653845632670793
964 3605 -0.3232838765425858
964 3620 -0.5816144633333085
964 3635 0.1894573210486215
964 3650 0.18454109691806053
964 3666 -0.1260201730495228
964 3681 -0.5961233950012509
964 3696 0.21811242992488394
964 3711 -0.45145710518359666
964 3725 -1.0
964 3740 0.32668893928610343
964 3575 0.25649267167904716
964 3590 -0.6688160968734703
965 980 -0.13002608181136885
965 3785 -0.012685485107177647
965 3800 -0.2258984546338298
965 3815 -0.27801343964816727
965 3830 0.2604063406635149
965 3846 -0.9821808007846456
965 3861 -0.45428439142324745
965 3876 0.1879406169613075
965 3891 -0.21196750506132944
965 3755 -0.5201797835489185
965 3770 0.37968304169377337
978 979 0.22631451762568253
978 3425 -0.47965476394517165
978 3440 -0.25742921718917505
978 3455 -0.8467479391161031
978 3470 0.36443093526746756
978 3486 -0.1696930663735938
978 3501 0.33229456104999366
978 3516 0.3465533361759599
978 3531 0.07437092880681274
978 3545 -0.27093797110725387
978 3560 -0.07239485187005158
978 3395 0.492073514856704
978 3410 -0.3061747665450193
979 980 -0.3947695304912721
979 3605 0.05256478305829918
979 3620 0.08759733145382169
979 3635 -0.33432034589969395
979 3650 0.28160673618287235
979 3666 -0.0576547068401052
979 3681 0.4040250589517612
979 3696 0.05482148763250604
979 3711 0.3809069159748431
979 3725 -0.28989491156799096
979 3740 -0.6892022413672012
979 3575 -0.750992073494209
979 3590 0.4753016786883465
980 3785 -0.6805589962594008
980 3800 0.45701415546632096
980 3815 0.40806550716020423
980 3830 -0.5363225858221464
980 3846 -0.061961090596166536
980 3861 -0.38248187637100695
980 3876 0.33272863558518795
980 3891 -0.08722696318328634
980 3755 -0.46194775987389075
980 3770 -0.3713515497083359
993 994 0.47423295422579587
993 1008 0.15310901056066242
993 3426 -0.12388153599816591
993 3441 0.03550828970935917
993 3456 0.24619652357483762
993 3471 -0.1898906231040334
993 3486 0.47227241284669047
993 3501 0.32799583043869224
993 3516 0.025818940924207456
993 3531 -0.10908105878300364
993 3545 -0.110734390810748
993 3560 0.38634644962729736
993 3395 0.06764822837911173
993 3410 -0.06369820535209181
994 995 -0.16994992406466536
994 1009 -0.2676677271783886
994 3606 0.01596800561505482
994 3621 -0.10493660262934616
994 3636 -0.31511304889112823
994 3651 -0.1825845642898298
994 3666 0.26006199327246465
994 3681 0.6451998354426385
994 3696 -0.23179558632379493
994 3711 0.13832041512763057
994 3725 -0.6923335723554248
994 3740 -0.8327065591839292
994 3575 -1.0
994 3590 -0.5708569751054002
995 1010 0.601701213566146
995 3786 -0.1548920376241685
995 3801 0.14870197487385914
995 3816 0.08774782283281594
995 3831 -0.5423596457782469
995 3846 -0.16643883441267873
995 3861 -0.314458530046863
995 3876 0.4481197296043604
995 3891 0.04908405953905561
995 3755 0.0013814450628463852
995 3770 0.44967164662297826
1008 1009 0.08302189917847373
1008 3426 -0.6101464190956758
1008 3441 -0.21258417200352261
1008 3456 -0.5129110991653381
1008 3471 0.06429700464335347
1008 3486 0.27348650955428844
1008 3501 1.0
1008 3516 -0.6372376131349511
1008 3531 -0.43295548817403245
1008 3545 0.45697578484557316
1008 3560 -0.017727485254972343
1008 3395 0.6822853392064154
1008 3410 0.0025009031002268013
1009 1010 0.07004584233860842
1009 3606 0.426686605150665
1009 3621 0.08331990411683858
1009 3636 -0.07814995857256986
1009 3651 0.746893978042986
1009 3666 -0.2636794676362874
1009 3681 0.11767583493673875
1009 3696 -0.3475528237013177
1009 3711 0.4303131656136161
1009 3725 0.43216599229515146
1009 3740 -0.4075216365220445
1009 3575 0.13508541695527626
1009 3590 0.3585944674416183
1010 3786 0.10425749223989059
1010 3801 -0.17148159642920283
1010 3816 0.09423602756226108
1010 3831 -0.5127990096307992
1010 3846 0.012797179178314681
1010 3861 0.4838042302368299
1010 3876 -0.1033983584349705
1010 3891 0.20022530068889507
1010 3755 -0.1313386053329556
1010 3770 -0.7640910802722604
1023 1024 0.2626726705011019
1023 1038 0.3443382782202041
1023 3426 0.40434619511145864
1023 3441 0.2899486524294131
1023 3456 -0.2759243569915067
1023 3471 -0.6632159771582082
1023 3486 -0.10532826009819866
1023 3501 -0.5366177646054051
1023 3365 0.18549297379065344
1023 3380 -0.5264929183920207
1023 3395 0.33009500265345626
1023 3410 -0.4612825346785786
1024 1025 -0.2165444510696647
1024 1039 0.6505179404816458
1024 3606 1.0
1024 3621 -0.8065213302850276
1024 3636 -0.07724208814548347
1024 3651 -0.3999532529231483
1024 3666 -0.5343745660378085
1024 3681 -0.6255939842542638
1024 3516 -0.16812599657117766
1024 3531 -0.009983237395478456
1024 3545 -0.6369886480874097
1024 3560 0.3121705424655801
1024 3575 0.7511660799949023
1024 3590 0.624238464758291
1025 1040 -0.9505354941961374
1025 3786 -0.08462121481017912
1025 3801 -1.0
1025 3816 -0.06277849866012784
1025 3831 0.1694352104903528
1025 3846 -0.36314928883709935
1025 3861 -0.1104797336924806
1025 3696 -0.998497566283695
1025 3711 -0.059481749744012616
1025 3725 -0.4946156613968664
1025 3740 -0.11888233868526038
1025 3755 0.7081642600027193
1025 3770 0.3942607370238621
1038 1039 -0.11740224434920343
1038 3426 0.7553131918419634
1038 3441 -0.24055417244996993
1038 3456 0.33498333969173594
1038 3471 -0.5847111184649229
1038 3486 0.31011093825211183
1038 3501 0.22936774387675296
1038 3365 0.3695536871775276
1038 3380 -0.7034642179485411
1038 3395 -0.33842241935932366
1038 3410 0.2943362026041088
1039 1040 0.09600002684480034
1039 3606 -0.36153849338854877
1039 3621 -0.9407089119741867
1039 3636 -0.46148420388480804
1039 3651 0.15077931649606222
1039 3666 0.8714393076962553
1039 3681 0.21395585425480154
1039 3516 -0.5316494632472702
1039 3531 -0.23251045014515317
1039 3545 -0.9911092416664107
1039 3560 0.4562329630452894
1039 3575 0.3482314497547017
1039 3590 0.06450464860160297
1040 3786 -0.6192350278091523
1040 3801 -0.34852012239619135
1040 3816 0.20453142290035192
1040 3831 0.4175308848538734
1040 3846 0.2635060755781386
1040 3861 0.7396228736910462
1040 3696 -0.34800027166099046
1040 3711 0.24146095085144614
1040 3725 0.19176323075394605
1040 3740 0.4983141807318504
1040 3755 -0.1598447789037619
1040 3770 -0.461707025986487
1053 1054 -0.38183894563127907
1053 1068 -0.17801838787905852
1053 3426 -0.4516698457472408
1053 3441 0.08578178667303074
1053 3456 0.026069226270860026
1053 3471 0.2924195563202134
1053 3486 -0.4934868513596102
1053 3501 1.0
1053 3366 0.23831777367003207
1053 3381 0.2792193156059818
1053 3396 0.12945626090060144
1053 3411 -0.21680700243821882
1054 1055 0.9469350967867298
1054 1069 -0.024132439488137713
1054 3606 -0.48918147040127746
1054 3621 0.4829618458291302
1054 3636 -0.025174832198375022
1054 3651 -0.32643367803325135
1054 3666 -0.17674337271040508
1054 3681 -0.1295578000070109
1054 3516 0.1497313598572003
1054 3531 0.006377120893430307
1054 3546 0.8751779931946111
1054 3561 0.3726104268122935
1054 3576 -0.4637468376635612
1054 3591 -0.0679435307783001
1055 1070 0.032195547559979595
1055 3786 -0.6869327887398875
1055 3801 -0.277105562156737
1055 3816 0.5530753975971433
1055 3831 -0.6138548664901234
1055 3846 -0.25930203760966236
1055 3861 0.23570575876724048
1055 3696 -0.24550000235816674
1055 3711 0.7257977202907866
1055 3726 -0.950755530223782
1055 3741 -0.2561704587486723
1055 3756 0.4466585980787228
1055 3771 0.6965085330203142
1068 1069 -0.0831870590234173
1068 3426 -0.5335607544433547
1068 3441 -0.2137101696579362
1068 3456 -0.7890913701343653
1068 3471 -0.30985756574937207
1068 3486 0.733109480756483
1068 3501 -0.5192024757172329
1068 3366 0.16312296344439495
1068 3381 0.31012787388135366
1068 3396 -0.4681610350580183
1068 3411 -0.3784847096078774
1069 1070 0.9303909871497404
1069 3606 1.0
1069 3621 0.8733461551203825
1069 3636 0.6610098818577896
1069 3651 0.7845724660440805
1069 3666 -0.3278473698513336
1069 3681 -0.10746949070160229
1069 3516 0.21465384929906772
1069 3531 0.2688531721823093
1069 3546 -0.2742220819417156
1069 3561 0.8465452001703249
1069 3576 0.15035671250135235
1069 3591 -0.007362155813196426
1070 3786 0.5851061781793002
1070 3801 -0.023239019921493714
1070 3816 0.33599361196490707
1070 3831 -1.0
1070 3846 -0.014326254965854613
1070 3861 -0.15318425652176426
1070 3696 0.7361887072905723
1070 3711 0.12535272089160207
1070 3726 -0.663098383681681
1070 3741 0.5051750823951633
1070 3756 -0.8981082086877098
1070 3771 0.131708731242458
1083 1084 -0.26863207907117753
1083 1098 -0.5516102756967133
1083 3426 -0.4790279093983347
1083 3441 0.005404712379414229
1083 3366 0.1379771582539172
1083 3381 -0.4757140045093287
1083 3396 -0.19282159254386716
1083 3411 0.14910723001232273
1084 1085 -0.36630115993339324
1084 1099 -0.34696909471714477
1084 3606 -0.9967265648685124
1084 3621 0.6412362480699321
1084 3456 -0.9579616592062271
1084 3471 -0.72872595476617
1084 3486 0.012444188082025538
1084 3501 -0.8644433157520087
1084 3516 -0.4440910743204668
1084 3531 0.7947625663181352
1084 3546 0.5711180073452319
1084 3561 -0.07287683177684734
1084 3576 -0.2745383270824999
1084 3591 -0.3555182668225104
1085 1100 0.029005642162422934
1085 3786 0.5105164235277531
1085 3801 -0.2638475473403531
1085 3636 0.25218194557913687
1085 3651 0.9882365245579104
1085 3666 0.6383991027201427
1085 3681 0.37885078319906923
1085 3696 0.1485850050924928
1085 3711 -0.18173836700713766
1085 3726 -0.46912215981563
1085 3741 0.41638672173695135
1085 3756 0.46969145792797234
1085 3771 -0.15293728125523084
1098 1099 0.8413620966835954
1098 3426 -0.5023995516252127
1098 3441 0.3986912358713972
1098 3366 0.18276079924550087
1098 3381 -0.03580355552817956
1098 3396 0.7871018399963498
1098 3411 -0.22036286705152716
1099 1100 0.5425252357141435
1099 3606 0.26759259113858885
1099 3621 0.5079414795977352
1099 3456 0.141198861083959
1099 3471 0.822375891702262
1099 3486 -0.1938442728588273
1099 3501 -0.2532501664342261
1099 3516 0.14101867776800264
1099 3531 -0.013138953739616025
1099 3546 -0.00023139825313944372
1099 3561 1.0
1099 3576 0.02182496903173312
1099 3591 -0.16122507680137785
1100 3786 0.23122611897769663
1100 3801 0.14094088489326934
1100 3636 -1.0
1100 3651 -0.16711231686939965
1100 3666 -0.19594203659368406
1100 3681 1.0
1100 3696 0.3038183871232415
1100 3711 -0.9885228067389965
1100 3726 -0.04423989578520506
1100 3741 0.3362091064874361
1100 3756 0.43963929237988714
1100 3771 0.0741208856453135
1113 1114 -0.10639520642258933
1113 1128 0.017494189314841632
1113 3426 0.11680060319127443
1113 3441 0.1989374622231318
1113 3366 0.19844486301797382
1113 3381 0.8757446838421319
1113 3396 1.0
1113 3411 0.7086159465260933
1114 1115 1.0
1114 1129 0.12282446273448347
1114 3606 -0.1303052664446075
1114 3621 0.4614542032441327
1114 3456 -0.4391331217425412
1114 3471 0.28240880229605875
1114 3546 0.5476968401379266
1114 3561 -0.338491047557969
1114 3576 0.5895470188248559
1114 3591 0.3740207318996015
1115 1130 0.24330192842090023
1115 3786 0.10449169604339285
1115 3801 -0.6988124012515297
1115 3636 -0.13740416882679507
1115 3651 -0.6427447667176674
1115 3726 -0.5918264822493182
1115 3741 -0.1799221759369212
1115 3756 0.3096812606689895
1115 3771 -0.36558882963284706
1128 1129 0.15236642794400249
1128 3426 -0.13926333589622802
1128 3441 -0.32579751620818603
1128 3366 -0.4860694950416275
1128 3381 0.5229514380817311
1128 3396 -0.9688985476489002
1128 3411 -0.148865470848634
1129 1130 -0.09800151560052309
1129 3606 0.05508902692434347
1129 3621 -0.5258962234761808
1129 3456 0.7010154939668639
1129 3471 0.022363425326318326
1129 3546 0.27207386634735164
1129 3561 -0.7393210689409835
1129 3576 0.18147811692946247
1129 3591 -0.14140670955681692
1130 3786 -0.4457186771791858
1130 3801 0.40674858705806644
1130 3636 0.7190995213056488
1130 3651 -0.40440151591184936
1130 3726 -0.19185411917930914
1130 3741 0.2490162633730973
1130 3756 0.3411901671385847
1130 3771 -0.42604860646795034
3364 3365 0.6053049572550875
3364 3379 -0.01272869848346016
3365 3366 0.5341454734129366
3365 3380 0.6299342956617492
3366 3381 0.7036459722510691
3379 3380 -0.48277626427417886
3380 3381 -0.43031895204224585
3394 3395 -1.0
3394 3409 -0.48532030966461237
3395 3396 -0.1740462437301167
3395 3410 0.8539552626872728
3396 3411 -0.09638589900262827
3409 3410 0.6117045161636838
3410 3411 0.09107631786732993
3424 3425 0.9393427502906163
3424 3439 0.32217281785660284
3425 3426 -0.015221588247929877
3425 3440 0.8035740822684063
3426 3441 0.2431985389370814
3439 3440 -0.8351131274434698
3440 3441 0.03677318560822096
3454 3455 0.3344832464226467
3454 3469 -0.11840100889428226
3455 3456 0.09621402733267131
3455 3470 0.6027079030586403
3456 3471 -0.6117676409885519
3469 3470 0.24810183412943443
3470 3471 0.9951867884749344
3484 3485 0.17756215763716626
3484 3499 0.037054017527524366
3485 3486 0.5548864694059586
3485 3500 0.6952715040233961
3486 3501 0.6901359492398268
3499 3500 -0.15137434190793997
3500 3501 0.8831054565618568
3514 3515 0.7535947113869267
3514 3529 -0.026656312457709535
3515 3516 -0.07302656971155216
3515 3530 0.09780862977236277
3516 3531 -0.15562851639915679
3529 3530 0.20544530505638064
3530 3531 -0.1437834549087418
3544 3545 0.7485964357174046
3544 3559 0.051361049437411536
3545 3546 0.20777864830917425
3545 3560 0.5642736819638966
3546 3561 0.1362891556410842
3559 3560 0.1870363146245007
3560 3561 0.6321552403072757
3574 3575 -0.11653874057929134
3574 3589 -0.5844056967538618
3575 3576 -0.8550967227596499
3575 3590 0.477898144823059
3576 3591 -0.14129248860180868
3589 3590 -0.19211151490561257
3590 3591 0.38076945448288724
3604 3605 -0.07000336603824259
3604 3619 -0.10356782924339167
3605 3606 0.37992139576438805
3605 3620 0.14565938020108707
3606 3621 -0.6108882563129873
3619 3620 0.7595508498138693
3620 3621 0.1610255971372009
3634 3635 1.0
3634 3649 -0.4801448258262738
3635 3636 0.040935615118461006
3635 3650 -0.24963987756014266
3636 3651 -0.42366298590045426
3649 3650 -0.8833980298464694
3650 3651 -0.2595119557744715
3664 3665 -0.4529204121626658
3664 3679 -0.444400173883691
3665 3666 0.7136758828314188
3665 3680 0.27808317841664526
3666 3681 0.07028685359653544
3679 3680 -0.3823457277655033
3680 3681 0.9730672857370555
3694 3695 -0.04226455658729359
3694 3709 -0.4730503231584695
3695 3696 0.1626078233268125
3695 3710 0.9989928119877635
3696 3711 0.01857380110437904
3709 3710 0.04078092841989178
3710 3711 0.7538021320101782
3724 3725 0.46167546120313513
3724 3739 -0.13724666161837631
3725 3726 -0.16834715488836532
3725 3740 -0.0462177225896179
3726 3741 0.21294891427212775
3739 3740 -0.48102266360828877
3740 3741 0.13207785409220102
3754 3755 0.2666515615201835
3754 3769 -0.28190789991202914
3755 3756 0.4090560473716496
3755 3770 -0.6433140988907384
3756 3771 -0.03287937181481699
3769 3770 -0.19790469615224296
3770 3771 0.03791100959658553
3784 3785 0.6036730929574078
3784 3799 0.6183337946450777
3785 3786 0.1717047851073054
3785 3800 0.8581158925959582
3786 3801 -0.11080194641681962
3799 3800 0.45351569316182183
3800 3801 0.44717971417384966
3814 3815 0.4653635441554188
3814 3829 0.04996756271838148
3815 3816 -0.8620673160986191
3815 3830 0.26154499424006655
3816 3831 -0.3331933648831306
3829 3830 -0.910070307335599
3830 3831 -0.1986654864367148
3844 3845 0.41496286148768086
3844 3859 0.19287268271373362
3845 3846 -0.08585676906764962
3845 3860 -0.8556467376173704
3846 3861 -0.6762884859355526
3859 3860 -1.0
3860 3861 -0.29680045978072167
3874 3875 -0.4792976455107326
3874 3889 -0.2613808969460717
3875 3876 0.18561120785367047
3875 3890 0.07191372264818723
3876 3891 -0.6671849505782065
3889 3890 0.7937791320945329
3890 3891 -0.18899228157208242
