# 
603 603 0.8744045027524117
604 604 -1.3899090535157503
605 605 -0.3492752466385535
618 618 0.10367608454525305
619 619 0.28758600311954274
620 620 0.046927551446866216
633 633 -0.5743990085692388
634 634 -1.1681097195468644
635 635 -0.5316210562992761
648 648 -1.9454381684903854
649 649 2.145081003080378
650 650 -1.531333378976336
663 663 0.5982834368912343
664 664 -0.6817290539965988
665 665 0.498632587104872
678 678 -0.1679467943888251
679 679 0.6507443943866908
680 680 -0.4410595742088398
693 693 -1.037539295131531
694 694 -1.1254854929176625
695 695 2.328150971851112
708 708 0.5045535149066943
709 709 1.1433079129938768
710 710 0.3024399251670441
723 723 -0.489749169208369
724 724 -0.6284175535199813
725 725 1.3608612837969671
738 738 0.011948693123652173
739 739 -0.23089008580043358
740 740 -0.4196015521521243
753 753 -0.20432766417056208
754 754 -1.036177036036755
755 755 0.5124689503914726
768 768 0.14660418638152914
769 769 0.032870953468116575
770 770 -0.2950563327278412
783 783 -0.09059195049534294
784 784 -0.33955319737246387
785 785 -0.25567978696744886
798 798 -0.5577267175127475
799 799 -1.151816686968595
800 800 0.893026205871483
813 813 -0.9358839281915629
814 814 1.679792396393927
815 815 1.1945820056523424
828 828 0.14981721789566305
829 829 0.4402390424826219
830 830 0.21099255913249862
843 843 -0.1766413800779523
844 844 -0.3474390999147797
845 845 -0.722966458646821
858 858 -1.6796498288240138
859 859 -0.16075792834383298
860 860 -0.11243866937657286
873 873 -2.564711752197752
874 874 0.28194125512734053
875 875 -0.7958511706434994
888 888 -1.1188033306046221
889 889 0.11094097456673599
890 890 0.8514141537396769
903 903 -0.4576816916409934
904 904 -1.3399690875604775
905 905 -0.386076517282964
918 918 -0.0002534550264173519
919 919 -0.5415219962869553
920 920 -0.5378051287570365
933 933 -0.3368417489652016
934 934 -0.7193145195139503
935 935 -1.223492758008467
948 948 0.0885440967815045
949 949 1.0149845478107167
950 950 -1.0129572959293551
963 963 -0.6397671613958991
964 964 -0.27181400050427407
965 965 0.37731603607599423
978 978 -0.04418477980219655
979 979 0.6062362884125899
980 980 -0.21245554136207395
993 993 -0.5043351479216996
994 994 -0.3061652783335629
995 995 0.23091019507737692
1008 1008 -1.2117150242261574
1009 1009 1.1890277268462397
1010 1010 -0.6095804840142988
1023 1023 -1.4288841417327263
1024 1024 -0.3665499974297693
1025 1025 0.9299975296790526
1038 1038 1.1033132315510141
1039 1039 -0.7385276822995005
1040 1040 0.08738193309343335
1053 1053 1.1181090284003474
1054 1054 -1.2141365195001954
1055 1055 -0.9084065543369209
1068 1068 0.393692659111856
1069 1069 0.4348225097868104
1070 1070 -0.5619191892678762
1083 1083 0.09460442642787283
1084 1084 0.2017747220990999
1085 1085 0.10589109122037797
1098 1098 1.6877254945808966
1099 1099 -1.0333655548086542
1100 1100 -1.1832727050893381
1113 1113 0.5947850970671246
1114 1114 -0.39743113603471736
1115 1115 -0.8997984508442194
1128 1128 0.873667263525526
1129 1129 0.10437107487894177
1130 1130 -1.4731645570241862
3364 3364 -1.3564129868780836
3365 3365 -0.5122783443849196
3366 3366 1.0649028491361747
3379 3379 -1.5978359972440241
3380 3380 0.39768487623254295
3381 3381 1.176172367982251
3394 3394 -1.4761274657723897
3395 3395 1.1884401129164843
3396 3396 1.9042839022676925
3409 3409 0.49876014222807885
3410 3410 -0.712455941414871
3411 3411 -0.6788340271759755
3424 3424 0.046693779276866895
3425 3425 -0.3424250593533452
3426 3426 1.6713858409981157
3439 3439 1.0831672013952802
3440 3440 0.8226345832590484
3441 3441 0.8007443344997137
3454 3454 -2.168041848073985
3455 3455 -1.1036852009357203
3456 3456 -0.24228666322137737
3469 3469 1.1439710086678871
3470 3470 -0.3540296634313271
3471 3471 -1.677293026276902
3484 3484 -0.015816578885775614
3485 3485 0.25993838471683917
3486 3486 -0.7312974533517975
3499 3499 -0.9080326698694994
3500 3500 0.6428888852938015
3501 3501 0.6487111326219639
3514 3514 2.361614866090822
3515 3515 1.987864879402635
3516 3516 -1.2340571324345453
3529 3529 -0.8317559659872475
3530 3530 0.15846643533706145
3531 3531 -0.2795111550465098
3544 3544 1.287103838269059
3545 3545 -0.005961654385091667
3546 3546 -0.4270881483528613
3559 3559 1.3513943121912557
3560 3560 -1.3191964560581857
3561 3561 0.011386094718517275
3574 3574 0.8644162239888988
3575 3575 -0.5069525034427068
3576 3576 0.2671150841747638
3589 3589 0.3954411726735165
3590 3590 -1.1508501582391442
3591 3591 0.3278664409597288
3604 3604 0.9927023873422405
3605 3605 -1.5225491646180815
3606 3606 1.2415857962736996
3619 3619 0.7286802372234222
3620 3620 -1.0999931806227945
3621 3621 -0.9265993261812572
3634 3634 -0.4855021592887301
3635 3635 -0.33913182116920154
3636 3636 1.3736245705386596
3649 3649 -0.7543529189898741
3650 3650 -0.3289865019422977
3651 3651 1.5531271929679555
3664 3664 -0.2646193162202729
3665 3665 0.68354045259941
3666 3666 -0.1638090532583058
3679 3679 -0.8352941413491695
3680 3680 0.09414115539640454
3681 3681 -1.4312719125741644
3694 3694 -1.312527305825395
3695 3695 -0.3673493849234625
3696 3696 -0.3577128419245674
3709 3709 -0.8586570773979586
3710 3710 -0.5488063951935611
3711 3711 0.2900857913043291
3724 3724 0.09897058988603936
3725 3725 2.2943151027594477
3726 3726 0.9610088723532966
3739 3739 0.4885614836138503
3740 3740 -2.9143010884351606
3741 3741 0.052196055064141114
3754 3754 -0.7954158514313757
3755 3755 -0.8698984753810746
3756 3756 -0.16006067902863455
3769 3769 1.9768571266224508
3770 3770 0.5034250619215009
3771 3771 0.5639881646299664
3784 3784 1.1756420593039392
3785 3785 -0.07946842778047597
3786 3786 -0.12735837452748233
3799 3799 -0.6530095455945019
3800 3800 -1.5083930432052943
3801 3801 2.429979517238226
3814 3814 0.05923365021278213
3815 3815 0.27808374148657977
3816 3816 0.32795578127957825
3829 3829 0.39271561453333537
3830 3830 1.2469988973100872
3831 3831 -0.11689969816511118
3844 3844 1.7166727682635858
3845 3845 2.3372449905898045
3846 3846 1.3908537877591471
3859 3859 -1.6812875746860436
3860 3860 -1.1860587167384922
3861 3861 -0.31887150769818634
3874 3874 0.5021854066018793
3875 3875 1.0434330776455119
3876 3876 -1.0601877292381023
3889 3889 0.4178889718385275
3890 3890 0.7540609031162704
3891 3891 0.02691853641981189
603 604 -0.018558950627606548
603 618 -0.7079643523247058
603 3484 0.46233775299226204
603 3499 0.016574589601397325
603 3514 -0.1887431184148823
603 3529 0.32027243656121224
604 605 0.318119857984859
604 619 1.0
604 3664 -0.12668077709172626
604 3679 0.23207677246228442
604 3694 0.47537398578375306
604 3709 -0.5224498455634157
605 620 -0.7543179111260477
605 3844 0.1783641488698235
605 3859 1.0
605 3874 -0.2979084200225052
605 3889 0.8910309319686825
618 619 0.29119436507643
618 3484 0.3966020449107359
618 3499 0.039801991058502115
618 3514 0.5175755886234468
618 3529 0.9637363581084089
619 620 -0.5303638563480187
619 3664 -0.6524171859103988
619 3679 0.5293601678545183
619 3694 -0.1370744744614547
619 3709 1.0
620 3844 -0.44398661598533057
620 3859 0.8634372151097154
620 3874 0.04210943782966073
620 3889 0.824044161792155
633 634 -0.2885178559080129
633 648 -0.3459346078736934
633 3424 0.4272293450858895
633 3439 0.5576761922216874
633 3454 -0.7429544168765273
633 3469 0.3096173241100791
633 3484 -0.6998297834827617
633 3499 0.42657007115912404
633 3514 -0.008762235198884133
633 3529 0.0631618568257707
634 635 0.5676510306185448
634 649 -0.7292398691830007
634 3604 -0.6093861459416453
634 3619 0.30662443178173976
634 3634 -1.0
634 3649 -0.9515938666962642
634 3664 -0.3770496129491744
634 3679 -0.9187095532614631
634 3694 0.4769898128140332
634 3709 -0.322827724311398
635 650 -1.0
635 3784 -0.1960115088574435
635 3799 0.42694820398182015
635 3814 -0.06288222927739003
635 3829 -0.3669036186583961
635 3844 -0.13209017141251522
635 3859 -0.25154734524485806
635 3874 -0.09651842748700927
635 3889 -0.28011879690851715
648 649 -0.9326234568556278
648 3424 0.2991797410549653
648 3439 -0.181707010766142
648 3454 0.6810223024703861
648 3469 0.358696734837728
648 3484 0.5400155175679979
648 3499 -0.2874392480589821
648 3514 0.014529699308430377
648 3529 -0.5572765141954081
649 650 0.44512496071596475
649 3604 -0.349312840938593
649 3619 0.4780003979731434
649 3634 0.9051435990160869
649 3649 -0.7338511281959208
649 3664 -0.5575726750449522
649 3679 0.3889111906042878
649 3694 -0.03430913842014607
649 3709 -0.5847805313001302
650 3784 -0.3041393887623173
650 3799 0.4112388037142384
650 3814 0.4090759473603866
650 3829 -0.014688836606869751
650 3844 0.24440664414493457
650 3859 0.5270846856704304
650 3874 -0.9205728272884856
650 3889 0.35965133571877894
663 664 0.2518303623091388
663 678 -0.050304690734845864
663 3424 0.22270763680336217
663 3439 -0.6716351012940971
663 3454 -0.3604521672037394
663 3469 0.2288032493049172
663 3484 -0.2679530897607029
663 3499 -0.08996430006930281
664 665 0.7317178295567512
664 679 0.04570231635088213
664 3604 0.4154971169278355
664 3619 -0.16054377808846715
664 3634 0.06931482612285055
664 3649 0.8200118923633563
664 3664 0.002268924434700264
664 3679 -0.09148303647245949
664 3514 0.3181723790351844
664 3529 -0.4657058613436846
665 680 -0.23696437421376648
665 3784 -0.3855850548359819
665 3799 1.0
665 3814 -0.8808103437876246
665 3829 -0.2569434261377173
665 3844 0.22014679668594767
665 3859 -0.04438228995604412
665 3694 0.1901906521765201
665 3709 -0.5249201823933373
678 679 -0.19387114990903567
678 3424 0.18073976981950038
678 3439 0.6227155616442605
678 3454 -0.11246371257211539
678 3469 -0.34932638559323564
678 3484 0.24894955049251422
678 3499 -0.8903402244390058
679 680 -0.22392600122364015
679 3604 -0.3289522472892378
679 3619 0.11162510210916973
679 3634 -0.38449983342437766
679 3649 -0.45392450486823654
679 3664 0.602987395343749
679 3679 0.3113246017046268
679 3514 0.9292724286120481
679 3529 -0.02894563494196871
680 3784 -0.14250678615983337
680 3799 0.16517895057827306
680 3814 0.25370087125209867
680 3829 0.043133284906796646
680 3844 -0.19027025019507118
680 3859 -0.1507841141140573
680 3694 -0.4521800224469227
680 3709 -0.2733719768989901
693 694 0.7778770712054796
693 708 0.2302023549237514
693 3424 -0.25241978964835604
693 3439 -0.38843762274059535
693 3454 -0.32152664285886007
693 3469 -0.0001353559489528783
693 3484 0.45171882885811976
693 3499 -0.42891746365824523
693 3364 0.16075664092662473
693 3379 0.8297377429926632
693 3394 -0.24297750014156835
693 3409 -1.0
694 695 -0.6526514358807658
694 709 -0.2282222635251571
694 3604 0.018003284024338245
694 3619 0.275381645916787
694 3634 0.8330941215049533
694 3649 -1.0
694 3664 0.37144288170483364
694 3679 0.37749811857553317
694 3514 -0.10868400038276349
694 3529 0.4900979060309257
694 3544 0.28737111113817393
694 3559 0.800320425706074
694 3574 -0.33236252881968287
694 3589 -0.7439086262334247
695 710 0.16858089021603956
695 3784 -0.9275205679866992
695 3799 -0.17015672757587036
695 3814 -0.3291458536206161
695 3829 0.5683202779014304
695 3844 0.3974660790320248
695 3859 -0.1969628710539783
695 3694 -0.056159676969888495
695 3709 0.8795460358971685
695 3724 0.43737036090888154
695 3739 -0.4672404514940256
695 3754 -0.20025850402570824
695 3769 0.004140471037486615
708 709 -0.08747148443850136
708 3424 0.21480102573566792
708 3439 0.07580285842409827
708 3454 0.06009575256723164
708 3469 0.40185320898758287
708 3484 -0.09939814763243299
708 3499 0.0672250743853229
708 3364 -0.4012966469961947
708 3379 0.36227545192656335
708 3394 -1.0
708 3409 0.004480055685731402
709 710 -0.2256958184229517
709 3604 0.3488571625569425
709 3619 0.05704652673055285
709 3634 0.8427864349703388
709 3649 0.22310063479491707
709 3664 0.4884193391202243
709 3679 0.2780192659002057
709 3514 -0.10390725604382262
709 3529 -0.1247582746980442
709 3544 0.30603376601408216
709 3559 -0.4585236781751624
709 3574 0.056619768372017536
709 3589 -0.9321305473796027
710 3784 0.4192386577540316
710 3799 0.4206628408854441
710 3814 0.5723157178831741
710 3829 1.0
710 3844 -0.5339165803746585
710 3859 -0.20939088482704152
710 3694 -0.6288958632486875
710 3709 -0.4830618219577897
710 3724 -0.686514601211217
710 3739 0.03332768537122298
710 3754 -0.15098153095336278
710 3769 0.5792968821202161
723 724 0.7730644872919579
723 738 0.2553977329303719
723 3424 0.3994780765674184
723 3439 -0.17156312491315379
723 3364 0.4546859343778525
723 3379 -0.5125945206059517
723 3394 -0.6972832485265531
723 3409 -0.24551385065176798
724 725 -0.740552295977455
724 739 0.2469981831274575
724 3604 0.5745191077190831
724 3619 -0.6422279692960793
724 3454 -0.38051261143477993
724 3469 0.054439567943377745
724 3484 0.4673901612787712
724 3499 -0.27896709127168184
724 3514 -0.33612199282797034
724 3529 0.2607148609174156
724 3544 0.25445196855307173
724 3559 0.6722971981474017
724 3574 0.9454293673954616
724 3589 -0.6136997312502481
725 740 0.19227478834804093
725 3784 0.021077761334870555
725 3799 0.34875321547774896
725 3634 -0.16121549064916119
725 3649 -0.37818294966071575
725 3664 0.6283779440278994
725 3679 -0.4640543165367022
725 3694 1.0
725 3709 -0.4978193333440309
725 3724 0.283434037204955
725 3739 -0.2189971837440772
725 3754 -0.09354656632317856
725 3769 -0.29176180438003524
738 739 0.6511290621114101
738 3424 -0.4949890483568282
738 3439 -0.5176192690025564
738 3364 -0.13389444419330598
738 3379 0.31159511946460455
738 3394 0.11834982076019407
738 3409 -0.5539629168193835
739 740 0.0008703572151609493
739 3604 0.12873171662584562
739 3619 0.4111939465458227
739 3454 0.30247812783834316
739 3469 -0.04546947606366138
739 3484 -0.13666230833314913
739 3499 0.43468695575761584
739 3514 0.0403334781036402
739 3529 -0.7558461600150647
739 3544 0.5264321693990196
739 3559 -0.2949349569790417
739 3574 -0.9626634309535973
739 3589 -0.35407991942552247
740 3784 -0.034692796436684804
740 3799 0.023693535167447148
740 3634 0.15173945788352475
740 3649 -0.5294285436828041
740 3664 0.2674573283356582
740 3679 -0.0357577322403634
740 3694 0.40098706694264197
740 3709 0.46906542878196056
740 3724 0.2862665963320266
740 3739 -0.5045197539932305
740 3754 0.2706560022852566
740 3769 -0.25567168967902654
753 754 0.8226521838159333
753 768 0.4807166673889052
753 3424 0.04009598192791632
753 3439 -0.6535070989696755
753 3364 -1.0
753 3379 -0.8821370198590975
753 3394 -0.6661915145940264
753 3409 0.15865527105528052
754 755 -0.20667637953995036
754 769 0.5999550163953835
754 3604 0.5218786024342109
754 3619 -0.24046920555900267
754 3454 0.03617749501332492
754 3469 -0.300032976451709
754 3485 0.19333664967108674
754 3500 0.23677630973489006
754 3515 0.2666626548678816
754 3530 -0.05163082880437872
754 3544 -0.974797468137723
754 3559 0.9532449789875104
754 3574 -0.24415754953304933
754 3589 0.3072184230144519
755 770 0.666962264820427
755 3784 -0.03173865558378058
755 3799 -0.08340199050543633
755 3634 -0.14283144140338894
755 3649 0.5943125432039938
755 3665 0.7351681180796354
755 3680 0.3780427430641572
755 3695 0.06652001433318083
755 3710 0.03782593734444362
755 3724 0.895610694692897
755 3739 -0.4508546512859426
755 3754 0.3449717254530781
755 3769 -0.2180344165369327
768 769 -0.8226553787919743
768 3424 0.23497975877906396
768 3439 -0.2700009371101481
768 3364 0.011582709490545485
768 3379 0.0384854408112988
768 3394 -0.10460083876585846
768 3409 -0.08077758183380326
769 770 -0.039515625630811915
769 3604 -0.6648369102548239
769 3619 -0.698725477438764
769 3454 0.3877055524486865
769 3469 -0.2146371669468288
769 3485 0.09682327730541188
769 3500 0.6425057328305983
769 3515 0.38504320806081277
769 3530 -0.00967712701461992
769 3544 0.1960642984857014
769 3559 -0.6115332899098804
769 3574 0.5569321039345752
769 3589 0.20720615183506208
770 3784 -0.7588684711060576
770 3799 0.10775644083712042
770 3634 0.041242920664226926
770 3649 0.314051214100421
770 3665 0.22376755935429368
770 3680 -0.7901849649684881
770 3695 0.666662118149445
770 3710 0.14686044346553193
770 3724 -0.01996866475767735
770 3739 -0.5049131365704858
770 3754 1.0
770 3769 -0.8511784681789487
783 784 -0.029656207005188357
783 798 -0.26185987893065554
783 3424 -0.5947448585806349
783 3439 -0.3477778157291035
783 3454 -0.22439375287231772
783 3469 -0.35140679226527927
783 3485 1.0
783 3500 -0.07165143313364813
783 3515 -0.3174419652101088
783 3530 0.17789413113777863
783 3544 -0.038663114963681564
783 3559 -0.017319955298118934
783 3394 1.0
783 3409 0.442123048060833
784 785 -0.7281185407753549
784 799 0.15061657728236125
784 3604 0.42767183695498
784 3619 0.10304098501464777
784 3634 -0.4278402739002328
784 3649 -0.03125027786261488
784 3665 -0.12204123883146538
784 3680 0.14793151055031806
784 3695 0.6218825294727989
784 3710 -0.20188083614210425
784 3724 1.0
784 3739 0.4385264785120347
784 3574 0.1985043423838578
784 3589 0.1130601452651109
785 800 -0.2287276222687931
785 3784 -0.27300262459056757
785 3799 0.6136393127633845
785 3814 -0.1884695146075097
785 3829 -0.294835118724185
785 3845 0.6811581555633401
785 3860 -0.6838449789113358
785 3875 0.41712327729208787
785 3890 0.24950944888500087
785 3754 -0.035082707716618235
785 3769 -0.17714528801925777
798 799 0.4508932122685968
798 3424 -0.27049245460760185
798 3439 0.2735483865769495
798 3454 -0.7332905485961413
798 3469 0.10970730061320924
798 3485 -0.5978650902725925
798 3500 0.5132963793710997
798 3515 0.14685631307952596
798 3530 0.6691143888031559
798 3544 0.066860185977158
798 3559 0.6410930349637425
798 3394 -0.1356421076485624
798 3409 -1.0
799 800 0.733665354163917
799 3604 -0.08517031315426143
799 3619 -0.16059192923646476
799 3634 -0.48685264034736536
799 3649 -0.13628263345606223
799 3665 -0.9951586084562962
799 3680 0.2752387667704677
799 3695 0.15283601604845487
799 3710 -0.2907972639317294
799 3724 0.9059245464030367
799 3739 0.11417418141151103
799 3574 0.5314190603627842
799 3589 -0.17616376922169896
800 3784 -0.43731873409836913
800 3799 0.3460540270852355
800 3814 -0.49403766256378395
800 3829 0.5850564056018382
800 3845 0.06203755294256873
800 3860 -0.13057623684157207
800 3875 0.05948890021373656
800 3890 -1.0
800 3754 -0.11225502592532657
800 3769 0.46133240324635644
813 814 0.6069964369873339
813 828 -0.14568584583333152
813 3425 -0.5803060947029787
813 3440 0.07832877658231055
813 3455 0.7850149633637084
813 3470 -0.06986270749208941
813 3485 0.7812364400990173
813 3500 0.5124906510513234
813 3515 0.11235731667154672
813 3530 0.6211070759488327
813 3544 0.21517381428954238
813 3559 -0.03528730608443446
813 3394 0.7030650561810838
813 3409 0.20532765696395547
814 815 0.3036189140247542
814 829 0.19508462235300084
814 3605 0.31406270437314593
814 3620 1.0
814 3635 0.8953982498642075
814 3650 -0.7861155536796431
814 3665 0.9444511329078118
814 3680 -0.07863421576843797
814 3695 0.8435904454528373
814 3710 -0.23340986023988505
814 3724 -0.6914353489015089
814 3739 1.0
814 3574 -0.8352469244023873
814 3589 0.7115835666602891
815 830 -0.7133685498806004
815 3785 0.5136822516823335
815 3800 0.252919456693726
815 3815 -0.16656469539423382
815 3830 -0.09550005582213597
815 3845 -0.40741700243745094
815 3860 0.39375761246134655
815 3875 -0.11515257297335041
815 3890 0.5447987890802999
815 3754 -0.05567671270092543
815 3769 0.05316134577577376
828 829 -1.0
828 3425 -0.013706814166437679
828 3440 -1.0
828 3455 -0.3363746513749871
828 3470 0.045328877370624
828 3485 0.5091161082831667
828 3500 0.9940956213002337
828 3515 -0.5269384361429529
828 3530 1.0
828 3544 -0.3909865442123413
828 3559 0.48012570833618795
828 3394 -0.487482332146624
828 3409 0.1809938630503607
829 830 0.5158433525057871
829 3605 -0.32259984942404285
829 3620 -1.0
829 3635 -0.2545497784678189
829 3650 0.03387715768579406
829 3665 -0.045502418793382376
829 3680 -0.674936332697349
829 3695 -0.2605348834377907
829 3710 0.44897679447938915
829 3724 1.0
829 3739 -0.02041493073680662
829 3574 -0.41853804642209624
829 3589 -0.2802005829594663
830 3785 0.20720695239380144
830 3800 -0.5578241882937826
830 3815 0.5088168085296656
830 3830 -0.03508808065474919
830 3845 0.15359892240701856
830 3860 -0.13494146378022379
830 3875 0.13222837194859716
830 3890 -0.2396473735755366
830 3754 -0.27303998477870534
830 3769 -0.4851842990323333
843 844 -0.5773580359559187
843 858 -0.4227496667373022
843 3425 1.0
843 3440 -0.264907909395325
843 3455 -0.7908816227879331
843 3470 -0.19330739158440033
843 3485 0.7447090741326522
843 3500 0.38083524857041623
843 3364 -0.4521681203000015
843 3379 0.11833339319674299
843 3394 -0.8236752339702492
843 3409 0.4795339857746868
844 845 -0.421624437507894
844 859 0.631973135543343
844 3605 -0.1931863982246742
844 3620 -0.09394503995688915
844 3635 0.04404679283286062
844 3650 -0.5074114753616339
844 3665 -0.16014410521661035
844 3680 -0.6843341716747592
844 3515 -0.6416527392714579
844 3530 -0.3082742049429065
844 3544 -0.24042317422398907
844 3559 0.506632555363621
844 3574 -0.2577808119569112
844 3589 -0.27789436535174256
845 860 -0.45617741876786544
845 3785 -0.007830074680191245
845 3800 -0.723741239606205
845 3815 0.2235090131454288
845 3830 0.08709716741730769
845 3845 -0.6537692989418556
845 3860 0.18516526419220058
845 3695 0.02315499151062347
845 3710 0.9337754982570186
845 3724 -0.21983596234272454
845 3739 -0.16106361618007564
845 3754 0.09312499903619566
845 3769 -0.2788328395493454
858 859 0.10167112102352349
858 3425 0.018733239808633173
858 3440 -0.6833003422600258
858 3455 0.03021301305417031
858 3470 -0.15007265460562197
858 3485 -0.22836794892736687
858 3500 -0.7479397054282816
858 3364 -0.7406036402419468
858 3379 0.0279310155045402
858 3394 -0.24936105798427635
858 3409 -0.5456981220217795
859 860 0.3050189613432796
859 3605 -0.8039525597548496
859 3620 -0.12344914749887169
859 3635 0.5298380010976498
859 3650 -0.6546176293090253
859 3665 0.5037072022433914
859 3680 0.30421303938408767
859 3515 0.31888605836101996
859 3530 0.5035859539175963
859 3544 0.31768903711197427
859 3559 -0.5086192255076735
859 3574 0.33837898881968326
859 3589 0.21236797566781687
860 3785 -0.49591983229539055
860 3800 0.7160604431109696
860 3815 0.785483003651496
860 3830 -0.40542884054720646
860 3845 0.23603129706533546
860 3860 -0.6474480908595183
860 3695 0.7300936889301956
860 3710 0.2649395575450745
860 3724 -0.1285877211154108
860 3739 0.32098338692492767
860 3754 0.5377343305340025
860 3769 0.2746798679268384
873 874 0.24231085875663846
873 888 0.7439568965509159
873 3425 -1.0
873 3440 0.24421150313688145
873 3455 0.21536717860443436
873 3470 -0.6237493814222543
873 3485 -0.05165341394588644
873 3500 0.08833234421099465
873 3365 -0.2655550023112659
873 3380 0.1510039337131199
873 3395 -0.8986780124109987
873 3410 -0.5701982789974469
874 875 -0.15274042046071834
874 889 0.17587181628507811
874 3605 0.7057405662511969
874 3620 0.5928873038288293
874 3635 0.12321395452236064
874 3650 -0.1677594710615245
874 3665 -0.30014904058504005
874 3680 -0.20368565603673672
874 3515 -0.2826235002648455
874 3530 0.2684009589490172
874 3545 -0.3660477048129685
874 3560 -0.570116492070079
874 3575 -0.4315268642317545
874 3590 -0.5324082521634321
875 890 -0.7680654064224819
875 3785 -0.8136976752602209
875 3800 0.2410286099576766
875 3815 -0.0023672142386528742
875 3830 0.3354822095321411
875 3845 -0.7846589608012565
875 3860 -0.15385837687219883
875 3695 0.18040493190715143
875 3710 -0.015481816060535114
875 3725 -0.14465231554120658
875 3740 -0.09100744894355133
875 3755 0.29045310250983686
875 3770 -0.8630141132737223
888 889 -0.003525338046990222
888 3425 -0.10034355249650825
888 3440 -0.010379921805494702
888 3455 0.5721641884464872
888 3470 0.532206208133391
888 3485 0.38613707468174324
888 3500 0.7765880630303323
888 3365 -0.5855444403665055
888 3380 0.3306755268998019
888 3395 -0.7967202747853843
888 3410 -0.018281872458207497
889 890 0.21279856342438933
889 3605 -0.07338893678759524
889 3620 -0.3410226032849524
889 3635 -0.5686016411406991
889 3650 -0.24806980040267948
889 3665 0.289983325560753
889 3680 -0.01729710060306865
889 3515 0.19927969459571157
889 3530 -0.2961380749021886
889 3545 0.8364938643004795
889 3560 -0.8696668494026878
889 3575 0.4935751054781015
889 3590 0.4639934487380909
890 3785 -0.4754181080725887
890 3800 -0.23027516862152964
890 3815 0.2949045212738155
890 3830 1.0
890 3845 -0.015312099721475344
890 3860 0.8650348052437727
890 3695 -0.4250688729919615
890 3710 0.21837102828124724
890 3725 0.24229101130657113
890 3740 -0.36593182648364014
890 3755 0.15832514835652312
890 3770 -0.3004428199347238
903 904 0.4346938800799185
903 918 0.025774271195927557
903 3425 -0.950242787532549
903 3440 -0.7781698529150818
903 3365 -0.4858469666847127
903 3380 0.8142475002531718
903 3395 0.1723078104122131
903 3410 -1.0
904 905 -0.4973115905136993
904 919 0.10230149303783782
904 3605 -0.5446710611958724
904 3620 0.681327912620837
904 3455 -0.918128188912307
904 3470 -0.45694571580054494
904 3485 -0.3786055918506506
904 3500 0.2058043993350439
904 3515 -0.7649827740417817
904 3530 0.03014789668870557
904 3545 -0.0762461789282439
904 3560 -0.5161698335454342
904 3575 0.012302579172946441
904 3590 0.2751038824141353
905 920 -0.34788024377349047
905 3785 -0.037427462632931036
905 3800 -0.49486292977059754
905 3635 -0.26692834475794547
905 3650 -0.7707065602879993
905 3665 -0.9115083292331935
905 3680 -0.8811072630585544
905 3695 -0.14731715929655956
905 3710 0.2802928155100616
905 3725 0.09009533096590114
905 3740 0.71294025603233
905 3755 -0.2413825762626796
905 3770 0.3340796672432924
918 919 -0.42625529560464986
918 3425 0.19436089116936453
918 3440 0.0645082126325893
918 3365 -0.955498414348234
918 3380 -0.018278053581230025
918 3395 0.1588298386275087
918 3410 -0.6889993226197436
919 920 -0.39372627311695557
919 3605 -0.7045293207526617
919 3620 -0.49124891055885483
919 3455 0.21135695565507506
919 3470 -0.1339352175176485
919 3485 -0.49084490091213284
919 3500 0.2686170184623079
919 3515 0.11667254310028
919 3530 0.34070399966230214
919 3545 -0.4753225846431932
919 3560 -0.018270004377160552
919 3575 -0.5471620366850424
919 3590 0.7097073107428605
920 3785 0.6239792993364041
920 3800 0.925320562695213
920 3635 1.0
920 3650 0.11727418172637757
920 3665 0.37747822846451834
920 3680 -0.4283773354945523
920 3695 -0.7809292928998511
920 3710 0.4310796322474127
920 3725 -0.45145326957199344
920 3740 -0.247259936537945
920 3755 -0.00462418090438441
920 3770 -0.4304814981452296
933 934 0.3796478450091213
933 948 0.7643278084810355
933 3425 -0.45525495367067575
933 3440 0.30753288788622385
933 3365 0.3254173254528572
933 3380 -0.006620932833464317
933 3395 0.13376931387089921
933 3410 -0.3113551366823219
934 935 -0.16059621995262674
934 949 0.005689275029739076
934 3605 0.5303783448064273
934 3620 0.6928658744770696
934 3455 0.6387025718291951
934 3470 0.08748294638649737
934 3486 0.3810707358868982
934 3501 0.184886803521005
934 3516 -0.07060310735105305
934 3531 -0.04275387904936525
934 3545 -0.6211529738666242
934 3560 0.29309937720546436
934 3575 0.3408951667930667
934 3590 -0.05719638652097053
935 950 0.6090808742791723
935 3785 -0.38771094801777445
935 3800 -0.0023245704001261126
935 3635 0.7080677235933195
935 3650 -0.5082424987556126
935 3666 0.6813703695392518
935 3681 -0.3065264160988395
935 3696 -0.20270319463558018
935 3711 -0.029817496708744617
935 3725 0.48334940627852657
935 3740 0.47239974227045756
935 3755 -0.01891905112397162
935 3770 0.21877360792596104
948 949 -0.5371980883702412
948 3425 -0.06928848665174232
948 3440 -0.0071380238230094005
948 3365 -0.1243221785713886
948 3380 -0.248088705972648
948 3395 -0.5198502728463529
948 3410 -0.7000629042376085
949 950 -0.22272315078703384
949 3605 0.33387076679775046
949 3620 -0.4741044514386197
949 3455 0.14569595425849752
949 3470 0.46118005730467904
949 3486 0.9544899781239946
949 3501 -0.37498918693589806
949 3516 -1.0
949 3531 -0.582126474293475
949 3545 -0.6347160999728717
949 3560 0.2701518634627508
949 3575 0.4068383954622566
949 3590 0.0412956680802526
950 3785 -0.5375296731932132
950 3800 0.270550571964972
950 3635 0.574716708552734
950 3650 -0.16736137852988944
950 3666 -0.33052852573339175
950 3681 0.03349903868310234
950 3696 -0.27074978306585495
950 3711 0.4117314134330264
950 3725 -0.2915089184105135
950 3740 0.6861552811075244
950 3755 0.2394511572709538
950 3770 -0.10508959768888428
963 964 -0.003811224838443134
963 978 -0.9580716535816288
963 3425 -0.9201364956799176
963 3440 -0.6053777407250116
963 3455 0.8356974070670311
963 3470 -0.22646574334235936
963 3486 -0.03883021946980885
963 3501 0.36826404826390396
963 3516 -1.0
963 3531 -0.22479544942721336
963 3545 0.05017742187289578
963 3560 0.15833756389886822
963 3395 -0.8576408054128557
963 3410 -0.2812572542860435
964 965 0.3895036909760387
964 979 -1.0
964 3605 0.04254589983665389
964 3620 0.6651926491167809
964 3635 0.4101847360724037
964 3650 -1.0
964 3666 -0.6139667395626192
964 3681 0.4299779810121982
964 3696 0.22662983433341777
964 3711 -0.3734042472294289
964 3725 -0.06316205098188833
964 3740 0.726177147530011
964 3575 0.18279728665821338
964 3590 0.16134900236139288
965 980 0.7304064782780658
965 3785 -0.37699757609617235
965 3800 -0.028549459369240825
965 3815 -0.4115163503479293
965 3830 0.16129619546886137
965 3846 -0.5422726661961232
965 3861 0.021946431220523914
965 3876 0.08389917207444883
965 3891 -0.0612704014884836
965 3755 -0.6320376056170968
965 3770 -1.0
978 979 -0.11564899239267992
978 3425 -0.3647696017091985
978 3440 0.040300468965584806
978 3455 0.008764012815866425
978 3470 0.058721863772804646
978 3486 -0.2876492090197497
978 3501 -0.3413192130923673
978 3516 0.15758711764746774
978 3531 -1.0
978 3545 -0.8440995610064589
978 3560 -0.18652885746797085
978 3395 -0.07097449290935964
978 3410 0.11183866874073677
979 980 -0.20470096716750613
979 3605 -0.007083019862203438
979 3620 -0.528922584897725
979 3635 -0.19591101329538868
979 3650 -0.2780231829682397
979 3666 -0.1796103463964138
979 3681 -0.4670755918994123
979 3696 -0.4465174368517002
979 3711 -0.2563501995685563
979 3725 -0.24408916899485106
979 3740 0.22980485322405794
979 3575 0.27037876926522875
979 3590 0.7596278835555885
980 3785 -1.0
980 3800 -0.46964047509172485
980 3815 -0.5913826140728684
980 3830 0.24145819328895332
980 3846 -0.31566912027635075
980 3861 -0.026216795823974428
980 3876 -0.37957549114765765
980 3891 -0.9648033256916325
980 3755 0.305731436978773
980 3770 -0.17219762322045812
993 994 0.49480303480776305
993 1008 -0.43982638737476015
993 3426 0.1579174007640305
993 3441 -0.1483970699849476
993 3456 0.1116305858799943
993 3471 -0.5972744819934431
993 3486 -0.09652184833687452
993 3501 -0.8059839097482357
993 3516 -0.4552954597073426
993 3531 -0.43128013131493764
993 3545 -0.14601333448615755
993 3560 -0.5294796194328977
993 3395 0.9505350531038467
993 3410 -0.3245781792065399
994 995 -0.12042472717681714
994 1009 -0.2183391864654996
994 3606 0.5387670256352982
994 3621 0.0659920127474417
994 3636 -0.9662223971337831
994 3651 0.020045852353042588
994 3666 -0.7786713702013803
994 3681 -0.16478102159231012
994 3696 0.22808051697443069
994 3711 0.31760202609799754
994 3725 0.021906799624327122
994 3740 0.35377794779676974
994 3575 -0.7096159757759205
994 3590 -0.5648673235392284
995 1010 -0.03116158831207347
995 3786 -0.4690370753331198
995 3801 0.41068462914553533
995 3816 0.26408479198462625
995 3831 0.32076672227810854
995 3846 -0.28062670073130436
995 3861 -0.22790013432089537
995 3876 0.10899882299081334
995 3891 0.49193041049876074
995 3755 1.0
995 3770 0.09806494784661765
1008 1009 0.5192564522146325
1008 3426 0.24333071474278165
1008 3441 0.19033784775817092
1008 3456 0.07420377752954589
1008 3471 -0.8648953724113585
1008 3486 0.36359310692734714
1008 3501 0.1055372281250404
1008 3516 0.515409438682525
1008 3531 -0.09192810522568834
1008 3545 0.3518432786335365
1008 3560 -0.6519763219072156
1008 3395 -0.06892427080552561
1008 3410 -0.3146236158532012
1009 1010 -0.27753370066533833
1009 3606 -0.5513288353097289
1009 3621 0.14485055805244512
1009 3636 -0.38381143141080915
1009 3651 0.5906059378053703
1009 3666 -0.9161791415387301
1009 3681 -0.12939218619863513
1009 3696 0.43822219541653495
1009 3711 -0.44332733911676514
1009 3725 -0.021830565046419646
1009 3740 -0.005056822939387903
1009 3575 0.20751065732768093
1009 3590 0.12607002530486833
1010 3786 0.16593752295228112
1010 3801 0.660850320736219
1010 3816 -0.38653482804235534
1010 3831 0.4677302461559495
1010 3846 0.29276326774262923
1010 3861 0.09779049128956355
1010 3876 -0.13182676531298385
1010 3891 0.3998784828572953
1010 3755 0.13643340251709646
1010 3770 0.39803011348907125
1023 1024 -0.2589939569983367
1023 1038 0.8039070712030769
1023 3426 0.6086093297291846
1023 3441 0.8116440947677962
1023 3456 0.18315611780379282
1023 3471 0.07115173886283664
1023 3486 0.9473382927863937
1023 3501 0.06773448307837594
1023 3365 1.0
1023 3380 0.49146515482315717
1023 3395 -0.25263699086922514
1023 3410 0.12469040785298482
1024 1025 -0.0060955545437632866
1024 1039 0.7172060405395975
1024 3606 0.2938771088442784
1024 3621 -0.6126105874519836
1024 3636 0.35362200517520126
1024 3651 -0.3481717411807059
1024 3666 0.7839066997766603
1024 3681 0.026350338525305505
1024 3516 1.0
1024 3531 -0.7983178463949563
1024 3545 0.3956121488023834
1024 3560 -0.279659338166087
1024 3575 -0.2780208588759861
1024 3590 0.20721881832656852
1025 1040 0.07977186991549126
1025 3786 -0.6845807317601585
1025 3801 -0.2062728269030619
1025 3816 0.3814275676136893
1025 3831 -0.38035075054981454
1025 3846 0.18002182702345929
1025 3861 0.2506818435328902
1025 3696 0.3724050747985593
1025 3711 0.9399237899267069
1025 3725 -0.1396751158233672
1025 3740 0.6171238852236094
1025 3755 -0.29649395994280514
1025 3770 -0.9596585824301926
1038 1039 -0.12399379642655926
1038 3426 0.04847611981904715
1038 3441 0.557849121620278
1038 3456 -0.6397384188779602
1038 3471 0.34168899559879484
1038 3486 -0.047552047892380954
1038 3501 0.39868237842383875
1038 3365 0.530029183267991
1038 3380 -0.4625560959703647
1038 3395 0.48301847464536746
1038 3410 0.7009573742743562
1039 1040 -0.9012827416669582
1039 3606 0.7997352783180377
1039 3621 0.09636417887125265
1039 3636 -0.06310338856778563
1039 3651 0.17812994656224304
1039 3666 -0.1080090008856111
1039 3681 0.15996440577528848
1039 3516 1.0
1039 3531 -0.1490238696186619
1039 3545 0.26378873291792626
1039 3560 -0.41510321836835296
1039 3575 0.4640912079358363
1039 3590 -0.04825661924590738
1040 3786 0.4735949194455407
1040 3801 -0.33105850890209637
1040 3816 0.4058241038713714
1040 3831 0.9583477624556883
1040 3846 -0.39708908061689696
1040 3861 0.006973192833226287
1040 3696 0.1558237099633933
1040 3711 0.758294239567725
1040 3725 1.0
1040 3740 -0.3278764466431986
1040 3755 -0.40322108365024284
1040 3770 -0.5314106221733164
1053 1054 -0.2264497939799041
1053 1068 -0.5355131086402346
1053 3426 -0.12437934684703106
1053 3441 -0.1399199088057093
1053 3456 -0.05786531516824402
1053 3471 -0.7583719620420081
1053 3486 0.7469342856037814
1053 3501 -0.12264330357426628
1053 3366 -0.27705728864552176
1053 3381 0.24338863628864144
1053 3396 -0.3909389219056692
1053 3411 0.8925803568961725
1054 1055 -0.28419074355176105
1054 1069 0.35453401659925365
1054 3606 -0.3557900132874714
1054 3621 0.10583623902118035
1054 3636 0.13161542936001058
1054 3651 -0.1169354321652215
1054 3666 0.14805237156393275
1054 3681 -0.07986128961008253
1054 3516 -0.29974570094989045
1054 3531 0.041954484770044195
1054 3546 -0.00571800206772663
1054 3561 -0.21558522378220377
1054 3576 0.2776141211738953
1054 3591 1.0
1055 1070 -0.6720626801837009
1055 3786 -0.37858131987950305
1055 3801 1.0
1055 3816 1.0
1055 3831 -0.14842039100845658
1055 3846 0.8840452881106141
1055 3861 -0.26054835767691054
1055 3696 -0.1393122727435766
1055 3711 0.3918751313201105
1055 3726 0.8756616952791576
1055 3741 0.06467575814979752
1055 3756 0.35128961251499347
1055 3771 0.36428899525450403
1068 1069 0.30699503220843233
1068 3426 0.1041947012737496
1068 3441 -0.757946002088467
1068 3456 0.620781111858414
1068 3471 0.27044597017679506
1068 3486 0.7505827149817195
1068 3501 -0.5473273990479994
1068 3366 -0.6876028348472886
1068 3381 -0.4879296575973007
1068 3396 0.7063867563597285
1068 3411 0.2556002445320595
1069 1070 0.07465375862358055
1069 3606 0.3545968193538344
1069 3621 0.5032433796678641
1069 3636 -0.7717638083450554
1069 3651 0.7402810486937251
1069 3666 0.2299465896318801
1069 3681 0.5929480046981512
1069 3516 -0.7667820014901231
1069 3531 -0.6561294455089959
1069 3546 -0.5426707914173742
1069 3561 -0.6274216988278333
1069 3576 -0.271065976728011
1069 3591 -0.5082964703059719
1070 3786 0.727609600892508
1070 3801 0.3333309337486334
1070 3816 0.40353494456554106
1070 3831 -0.1396910619965409
1070 3846 -0.08661386119628793
1070 3861 -0.08134268226085345
1070 3696 0.4910619739154882
1070 3711 0.2640281755062856
1070 3726 -0.06695271996282864
1070 3741 0.351145238557647
1070 3756 -0.8091952102388107
1070 3771 -0.22304269766696933
1083 1084 0.48850504265198985
1083 1098 -0.5103765745614812
1083 3426 -0.4146884920786664
1083 3441 -0.6070917813302458
1083 3366 0.010788756330024836
1083 3381 -0.9116855893955581
1083 3396 -0.39946285237883855
1083 3411 -0.040927760396975446
1084 1085 0.6464002398054257
1084 1099 0.3279542787187306
1084 3606 -0.9369203749129454
1084 3621 -0.4784461155143181
1084 3456 -0.8440911483103424
1084 3471 0.2853270806375963
1084 3486 0.02264851147718137
1084 3501 -0.47336315318107763
1084 3516 -0.639126131816854
1084 3531 0.43196586869779924
1084 3546 -0.41200557697066487
1084 3561 0.6894351120017824
1084 3576 0.5004024151195925
1084 3591 1.0
1085 1100 0.37061501679688913
1085 3786 -0.43943821472456873
1085 3801 -0.7193584759016483
1085 3636 0.27112800838865864
1085 3651 0.4268328600277636
1085 3666 0.2727524539669292
1085 3681 0.36117905774436365
1085 3696 -0.38433155014111176
1085 3711 -0.16774401858731935
1085 3726 -0.32534914386337155
1085 3741 -0.6514056154418362
1085 3756 0.19757528204575603
1085 3771 0.5392625324067044
1098 1099 -0.6857524664009284
1098 3426 -0.0626756902558497
1098 3441 0.03203950967426542
1098 3366 0.20852630502821953
1098 3381 -0.7615959939356867
1098 3396 0.08773350212900397
1098 3411 0.06834356761791692
1099 1100 -0.39669986410416613
1099 3606 0.684880282285388
1099 3621 -0.0728086324061963
1099 3456 -0.751852126739092
1099 3471 0.11533995557295117
1099 3486 0.24016045907049635
1099 3501 0.06882183412755687
1099 3516 -0.5866313944294279
1099 3531 -1.0
1099 3546 -0.4503112249409984
1099 3561 0.5620337531132216
1099 3576 0.036246983764576725
1099 3591 0.04137323995788441
1100 3786 0.17526818121359083
1100 3801 -0.42176197605434707
1100 3636 0.5782444886701131
1100 3651 -0.34113496246049296
1100 3666 0.2058359799709876
1100 3681 -0.37308402338662433
1100 3696 -0.6727548268056865
1100 3711 -0.3668138388791602
1100 3726 -0.5022638754703073
1100 3741 1.0
1100 3756 0.02545774493651347
1100 3771 -0.59744562060998
1113 1114 0.3037427688809121
1113 1128 -0.08373696767855057
1113 3426 -0.3041320182030412
1113 3441 -0.34905314627509654
1113 3366 -0.4259902187981678
1113 3381 1.0
1113 3396 1.0
1113 3411 -0.4289952151676056
1114 1115 0.42164505630951116
1114 1129 0.08850422555740421
1114 3606 -0.7456628415608499
1114 3621 -0.6604795636295503
1114 3456 0.09883824611638249
1114 3471 0.12044531877505137
1114 3546 -0.5651045881706319
1114 3561 -0.05459466310819794
1114 3576 0.07279327563968169
1114 3591 0.011355114280314682
1115 1130 -0.5042510329722268
1115 3786 0.6632002534610751
1115 3801 0.2221173953996453
1115 3636 -0.308495010332571
1115 3651 -0.304793960009554
1115 3726 0.2944223676099497
1115 3741 0.22225766674783343
1115 3756 -0.2736365567497656
1115 3771 -0.0745309823370923
1128 1129 0.38912430760246375
1128 3426 -0.11131352030181126
1128 3441 0.04202880536382224
1128 3366 0.1420448472258021
1128 3381 0.6809253020275591
1128 3396 0.5829402153474238
1128 3411 -0.5255861295517121
1129 1130 -0.7222037723313254
1129 3606 0.5143328439261319
1129 3621 -0.7177194021164025
1129 3456 1.0
1129 3471 -0.29127151041184507
1129 3546 -0.7371590041081119
1129 3561 -0.31628873385273887
1129 3576 -0.2268235415230683
1129 3591 0.5106792594801804
1130 3786 0.46423640822956574
1130 3801 0.6876097415044495
1130 3636 0.6659489299147467
1130 3651 0.49067017985550926
1130 3726 -0.7476596721496571
1130 3741 -0.10925944508081317
1130 3756 -0.18914518837678282
1130 3771 0.45244268105234026
3364 3365 0.36655345564837266
3364 3379 1.0
3365 3366 0.848520181880693
3365 3380 -0.42468004272174753
3366 3381 0.5095267158670355
3379 3380 0.3412094132681177
3380 3381 0.8912643289188357
3394 3395 -0.4965729937826529
3394 3409 0.6326880818309804
3395 3396 0.7616348331153718
3395 3410 -0.44892732789799533
3396 3411 0.6825502198556513
3409 3410 -0.2943382922228449
3410 3411 0.32108934168007763
3424 3425 0.7496694785915956
3424 3439 -1.0
3425 3426 0.8848372646803834
3425 3440 -0.5378943173263819
3426 3441 0.9266276538766778
3439 3440 -0.30903456990711925
3440 3441 0.027411194992170318
3454 3455 -0.3966328545232838
3454 3469 0.3158217332083175
3455 3456 -1.0
3455 3470 0.054425311155082895
3456 3471 -0.5995116294944369
3469 3470 -0.23328558106316422
3470 3471 -0.718426940562688
3484 3485 0.20650637226009508
3484 3499 -0.4043033764439016
3485 3486 0.5002567845068111
3485 3500 0.1737923906481925
3486 3501 0.1635738812240683
3499 3500 -0.5439413729705623
3500 3501 -0.7689005861267217
3514 3515 -0.5626931180806956
3514 3529 0.21324474195402496
3515 3516 0.15718289060889767
3515 3530 -0.8119548496348632
3516 3531 0.22915105886226197
3529 3530 -0.28979739957530215
3530 3531 -0.05724231508185866
3544 3545 0.9076877625840926
3544 3559 0.19558983805701963
3545 3546 -0.27172860283788974
3545 3560 0.0886182230897318
3546 3561 -0.4003203737170289
3559 3560 -0.4400102621822334
3560 3561 0.23761551110980403
3574 3575 -0.2716642366752254
3574 3589 -0.7269073684637908
3575 3576 -0.1574696801337433
3575 3590 -0.1821985027159616
3576 3591 0.5295922258679255
3589 3590 0.42273667929278474
3590 3591 -0.7316379834889621
3604 3605 0.0584411518333155
3604 3619 0.469580137777408
3605 3606 0.3145782283495228
3605 3620 0.9335207842825126
3606 3621 0.16515956032756723
3619 3620 -0.04301530819949579
3620 3621 -0.31277917247177955
3634 3635 -0.25503593871094066
3634 3649 -0.6371760726134507
3635 3636 0.4968967307343478
3635 3650 -0.4372985671765545
3636 3651 -0.39748019022608916
3649 3650 -0.29914949762464804
3650 3651 0.06416112319980385
3664 3665 0.09985387595758695
3664 3679 -0.11459367992544739
3665 3666 -0.10532227526031565
3665 3680 0.16915253139412845
3666 3681 -0.6639953889102646
3679 3680 -0.04554532404864596
3680 3681 -0.1445165389998605
3694 3695 0.6363724251929243
3694 3709 -0.29842587797211106
3695 3696 0.03823560490230738
3695 3710 0.08376818197379042
3696 3711 0.02625816049981507
3709 3710 0.2941156165966489
3710 3711 0.15992003943078364
3724 3725 -0.5677379378706044
3724 3739 0.09070026941977853
3725 3726 -0.8012786311101583
3725 3740 -0.20791167738441585
3726 3741 -1.0
3739 3740 -0.29869901969666696
3740 3741 1.0
3754 3755 0.053139915941080675
3754 3769 0.1419090500991561
3755 3756 -0.16021309458286365
3755 3770 0.9797083181936219
3756 3771 0.04108357411941171
3769 3770 -0.7980422072278408
3770 3771 0.4928395242137765
3784 3785 -0.21555856204509555
3784 3799 -1.0
3785 3786 -0.0644304808376998
3785 3800 -0.19804472809039197
3786 3801 0.7575181922904509
3799 3800 -0.013386852800285355
3800 3801 0.04420888376811812
3814 3815 -0.6238071561428135
3814 3829 0.5221436752195134
3815 3816 -0.19140411229591503
3815 3830 -0.4388304130229152
3816 3831 0.3385854995529823
3829 3830 -0.094764944886028
3830 3831 -0.31894687138499334
3844 3845 -0.1397073622671595
3844 3859 -0.18310654277312438
3845 3846 0.07086885294444871
3845 3860 -0.5357124954075742
3846 3861 -0.3791884565763392
3859 3860 -0.2527684200180101
3860 3861 -0.5145632372237574
3874 3875 -0.3713394402052074
3874 3889 -0.5270305867522805
3875 3876 -0.23979503004272776
3875 3890 0.139440903349438
3876 3891 -0.30051115076903917
3889 3890 -1.0
3890 3891 0.18024586290346412
