# 
603 603 -1.329373678315112
604 604 -1.8380655686139449
605 605 -0.9003577384150435
618 618 -0.7895977944812083
619 619 -1.5070859172232902
620 620 0.0635648230504436
633 633 -0.2755116725928443
634 634 -0.21731015056827194
635 635 1.605180417496264
648 648 -1.7415147873843588
649 649 -2.147185024855014
650 650 -0.9409853955392936
663 663 -2.0409463810421355
664 664 -1.8120807312917466
665 665 0.6745933128494681
678 678 -0.2236607777458051
679 679 0.03782313932794062
680 680 1.4398923119907547
693 693 -0.4598309315379405
694 694 -0.36713224667592964
695 695 1.1967682088335454
708 708 -0.06622547604994969
709 709 0.03073265784281275
710 710 -0.3294550116820954
723 723 1.7228262249055546
724 724 -0.4132011989811781
725 725 0.12984958593712811
738 738 -1.1019897417058084
739 739 -0.035548157609252055
740 740 0.8658983375672502
753 753 0.08903248630674428
754 754 0.2614741955543259
755 755 0.4467185830652227
768 768 2.039924743150857
769 769 0.3772541701826602
770 770 0.5278294274176708
783 783 -1.289936064147981
784 784 -0.42878730111780705
785 785 1.438512070715509
798 798 0.4304399106013172
799 799 -0.8016869927745041
800 800 0.6691594674087439
813 813 -0.9233874918395923
814 814 0.505441183712031
815 815 0.4980764383230373
828 828 -1.082820878361672
829 829 0.360374785320995
830 830 1.0960880898204954
843 843 -0.25338673019660857
844 844 0.8819925390157726
845 845 0.7103289302773189
858 858 -1.7000036556135667
859 859 0.988242062334781
860 860 0.23525839838098295
873 873 -1.5295514641192345
874 874 0.6695221933271852
875 875 -1.1196889726318697
888 888 0.801942725976197
889 889 1.5970921003399476
890 890 -0.43077017384610156
903 903 0.38009691693030784
904 904 -0.4525605241594425
905 905 0.5951890755841683
918 918 -1.9403628108132245
919 919 0.8574272078391827
920 920 0.2289128728053495
933 933 0.6557157062497732
934 934 -0.6288596476690516
935 935 0.8308559019781048
948 948 1.8360728302571265
949 949 -0.2995122249903747
950 950 -0.7796211850032023
963 963 -1.5010229874625913
964 964 0.09759974184990479
965 965 0.6980483853282122
978 978 0.7058246419783732
979 979 -0.2826082537689254
980 980 2.019557186851575
993 993 0.4774103447946317
994 994 -0.38629068554118956
995 995 -1.397516906813341
1008 1008 -0.7987314574039726
1009 1009 -1.37684543944495
1010 1010 -0.49273798987181255
1023 1023 -0.11124045331378611
1024 1024 1.2062429567952937
1025 1025 -1.8410682992677658
1038 1038 0.3238529516659801
1039 1039 -0.08236515291780895
1040 1040 -0.017009007156150658
1053 1053 -1.0322260177786218
1054 1054 -0.31067829577501377
1055 1055 -1.2299511993827903
1068 1068 0.7417383071143108
1069 1069 -2.3753426507939603
1070 1070 -2.205808114928829
1083 1083 -1.5687788062601864
1084 1084 -1.1911451851009827
1085 1085 -0.6032857281517693
1098 1098 1.4175196834974024
1099 1099 -1.4345881285108466
1100 1100 -0.0016024393975354364
1113 1113 -0.34050493394083264
1114 1114 -1.4722990453489986
1115 1115 0.9260157581185007
1128 1128 -0.9686064211813009
1129 1129 -1.3807356320062867
1130 1130 -1.363314773585917
3364 3364 -0.22729009941202102
3365 3365 -1.0859296241268295
3366 3366 -0.40360415063506233
3379 3379 -0.09514782717070738
3380 3380 -0.7649914684345935
3381 3381 -1.2414952647542388
3394 3394 0.877331062284802
3395 3395 0.4329794381718854
3396 3396 -0.08046888047141192
3409 3409 -1.0933249878952662
3410 3410 -1.6350676441768077
3411 3411 -1.6848460155338847
3424 3424 0.30108222720325245
3425 3425 0.002506728701397146
3426 3426 -0.06808760949873086
3439 3439 0.4536992489346138
3440 3440 0.17149898032822736
3441 3441 1.1835278103638283
3454 3454 -0.4972715786333498
3455 3455 0.37377166970971626
3456 3456 -2.535754753928479
3469 3469 0.0021899790352820758
3470 3470 1.4299172831009903
3471 3471 -0.024172150737590416
3484 3484 0.14475012289067493
3485 3485 0.8804059938279083
3486 3486 0.8684276911158862
3499 3499 0.42866293681758616
3500 3500 0.26873444960819115
3501 3501 0.10248875584508722
3514 3514 0.40830371952596106
3515 3515 1.5841953050333024
3516 3516 -1.8629887506034322
3529 3529 0.8010610812093913
3530 3530 -0.4317796254583738
3531 3531 -1.8165143532308792
3544 3544 0.07617679752785174
3545 3545 -1.9148936731069
3546 3546 0.05053358265029228
3559 3559 -0.855354670188983
3560 3560 2.7524571929680097
3561 3561 1.214891754078749
3574 3574 1.7751208972131831
3575 3575 0.5071232341655346
3576 3576 -0.47232293967747085
3589 3589 1.8431042178392554
3590 3590 0.30487430859246606
3591 3591 1.1587308585728369
3604 3604 0.4697458094481024
3605 3605 -0.42436611966190174
3606 3606 -0.1439709610931806
3619 3619 0.24470275412705128
3620 3620 1.376410875221672
3621 3621 -0.13829837595191477
3634 3634 -0.31310968862675803
3635 3635 0.006796996873357299
3636 3636 0.585832169127211
3649 3649 -1.1104058813789455
3650 3650 1.705117141218264
3651 3651 -0.3382576998053485
3664 3664 1.1157677393651475
3665 3665 0.9416476840859884
3666 3666 -0.014018745100912219
3679 3679 0.748868146187325
3680 3680 0.5599165784910104
3681 3681 -0.8175930224943287
3694 3694 0.06347460567754402
3695 3695 -0.14453702825780568
3696 3696 1.2218686783634647
3709 3709 -0.7647533857900528
3710 3710 -0.4342791411687385
3711 3711 -1.3005073016803732
3724 3724 0.5724596950732127
3725 3725 -1.1451104141534079
3726 3726 -1.2905936371273332
3739 3739 -0.14200042006945215
3740 3740 -0.37809948837446944
3741 3741 -0.9332585163154199
3754 3754 1.9747705823671244
3755 3755 0.8461427498475725
3756 3756 -0.714748241089827
3769 3769 -2.1286420760723823
3770 3770 0.27955131998406374
3771 3771 -0.5678549730157867
3784 3784 0.5778163406192964
3785 3785 -0.5235488526863623
3786 3786 -0.39025003648379214
3799 3799 -0.33093317775201864
3800 3800 0.1972631456731586
3801 3801 -0.4822855168231324
3814 3814 2.4326839354621064
3815 3815 -0.5140949501437189
3816 3816 -0.05157781322237766
3829 3829 1.005680645331478
3830 3830 -0.15500870567952718
3831 3831 1.4651848099143574
3844 3844 -1.576327625813965
3845 3845 0.5852976149488551
3846 3846 -1.0397971388762766
3859 3859 1.3102865728419635
3860 3860 -0.9141991628778642
3861 3861 0.19680476210498296
3874 3874 -0.45184506583961465
3875 3875 -0.5950439518199157
3876 3876 1.0057483888447922
3889 3889 -1.666103872656384
3890 3890 0.9791313537070802
3891 3891 -0.11849347443249421
603 604 -0.40968657654143026
603 618 -0.2040830954729592
603 3484 0.2056502684496558
603 3499 0.7865441548818387
603 3514 0.3785699642401896
603 3529 0.24189973056073288
604 605 -0.07641602586508973
604 619 0.17236207672309808
604 3664 0.21610121598558116
604 3679 -0.5731063060662664
604 3694 0.8376877485903153
604 3709 0.839671803244596
605 620 0.8060103776851343
605 3844 -0.45991692167171383
605 3859 -0.1717573802470497
605 3874 -0.6386177166407094
605 3889 -1.0
618 619 -0.16255063843390402
618 3484 0.10116855595130775
618 3499 0.24982157198778904
618 3514 -0.639925677812355
618 3529 0.2946858130963622
619 620 -0.1495386580180659
619 3664 0.07724689013890387
619 3679 1.0
619 3694 -0.8843815905901514
619 3709 -0.6441513507266076
620 3844 0.6756510220653373
620 3859 0.32775649892381264
620 3874 -0.17990217427742505
620 3889 -0.0660051833944284
633 634 0.09937229305509906
633 648 0.514657579047466
633 3424 0.263401533972904
633 3439 -0.07740447307029216
633 3454 -0.6796955688268786
633 3469 0.05717745939922532
633 3484 -0.3930326684701526
633 3499 0.3217845272341295
633 3514 0.22519335139510732
633 3529 -0.3883058085172238
634 635 -0.16486850461477684
634 649 -0.21413378514638232
634 3604 -0.20069917524260195
634 3619 0.8403465369936163
634 3634 -0.4189954174941164
634 3649 0.7596317582723473
634 3664 0.6052764337843035
634 3679 0.13291648258307392
634 3694 -0.7327895041406619
634 3709 0.017650010999300542
635 650 -0.03718735093386485
635 3784 -0.09894847133548737
635 3799 0.686544313011357
635 3814 -0.46476680547598787
635 3829 0.12535393653823948
635 3844 0.3244520034011643
635 3859 -1.0
635 3874 -0.6474900354543105
635 3889 -0.5607540774003473
648 649 -0.13019074746340967
648 3424 0.34608613395184007
648 3439 -0.004922674289730965
648 3454 0.25033850386353035
648 3469 0.8832173807461959
648 3484 0.156694867826338
648 3499 0.09265623222718389
648 3514 -0.1842727859771623
648 3529 -0.2607712399728523
649 650 0.1084252287783353
649 3604 -0.9322211805803108
649 3619 -1.0
649 3634 0.5369616067133953
649 3649 0.29617904381494115
649 3664 0.8137349274986506
649 3679 0.50312573014775
649 3694 0.3197525752603153
649 3709 0.3006041232915978
650 3784 -1.0
650 3799 0.2554802490623193
650 3814 0.5307149955719078
650 3829 0.013227163323265637
650 3844 0.8019704700949757
650 3859 -0.7420375738183301
650 3874 0.7856976739141416
650 3889 0.05694601469939373
663 664 -0.16589734984397136
663 678 -0.9417749296634624
663 3424 -0.49251701830569555
663 3439 0.6640938409759325
663 3454 0.5259644720980592
663 3469 0.28690434905573964
663 3484 0.3260055867218764
663 3499 0.24033333755437844
664 665 -0.04477641746545884
664 679 -0.5863233511190377
664 3604 -0.41108662721174427
664 3619 -0.059651939313688146
664 3634 0.03093306250180314
664 3649 0.6160545658549385
664 3664 0.3600214769306426
664 3679 -0.18063456609837583
664 3514 0.45295324926149305
664 3529 0.35972396658407696
665 680 0.04083610896460412
665 3784 0.23777248442178253
665 3799 -0.278373564515196
665 3814 0.485732252510878
665 3829 -0.5463908984767842
665 3844 -0.40944828220756263
665 3859 0.3585109238715644
665 3694 -0.18317475157407304
665 3709 0.7217363013466548
678 679 -0.4883111444719903
678 3424 -1.0
678 3439 0.007610696527960288
678 3454 0.08892923002108744
678 3469 0.12074347312078029
678 3484 -0.21574910378637357
678 3499 -0.3848266559792666
679 680 0.20521627817059113
679 3604 -0.6535539924788423
679 3619 0.04516252881311131
679 3634 0.24982022474148438
679 3649 -0.3666189428319605
679 3664 -0.22346558496479596
679 3679 -0.20549838820781957
679 3514 -0.2579537216538981
679 3529 0.11064039329469075
680 3784 -0.9109502932569117
680 3799 -0.07188509222241773
680 3814 -0.41864349453787086
680 3829 0.8321771234036183
680 3844 0.43555929177082553
680 3859 0.6307650520100062
680 3694 0.4446425727072127
680 3709 0.010695066474471918
693 694 0.44347241071723625
693 708 -0.7714134350703786
693 3424 -0.6483624577384303
693 3439 -0.2646137636398112
693 3454 -0.5227812899293173
693 3469 0.505301973911184
693 3484 0.2596391452230662
693 3499 0.08181372242999946
693 3364 -0.030078647004757302
693 3379 0.3599958013095071
693 3394 0.4044397541188792
693 3409 -0.05262446001530383
694 695 0.5594507173442219
694 709 -0.1862122959852092
694 3604 -0.07890966311927261
694 3619 -0.5129954429069427
694 3634 -0.378163445253299
694 3649 0.22669711528246547
694 3664 -0.5194191031249451
694 3679 0.8076176074477872
694 3514 0.8056213258787599
694 3529 0.37085410974598165
694 3544 -0.41235189290813284
694 3559 -0.043736968825434826
694 3574 -0.6186938038927637
694 3589 0.20593649061184227
695 710 0.5609729240361018
695 3784 0.3060845379250594
695 3799 -0.9356513490878355
695 3814 -0.006307342476413129
695 3829 -0.07839496108136769
695 3844 0.8142318673989871
695 3859 0.10924355082709189
695 3694 -0.0719119486032464
695 3709 0.0645451624975129
695 3724 0.44731906961661566
695 3739 -0.2406323243701829
695 3754 0.8473722462478518
695 3769 -0.4542866522203674
708 709 -0.5408352125064017
708 3424 -0.009928903196240978
708 3439 0.2877880622302894
708 3454 -0.13077848694289498
708 3469 0.5334556545461644
708 3484 -1.0
708 3499 -0.3977671107712888
708 3364 0.13030615984753852
708 3379 -0.12046740874412752
708 3394 -0.09333305179480783
708 3409 0.415765172588855
709 710 0.2166574037413573
709 3604 0.0004569564659995065
709 3619 0.027420357904422467
709 3634 -0.0695655536802951
709 3649 -0.8713160644182051
709 3664 0.044044871825339844
709 3679 0.941631147826163
709 3514 -1.0
709 3529 -0.34627237016705414
709 3544 0.4457649536251351
709 3559 0.021317507321163286
709 3574 0.44451811054849594
709 3589 0.179449299492562
710 3784 -0.5208525113495787
710 3799 -0.38154004673648817
710 3814 -0.8207999044965181
710 3829 0.24083487050814575
710 3844 -0.3743487539036967
710 3859 -0.5213935382646856
710 3694 0.14455708481563237
710 3709 0.11835514561310015
710 3724 0.3645759130100155
710 3739 0.26897228656485794
710 3754 -0.6395007252231416
710 3769 0.5602778751297993
723 724 0.2694468239593563
723 738 -0.43947546298288237
723 3424 -0.15852921628731814
723 3439 0.12498741640733367
723 3364 -0.5283386911603064
723 3379 -0.9038782636121507
723 3394 -0.1502769639427004
723 3409 -0.48554400171508083
724 725 -0.012335422394048202
724 739 -0.2387667142191322
724 3604 1.0
724 3619 -0.32496896576744344
724 3454 0.44907000015895865
724 3469 -0.6914372925152463
724 3484 0.4135468301514225
724 3499 0.26984972226624154
724 3514 0.2578214078758127
724 3529 -0.037101585134309896
724 3544 0.009716956033506627
724 3559 0.043815216757155356
724 3574 0.620893751896086
724 3589 0.9155398739901176
725 740 0.7065889933468964
725 3784 -0.06520578979446323
725 3799 -0.037454220054731716
725 3634 -0.5286494477256705
725 3649 -0.10009475210834307
725 3664 -0.036219321103489924
725 3679 -0.3627227475585539
725 3694 1.0
725 3709 0.29694113322592464
725 3724 0.44677221278063745
725 3739 0.17796460561748073
725 3754 -0.40554183580620445
725 3769 -0.31166659054560897
738 739 0.3862999418892531
738 3424 0.6030763720017431
738 3439 -0.07343416106375988
738 3364 0.9526541814858646
738 3379 -0.5106715454014377
738 3394 0.27911182710731364
738 3409 0.5087675079729534
739 740 1.0
739 3604 -0.18029460818804763
739 3619 -0.13483797816192888
739 3454 -0.24359871719100426
739 3469 -0.056284250711260975
739 3484 0.012960563498069698
739 3499 -0.3335344916666679
739 3514 -1.0
739 3529 0.3765737099746181
739 3544 0.35734040910401044
739 3559 -0.7429939442345115
739 3574 1.0
739 3589 0.37594489201000697
740 3784 -0.26705809943075165
740 3799 -0.22453824833839972
740 3634 0.20306101684196884
740 3649 0.06958686646661291
740 3664 0.47034896471409393
740 3679 0.01780325300189397
740 3694 -0.1506896314272349
740 3709 0.06431549214052411
740 3724 -0.2758127192658367
740 3739 -0.4088441292686833
740 3754 -0.7719821731047304
740 3769 0.4362106704365658
753 754 0.23551347722952898
753 768 0.16697461085890858
753 3424 0.5147039907105659
753 3439 -0.3639660535481683
753 3364 0.1108727856721278
753 3379 0.45926085214920065
753 3394 0.24167885054140892
753 3409 -0.59898218588129
754 755 -0.6948807477237482
754 769 -0.5216919013085864
754 3604 0.13502551061637566
754 3619 -0.19615813279327418
754 3454 -0.38532382616659117
754 3469 0.36218184907071793
754 3485 -0.9252479454505106
754 3500 0.2960758753390565
754 3515 -0.4951102259327865
754 3530 0.17595294425731187
754 3544 -0.6035999767649881
754 3559 0.48999888938962133
754 3574 0.6193907629628245
754 3589 0.17624417614442112
755 770 -0.43216018397365447
755 3784 -0.5879841139420652
755 3799 0.5330058025699732
755 3634 -0.26887240258689926
755 3649 0.9414212008180568
755 3665 0.28562539675361803
755 3680 -0.5667051773966822
755 3695 -0.3514663593445795
755 3710 1.0
755 3724 0.16173575808445262
755 3739 0.17733515267430808
755 3754 -0.021863153113521397
755 3769 -0.21770721948141603
768 769 -0.2090320885904681
768 3424 0.22870688474315218
768 3439 -0.6941374963985154
768 3364 -0.18443805741973393
768 3379 -0.05606757234515373
768 3394 -1.0
768 3409 -0.8582080677749383
769 770 0.3113378355920307
769 3604 0.2006412158449752
769 3619 0.4509553532975529
769 3454 -0.09442354209111538
769 3469 0.8081576486387426
769 3485 -0.726517403124046
769 3500 -0.6925247401712341
769 3515 -0.6614528550099635
769 3530 0.012941253413490863
769 3544 -0.7988456092506494
769 3559 0.9339807581365298
769 3574 0.14619000192236278
769 3589 0.53244378480451
770 3784 0.4224636312707629
770 3799 -0.582093136051672
770 3634 -0.018929471434721276
770 3649 -0.2319920619156801
770 3665 -0.6028083074882077
770 3680 0.03506354214818966
770 3695 -0.0386753897793947
770 3710 -1.0
770 3724 -0.24445081061700072
770 3739 0.6762272438951595
770 3754 -0.2732163920934542
770 3769 -0.52994411532129
783 784 -0.16467668173649802
783 798 -0.37710443065624266
783 3424 0.0617385958402134
783 3439 -0.0574513645936416
783 3454 0.10083889568510497
783 3469 -0.5601640459647125
783 3485 0.7933729942682674
783 3500 -0.14098824325257087
783 3515 -0.6520753523849494
783 3530 0.4405820519100093
783 3544 0.6441340636758605
783 3559 0.1027839462860215
783 3394 0.0012820985156490165
783 3409 0.4265321788507203
784 785 -0.06943757309579196
784 799 -0.07505482566371564
784 3604 0.1529018398117654
784 3619 0.24675162120663977
784 3634 0.3220105400084521
784 3649 0.29953741042234877
784 3665 -0.29175697248662547
784 3680 -0.038470492578258755
784 3695 0.03836965626808511
784 3710 -0.4110356669077399
784 3724 -1.0
784 3739 -0.8147019303793305
784 3574 0.08736530502552957
784 3589 0.10373851955135664
785 800 -0.4953505644896377
785 3784 -0.34512691250369304
785 3799 0.18165229230744637
785 3814 -0.26591829607691586
785 3829 0.07682587021268025
785 3845 0.35967865237008817
785 3860 -1.0
785 3875 0.1629674386889158
785 3890 -0.3839132329265591
785 3754 0.7055786499946461
785 3769 -0.13270220732906163
798 799 -0.8185756728965835
798 3424 0.5362243976386395
798 3439 0.29751742313433355
798 3454 0.6561219230503043
798 3469 -0.416733118471324
798 3485 0.6231518644170361
798 3500 -0.9349896644863732
798 3515 0.4398216493169125
798 3530 0.2957077371599107
798 3544 -0.3391078292724983
798 3559 0.3089559859541955
798 3394 -0.1718207058642195
798 3409 -0.3448681252335313
799 800 0.39239296711453553
799 3604 -1.0
799 3619 0.352496479270711
799 3634 -0.3666468194242305
799 3649 0.3026700044637271
799 3665 0.25117387333918995
799 3680 -1.0
799 3695 0.08119566830023933
799 3710 -0.34439238614765877
799 3724 0.15164600451148186
799 3739 0.7039278911838774
799 3574 0.38850825011135903
799 3589 -0.3751346432065756
800 3784 -0.5832196090086532
800 3799 -0.4728070088116138
800 3814 -0.0913547077329272
800 3829 0.06243980601464738
800 3845 -0.08376426351695954
800 3860 0.04389758879324436
800 3875 -0.44144312991989604
800 3890 0.47197317220486784
800 3754 0.6157057288927296
800 3769 0.40135609427398966
813 814 -0.08535324594279853
813 828 0.2810201089345643
813 3425 0.962524218154351
813 3440 0.48066719614219394
813 3455 -0.27289995814797346
813 3470 -0.3178903688425961
813 3485 -0.07286300265112748
813 3500 0.4030125528109024
813 3515 -0.37197811845589984
813 3530 0.03002095631032466
813 3544 0.032692320998327584
813 3559 0.09117200314611507
813 3394 -0.07131530982981997
813 3409 0.21525567808010868
814 815 -0.12320747839912724
814 829 0.26584359806815455
814 3605 -0.5551425533846386
814 3620 0.4040870610853594
814 3635 0.3621034708231208
814 3650 -0.028506324966347297
814 3665 0.25730929237245653
814 3680 0.16137441667414895
814 3695 -0.1472420161092363
814 3710 0.412696263101811
814 3724 -0.10467961063703793
814 3739 0.13844766462917515
814 3574 -0.24129803692721496
814 3589 -1.0
815 830 0.1530226182127204
815 3785 -0.3651828824605763
815 3800 0.7791868880787801
815 3815 0.6351131182218541
815 3830 0.417840472092879
815 3845 -0.41094842522538
815 3860 -0.6996735752077737
815 3875 -0.659521893357983
815 3890 0.48096449338690656
815 3754 0.5795493471917552
815 3769 -0.6408095151268918
828 829 0.5807038874951427
828 3425 0.1965651352527589
828 3440 -0.45558759679043676
828 3455 0.48187846209945145
828 3470 -0.12150034356525642
828 3485 -0.6720547331464699
828 3500 -0.15089254186622347
828 3515 0.7767266196895627
828 3530 -1.0
828 3544 0.13999182075051736
828 3559 0.43190684224548376
828 3394 0.7362474294753697
828 3409 -0.654328129745844
829 830 -0.8401668190729024
829 3605 0.09342314023301451
829 3620 -0.13942202906033097
829 3635 -0.24900713788224804
829 3650 0.11787620803022322
829 3665 0.5997450777200979
829 3680 0.8693594998768546
829 3695 -0.4587244414457263
829 3710 -0.29906550695705875
829 3724 -0.21073523561502175
829 3739 -0.767391384367786
829 3574 -0.06170029980186538
829 3589 0.05157911344346272
830 3785 0.5513642034864813
830 3800 0.46445420885395994
830 3815 -0.011043885120813684
830 3830 -0.17973688233221222
830 3845 0.26149736415852554
830 3860 0.2341852360746995
830 3875 0.2738420501625087
830 3890 0.6131587906466612
830 3754 -0.06377509706475516
830 3769 0.5826657630926387
843 844 1.0
843 858 0.059188637192510024
843 3425 0.7317429107059198
843 3440 0.36774111599199766
843 3455 0.112950872520771
843 3470 -0.05102585581383565
843 3485 0.049915384824562446
843 3500 0.2856550120770528
843 3364 0.9623541263150529
843 3379 -0.7803354812022867
843 3394 -0.28415459783812735
843 3409 -0.7062538232037232
844 845 0.10048724909512881
844 859 -0.28441725377624943
844 3605 0.28583247523382277
844 3620 0.40952915859732447
844 3635 -0.37746439424453443
844 3650 0.23479214537058063
844 3665 0.255639704058087
844 3680 -0.21929275183119393
844 3515 -0.39028058920443226
844 3530 -0.33898504009272246
844 3544 -0.2795748559773644
844 3559 0.5979236939114297
844 3574 -0.11660526528698242
844 3589 0.024666415282136638
845 860 0.4626007116272815
845 3785 0.5636806515813028
845 3800 -0.3380601848730051
845 3815 -0.6018793981026276
845 3830 0.7364762262600388
845 3845 0.31242229214961836
845 3860 0.05111698174691637
845 3695 -0.2089818657847934
845 3710 0.1411438602289967
845 3724 -0.4135891411258429
845 3739 -0.1826943462295277
845 3754 0.9663335177727136
845 3769 -0.34287146262212553
858 859 0.3476381596614747
858 3425 -0.14360093686948858
858 3440 0.24283456019470215
858 3455 -0.5234142040293378
858 3470 0.5156743962069532
858 3485 -0.4408870256855237
858 3500 0.5656805768076354
858 3364 0.1850353599031687
858 3379 0.6474673671655645
858 3394 0.11236643818605833
858 3409 0.039365862275330274
859 860 -1.0
859 3605 0.3928584458975613
859 3620 0.3217196777607341
859 3635 -0.25314432710044293
859 3650 0.1591877910163451
859 3665 0.02206559344319569
859 3680 -0.07397851241797632
859 3515 0.23974210202712787
859 3530 0.5589657648648064
859 3544 -0.5070295841766724
859 3559 -0.07545129057697111
859 3574 -0.7748919948269738
859 3589 0.0756122948798498
860 3785 -0.5878766835264412
860 3800 0.6810531042886404
860 3815 0.38158364407888057
860 3830 0.2859844327193082
860 3845 -0.5470888631863222
860 3860 0.013319611333106406
860 3695 0.10990671329235029
860 3710 -1.0
860 3724 -0.9318675702193645
860 3739 2.2364852107920744e-05
860 3754 -0.1295697256630083
860 3769 -0.3781255996839535
873 874 0.10623751021656437
873 888 0.3038622564605043
873 3425 -0.7786521197872999
873 3440 -0.28148589375405664
873 3455 -0.1867840402834292
873 3470 -0.3411698625410534
873 3485 -0.3590673848467192
873 3500 0.24268251979862604
873 3365 -0.175884946965508
873 3380 0.5929160542763983
873 3395 0.10121705799430916
873 3410 -0.44720646250017326
874 875 0.31595770917711535
874 889 0.7708765686221136
874 3605 0.10259860197214125
874 3620 -0.3747864762568924
874 3635 0.09331814549470074
874 3650 0.10114658390087371
874 3665 0.48489859235111865
874 3680 -1.0
874 3515 0.5034911879142895
874 3530 -0.06458468498945209
874 3545 1.0
874 3560 0.6143160197380935
874 3575 -0.8787961503788787
874 3590 0.8497234333090837
875 890 0.36466604706088074
875 3785 -0.5900184956484705
875 3800 0.44857543149296275
875 3815 -0.8807070750245423
875 3830 0.32602470227053276
875 3845 -0.5336895236660402
875 3860 0.1999638012099647
875 3695 -0.16991551172673772
875 3710 -0.25385328276263375
875 3725 0.13686665538416956
875 3740 0.009195906660973521
875 3755 0.4657904811496801
875 3770 -0.5100573350318343
888 889 -0.16578439576451626
888 3425 -0.09477566691414649
888 3440 -0.5969541430842644
888 3455 -0.401042480637971
888 3470 -0.4716893969162994
888 3485 -0.7282472221658226
888 3500 1.0
888 3365 -0.5345021027110524
888 3380 0.24429100213937477
888 3395 0.535654052318511
888 3410 -0.18154710673031133
889 890 -0.006540133995626276
889 3605 -0.056484070969263445
889 3620 -0.5582589639544708
889 3635 0.31452156651042595
889 3650 -0.6859636781483012
889 3665 0.0603331336959479
889 3680 0.6397613943716101
889 3515 -0.2132916836857945
889 3530 -0.5543488476050235
889 3545 -0.6319331221297632
889 3560 -1.0
889 3575 -0.22537474054224624
889 3590 0.9012116224316241
890 3785 0.2719950577584621
890 3800 0.1828160307024802
890 3815 0.3541377375801835
890 3830 -0.520954600764385
890 3845 -0.7611405210583027
890 3860 -0.6810018929978119
890 3695 -0.04718626360342254
890 3710 0.8469031454068806
890 3725 0.09623579264410272
890 3740 -0.437745648539637
890 3755 0.22503740003196204
890 3770 0.9597288456150289
903 904 -0.00010383009559271597
903 918 0.9877008087757794
903 3425 0.7858373944863672
903 3440 0.6996050356606435
903 3365 -0.45835503899738594
903 3380 0.5571117801698419
903 3395 0.3504578115098379
903 3410 0.434171745124587
904 905 0.5941202158646921
904 919 -0.21670568976906518
904 3605 -0.36049687333529173
904 3620 -0.22049934594211018
904 3455 0.04169583311727627
904 3470 0.4828388743519069
904 3485 -0.25447574060413536
904 3500 -0.08824570082065171
904 3515 -0.32744391463131745
904 3530 0.08206714378694845
904 3545 0.34363516755656875
904 3560 -0.030217784938144508
904 3575 -0.6504394176271299
904 3590 0.5683023312151217
905 920 -0.15748014132795235
905 3785 0.6686690365790977
905 3800 -0.7434138473192856
905 3635 0.9920780034706653
905 3650 0.22413694782994767
905 3665 0.45806663087694677
905 3680 -0.11846335235997915
905 3695 -0.3788335605922363
905 3710 -0.4816969810536258
905 3725 0.3678783716631908
905 3740 0.16134007300822673
905 3755 -0.9987258343178239
905 3770 0.3761643489199185
918 919 -0.8462332773972775
918 3425 -0.355449918168104
918 3440 0.9220649173242561
918 3365 0.22892771247869473
918 3380 0.0744985242377362
918 3395 -0.3402864672406842
918 3410 1.0
919 920 -0.495191123857294
919 3605 -0.09948130496497702
919 3620 -0.24240644480528806
919 3455 0.836216585612993
919 3470 -0.19288956264293458
919 3485 0.5537571157139689
919 3500 -0.05479544639346758
919 3515 0.17307097345633163
919 3530 -0.8773182109626719
919 3545 -0.09647949357892309
919 3560 0.8448998497211191
919 3575 -0.22421283956730081
919 3590 -0.6585374157641611
920 3785 -0.4068895545325829
920 3800 -0.307044345912299
920 3635 0.7256827848735045
920 3650 0.6293968255381149
920 3665 0.3644015322596573
920 3680 1.0
920 3695 -0.23584055450411698
920 3710 0.07594305107434221
920 3725 -0.8513659883742426
920 3740 -0.6495666446914496
920 3755 -0.4088197873564239
920 3770 -0.7382797575083393
933 934 0.29100330119962386
933 948 0.5053512474500197
933 3425 0.2652501896003016
933 3440 0.2567180103512994
933 3365 -0.34299882959034866
933 3380 -0.8208736068185695
933 3395 0.4858997111773791
933 3410 -0.07520580266536153
934 935 -0.29131511100590046
934 949 0.27541195303392296
934 3605 0.18139563905951614
934 3620 -1.0
934 3455 -0.4817924541006385
934 3470 -0.7987388659618136
934 3486 -0.12774437094831434
934 3501 -0.2968972203740988
934 3516 0.1022764771514674
934 3531 -0.4287579815450192
934 3545 0.3012176936503867
934 3560 0.7712498269829854
934 3575 -0.7747991747395289
934 3590 0.35689736829496266
935 950 0.3736001241788719
935 3785 -0.1992118028246029
935 3800 0.11664001345256972
935 3635 0.08576098708895746
935 3650 -0.32654086295041357
935 3666 -0.465276107430923
935 3681 0.14640224187517462
935 3696 -0.4370602565456614
935 3711 0.17147413018821314
935 3725 -0.6716631224069907
935 3740 -0.24896377705949813
935 3755 -0.8058903901070963
935 3770 0.23047959813601024
948 949 -0.4240965603361326
948 3425 -0.8027134023689851
948 3440 0.05924795109624151
948 3365 0.23988171216524606
948 3380 0.05024482511988263
948 3395 -0.09319309971148473
948 3410 -0.4637059057296091
949 950 -0.2608507092293871
949 3605 -1.0
949 3620 -0.11479270799968602
949 3455 0.08255800834397213
949 3470 0.586053829483635
949 3486 -0.6671538113115235
949 3501 -0.08926066252181798
949 3516 0.0467430852644623
949 3531 -0.3770427849147085
949 3545 -0.5519787367775577
949 3560 -0.51660162940808
949 3575 0.04105804173265114
949 3590 -0.44778657482282497
950 3785 0.25306790650240457
950 3800 0.5071739696845722
950 3635 0.07792749503286138
950 3650 0.5310667986800987
950 3666 0.38549103481751706
950 3681 0.35927679098094817
950 3696 -1.0
950 3711 -0.11906546777861364
950 3725 -0.013736997543433651
950 3740 0.6874608609822701
950 3755 -0.9105849122367191
950 3770 -0.12764222857199492
963 964 0.006930278933420963
963 978 -0.5003096482509848
963 3425 0.37558368085774
963 3440 -0.054458421860480485
963 3455 -0.6167997775905203
963 3470 -0.1799664637797509
963 3486 0.44483652763706666
963 3501 -0.27392031499076147
963 3516 0.7119921305622597
963 3531 -0.44882345468613716
963 3545 -0.08280711488241473
963 3560 0.30825677574520205
963 3395 -0.727615239860646
963 3410 0.5584318457960997
964 965 0.4367921699884667
964 979 0.4073926867908913
964 3605 -0.003034496104950494
964 3620 0.2022963711848463
964 3635 0.059486333061636754
964 3650 -0.12081410296659066
964 3666 -0.47728770330920767
964 3681 -0.14324243617287777
964 3696 0.44657636830805286
964 3711 0.34543536473367403
964 3725 -0.36030077602178767
964 3740 -0.30953443015251203
964 3575 1.0
964 3590 0.9240290929470576
965 980 -0.8762199201099893
965 3785 0.31216621678254936
965 3800 -0.3533549891428934
965 3815 -0.4831200382618498
965 3830 0.12982423336014204
965 3846 0.9245040670982421
965 3861 -0.1936676125365468
965 3876 -0.14752252558165946
965 3891 -0.004859074319358865
965 3755 0.11198909526318804
965 3770 0.9014005564585265
978 979 0.3526258362802138
978 3425 0.30277073686853856
978 3440 -0.0641251773377769
978 3455 0.10507558117877855
978 3470 0.5003707506150941
978 3486 0.2546658546567456
978 3501 0.03506807118466112
978 3516 0.09746679826240967
978 3531 -0.1811769618522652
978 3545 -0.09914776846561632
978 3560 -0.12972347030214565
978 3395 1.0
978 3410 -1.0
979 980 0.16849030225550213
979 3605 -0.05867672248737029
979 3620 -0.07758810862374896
979 3635 -0.8264284526661175
979 3650 -0.12792526643388166
979 3666 -0.2613075787638439
979 3681 -0.5992378084111518
979 3696 0.17612103984157199
979 3711 0.17481312849912856
979 3725 -0.07492263385661833
979 3740 -0.22064694465650395
979 3575 0.342040214021587
979 3590 -0.26964001411888966
980 3785 -0.3076757880911806
980 3800 0.7326143871953665
980 3815 0.5910212040365963
980 3830 1.0
980 3846 0.16634036804685365
980 3861 -0.8807786264833393
980 3876 0.14958907437948432
980 3891 0.3914293774451015
980 3755 0.4615876681741613
980 3770 -0.2782537482343701
993 994 -0.5817800633618853
993 1008 0.5553397533895325
993 3426 0.6133938476898255
993 3441 0.7429120148183667
993 3456 -0.9640979119346301
993 3471 -0.3360873742110386
993 3486 -0.5312739253026519
993 3501 -0.0749700879921094
993 3516 -0.44891291646073617
993 3531 -0.9205904305499784
993 3545 0.10845180307906688
993 3560 -0.17150820677001988
993 3395 0.3852726004654642
993 3410 0.5538220288892932
994 995 0.896924453219546
994 1009 -0.5062591422459826
994 3606 0.8629975735775867
994 3621 -0.20915316476156753
994 3636 0.5483368231486649
994 3651 0.7449650416251048
994 3666 0.8408910155616001
994 3681 0.1587125178931385
994 3696 0.4592234894643718
994 3711 0.04750842765649096
994 3725 -0.1805888245789202
994 3740 0.4951569611402262
994 3575 0.6604166618816112
994 3590 0.36100976156838016
995 1010 0.6468334023395735
995 3786 -0.39790728051997
995 3801 -0.18632649014828548
995 3816 -0.4324734448072351
995 3831 0.37052621256044627
995 3846 0.6112329320456266
995 3861 0.16774593281396075
995 3876 -0.3947082414911243
995 3891 0.36838606871295027
995 3755 -0.20420810741605486
995 3770 0.4621967493240278
1008 1009 0.44158709323605605
1008 3426 0.01576828575344618
1008 3441 0.35957247366738065
1008 3456 -0.0491790595536595
1008 3471 0.5592238350356826
1008 3486 -0.3817815759979994
1008 3501 -0.7414229092424257
1008 3516 0.1355245689087478
1008 3531 0.472987140426401
1008 3545 0.2549063204420075
1008 3560 -0.06639875818445762
1008 3395 0.9023282184502484
1008 3410 -0.12913832651558052
1009 1010 -0.20249188935909382
1009 3606 -0.3344646083182449
1009 3621 0.04272657953147233
1009 3636 -0.4500483359051611
1009 3651 0.028601508612069327
1009 3666 0.5291662455140148
1009 3681 -0.2382262394839394
1009 3696 0.30882180760796235
1009 3711 -0.598710867477294
1009 3725 0.8872711346878343
1009 3740 -0.8511298806001367
1009 3575 -0.21852953158657273
1009 3590 -0.08343670725511981
1010 3786 -0.5315462228706329
1010 3801 0.2111241232665315
1010 3816 -0.20735569612755525
1010 3831 -0.7265516672751668
1010 3846 -0.1080188939267695
1010 3861 -0.22815825322071132
1010 3876 -0.3000843538099942
1010 3891 0.03180720904354962
1010 3755 0.2429012266262754
1010 3770 -0.25543292934398165
1023 1024 0.3682883794836425
1023 1038 -0.49395276473467814
1023 3426 0.30822352291344723
1023 3441 0.03678438148893011
1023 3456 0.013110846444866705
1023 3471 0.03871348526008462
1023 3486 -0.2146007305663098
1023 3501 0.10850959724799396
1023 3365 -0.16354199132971026
1023 3380 0.0808669547866458
1023 3395 0.916426127524626
1023 3410 -0.5618878576769977
1024 1025 -0.3749403389864952
1024 1039 -0.12001421485136594
1024 3606 0.4361729058605455
1024 3621 0.4584306293769229
1024 3636 0.25624126463770086
1024 3651 0.19089697022126842
1024 3666 -0.4323938197578731
1024 3681 0.8430832851283385
1024 3516 -0.8161385063706313
1024 3531 0.5339781833513796
1024 3545 -0.161539126286177
1024 3560 -0.4814107558183759
1024 3575 -0.22899603857660758
1024 3590 -0.8621512940944859
1025 1040 -0.8671583038251869
1025 3786 0.5034558746249348
1025 3801 1.0
1025 3816 -0.14145684885651497
1025 3831 0.13526553822378476
1025 3846 -0.0499301330187848
1025 3861 1.0
1025 3696 -0.8165137352768552
1025 3711 -0.5894138047192362
1025 3725 0.7709890421927708
1025 3740 -0.5622774793666577
1025 3755 -0.2380003284109151
1025 3770 -0.5062744076518627
1038 1039 0.5499558270546361
1038 3426 -0.5497576017662132
1038 3441 0.7248185520035513
1038 3456 0.41976599621375765
1038 3471 -0.6029043167635643
1038 3486 -0.041547174021857244
1038 3501 -0.38725532311322736
1038 3365 -0.4304367592539006
1038 3380 -0.44133462991443395
1038 3395 -0.6176535973736883
1038 3410 0.7522026763843035
1039 1040 -0.37152285767217663
1039 3606 1.0
1039 3621 0.31256804174175584
1039 3636 0.36035638665915515
1039 3651 -0.0031645029902304085
1039 3666 1.0
1039 3681 -0.060164463512422765
1039 3516 -0.3550317450410223
1039 3531 -0.05994507740192411
1039 3545 -0.40834141743966407
1039 3560 -0.6053337740268405
1039 3575 0.24379956520068252
1039 3590 0.17571920583856201
1040 3786 -0.16584665793093256
1040 3801 0.40321057962193274
1040 3816 0.046225478732731945
1040 3831 0.19188807703270708
1040 3846 0.585668747309037
1040 3861 -0.2565992902370365
1040 3696 0.13936309803052918
1040 3711 0.5146755318653692
1040 3725 0.8950158488411781
1040 3740 0.1354537867343134
1040 3755 0.8720327545750655
1040 3770 0.20132841994614498
1053 1054 -0.20221230053935138
1053 1068 0.5636383149706663
1053 3426 0.7756331091408126
1053 3441 -0.34264163130997644
1053 3456 -0.24831405792801461
1053 3471 -1.0
1053 3486 -0.13381629654567992
1053 3501 1.0
1053 3366 -0.4766528439236622
1053 3381 0.5641886854905156
1053 3396 0.41512679277203896
1053 3411 -0.7236411519895913
1054 1055 0.06643675899986105
1054 1069 0.4206192325575469
1054 3606 -0.8403912166077554
1054 3621 0.577486246373926
1054 3636 -0.35656717668139126
1054 3651 -0.2726514508760549
1054 3666 0.3465734973262008
1054 3681 -0.411666214404739
1054 3516 -0.2997261921329257
1054 3531 0.5716747854908598
1054 3546 -0.24927735639707635
1054 3561 0.9649090669819553
1054 3576 0.11684172854058171
1054 3591 0.07788237713281435
1055 1070 0.06025619330175738
1055 3786 -0.189823744230787
1055 3801 -0.014041414200119715
1055 3816 0.4274712057174474
1055 3831 -0.7393573790363823
1055 3846 -0.18049365362028658
1055 3861 -0.41987840911777774
1055 3696 0.20398923370802405
1055 3711 0.17236999491564398
1055 3726 0.19605011548604204
1055 3741 -0.5292040837960986
1055 3756 0.25178619566723
1055 3771 0.32575705422880924
1068 1069 -0.7659872842885599
1068 3426 1.0
1068 3441 0.9156019627059593
1068 3456 0.22863745499187405
1068 3471 0.10326696562071337
1068 3486 0.19672161402304483
1068 3501 -0.18472824139312433
1068 3366 -0.8150529011397877
1068 3381 -0.15042754570547998
1068 3396 0.5575471319305336
1068 3411 0.019972409511272004
1069 1070 0.07831794143381962
1069 3606 -0.16043498847611135
1069 3621 0.06871840341954645
1069 3636 0.42369669412426436
1069 3651 0.3748312456124961
1069 3666 -0.06167569230734625
1069 3681 -0.12513578542650788
1069 3516 -0.17549835128739133
1069 3531 0.6162988950439214
1069 3546 0.019425536466476656
1069 3561 -1.0
1069 3576 0.5068910874556714
1069 3591 0.3751331115728584
1070 3786 0.07943386655768037
1070 3801 -0.05063030081489303
1070 3816 0.16581527320283948
1070 3831 -0.5151830056815396
1070 3846 0.32953303843140924
1070 3861 -0.42469127166075993
1070 3696 -0.014548761028580647
1070 3711 -0.30727815892385274
1070 3726 0.16251559811833055
1070 3741 0.4450489587523316
1070 3756 0.32772765550437716
1070 3771 -0.21643499844559852
1083 1084 -0.49712674058398465
1083 1098 -0.27015375757605453
1083 3426 -0.1033416833325949
1083 3441 -0.279802596365145
1083 3366 0.08681132730171816
1083 3381 0.3046713791756396
1083 3396 0.1113419509569193
1083 3411 0.2166919554815475
1084 1085 0.7029038415398147
1084 1099 0.5158575811519805
1084 3606 0.35758958479034875
1084 3621 -0.4910138992179304
1084 3456 -0.7360122156554703
1084 3471 0.14906111996853516
1084 3486 -0.11219939005811924
1084 3501 0.46565325496465004
1084 3516 -0.8978952569000955
1084 3531 -0.8353364409902133
1084 3546 -0.5778019312370973
1084 3561 0.030191652831788644
1084 3576 0.22601504841419384
1084 3591 1.0
1085 1100 -0.2522028470259428
1085 3786 -0.6340212980982095
1085 3801 0.7386252827020783
1085 3636 0.4860929212560498
1085 3651 -0.33598263942702383
1085 3666 0.4281227175121789
1085 3681 -0.2987360507101174
1085 3696 -0.5140550031510815
1085 3711 -0.4732860127215287
1085 3726 -0.007023528746075648
1085 3741 -0.24418098537388291
1085 3756 0.32746160198182944
1085 3771 0.2188137160073194
1098 1099 -0.5923943945621566
1098 3426 -0.14708350699570139
1098 3441 -0.7677183258528693
1098 3366 -0.3412168265814708
1098 3381 0.3452488658626817
1098 3396 0.3777126802083499
1098 3411 0.14023203172346843
1099 1100 0.1494534410949132
1099 3606 -0.37676210720733855
1099 3621 0.20791819960231558
1099 3456 -0.3999729267374397
1099 3471 -0.30851344557890853
1099 3486 -0.14087456982108226
1099 3501 0.7861795738589445
1099 3516 0.8313345969207823
1099 3531 0.005046505553502398
1099 3546 -0.5796902825036028
1099 3561 0.10324250895861946
1099 3576 0.3276878488477912
1099 3591 0.09209668916484781
1100 3786 -0.12730898452392345
1100 3801 0.3449927345881526
1100 3636 0.21153738026656213
1100 3651 0.8317387632485141
1100 3666 -0.04324046380237383
1100 3681 0.16848555145310254
1100 3696 -0.5860447977460347
1100 3711 -0.36674577428080074
1100 3726 -0.13333906141143848
1100 3741 -0.2672318472610927
1100 3756 1.0
1100 3771 -0.7196681636536915
1113 1114 0.09379283177225778
1113 1128 0.19742075078569235
1113 3426 -0.6821581160048976
1113 3441 0.5492281299507176
1113 3366 0.18726263272879914
1113 3381 0.8077810419861925
1113 3396 0.2328589563499614
1113 3411 -0.00017612753469883186
1114 1115 0.137003363434901
1114 1129 -0.010707353687141445
1114 3606 -0.23123398990285218
1114 3621 0.7840398161497295
1114 3456 -0.08639419060914302
1114 3471 -0.360444459551634
1114 3546 0.5058241265066603
1114 3561 0.46165923212683274
1114 3576 -0.11619581674103499
1114 3591 0.42352668198842836
1115 1130 0.5275836327550503
1115 3786 0.655171464765335
1115 3801 -0.16051170995802555
1115 3636 0.2623833336276574
1115 3651 0.4312532244860951
1115 3726 0.07739818537027075
1115 3741 0.8726538148257994
1115 3756 -0.2907481310556659
1115 3771 -0.4474542232312667
1128 1129 -0.039380513392152594
1128 3426 0.5526788914980146
1128 3441 -0.5700430110445935
1128 3366 -0.46722488236971993
1128 3381 0.017362028374414046
1128 3396 0.8234868253309864
1128 3411 -0.41437149912161975
1129 1130 -0.28896376650193534
1129 3606 -0.6156920836519737
1129 3621 0.17155635506275974
1129 3456 0.2883536448959704
1129 3471 0.11730805417094917
1129 3546 0.7106648691398794
1129 3561 -0.5551128459090359
1129 3576 -0.29915281931711696
1129 3591 -0.06968233216418404
1130 3786 0.3419814079583547
1130 3801 0.19689535527997837
1130 3636 0.11198272166050724
1130 3651 -0.8371865838994672
1130 3726 -0.8811935567283603
1130 3741 0.20906486642336383
1130 3756 0.3344857872984285
1130 3771 0.8195163384067304
3364 3365 0.5348890542703152
3364 3379 -0.05025185568328685
3365 3366 -0.9879597638963565
3365 3380 0.4505920849217603
3366 3381 -0.5372872291652256
3379 3380 0.6290812961612228
3380 3381 -0.30858971719603495
3394 3395 0.050227829353258605
3394 3409 1.0
3395 3396 -0.40370154739922964
3395 3410 -0.9156175339298586
3396 3411 0.052988214269700504
3409 3410 0.1865149213669459
3410 3411 -0.19893026515438897
3424 3425 0.4776253813917847
3424 3439 0.2444822919197256
3425 3426 -0.27106261392293374
3425 3440 -0.4659276416111958
3426 3441 0.10085575504346712
3439 3440 -0.614603906352747
3440 3441 0.772298632641138
3454 3455 0.276488104708018
3454 3469 0.32289913066492637
3455 3456 -0.8261352051897487
3455 3470 -0.02846154322428739
3456 3471 -0.7107478028348333
3469 3470 0.22751511567042912
3470 3471 -0.31132068359041565
3484 3485 -0.09567219824748098
3484 3499 0.2485316385061984
3485 3486 -0.9110433174282382
3485 3500 -0.48071394910049825
3486 3501 0.2420618633121209
3499 3500 0.10697862470558203
3500 3501 0.33746277703614264
3514 3515 -0.7416291151384302
3514 3529 -0.313070020900138
3515 3516 -0.6296369455346414
3515 3530 0.5451335581899469
3516 3531 0.039082263942153535
3529 3530 0.4782584949112846
3530 3531 -0.6011084059149155
3544 3545 -0.4456562048372859
3544 3559 0.06856588487703306
3545 3546 -0.3104910248140427
3545 3560 -0.3807678758547211
3546 3561 -1.0
3559 3560 -1.0
3560 3561 -0.2956425980952844
3574 3575 0.6773788202193197
3574 3589 0.3450056488758487
3575 3576 0.5255156004482199
3575 3590 0.7235822425965817
3576 3591 0.033668748747436666
3589 3590 0.26315427744449854
3590 3591 0.881039074742947
3604 3605 -0.5818257913690359
3604 3619 0.20078397527482175
3605 3606 -0.3026554981670402
3605 3620 -0.2788028800420277
3606 3621 0.24178534389971387
3619 3620 0.4273039623446101
3620 3621 0.3626465560083684
3634 3635 -0.0016886432653231932
3634 3649 0.4363645818023766
3635 3636 -0.13548974592854932
3635 3650 0.912584039359053
3636 3651 0.40577285701727767
3649 3650 0.5749118265644924
3650 3651 -0.011115301110248528
3664 3665 -0.10387189077798108
3664 3679 0.37140963207755734
3665 3666 -0.14595409787290278
3665 3680 -0.3576819895574937
3666 3681 0.18051295811157025
3679 3680 0.8626324734972424
3680 3681 -0.1001794539734883
3694 3695 0.030940056781354808
3694 3709 0.0022299762550242793
3695 3696 0.10060011980795472
3695 3710 -0.19946865983188047
3696 3711 0.5829397237295969
3709 3710 -0.28544410728853437
3710 3711 0.7271316438263219
3724 3725 0.16177027660274892
3724 3739 -0.7132046240554171
3725 3726 -0.39011067007049005
3725 3740 -1.0
3726 3741 -0.26526186905936694
3739 3740 -0.2614065469036316
3740 3741 -0.27211731789775695
3754 3755 0.12645230697405846
3754 3769 0.4726377693908381
3755 3756 -0.37567570601569117
3755 3770 0.2662856913448932
3756 3771 0.5022076525717903
3769 3770 -0.27730861831034886
3770 3771 -0.2629657461646615
3784 3785 -0.5900929698737962
3784 3799 -0.2608001268080241
3785 3786 0.1667575651844187
3785 3800 0.41457903014784553
3786 3801 0.608439201834284
3799 3800 0.9068759489277852
3800 3801 -0.07620967117607665
3814 3815 -0.2941522433291317
3814 3829 -0.46212068722216915
3815 3816 0.7621098247175975
3815 3830 0.022318861454106057
3816 3831 -0.11309185032511493
3829 3830 0.012846883360107064
3830 3831 -0.33822343438219843
3844 3845 0.4563570375632362
3844 3859 1.0
3845 3846 -0.3482546515460632
3845 3860 -0.41283803329286684
3846 3861 -0.4510331856258269
3859 3860 -0.2480589076328441
3860 3861 0.12968733220931358
3874 3875 -0.5006646005291377
3874 3889 -0.709106562462574
3875 3876 -1.0
3875 3890 0.27134494153530214
3876 3891 -0.23254112046226327
3889 3890 -0.008077243524648316
3890 3891 0.44655094132577733
