# 
603 603 -0.6282643081935754
604 604 -0.49468075324120364
605 605 -1.6567576786860052
618 618 0.11174984838928792
619 619 -0.6453494485880258
620 620 -0.20931487187733988
633 633 -1.0207688820717908
634 634 0.12620632378026522
635 635 -1.2995662786472186
648 648 1.3814492495499169
649 649 0.8394559208571187
650 650 0.39891712293138154
663 663 0.830751255276514
664 664 -0.09675836274493439
665 665 -0.772186079728559
678 678 0.03285013808552796
679 679 -0.36411634749165434
680 680 0.2905585865965756
693 693 1.2768351605279034
694 694 -1.1466878000471405
695 695 -0.9120984171583167
708 708 1.3673418050719823
709 709 0.11925302884702141
710 710 -0.4624356005980267
723 723 0.03932804921589557
724 724 0.9863320193069731
725 725 -0.03736402922970223
738 738 -0.4347580106800387
739 739 0.00954423819444595
740 740 -0.87734140352807
753 753 -0.34320087500758895
754 754 -0.07518090825159872
755 755 -0.9997327050775134
768 768 0.18073467064608778
769 769 -1.3598516453070018
770 770 -1.7867927767706642
783 783 1.630463435144354
784 784 -0.5363936949889652
785 785 -0.23904458634246836
798 798 -0.20668846900553675
799 799 2.4974715616895975
800 800 0.9463864438703066
813 813 0.0028134443550073165
814 814 -0.3695608334808854
815 815 -0.03292838755329309
828 828 -1.1352516976240372
829 829 0.4603158289928739
830 830 1.4008576672181323
843 843 1.333871199388697
844 844 2.2136085603087334
845 845 1.0333022369544995
858 858 0.4335018143563455
859 859 -0.2757305552816668
860 860 0.714699473000237
873 873 -0.0031877081341846296
874 874 0.051906992153924074
875 875 -0.2178963850304124
888 888 0.45192948144670186
889 889 1.152675538573709
890 890 -0.11529163316127179
903 903 -1.0780068864897019
904 904 0.2974059968957756
905 905 0.4304603282435506
918 918 -0.4182619615994541
919 919 -0.48328467749715165
920 920 2.1790229111067925
933 933 1.4276368134221404
934 934 -0.6139558306470562
935 935 -0.6308162658604235
948 948 -0.8252463339913397
949 949 0.4005931506479934
950 950 0.36052699643971964
963 963 0.04289388258922001
964 964 -0.07397843840036969
965 965 0.8810418989989012
978 978 -0.46007578321944165
979 979 -1.3651334302122395
980 980 2.800040920710104
993 993 0.2889169222906301
994 994 0.2972812963282129
995 995 1.1785546571627208
1008 1008 0.5306480719908285
1009 1009 -0.6193977163305767
1010 1010 -0.09100906261911983
1023 1023 0.23484204591055233
1024 1024 -1.0091005065517284
1025 1025 -0.7553295753375251
1038 1038 -0.25164490509778115
1039 1039 0.16540476463944703
1040 1040 -0.458069125884168
1053 1053 -0.3172876704715939
1054 1054 -0.8845896825826199
1055 1055 -0.09638699806677893
1068 1068 2.5247194954227186
1069 1069 -0.40627862815573274
1070 1070 -0.9232716360437255
1083 1083 0.5015314936087154
1084 1084 -0.022226114613150934
1085 1085 0.5361654395707737
1098 1098 -1.3159080772571996
1099 1099 0.543965226789062
1100 1100 0.935208806014107
1113 1113 -2.21412444773254
1114 1114 1.3532045710785168
1115 1115 -1.3905446118863505
1128 1128 0.8578389589944354
1129 1129 -1.1048202427002507
1130 1130 0.3002647138895501
3364 3364 1.1046932294980725
3365 3365 -0.6673311166149821
3366 3366 0.47340482639425174
3379 3379 1.0997558617640757
3380 3380 0.5802473113316949
3381 3381 0.8694602190965608
3394 3394 0.38113786356241425
3395 3395 -0.8971165453867859
3396 3396 1.3445597597660386
3409 3409 -1.5165378401803433
3410 3410 0.07009085140290802
3411 3411 0.7153685353437286
3424 3424 -0.25877015813721355
3425 3425 -1.153991551442244
3426 3426 0.8179141412852546
3439 3439 -1.123477686304354
3440 3440 -1.1923806145792473
3441 3441 0.8835785117649761
3454 3454 -1.3314684614262262
3455 3455 -0.3229830411579731
3456 3456 0.9209282165304945
3469 3469 -0.003885638233796161
3470 3470 -0.29733286036951895
3471 3471 0.7757947071347813
3484 3484 0.15498165468642486
3485 3485 0.08740873807645914
3486 3486 0.46784366083572304
3499 3499 -1.7089115030794553
3500 3500 1.0584099588491578
3501 3501 0.12396779642370578
3514 3514 -0.5376787285006592
3515 3515 0.3896941873623661
3516 3516 -1.2480875564695117
3529 3529 -2.380372842935626
3530 3530 -0.33702124189104826
3531 3531 0.5831500825827507
3544 3544 0.9976413105856888
3545 3545 -1.01253815214318
3546 3546 0.06667404376086077
3559 3559 -1.2246408535330546
3560 3560 0.8191002247624664
3561 3561 1.2924898483292415
3574 3574 -1.1273595375157501
3575 3575 -0.9911503657745057
3576 3576 -1.5677524399509295
3589 3589 1.6853536248353116
3590 3590 -0.597370824962042
3591 3591 2.399287135513151
3604 3604 0.38984614952495034
3605 3605 1.7565444965299952
3606 3606 -1.664646608587621
3619 3619 -0.9963696407123669
3620 3620 0.6699729558699056
3621 3621 -0.842443726683519
3634 3634 -0.07696870431484179
3635 3635 0.8625936325881962
3636 3636 0.4505388541296565
3649 3649 -0.7848304310414393
3650 3650 0.4776505276428537
3651 3651 1.95777306591533
3664 3664 -0.535466655365415
3665 3665 -1.7567122481608648
3666 3666 -1.2520277787691778
3679 3679 0.5526932580820748
3680 3680 -0.9183469596304918
3681 3681 0.6212895417098548
3694 3694 1.6699541913706861
3695 3695 0.3084250044833075
3696 3696 -1.4504482856623861
3709 3709 -1.7276056012362666
3710 3710 -0.014834783384615793
3711 3711 0.3757579270961845
3724 3724 -1.2179410309794811
3725 3725 -1.9828523538309142
3726 3726 -0.03126232890363158
3739 3739 0.09834446307095211
3740 3740 0.8209786465089004
3741 3741 0.025779858945534525
3754 3754 -0.18606327716359564
3755 3755 1.5178998598206879
3756 3756 2.1394200294177477
3769 3769 1.0220369503875038
3770 3770 -1.2939531371675403
3771 3771 -1.3440929884502555
3784 3784 0.08404881478922796
3785 3785 -0.31508665830903937
3786 3786 0.5847340977660163
3799 3799 0.15901073520899442
3800 3800 -0.8579937332853825
3801 3801 0.028981165013774294
3814 3814 1.374231801739547
3815 3815 0.20411822018108924
3816 3816 0.7509486855843518
3829 3829 0.5701894972393561
3830 3830 0.6158648280911339
3831 3831 -0.1919436307860178
3844 3844 0.1482497252783878
3845 3845 0.8234180070648605
3846 3846 -0.6931132523710728
3859 3859 -2.43967227217089
3860 3860 0.27181581304985947
3861 3861 -1.9485958733592752
3874 3874 -1.3705202200270579
3875 3875 1.669859592847378
3876 3876 0.36883632461745686
3889 3889 1.534012850817027
3890 3890 0.4160414455869441
3891 3891 2.2065181262633096
603 604 0.5470899266172287
603 618 -0.4856820838810696
603 3484 -0.056889614736070036
603 3499 0.14549168106361085
603 3514 0.5278182668579723
603 3529 0.36172984584068585
604 605 0.15735361373729106
604 619 -0.2943790830729625
604 3664 -0.6163743509464445
604 3679 -0.029990574947729748
604 3694 -0.5985276748641313
604 3709 0.352683867668809
605 620 1.0
605 3844 0.06787232079459532
605 3859 -0.7472833507864396
605 3874 -0.22664840233797057
605 3889 -0.31945041631321935
618 619 0.29725687631510905
618 3484 -0.47053448605272075
618 3499 -0.12761835558724646
618 3514 -0.45897314820111906
618 3529 0.3722130444307832
619 620 0.3951267162163948
619 3664 -0.29560715848059327
619 3679 0.22071533673666194
619 3694 0.2694044419469925
619 3709 0.4131581796220004
620 3844 0.41935222087320184
620 3859 -0.3706648433235842
620 3874 -0.1316457514904877
620 3889 0.4899660844518958
633 634 0.03075737662683581
633 648 0.7571720297413719
633 3424 0.3959870997391444
633 3439 -0.042382417952273335
633 3454 -0.4848911445809291
633 3469 -0.4381835544227025
633 3484 0.8265332112140409
633 3499 -0.12116749925209219
633 3514 0.3414035601202395
633 3529 -0.5241523659913346
634 635 0.24517474842978634
634 649 0.09767265963074899
634 3604 -0.21203968919026892
634 3619 0.0008311372263753644
634 3634 -0.32173330860399285
634 3649 -0.4410392982061962
634 3664 -0.18377144085624048
634 3679 0.21870881257468852
634 3694 0.5959803715836456
634 3709 0.18519513707546284
635 650 -0.6140574796783843
635 3784 -0.08306439409215675
635 3799 -0.015371545467573428
635 3814 0.6771373600264096
635 3829 0.1426292737927608
635 3844 -0.7139702064668086
635 3859 0.6068482551096108
635 3874 -0.3695036482078919
635 3889 0.1953284010246648
648 649 -0.09075945177781515
648 3424 0.11621405246656726
648 3439 -0.9240995355874365
648 3454 0.39304014549471167
648 3469 0.6924229929440309
648 3484 0.0544352880087833
648 3499 0.1510724619678253
648 3514 0.16430127690567717
648 3529 0.47907859243989953
649 650 0.26943525333150053
649 3604 0.49043231725901476
649 3619 0.2057861711215053
649 3634 -0.11424214883978613
649 3649 0.5133774760603064
649 3664 -0.4364675523010397
649 3679 0.5600083861745914
649 3694 -0.04939568246397325
649 3709 -0.3900429187371727
650 3784 -0.01409752551026625
650 3799 -0.6095348834557418
650 3814 -0.1430795314402304
650 3829 0.12764941692082385
650 3844 -0.7172033105028112
650 3859 0.011970291768360964
650 3874 0.5130695963699105
650 3889 0.8744132726691352
663 664 0.4522430845489144
663 678 0.6153565004346734
663 3424 0.012249363871518143
663 3439 -0.036345722149349675
663 3454 0.12364178177177274
663 3469 0.18388383329838157
663 3484 -0.4718175992337953
663 3499 -0.13940315073682374
664 665 -0.10855401449157487
664 679 -0.5599510345639542
664 3604 0.3364893319044
664 3619 0.27871704282604853
664 3634 0.5492744860838507
664 3649 0.03899834813939033
664 3664 -0.29304752372552895
664 3679 0.5144360979324113
664 3514 0.39348951598109216
664 3529 -0.02155187586069495
665 680 -0.7862316626552289
665 3784 -0.2041879677529061
665 3799 0.5977448677962425
665 3814 -0.7306396766059766
665 3829 -0.7245331634384657
665 3844 -0.07653518156616841
665 3859 -1.0
665 3694 -0.6307046957427951
665 3709 -0.11768007108030412
678 679 -0.34111487359552
678 3424 0.28499338942809876
678 3439 0.0768042212593787
678 3454 -0.17035304821218245
678 3469 -0.07888208538757215
678 3484 0.47454018573433554
678 3499 1.0
679 680 -0.6278041364173075
679 3604 1.0
679 3619 0.35020532101234497
679 3634 -0.06242096406447414
679 3649 0.5786316814728228
679 3664 0.8203429152743357
679 3679 -0.9261943219086525
679 3514 -0.37352288029812075
679 3529 0.017732826470281335
680 3784 0.2219010812727254
680 3799 0.46418105815556754
680 3814 -0.1886411916526798
680 3829 -0.674697654803241
680 3844 -0.7014689141374304
680 3859 0.580323230124435
680 3694 0.002284265667789554
680 3709 -1.0
693 694 0.668284236745752
693 708 -0.18180071972706763
693 3424 -0.010205206698762456
693 3439 -0.3055327367514551
693 3454 0.03677026773926604
693 3469 0.23147548164946918
693 3484 0.21648542882453828
693 3499 -0.29348043144407954
693 3364 0.14267851915847687
693 3379 0.36618974976591434
693 3394 -0.3108648088986029
693 3409 0.4216042515429112
694 695 0.18641693256116754
694 709 0.2966973627254026
694 3604 0.10304478528245642
694 3619 -0.7815509185454721
694 3634 0.22806386957473795
694 3649 0.17671159383123647
694 3664 -0.38096044466107715
694 3679 0.7462693106920724
694 3514 -0.08902550137122467
694 3529 -0.6086871813000093
694 3544 0.18522661376108057
694 3559 -0.8657603338838207
694 3574 0.21889584143872293
694 3589 -0.35511387874855244
695 710 -0.13003792945525577
695 3784 0.4482650693697333
695 3799 -0.6615274028917539
695 3814 -0.659018781752476
695 3829 0.9136754125951992
695 3844 -0.3796993032247361
695 3859 -0.7412347746175922
695 3694 -0.7778690281904771
695 3709 -0.9015295366420395
695 3724 -0.03974891399667375
695 3739 0.3356638819238331
695 3754 0.423791870011343
695 3769 -0.08259043833282205
708 709 -0.18070735299440518
708 3424 0.7293967715020145
708 3439 0.1077953990019164
708 3454 -0.04529446645413688
708 3469 -0.9736190900785812
708 3484 1.0
708 3499 -0.48242170298827347
708 3364 -0.0775293589585739
708 3379 0.2132711364950092
708 3394 -0.3283036523631456
708 3409 1.0
709 710 0.47837725337401127
709 3604 0.3841496576832654
709 3619 0.5196760564011594
709 3634 -0.6078316195746873
709 3649 -0.4056900435504888
709 3664 -0.7103085972497473
709 3679 -0.11767166191056237
709 3514 0.008023115578759722
709 3529 0.4194544132350524
709 3544 1.0
709 3559 0.4458089633115984
709 3574 0.5287632968294523
709 3589 -0.4339362473748603
710 3784 0.23598959034059777
710 3799 0.3236899206557812
710 3814 0.37797400836227746
710 3829 -0.6495730698773646
710 3844 -0.7552247235540205
710 3859 0.10238828968379168
710 3694 0.13354217215200595
710 3709 0.379224652166796
710 3724 -0.2328701210418635
710 3739 -0.37747522293995317
710 3754 -0.951252011431046
710 3769 0.6007600012914822
723 724 -0.4585923587115773
723 738 -0.05318884124194897
723 3424 -0.3248875418874398
723 3439 -0.1582896700074265
723 3364 -0.32403720818085197
723 3379 0.007799535115517431
723 3394 -0.2686420061418847
723 3409 -0.3042851325079862
724 725 0.7373775682928452
724 739 0.023955737844129077
724 3604 0.626311917557142
724 3619 0.30442022228240934
724 3454 0.1693950179609719
724 3469 0.698537881991088
724 3484 0.11951096856698565
724 3499 0.5150045468452044
724 3514 0.021734205168020177
724 3529 -0.6606712217208452
724 3544 -0.8169588099257233
724 3559 0.45054456133573045
724 3574 -0.23674699767382582
724 3589 0.27533329223462555
725 740 0.006283392578151537
725 3784 -0.7754339616817466
725 3799 0.22699361152023437
725 3634 0.16502411728847458
725 3649 0.05391367787909684
725 3664 0.4577319231206359
725 3679 0.12916331428198644
725 3694 0.15467491173270145
725 3709 -0.19634248057831594
725 3724 0.8952587072106378
725 3739 -0.2181582346994794
725 3754 0.07449855115243496
725 3769 0.9349804878618635
738 739 -0.17100259528445974
738 3424 0.3402691148728685
738 3439 -0.5911055243691975
738 3364 0.631784066240255
738 3379 -0.5177432261760122
738 3394 -0.036820190900487326
738 3409 0.2373348706387875
739 740 -0.3701958970434696
739 3604 -0.1837696508851169
739 3619 0.45536065922974356
739 3454 -0.2773975121513718
739 3469 -0.13963900262284784
739 3484 0.3112244698493249
739 3499 0.13393757953574456
739 3514 -0.46725152826259203
739 3529 0.06239706412295582
739 3544 -0.1313835458578312
739 3559 0.5598328659515938
739 3574 -0.4018585468458369
739 3589 -0.03527884120752049
740 3784 0.2216532862915251
740 3799 0.005170698782800894
740 3634 -0.04447186612699718
740 3649 -0.8818400220314633
740 3664 0.2467280915519786
740 3679 0.736850882660835
740 3694 -1.0
740 3709 -0.8417395815469032
740 3724 0.26489005568407126
740 3739 -0.7028051638388159
740 3754 0.9536718279102634
740 3769 0.05302160930089186
753 754 -0.05965198391874267
753 768 -0.18603066611586647
753 3424 1.0
753 3439 0.6649566128603277
753 3364 -0.26738475068808865
753 3379 -0.11571485023279483
753 3394 0.6072243041835884
753 3409 -0.1706841479705295
754 755 -0.1675055807984264
754 769 0.10844785065792002
754 3604 -0.585784001221491
754 3619 0.10130279046827999
754 3454 0.004073076886647693
754 3469 -0.36904112727096405
754 3485 -0.09815590258247217
754 3500 -0.3570313207414473
754 3515 0.09767329019176026
754 3530 0.05773779730402717
754 3544 -0.7079840357652957
754 3559 0.8876570506524456
754 3574 -0.1182193312720806
754 3589 -0.7679001934455884
755 770 -0.897980680812721
755 3784 0.29008866489533913
755 3799 0.5603654303749634
755 3634 -0.09810375985278799
755 3649 0.3667824730104742
755 3665 0.9586120340399256
755 3680 0.3279015352577568
755 3695 -0.8391496412155912
755 3710 -0.13354646752417731
755 3724 0.12556202272996275
755 3739 0.29566913683537094
755 3754 0.5506165037673352
755 3769 -0.4116384906821276
768 769 0.13040919137383938
768 3424 -0.3494250518832072
768 3439 -1.0
768 3364 -0.2683558528588953
768 3379 -0.06679457812967525
768 3394 0.5931263921010085
768 3409 -0.24476741353659226
769 770 -0.01992168935579378
769 3604 0.607881517218275
769 3619 -0.04354864112484149
769 3454 -0.4250711495893313
769 3469 0.6710462548570706
769 3485 0.6260170392997475
769 3500 0.46472014654016025
769 3515 0.03284164939536113
769 3530 -0.8222971607750426
769 3544 -0.08223963513232593
769 3559 1.0
769 3574 0.31811904107410116
769 3589 0.7754319669015187
770 3784 0.5504618593586555
770 3799 1.0
770 3634 -0.09178778684520329
770 3649 0.28171228280396915
770 3665 0.9612840029751716
770 3680 -0.08121655732647709
770 3695 0.21257702690224164
770 3710 -0.21756167094636314
770 3724 0.4061019138533869
770 3739 -0.1514917109137679
770 3754 -0.33013065938749336
770 3769 0.4242836772707479
783 784 0.08005132811869567
783 798 0.7965321891659818
783 3424 -0.7546054031736993
783 3439 -0.1273928362118044
783 3454 0.057105195906043064
783 3469 -0.6954084641649562
783 3485 -0.10519697065279933
783 3500 -0.6282423813831616
783 3515 0.41230018326895396
783 3530 0.046847911528960604
783 3544 -0.11976279480300023
783 3559 0.08668746270076193
783 3394 0.3292665804264115
783 3409 0.18039446239853843
784 785 0.29492550252572275
784 799 0.32180869454007277
784 3604 -0.8603755774241973
784 3619 0.19940498887404284
784 3634 -0.7319581158798699
784 3649 0.424641483976788
784 3665 -0.35229231219239576
784 3680 0.36769236065143
784 3695 -0.03252376989863264
784 3710 -1.0
784 3724 0.3424597302899871
784 3739 0.25127442193307914
784 3574 -0.27311163388441956
784 3589 -0.4859156006057864
785 800 0.06700893815727471
785 3784 0.4965478198634187
785 3799 0.10571830686487121
785 3814 -0.6369090147658625
785 3829 -0.06575229783517941
785 3845 1.0
785 3860 -0.4020465493521944
785 3875 -0.20986099032900066
785 3890 0.2115363311143118
785 3754 -0.6703109109499003
785 3769 -0.005440387301576885
798 799 0.6838721276210179
798 3424 0.9488584147500697
798 3439 -0.0072247051644465455
798 3454 -0.21468907512329607
798 3469 -0.9084220987537686
798 3485 0.17528619929196113
798 3500 0.25825772035489136
798 3515 0.221338566377769
798 3530 0.07387127343596975
798 3544 -0.8838930809025457
798 3559 0.7185783720977574
798 3394 0.055017211174481905
798 3409 -0.5685967777750748
799 800 -0.5418813550887228
799 3604 0.6302939395891184
799 3619 0.5406151303821145
799 3634 -0.30250547724246035
799 3649 0.47609643559516507
799 3665 0.3423186004915996
799 3680 0.03462734281112342
799 3695 -0.2143279913854801
799 3710 0.03755919005461048
799 3724 0.33606584125619493
799 3739 -0.18883671068620034
799 3574 0.7331324312233537
799 3589 0.059932047353212864
800 3784 -0.05464756997214981
800 3799 0.07416454827160364
800 3814 -0.17944828828901044
800 3829 0.03334481726735549
800 3845 -0.05528674264893226
800 3860 -0.6055462988448208
800 3875 -0.8451555537814376
800 3890 0.4186672282640125
800 3754 0.0071654729800549885
800 3769 -0.6646399359540859
813 814 -0.4344908723213264
813 828 -0.7122935581367942
813 3425 1.0
813 3440 0.34939290876207907
813 3455 -0.13230333019287563
813 3470 -0.6881823531007046
813 3485 0.46550180617846043
813 3500 -0.36717238720301454
813 3515 0.04532075071427499
813 3530 1.0
813 3544 -0.5228852387218709
813 3559 -0.5624292787825933
813 3394 0.916944668323716
813 3409 0.314554184807502
814 815 1.0
814 829 0.19986350934863953
814 3605 1.0
814 3620 0.5795617245020777
814 3635 0.24522932369905143
814 3650 0.2552550878691795
814 3665 -0.3273420766769328
814 3680 0.5207584663055239
814 3695 -0.22356330463144525
814 3710 0.6016571383401048
814 3724 0.7422316909852811
814 3739 0.2267429263967349
814 3574 0.020899317794402753
814 3589 0.17201649686932302
815 830 -0.4105717271522438
815 3785 0.2592600812301863
815 3800 -0.24058345571220568
815 3815 0.5070029037872748
815 3830 -0.7786974390416176
815 3845 -0.0626718275420557
815 3860 -0.21007703432679417
815 3875 0.032607733838894926
815 3890 -0.7964399243760095
815 3754 -0.19216996271507628
815 3769 -0.07802203586212107
828 829 -1.0
828 3425 0.33982984671769856
828 3440 0.7843291691633398
828 3455 -0.36278741584642654
828 3470 0.2591168303945734
828 3485 0.10813509510600901
828 3500 -0.18099199777171568
828 3515 0.49745436227267853
828 3530 0.12508064980285197
828 3544 -0.036028495505879
828 3559 -0.31252684906510336
828 3394 -0.3478417577954706
828 3409 0.0826853913250126
829 830 0.6211802304297666
829 3605 -0.21795307070150846
829 3620 -0.025909073061478053
829 3635 -0.18272696709673159
829 3650 0.35684699619534727
829 3665 -0.4376087719292567
829 3680 -1.0
829 3695 0.6875025816314688
829 3710 0.23542901124438487
829 3724 0.005596028807069154
829 3739 0.5264682780897425
829 3574 -0.584275017566782
829 3589 -0.5227975021850018
830 3785 -0.17790270679241452
830 3800 0.32222513574477996
830 3815 0.2516095821111212
830 3830 -0.8789118771963834
830 3845 -0.498027821954776
830 3860 -0.8502135157061906
830 3875 -0.32742907826582873
830 3890 -0.5482727879226537
830 3754 0.2448780101502722
830 3769 0.07439758182782626
843 844 0.13469288192276765
843 858 -0.4373967813437275
843 3425 -0.3625548342905257
843 3440 0.1412965600542197
843 3455 -1.0
843 3470 -0.035221944616391464
843 3485 0.47578683821977796
843 3500 -0.5160789498695845
843 3364 -0.10118689957961793
843 3379 -0.1053364629606794
843 3394 -0.7064775396734089
843 3409 0.32891964103309895
844 845 0.14186945182370003
844 859 -0.4946841488652268
844 3605 0.387518121053532
844 3620 -0.3012011552117737
844 3635 0.4981141729150565
844 3650 -0.12102324042544677
844 3665 -0.5346681471217187
844 3680 -0.5307868204033166
844 3515 -0.14020046831975128
844 3530 0.0894480625452882
844 3544 -0.6118866591410712
844 3559 -0.3225474607817509
844 3574 0.4049755227667399
844 3589 -0.6716464254686315
845 860 0.4643892491990399
845 3785 -1.0
845 3800 -0.20494555898244496
845 3815 0.1485276120218918
845 3830 0.6220916076042375
845 3845 0.4843487625584612
845 3860 0.03795336534964599
845 3695 0.2871004508722701
845 3710 0.4882258583023369
845 3724 0.39435177930589194
845 3739 -0.7279950994525971
845 3754 0.599777008218222
845 3769 0.7543733466075846
858 859 -0.5420297712745495
858 3425 0.02357254270263571
858 3440 -0.27441320283419757
858 3455 0.5257282266274169
858 3470 0.07367824430792644
858 3485 0.6931124557935168
858 3500 0.21464287580853023
858 3364 -0.48907491846584017
858 3379 0.6153654983410264
858 3394 -0.04729502916041718
858 3409 -0.39626022401581534
859 860 -0.7030567767284909
859 3605 -0.9393836236761626
859 3620 -0.13320933716276687
859 3635 0.24480302027811662
859 3650 -0.03414207114400892
859 3665 -0.1550149562032711
859 3680 -0.15348803590555193
859 3515 0.1426084717551749
859 3530 0.65566109529792
859 3544 -0.6869795545034731
859 3559 -0.2858175168268436
859 3574 0.936390974323632
859 3589 0.04379344613127929
860 3785 -0.7618518680579855
860 3800 -0.33410633974180715
860 3815 -0.16508763246153288
860 3830 0.4411031872691376
860 3845 0.3762439380354599
860 3860 -0.505275710040978
860 3695 -0.6375141787037402
860 3710 0.031810195084003866
860 3724 -0.2900073026604828
860 3739 -0.2868176355874774
860 3754 0.24661924556530415
860 3769 -0.2375479869194162
873 874 -0.20403745931149603
873 888 -0.4931395521240748
873 3425 0.7571131567143052
873 3440 -0.7726744851097475
873 3455 -0.33539021973895305
873 3470 -0.2033122515126268
873 3485 -0.11907897302508519
873 3500 0.07177775863465753
873 3365 -0.22142972475911646
873 3380 -0.3973843352141498
873 3395 -0.31959540425392696
873 3410 -0.18233049130579657
874 875 0.2035636455627053
874 889 0.4813371735994092
874 3605 -0.2840074257923206
874 3620 0.31405198722032324
874 3635 0.6484579641534496
874 3650 0.5362911521485474
874 3665 0.5883494931357488
874 3680 0.5283441025340712
874 3515 0.8697850323322258
874 3530 -0.3282956411747367
874 3545 0.09787127591163504
874 3560 0.24358156109439758
874 3575 -0.02260281332713567
874 3590 -0.8179474269092513
875 890 0.5796409741623599
875 3785 0.27530692731479284
875 3800 0.07040162380555541
875 3815 -1.0
875 3830 0.4323883560996746
875 3845 -0.1955236451830517
875 3860 -0.027006507916414572
875 3695 0.8696345853193744
875 3710 0.09696522471145405
875 3725 -0.16490625835726355
875 3740 -0.3448039083641669
875 3755 -0.3403303454523834
875 3770 -0.4018698422587718
888 889 0.37329648972712715
888 3425 -0.31231917802856496
888 3440 0.5244862001326691
888 3455 -0.09140114183168914
888 3470 0.4325216709821852
888 3485 -0.9862073221981504
888 3500 -0.2625837455621449
888 3365 -0.1022528327441973
888 3380 0.1894615871975879
888 3395 -0.446589515551631
888 3410 0.6631023265798336
889 890 0.46667209995270215
889 3605 0.802144157256443
889 3620 -0.15825905366481963
889 3635 -0.4441611494272658
889 3650 0.5348838435194213
889 3665 0.05127649644729766
889 3680 -0.5424502579838912
889 3515 -0.05247501259196599
889 3530 -0.05318280545931452
889 3545 -1.0
889 3560 -0.015061530836732045
889 3575 -0.4369317015116675
889 3590 0.47411644799891206
890 3785 0.6266319297816523
890 3800 -0.0925777824977884
890 3815 -0.11860107663606352
890 3830 -0.705499391617929
890 3845 0.0647923811274925
890 3860 0.5643265641271756
890 3695 -1.0
890 3710 -0.3236871847232951
890 3725 -0.4880069073301965
890 3740 -0.5650850268893303
890 3755 0.6806364718278309
890 3770 -0.12884838824689468
903 904 -0.09910562222248374
903 918 0.7132080376671701
903 3425 0.6889647763742508
903 3440 0.6074544620789736
903 3365 0.7666055221206212
903 3380 0.39544114407004566
903 3395 -0.6890159154773305
903 3410 -0.760062589342076
904 905 -0.31763683442623086
904 919 -0.6180892236917279
904 3605 -0.2741348080422227
904 3620 -0.45176566968967174
904 3455 0.27686383571587236
904 3470 -0.012212918056576658
904 3485 0.32409022011507344
904 3500 -0.3397116311462314
904 3515 0.3479290411521849
904 3530 -0.35979165513111183
904 3545 0.9924257623991715
904 3560 -0.2167809366675211
904 3575 0.4870093857768766
904 3590 -0.2737644200678158
905 920 0.04480071504027564
905 3785 0.3721998906685068
905 3800 -1.0
905 3635 -0.40415319450180054
905 3650 -0.3310396752351328
905 3665 0.5013238139327931
905 3680 0.6095449267367261
905 3695 -0.01971468461513515
905 3710 0.12203090203223743
905 3725 0.5641446859553073
905 3740 0.7928578821898372
905 3755 0.4994134647081795
905 3770 -1.0
918 919 -0.11513087566366635
918 3425 0.7194368829532725
918 3440 -0.026073162954005854
918 3365 0.7242626510849351
918 3380 -0.7532924763589216
918 3395 0.11088937483249978
918 3410 -0.03311500386284272
919 920 0.015946507956995544
919 3605 0.6676055086980092
919 3620 -0.3112454742424205
919 3455 -0.20826743471287018
919 3470 0.04252470001006746
919 3485 0.4783341891863521
919 3500 0.10264581642934005
919 3515 -0.2388619479297797
919 3530 -0.22155680967073935
919 3545 0.7545074644537318
919 3560 0.636574925682026
919 3575 0.6691365382728418
919 3590 -0.3877269649584394
920 3785 0.3918937468455498
920 3800 -0.49192722867703376
920 3635 -0.46928372048774186
920 3650 -0.007162692291941202
920 3665 -0.16583437688535244
920 3680 0.15656929488031116
920 3695 0.7779896391977135
920 3710 0.40801285751478045
920 3725 0.6520779556576471
920 3740 -0.10941075296925604
920 3755 -0.5161126561243192
920 3770 -0.2585830635512604
933 934 0.211480190455792
933 948 -0.34650490139529033
933 3425 0.19711189857383965
933 3440 0.4408599275995728
933 3365 0.048711738793011994
933 3380 0.774481860491207
933 3395 -0.3480858172098786
933 3410 -0.14373817423686308
934 935 -0.06810004961045459
934 949 0.1138084151471053
934 3605 0.6417660712151212
934 3620 -0.16029696491593565
934 3455 -0.19815092735614295
934 3470 -1.0
934 3486 -0.40330881338345087
934 3501 0.46566928122897794
934 3516 0.667758865273677
934 3531 0.2549058775716742
934 3545 -0.35859149277451696
934 3560 0.0610594648831826
934 3575 -0.8185657270413152
934 3590 -0.32717681325412157
935 950 -1.0
935 3785 -0.4455986932194966
935 3800 0.423046702879008
935 3635 0.8000365167949678
935 3650 -0.9496218060292174
935 3666 0.03778350340047196
935 3681 -1.0
935 3696 0.48502571548355816
935 3711 0.019512124176207866
935 3725 -0.34187138100503606
935 3740 0.4650974267272304
935 3755 -0.19840244261274315
935 3770 0.19655127785276974
948 949 1.0
948 3425 -1.0
948 3440 0.948230771037485
948 3365 0.16181100060933531
948 3380 -0.7319534981457035
948 3395 0.5549999641717235
948 3410 -0.12421927277778048
949 950 0.22997461986019385
949 3605 0.8486632663426074
949 3620 -0.03727934260210967
949 3455 -0.22754235053147662
949 3470 -0.3402359782670802
949 3486 1.0
949 3501 -0.08097204227293112
949 3516 -0.27689517899387417
949 3531 -0.26584122295450696
949 3545 0.10896125435784988
949 3560 -0.10738704123353979
949 3575 -0.9057889074073531
949 3590 1.0
950 3785 0.8284463251690191
950 3800 0.05163111346184044
950 3635 -0.6106444865646165
950 3650 1.0
950 3666 0.22814173554218287
950 3681 -0.23527357495340015
950 3696 -0.9919354076020982
950 3711 -0.21706081264605312
950 3725 -0.27854921358431023
950 3740 0.11245679175146674
950 3755 -0.02767721378404306
950 3770 0.3379014298133686
963 964 1.0
963 978 0.8893894370120461
963 3425 -0.6197186981414021
963 3440 0.4944651377330807
963 3455 -0.6030388767505
963 3470 0.2732056325255025
963 3486 -0.3689433469705095
963 3501 -0.4309116816406694
963 3516 0.3849099840386259
963 3531 0.40642997408390324
963 3545 0.14125385628065365
963 3560 0.4462467521354183
963 3395 -0.32027693186379513
963 3410 0.517938513689267
964 965 -1.0
964 979 -0.40280175120557815
964 3605 0.6135577759159857
964 3620 -0.2788300574908405
964 3635 0.40300596008288425
964 3650 0.3366530527327199
964 3666 0.20909096865253235
964 3681 -0.17323662446581897
964 3696 0.0801189994368473
964 3711 0.15829477428693237
964 3725 -0.2645991232121884
964 3740 0.1833286388297775
964 3575 0.42784454701277863
964 3590 -0.5047185324760441
965 980 -0.3379390792846215
965 3785 0.22196941397430328
965 3800 0.731311478993483
965 3815 -0.034539518938523674
965 3830 0.27644662791420244
965 3846 -0.9073753769608852
965 3861 0.3003029885838747
965 3876 0.7256356890564793
965 3891 0.18061574914942238
965 3755 -0.0536182493144674
965 3770 0.17019109015773606
978 979 -0.20424306230304326
978 3425 0.1261097609876092
978 3440 0.7352517910610044
978 3455 -0.5417603073133767
978 3470 -0.12740200935547494
978 3486 0.47163871175383665
978 3501 0.06431204639812978
978 3516 -0.8213662584840824
978 3531 -0.4391029910664235
978 3545 -0.268002760526772
978 3560 -0.38813810474082083
978 3395 -0.7151959170512946
978 3410 -0.07910466858871083
979 980 0.22633186629310095
979 3605 -0.3993106453608057
979 3620 0.3743705542798161
979 3635 -0.6919690338422252
979 3650 0.007102616581048464
979 3666 0.8330337239858254
979 3681 -0.35189475142915183
979 3696 -0.8685389533947038
979 3711 0.09408692742339658
979 3725 0.25251192660098604
979 3740 -0.7216705756597095
979 3575 0.07057946490739848
979 3590 0.26316598362669963
980 3785 -0.07691645529774821
980 3800 -0.7530464742486944
980 3815 0.3348948199026252
980 3830 -0.7672286140423784
980 3846 -0.44467768731665497
980 3861 -0.06792677435245786
980 3876 -0.14110555629510535
980 3891 -0.3571919114627949
980 3755 -0.33595613081545295
980 3770 -0.44873906823957943
993 994 -0.6013935371389518
993 1008 0.5413211063349831
993 3426 -0.42025179528715967
993 3441 -0.7154843647456439
993 3456 -0.5492333596554991
993 3471 0.03984458319963668
993 3486 0.16147984878578142
993 3501 0.8999500832852505
993 3516 -0.3928465181126675
993 3531 0.010224546073935116
993 3545 -0.011441637107215458
993 3560 0.42492703901852663
993 3395 0.20309940410316413
993 3410 -0.2436427381749456
994 995 0.45131148189751796
994 1009 -0.2732334063989433
994 3606 -0.21918056098060945
994 3621 0.47693463999879626
994 3636 -0.41531285779436183
994 3651 0.8027050297967718
994 3666 0.5935977407365214
994 3681 0.01735039703877374
994 3696 0.4045444740269093
994 3711 -0.43477326878254935
994 3725 0.1879358855354467
994 3740 -0.29412251608530066
994 3575 -0.015661935318814105
994 3590 0.5865268902638969
995 1010 -0.17777935287858818
995 3786 0.5037101101180023
995 3801 -0.4215786194874298
995 3816 -0.2313666680308618
995 3831 0.1742677506282262
995 3846 -0.4051469595719556
995 3861 -0.7808253575656395
995 3876 0.30427498419022186
995 3891 -0.2868288990527299
995 3755 -0.192394223064256
995 3770 -0.24884885802409604
1008 1009 0.2693993692498577
1008 3426 -0.7185112519792184
1008 3441 0.03379831809839813
1008 3456 0.47341991304720693
1008 3471 -0.7134941365905396
1008 3486 -0.038695685878355104
1008 3501 -0.09430834762663313
1008 3516 0.3023767149788877
1008 3531 0.07386380908454315
1008 3545 -0.017564366602167886
1008 3560 0.3290662436809047
1008 3395 0.25753024714300676
1008 3410 -0.256748355873132
1009 1010 0.07407495510555251
1009 3606 0.14725399089693955
1009 3621 -0.5114079491534301
1009 3636 -0.7163414491147093
1009 3651 -0.32681186641880955
1009 3666 -0.1188616727708395
1009 3681 -0.38041732915099163
1009 3696 0.16016768003335097
1009 3711 -0.8248586476761658
1009 3725 -0.2782078172406758
1009 3740 -0.025978516225679756
1009 3575 -0.3905116599746234
1009 3590 -0.6056147743741123
1010 3786 -1.0
1010 3801 -0.8157656405100984
1010 3816 -0.43132274695314077
1010 3831 0.8701673050527396
1010 3846 -0.48911346736230127
1010 3861 -0.14276231551160648
1010 3876 -0.22404899150057914
1010 3891 -0.07309283300041189
1010 3755 -0.2761025665550444
1010 3770 0.0558830019746925
1023 1024 0.8570401027010335
1023 1038 0.6218360483216012
1023 3426 -0.9965765049017156
1023 3441 -0.20050696630894488
1023 3456 0.2977255998358388
1023 3471 0.6971500030932458
1023 3486 -0.3556586738850536
1023 3501 -0.1132059064358868
1023 3365 0.06715586831611241
1023 3380 0.20680884228577393
1023 3395 -0.7230947491686038
1023 3410 -0.24068557517889702
1024 1025 0.72534102894487
1024 1039 -0.6065752289121285
1024 3606 -0.28378880282001745
1024 3621 0.14854167359598577
1024 3636 0.00106965362808908
1024 3651 -0.20592258442425987
1024 3666 0.023896054595319276
1024 3681 0.12765115131778887
1024 3516 0.46499185531956716
1024 3531 -0.08960866416471243
1024 3545 -0.06492747005150588
1024 3560 -0.08100501523428355
1024 3575 -0.4669342679913055
1024 3590 -0.36863372223111057
1025 1040 0.22242188317088404
1025 3786 -0.34603001352451684
1025 3801 0.4134552314075168
1025 3816 1.0
1025 3831 0.19621402006591074
1025 3846 -0.09713758369815668
1025 3861 0.7888066047420311
1025 3696 1.0
1025 3711 0.45319025599248863
1025 3725 0.056594028954104404
1025 3740 -0.339456895762849
1025 3755 0.9231731483719194
1025 3770 -0.036404287509676
1038 1039 0.4744117336824148
1038 3426 -0.040818876542394994
1038 3441 -0.035871085215821996
1038 3456 -0.4682944649181258
1038 3471 0.06619242246114614
1038 3486 -0.3102692828317867
1038 3501 0.8768978899452876
1038 3365 -0.07065646970585311
1038 3380 -0.40553737803465
1038 3395 0.07593255052305509
1038 3410 -0.18025981103152114
1039 1040 -0.8037598083228403
1039 3606 -0.5909283521866595
1039 3621 -0.1065342530269866
1039 3636 1.0
1039 3651 -0.2898662347722689
1039 3666 0.04467563807992056
1039 3681 0.5154318580487149
1039 3516 -0.6715671188403135
1039 3531 -0.5582472720301253
1039 3545 -0.5274430218938676
1039 3560 -0.153195521665217
1039 3575 0.17697855703770973
1039 3590 -0.09149170202661518
1040 3786 0.4492292011886432
1040 3801 0.11250834044049667
1040 3816 0.8150841705527682
1040 3831 0.5931718177472998
1040 3846 -0.04727197735664296
1040 3861 -0.4762613601383242
1040 3696 -0.4428818832023645
1040 3711 0.12976258543892438
1040 3725 0.1302843530419158
1040 3740 -0.01835165455375419
1040 3755 -0.0602789789584012
1040 3770 -0.1259355304981218
1053 1054 -0.08798136963039539
1053 1068 0.06413815332944976
1053 3426 0.06136907724374488
1053 3441 -0.46484610871498394
1053 3456 -0.20880208309554216
1053 3471 0.5070953179590019
1053 3486 -0.4953653543602274
1053 3501 0.45799847065800864
1053 3366 0.1901692049709849
1053 3381 0.42841725932231994
1053 3396 0.1526600275459828
1053 3411 -0.19589789046411712
1054 1055 -0.2870546579431405
1054 1069 -0.21663764127547366
1054 3606 0.03165588633168054
1054 3621 0.7173238123309711
1054 3636 -0.14991739927534553
1054 3651 0.2912955684408073
1054 3666 0.007722183437493986
1054 3681 0.46259905931468276
1054 3516 -0.3079770041556482
1054 3531 -0.24634151067220583
1054 3546 0.38436896886513355
1054 3561 -0.2304429290567346
1054 3576 -0.06303167393828348
1054 3591 -0.5841110282299277
1055 1070 -0.22401968007123235
1055 3786 0.14822814100089834
1055 3801 0.3112906143285972
1055 3816 0.21478927212920274
1055 3831 0.0837573090749032
1055 3846 0.08141183109513846
1055 3861 -1.0
1055 3696 -0.09896352931595265
1055 3711 0.7796012736563209
1055 3726 0.07027288200432649
1055 3741 -0.4766068685594791
1055 3756 0.5909299990208908
1055 3771 -0.04365930461803876
1068 1069 -0.09539454753248214
1068 3426 0.7885288748508511
1068 3441 0.6756262462070295
1068 3456 0.020043974219940405
1068 3471 -0.01928388655546526
1068 3486 -0.15005875725876014
1068 3501 -0.7579784507052867
1068 3366 -0.0824739480484005
1068 3381 0.7233715138354669
1068 3396 0.0352289139437863
1068 3411 -1.0
1069 1070 0.6578909453586195
1069 3606 0.3464761856396209
1069 3621 0.28091830905188886
1069 3636 0.20969834602952764
1069 3651 0.29124257109366025
1069 3666 0.7830289551477214
1069 3681 -0.01300716829892767
1069 3516 0.09498021843536952
1069 3531 -0.01871675083307776
1069 3546 0.570470607557244
1069 3561 -0.3343075326716199
1069 3576 0.6352070876082264
1069 3591 0.3702706618660704
1070 3786 1.0
1070 3801 -0.16769761244009682
1070 3816 0.2794776064215614
1070 3831 -0.33317608633633505
1070 3846 -0.4465640047694989
1070 3861 -0.2968269427712123
1070 3696 -0.11394409391685044
1070 3711 0.2205514696544262
1070 3726 -0.019925566904528253
1070 3741 0.13550621978441207
1070 3756 -0.023839763934146233
1070 3771 -0.5332832445330752
1083 1084 -0.5530444023826321
1083 1098 0.5778701967927464
1083 3426 0.0854287906000896
1083 3441 0.05280609654132737
1083 3366 0.097580031809071
1083 3381 -0.11533713420462562
1083 3396 -0.3163788825464083
1083 3411 -0.4886919413213775
1084 1085 -1.0
1084 1099 0.2693386503097928
1084 3606 0.013586789384022399
1084 3621 0.7501798854480921
1084 3456 0.1956499513391107
1084 3471 0.3210108845503306
1084 3486 0.36780375475714894
1084 3501 -0.7871080972466336
1084 3516 -0.5079849966659495
1084 3531 -0.6736223082377505
1084 3546 0.18863685187130583
1084 3561 -0.6773272551439568
1084 3576 -0.2594623353775445
1084 3591 -0.2675324680935507
1085 1100 0.5129654623880094
1085 3786 0.09068981457647969
1085 3801 -0.6373910520334933
1085 3636 -0.024414423446502586
1085 3651 -0.05342986379317064
1085 3666 -0.4306278213768895
1085 3681 0.6424366067104639
1085 3696 0.6547576762285355
1085 3711 -0.5098351869789365
1085 3726 0.2093751119345259
1085 3741 0.2801898302806489
1085 3756 0.3258643902218707
1085 3771 -0.1318215590111187
1098 1099 0.6541355972036711
1098 3426 0.3843305690279464
1098 3441 -0.15689936216262063
1098 3366 -0.12203614257034229
1098 3381 -0.05221456350034579
1098 3396 0.09649444963882106
1098 3411 0.3183215897034723
1099 1100 -0.09218953214423642
1099 3606 1.0
1099 3621 -0.5033130155911671
1099 3456 -0.7059971288540201
1099 3471 0.05405310684708568
1099 3486 0.48639906288745516
1099 3501 -1.0
1099 3516 -0.6448691237588582
1099 3531 0.37770876496507605
1099 3546 -0.21130901877840322
1099 3561 -0.24518724169082579
1099 3576 -0.46081826834628536
1099 3591 0.0550723530834767
1100 3786 -0.31053586986206955
1100 3801 -0.07860976082462083
1100 3636 -0.5472166883699676
1100 3651 -0.7242942945977267
1100 3666 0.3992672380127199
1100 3681 0.17070060669879725
1100 3696 0.7979343713675286
1100 3711 -0.3390412841898181
1100 3726 -0.4500454080664733
1100 3741 -0.8265282663864288
1100 3756 -0.19067325865058718
1100 3771 -0.046059934411467864
1113 1114 -0.3103348626417299
1113 1128 -0.07831798481064738
1113 3426 -0.10413726906686105
1113 3441 -0.733813258267997
1113 3366 0.569882447418069
1113 3381 0.044790530514797734
1113 3396 0.08528209759455839
1113 3411 0.7442108737455417
1114 1115 0.38213208204857635
1114 1129 0.9391123524680665
1114 3606 -0.6025059655889624
1114 3621 0.6983284708137086
1114 3456 -0.25108438646828857
1114 3471 0.8020592107219553
1114 3546 -0.29759959708860995
1114 3561 -0.4141033228531466
1114 3576 0.15959814837777958
1114 3591 -0.13866137441319784
1115 1130 0.009627422077381587
1115 3786 0.19048284670434887
1115 3801 0.7551339112377291
1115 3636 0.5131927635385463
1115 3651 0.03220941774781721
1115 3726 -0.021680642559014952
1115 3741 -0.33907814761700283
1115 3756 1.0
1115 3771 0.3823061827802135
1128 1129 -0.2904751496427407
1128 3426 -0.4973838473273085
1128 3441 -0.8851232430593594
1128 3366 0.09377552844471726
1128 3381 -0.41319886803706424
1128 3396 -0.013343813668428269
1128 3411 0.35449683072538074
1129 1130 -0.05850754562196465
1129 3606 0.7369769159397787
1129 3621 -0.07126873642447935
1129 3456 -0.3260633335257734
1129 3471 0.0020115733262468494
1129 3546 0.10773581248008457
1129 3561 -0.5631542771968586
1129 3576 -0.5065067538235072
1129 3591 -0.09331605669689885
1130 3786 0.9185648258590116
1130 3801 -0.9510560397725704
1130 3636 0.018892347340167693
1130 3651 -0.667937661723831
1130 3726 0.09708515669405306
1130 3741 0.34217764393482525
1130 3756 -0.04486691805491839
1130 3771 -0.2563723389456369
3364 3365 -0.5974103510160322
3364 3379 -0.24284523690916748
3365 3366 -1.0
3365 3380 -0.21802788068520074
3366 3381 -0.003825218472686067
3379 3380 0.07921504740491532
3380 3381 0.20878815843437862
3394 3395 -0.05796956960019697
3394 3409 -0.4321239481916093
3395 3396 0.31344869861673863
3395 3410 0.18560666735105708
3396 3411 -0.13426180239609692
3409 3410 -1.0
3410 3411 -0.1726568616977904
3424 3425 0.06385777983830206
3424 3439 -1.0
3425 3426 0.5255089713203891
3425 3440 0.33498172870983056
3426 3441 -0.3168253051356874
3439 3440 0.7561351614254894
3440 3441 0.5788039461407097
3454 3455 -0.33097070765807146
3454 3469 0.36299077316148187
3455 3456 0.30311541208774
3455 3470 0.35545152642132793
3456 3471 -0.09608277319021469
3469 3470 0.3375703689115006
3470 3471 0.044687779603104626
3484 3485 0.41076774495342155
3484 3499 0.2380488966859159
3485 3486 -0.7049478414608488
3485 3500 -0.3864762916342408
3486 3501 -0.35002328704199726
3499 3500 0.16785492629402834
3500 3501 -0.35886942585075876
3514 3515 -0.1984912182345132
3514 3529 -0.043153654297597786
3515 3516 -0.6049132600331094
3515 3530 0.40703146076121866
3516 3531 -0.13478604567585614
3529 3530 -0.025911922264650198
3530 3531 0.06005886947701821
3544 3545 0.4452468444685088
3544 3559 -0.687148945930507
3545 3546 0.5117369650965224
3545 3560 -0.37928257661133324
3546 3561 -0.2994045961954872
3559 3560 -0.26856573753771873
3560 3561 -0.3987270051318864
3574 3575 1.0
3574 3589 0.11563128312799835
3575 3576 -0.2418480802084595
3575 3590 0.8558665513482018
3576 3591 0.19476252200357075
3589 3590 0.4260555460132061
3590 3591 0.26424782486017984
3604 3605 0.6601548664939926
3604 3619 -0.44016652537810985
3605 3606 -0.7161058456649291
3605 3620 0.03352397787568759
3606 3621 -0.1373503668313341
3619 3620 0.17489586503290247
3620 3621 0.3118773529726242
3634 3635 0.3753204394975676
3634 3649 0.05309723997187366
3635 3636 0.7728858460292558
3635 3650 0.4732845243291327
3636 3651 -0.01793161950269714
3649 3650 -0.03471674465208974
3650 3651 0.018354826209850773
3664 3665 0.10667422926023741
3664 3679 0.20219048398112238
3665 3666 0.7625737800066728
3665 3680 -0.3899057909136549
3666 3681 0.09696003574684149
3679 3680 -0.558386499185548
3680 3681 -1.0
3694 3695 0.4188846143904957
3694 3709 1.0
3695 3696 -0.3491965244456669
3695 3710 0.5411765600265577
3696 3711 0.7437563823159494
3709 3710 0.16615956688984884
3710 3711 -0.345652820276741
3724 3725 -0.40228178646033746
3724 3739 0.07129504658068951
3725 3726 -0.26442344246868243
3725 3740 -0.7863581807820738
3726 3741 0.11889251927149232
3739 3740 -0.5671444510689008
3740 3741 0.22719460078668222
3754 3755 0.35993372180212513
3754 3769 -0.22240001031733642
3755 3756 1.0
3755 3770 0.31784014025056345
3756 3771 0.04228600616655284
3769 3770 -0.01954884759928956
3770 3771 -0.10274049061245012
3784 3785 0.16610713433798208
3784 3799 -0.010129789846190224
3785 3786 -0.47031282373428107
3785 3800 -0.28042295725234184
3786 3801 -0.15587672390053461
3799 3800 -0.634574792711491
3800 3801 -0.2157331135137096
3814 3815 -0.18784487906579947
3814 3829 0.29603166430804934
3815 3816 -0.18379530141834136
3815 3830 0.17687398704782806
3816 3831 0.29247596232836764
3829 3830 -0.6494442110955329
3830 3831 -0.4169020914742606
3844 3845 0.11648855246617877
3844 3859 0.12319710915370079
3845 3846 -0.9313415758421854
3845 3860 -0.5451215554002062
3846 3861 -0.15244924542266
3859 3860 0.1849696405697711
3860 3861 0.6234842086171172
3874 3875 -0.17795012448330028
3874 3889 -0.11909126722322831
3875 3876 0.09635688644775514
3875 3890 -0.07327436249071001
3876 3891 0.25916380603452643
3889 3890 -0.13020412915902585
3890 3891 0.6918666972426547
