# 
603 603 0.5112399342378282
604 604 -2.0121726964601887
605 605 -1.6077104730520901
618 618 0.6347705082200118
619 619 -0.7667212728567694
620 620 0.8146416771004134
633 633 0.4565700669252852
634 634 0.4509532575770448
635 635 0.6172927661195335
648 648 0.4990442513735015
649 649 -1.7075203302350013
650 650 0.9107742298657725
663 663 -0.1382897416989652
664 664 -1.745563207366091
665 665 0.6384748733165403
678 678 0.42054009407767745
679 679 0.5737035959728921
680 680 -3.160756495878917
693 693 -0.3254140379025535
694 694 1.5649931681609976
695 695 0.13931403889423977
708 708 0.651189845006089
709 709 1.6655841909469904
710 710 -0.7986494568107342
723 723 -1.1716230760092243
724 724 -1.365652442923771
725 725 0.14086618268213563
738 738 0.5952451898623511
739 739 -0.35167234752514676
740 740 0.3944326534421811
753 753 -0.6333364279874997
754 754 -1.9261032119960597
755 755 1.1564135291373931
768 768 -0.09775890088190536
769 769 -0.5330198243525298
770 770 -1.6593171586687583
783 783 0.00918188267095044
784 784 -0.17146611017843033
785 785 0.07202383654323555
798 798 -0.058830629100284956
799 799 0.18082660923302674
800 800 0.09669163248762283
813 813 0.5222230682335032
814 814 -0.5676801876494795
815 815 0.13047148195288732
828 828 -0.5563935838438551
829 829 -1.2923008154079625
830 830 1.9123505860239458
843 843 1.0211023385919753
844 844 0.18677993843939414
845 845 -0.4814328898220043
858 858 0.8040328836209296
859 859 1.2907947161536153
860 860 0.47079651099612047
873 873 -0.6525715987114574
874 874 1.0141460096793518
875 875 -0.1523027494429921
888 888 0.9423295245504366
889 889 -0.9012254977334991
890 890 -0.5426816478423342
903 903 0.1574625149737805
904 904 -0.5400407662563923
905 905 -0.13382645720352485
918 918 -1.0652219089304436
919 919 -1.5377905630519924
920 920 1.258241350340419
933 933 0.32358660542422274
934 934 -0.2800059632027223
935 935 -0.9107917267351093
948 948 0.0431768820594364
949 949 -0.6237454223727289
950 950 -0.45759089397002817
963 963 0.3353708419892675
964 964 0.04219974638251497
965 965 -0.8380568372584699
978 978 -0.6228886381348783
979 979 0.6967847795217655
980 980 0.0011957356616238966
993 993 0.2871245431692097
994 994 -0.810116029591402
995 995 0.18350054616207964
1008 1008 -0.30792581885147985
1009 1009 0.3165342661138959
1010 1010 0.1423987521089096
1023 1023 1.6272067877121146
1024 1024 -0.4744865203479663
1025 1025 -1.346066659349385
1038 1038 0.407044802659041
1039 1039 0.404971985469326
1040 1040 -0.5757169884250777
1053 1053 0.3193193066768597
1054 1054 -1.131495397202554
1055 1055 0.9248079553118653
1068 1068 0.31017412991822624
1069 1069 -0.15869346507142681
1070 1070 1.2900669809834906
1083 1083 0.9075352495265213
1084 1084 0.06923637810747585
1085 1085 1.6782621926656907
1098 1098 -0.23545959271193942
1099 1099 1.1892791724050031
1100 1100 -0.5864637703595256
1113 1113 0.6433731096281878
1114 1114 -0.021336509591174772
1115 1115 0.46484701316241567
1128 1128 0.8491906627745237
1129 1129 -0.6296424275559329
1130 1130 -0.3095471032480107
3364 3364 -1.2940361391868351
3365 3365 1.8468415452111984
3366 3366 1.0371499836954015
3379 3379 -0.2777835403784744
3380 3380 0.2409922179523371
3381 3381 -0.2081261690609134
3394 3394 2.0492514462400666
3395 3395 1.867813242615142
3396 3396 -0.6718965170976698
3409 3409 0.2197706968445492
3410 3410 -0.28624441697413927
3411 3411 -0.6811646489185699
3424 3424 0.743001492855558
3425 3425 -1.276458187652927
3426 3426 0.41344814317679474
3439 3439 0.9517641832747221
3440 3440 0.3458080810467916
3441 3441 1.0075937117241058
3454 3454 0.8723633878998529
3455 3455 -0.5301160977662592
3456 3456 -0.380400263413638
3469 3469 0.42167117920438424
3470 3470 -1.0913804284133404
3471 3471 1.0493485552760453
3484 3484 -1.1040063851200368
3485 3485 -0.1852387388855306
3486 3486 1.4833537163048667
3499 3499 1.64791188032648
3500 3500 -0.8192292488690353
3501 3501 -1.1318070871464818
3514 3514 0.5635384070296644
3515 3515 -1.0576821487656132
3516 3516 -1.923747659348843
3529 3529 -0.748431428164367
3530 3530 -0.7523378565162876
3531 3531 1.5381145889770886
3544 3544 0.17503283703455366
3545 3545 1.516573337916591
3546 3546 1.0904415792799462
3559 3559 0.41065533508890145
3560 3560 1.4404746384764864
3561 3561 -2.912959996278515
3574 3574 -0.0023033578178933136
3575 3575 0.12543266980636023
3576 3576 0.8626243284286453
3589 3589 -1.0514748783501626
3590 3590 -1.5689176352285976
3591 3591 -0.7834936617546179
3604 3604 -0.5248082272748071
3605 3605 -0.620782859648012
3606 3606 -0.8226882836281287
3619 3619 1.1238331615822206
3620 3620 -0.7384259935371682
3621 3621 0.6562603503308491
3634 3634 0.17828695300092867
3635 3635 -0.1352761411369118
3636 3636 -0.9146612868333167
3649 3649 1.6173122133352134
3650 3650 -1.1014862053230168
3651 3651 -0.3730864881492888
3664 3664 -1.1060382633714805
3665 3665 -0.6099929244339345
3666 3666 0.13703960474876475
3679 3679 1.0919357043756652
3680 3680 1.1937097277583386
3681 3681 -0.3441789136138542
3694 3694 -1.3529621991215903
3695 3695 0.5670455788276216
3696 3696 0.1389594824365975
3709 3709 0.8584445978399812
3710 3710 -0.5658966672423805
3711 3711 0.7343919056379744
3724 3724 -0.23891687344573945
3725 3725 1.5104679484956234
3726 3726 0.5311665467269594
3739 3739 0.8482710471957674
3740 3740 -0.46469388446813903
3741 3741 -1.2092521235430669
3754 3754 0.763544131562118
3755 3755 -0.59478466847879
3756 3756 -0.23299730375216912
3769 3769 0.7337917417302643
3770 3770 -0.7087534522001689
3771 3771 0.846172457200197
3784 3784 0.6584009335828623
3785 3785 -0.18207580133985152
3786 3786 -1.1934785964301629
3799 3799 0.552278032856672
3800 3800 -0.5554328636288456
3801 3801 -1.0078609670371028
3814 3814 0.7196926524831908
3815 3815 -0.43512621742687546
3816 3816 1.138164355983681
3829 3829 -0.12355329852880267
3830 3830 1.638673088013862
3831 3831 -0.7618239236303067
3844 3844 -0.39739838423114787
3845 3845 0.7007777192077994
3846 3846 1.5110682829525157
3859 3859 -0.898832241667189
3860 3860 1.1471000571322534
3861 3861 1.0588235127813035
3874 3874 -0.8428592861249506
3875 3875 0.15067290914606557
3876 3876 0.23422694146861878
3889 3889 -0.8690359352967321
3890 3890 0.7209069426753044
3891 3891 -0.8543618434824115
603 604 0.15674173636468924
603 618 -0.2766827710483741
603 3484 -0.0720609054585002
603 3499 0.3210954681983833
603 3514 0.0464826109837111
603 3529 1.0
604 605 -0.6012707090793197
604 619 0.11988642069319183
604 3664 0.03776002850635156
604 3679 -0.39550989982586127
604 3694 0.11858026477547053
604 3709 -0.5198644202031653
605 620 -0.49400465668848725
605 3844 0.37608968202110427
605 3859 -0.40070123494196397
605 3874 0.06289485640933332
605 3889 -0.031092639487821455
618 619 0.43665550531391045
618 3484 -0.18348483934427734
618 3499 -0.7685898651583176
618 3514 0.7681843697367481
618 3529 -0.22723018327433517
619 620 0.43038765356158026
619 3664 -0.2923858975529245
619 3679 0.23244292157281374
619 3694 -1.0
619 3709 0.5713908850065852
620 3844 0.6227038737109003
620 3859 0.8541481123545763
620 3874 -0.7752474788546215
620 3889 0.06695084364878691
633 634 -0.4060098980962469
633 648 0.29440673108981597
633 3424 0.20079594421864133
633 3439 -0.5158755196707041
633 3454 0.029119063100499953
633 3469 0.18604540615697868
633 3484 -0.050821445944788844
633 3499 1.0
633 3514 0.05139340185959815
633 3529 -0.43118791054313765
634 635 0.6626313291057813
634 649 -0.635052893132396
634 3604 -0.09601686111330199
634 3619 0.43943678233084743
634 3634 0.4297682375252214
634 3649 0.30189545952803665
634 3664 0.22159961511055035
634 3679 0.5407737652233628
634 3694 0.17633342208885636
634 3709 -0.15525182976865967
635 650 1.0
635 3784 -0.05423848509491786
635 3799 0.6609208817464817
635 3814 -0.9312785720240288
635 3829 0.3471643371794356
635 3844 -0.032571930411790725
635 3859 0.3358117616488244
635 3874 -1.0
635 3889 -0.48378041305261466
648 649 -0.19831143225450448
648 3424 -0.2376311104713209
648 3439 -0.09489437332506213
648 3454 -0.16465003687346932
648 3469 -0.17830001504962054
648 3484 -0.423588371621647
648 3499 0.1507699767545577
648 3514 0.5568829279346684
648 3529 0.1824578475618534
649 650 0.5282914012933771
649 3604 -1.0
649 3619 -0.7800399221317342
649 3634 -0.10900950607026602
649 3649 -0.6750205061184862
649 3664 -0.22771670035968536
649 3679 -0.8857512723394976
649 3694 -1.0
649 3709 0.5105192447944806
650 3784 -0.059953692307014306
650 3799 -0.40258277798787534
650 3814 -0.06349605996787809
650 3829 -0.6209149941083127
650 3844 -0.027136646043226027
650 3859 -1.0
650 3874 -0.3564365716394927
650 3889 0.003550982719517099
663 664 0.11931188537251453
663 678 0.1045942633315622
663 3424 -0.49193661770565555
663 3439 -0.16012603353351976
663 3454 0.3407928328614988
663 3469 -0.4676155126531011
663 3484 0.4853276930712932
663 3499 0.6880660635357119
664 665 0.12856988871585617
664 679 0.27618538338933807
664 3604 0.419975384298376
664 3619 -0.24007247641473056
664 3634 1.0
664 3649 0.21819811144670198
664 3664 -0.18748765769047512
664 3679 1.0
664 3514 0.023510729650040512
664 3529 -0.03601092195821654
665 680 -0.6926007564710098
665 3784 0.354680456352351
665 3799 0.08126721026135887
665 3814 -0.21399588522003637
665 3829 0.17460780266452958
665 3844 -0.07461159802097485
665 3859 -0.29147986885391547
665 3694 0.006960385076455619
665 3709 0.2592815625874588
678 679 0.7485595480313505
678 3424 -0.6060244896344418
678 3439 0.025909573529795005
678 3454 0.7887429189383626
678 3469 -0.013760685861003973
678 3484 -0.05223439716661178
678 3499 0.986385030216026
679 680 0.710023994985132
679 3604 -0.742258406334349
679 3619 -0.19019931804182771
679 3634 -0.0958316337988541
679 3649 -0.9255253032542586
679 3664 -0.15057860452865474
679 3679 -0.052231261750889754
679 3514 0.7115380939415659
679 3529 -0.7743126046623579
680 3784 -0.21274376843099452
680 3799 0.10876275745677058
680 3814 -0.5912310078107403
680 3829 0.40671500478903777
680 3844 0.29730207057897884
680 3859 0.45114256523097457
680 3694 0.1396243026633258
680 3709 -0.3804758658561825
693 694 0.14521167204832322
693 708 0.06932904020349959
693 3424 -0.20753129215933105
693 3439 0.03176659676033007
693 3454 -0.35269820099177196
693 3469 -0.16117241913571148
693 3484 0.04077436850411985
693 3499 -0.7503591486235914
693 3364 0.3892722956259046
693 3379 -0.7946235177170388
693 3394 -0.29562175315981537
693 3409 -0.3063555204611824
694 695 -0.3075709461184786
694 709 -0.26141082247714537
694 3604 0.03896908317400605
694 3619 -0.03691747591965542
694 3634 0.2769929016342533
694 3649 0.13935986423379176
694 3664 -0.6517782003809779
694 3679 0.2807647351990702
694 3514 -0.19137191224122313
694 3529 -0.6209889902197344
694 3544 -0.6662050756963331
694 3559 -0.04035244362900299
694 3574 0.49351656174136077
694 3589 0.4694924680264663
695 710 -0.3177561233938979
695 3784 0.9332644191696532
695 3799 1.0
695 3814 0.021344900590254803
695 3829 0.8176845930640968
695 3844 -0.19685903008497518
695 3859 -0.947754243236463
695 3694 0.19846592557368245
695 3709 0.07405744718920512
695 3724 -0.39799557513958206
695 3739 0.5455632030850868
695 3754 0.20822264796421422
695 3769 0.2511816181515741
708 709 0.5381781949261756
708 3424 -0.2631247547423712
708 3439 -0.0689811223289171
708 3454 0.008562572273972717
708 3469 -0.13483489048821065
708 3484 0.4755843966994476
708 3499 0.13923256451833604
708 3364 0.6610971160359733
708 3379 0.40029566688516527
708 3394 0.2780341790554001
708 3409 -0.4077783265600864
709 710 -0.2855723444845623
709 3604 -0.24937583388501638
709 3619 -0.5337089503811572
709 3634 0.5989661647231285
709 3649 0.48003990988614076
709 3664 -0.005736240506910416
709 3679 -0.2063326265304607
709 3514 -0.48474575912181933
709 3529 -0.010849035593084994
709 3544 0.6213079507148545
709 3559 -0.24865047240310312
709 3574 0.8286150695174194
709 3589 -1.0
710 3784 0.2653442480061808
710 3799 0.037305304055750485
710 3814 -0.34755603922543493
710 3829 -0.34980095229317537
710 3844 0.4939921733171018
710 3859 0.401124718688988
710 3694 -0.5675257974564291
710 3709 -0.7592068258040519
710 3724 -0.49757718312875215
710 3739 -0.0629387075341157
710 3754 -0.1933132752313789
710 3769 -0.5293624154769443
723 724 0.7007332390701707
723 738 -0.5217694799541491
723 3424 -0.5891359771042143
723 3439 0.04692720912822675
723 3364 -0.17411987167126222
723 3379 -0.11178472354179163
723 3394 0.6388723278348468
723 3409 0.218501575126583
724 725 0.05079953937878543
724 739 -0.22655917697162622
724 3604 0.27156133530129695
724 3619 -0.0007762779471960677
724 3454 -0.7970657296141979
724 3469 0.9369055956611175
724 3484 0.3623745810949708
724 3499 -0.028518945382865094
724 3514 -0.15457112989894942
724 3529 -0.12314202341020138
724 3544 1.0
724 3559 0.19597602681199433
724 3574 -0.15683833659399476
724 3589 -0.6292079594385269
725 740 -0.982885371359649
725 3784 -0.06816960215356634
725 3799 0.2621570219550608
725 3634 -0.1855913274328909
725 3649 -0.09315810868640999
725 3664 0.25477560857269504
725 3679 -0.3267055908451235
725 3694 -0.531161244998825
725 3709 -0.3577530458093017
725 3724 0.3599262591390955
725 3739 0.4277921934992073
725 3754 -0.6009613603485462
725 3769 0.4210573315232285
738 739 0.07377531719353317
738 3424 0.9474600954038301
738 3439 0.17101884206508952
738 3364 -0.7957394713582624
738 3379 -1.0
738 3394 0.05577573641742558
738 3409 0.27522846405311685
739 740 0.9823770327973645
739 3604 -0.18006814410278998
739 3619 0.31702123730130716
739 3454 -0.022368353401996065
739 3469 -0.2880617776274647
739 3484 0.5147201768030153
739 3499 -0.2718726147140773
739 3514 -0.02618809333165313
739 3529 0.5141801084075576
739 3544 -0.9367810503047189
739 3559 -0.8514830498367336
739 3574 -0.17165625150973107
739 3589 -0.832342336103861
740 3784 -0.7200150807909367
740 3799 0.404277723357362
740 3634 0.2344876965058804
740 3649 0.0834004373621149
740 3664 -0.49542776990257353
740 3679 0.06422020535866352
740 3694 0.6856837485414471
740 3709 0.6916210404518929
740 3724 -1.0
740 3739 0.13005066542642887
740 3754 -0.23087408640318186
740 3769 -0.16799022536467625
753 754 -0.7777404481972642
753 768 -0.44607181446833805
753 3424 0.46832779571180966
753 3439 0.5219958771596943
753 3364 0.3696919056176994
753 3379 -0.01004189124801017
753 3394 -0.022667799373996104
753 3409 -0.40579145519149346
754 755 0.12029978372065989
754 769 0.8282947730282306
754 3604 0.02157383177896817
754 3619 -0.5996617899467156
754 3454 -0.029560385500986646
754 3469 -0.4270130519820688
754 3485 0.48148441982557827
754 3500 0.23456534433958265
754 3515 -0.5656137435800487
754 3530 -0.19806133302356027
754 3544 0.702268651004489
754 3559 -0.43506052852177557
754 3574 -0.24498582458594306
754 3589 -0.18513011045539385
755 770 0.4648185469166405
755 3784 0.009932407050824727
755 3799 -0.04087906051887449
755 3634 0.11026358777710507
755 3649 -0.019964337599207314
755 3665 0.19348296418487465
755 3680 -0.455055868725754
755 3695 -0.06438319121554938
755 3710 -0.5708966667823039
755 3724 0.7840423948459005
755 3739 0.3913594853515192
755 3754 -0.42452668191115933
755 3769 -0.2236002980392489
768 769 0.9306991622159161
768 3424 0.81130652914099
768 3439 -0.1319579727370504
768 3364 0.5857762868328499
768 3379 -0.5060429691264307
768 3394 -0.4800943005743195
768 3409 0.42994115729146926
769 770 0.6960423018484982
769 3604 -0.05141531635807334
769 3619 0.3682006293513529
769 3454 -0.36499765651102445
769 3469 0.1754354697643829
769 3485 -0.5232211498986882
769 3500 -0.49365101231427105
769 3515 -0.8530191396149996
769 3530 -0.7896379773338302
769 3544 -0.4750452141121722
769 3559 0.6473765275875377
769 3574 0.794613026293306
769 3589 0.05091919232263441
770 3784 -0.48731931380007404
770 3799 0.5524950959536818
770 3634 -0.020692437665653006
770 3649 0.17574979358338835
770 3665 1.0
770 3680 0.47680789087138614
770 3695 -0.18126065791554452
770 3710 1.0
770 3724 0.23099742942265444
770 3739 -1.0
770 3754 -0.5173788734733776
770 3769 -0.47316413458533557
783 784 0.8807506359401703
783 798 -0.6267094316300897
783 3424 -0.3689709850109213
783 3439 -0.21780166955942384
783 3454 0.12001798011948499
783 3469 -0.025320568649259675
783 3485 0.17018778643937618
783 3500 -0.053924484174514634
783 3515 -1.0
783 3530 -0.055317352951940804
783 3544 -0.26027695270587975
783 3559 -0.46758486784675485
783 3394 0.23541034578200362
783 3409 0.5280316227142847
784 785 -0.8486899776546519
784 799 -0.8265265442457308
784 3604 -0.5116640049203879
784 3619 -0.6719130426685205
784 3634 0.2788884480304504
784 3649 -0.20909496686154527
784 3665 0.7908665486960099
784 3680 0.08787966972496501
784 3695 -1.0
784 3710 -0.4553611318423429
784 3724 -0.32267949545465224
784 3739 0.3249457838482948
784 3574 -0.5252162745543885
784 3589 -0.5922298808671008
785 800 0.8892833752263155
785 3784 -0.2724709685246576
785 3799 0.6547307176457409
785 3814 -0.8586394034893423
785 3829 -0.1544216496448073
785 3845 0.40920960796707095
785 3860 0.06862898290076307
785 3875 -1.0
785 3890 0.9479317764425791
785 3754 -0.24897714704363855
785 3769 -0.20351373161595201
798 799 -0.18825996402642675
798 3424 -0.23125882800209013
798 3439 -0.09323981483903107
798 3454 -0.010418872383070541
798 3469 0.0480752819707753
798 3485 -0.5385643638835312
798 3500 0.95094593451339
798 3515 -0.19894398309947908
798 3530 -0.030521562516530966
798 3544 0.47398219339913655
798 3559 0.08550809692384062
798 3394 -0.09635530279686827
798 3409 1.0
799 800 0.18605292766397352
799 3604 0.4013325633450532
799 3619 0.48479495391466915
799 3634 1.0
799 3649 -0.2696940050568629
799 3665 0.4388401787158357
799 3680 0.6522933662408098
799 3695 -0.3095780352560106
799 3710 -0.5743256824603612
799 3724 0.2817290484303727
799 3739 -0.1879497619070057
799 3574 -0.4335445729529372
799 3589 -0.08073092620376081
800 3784 -0.5310384734758332
800 3799 -0.5239476414063929
800 3814 1.0
800 3829 0.04792621847590433
800 3845 0.9871723917471774
800 3860 -0.41750811118044356
800 3875 -0.31654918746734223
800 3890 0.7658873963171747
800 3754 0.42835856661825905
800 3769 -0.21659390812723325
813 814 0.6078983085337886
813 828 0.056794645427767555
813 3425 0.5899663573637708
813 3440 -0.46818384286967635
813 3455 -0.09503993694385117
813 3470 0.3405776914194974
813 3485 -0.03779044044746312
813 3500 -0.2685158383014204
813 3515 0.18705106436674007
813 3530 -0.3045018548890982
813 3544 -0.600410013145296
813 3559 -0.12630527975958195
813 3394 0.36377656726934815
813 3409 -0.2294852031531625
814 815 0.6470583560961523
814 829 -0.38501697609730123
814 3605 -0.40398563033716706
814 3620 -0.5094054454041761
814 3635 0.7205802838202435
814 3650 -0.5000483804988642
814 3665 -0.5722992872890621
814 3680 0.4123110754809575
814 3695 -0.38899565794215657
814 3710 0.028680267955835524
814 3724 -0.5925386913132604
814 3739 0.1337850735405458
814 3574 0.5573001339038873
814 3589 -0.2922916221602134
815 830 -0.16404202532002754
815 3785 -0.3563388114795647
815 3800 -0.18333024894480218
815 3815 0.7842810496740418
815 3830 -0.46682303242246526
815 3845 0.6693229358595665
815 3860 -0.047107631777217
815 3875 -1.0
815 3890 -0.34154655043365717
815 3754 0.10244954454106907
815 3769 0.5240560091519141
828 829 0.057927307848808264
828 3425 -0.7014923214778238
828 3440 0.12574839031249543
828 3455 0.32775613461625713
828 3470 -0.2940024579452504
828 3485 -0.0674960747152177
828 3500 0.26906355618191097
828 3515 0.34575336024521675
828 3530 0.17585045524736123
828 3544 -0.7735871559565689
828 3559 -0.4449283844548485
828 3394 0.21310011608420706
828 3409 0.505937456293795
829 830 0.034044468465504026
829 3605 0.26840936427653167
829 3620 0.1885228565027114
829 3635 0.7198877418766205
829 3650 -0.3183266456263068
829 3665 -0.5021545278602833
829 3680 0.29207237892470567
829 3695 -0.4207922516466817
829 3710 0.010265600829247457
829 3724 -0.03201313920071568
829 3739 0.08170310541784094
829 3574 -0.33230075803049064
829 3589 -0.0008031311358301911
830 3785 -0.7987845849688131
830 3800 0.2560619502262546
830 3815 -0.029960623404345712
830 3830 -0.053303571599251746
830 3845 -0.051354159742815805
830 3860 0.5693641126664506
830 3875 0.6116927742885399
830 3890 -0.11829534446480494
830 3754 0.4188864606934801
830 3769 -0.926699425240546
843 844 -0.3429048060412426
843 858 1.0
843 3425 -0.2013278877724991
843 3440 0.013948775667956203
843 3455 0.4379774378235065
843 3470 -0.3050830398018436
843 3485 -0.36278781475272703
843 3500 -0.4516338226095997
843 3364 -0.19533462125071466
843 3379 0.22844044924784673
843 3394 -0.2205342563853325
843 3409 0.09461379315562284
844 845 1.0
844 859 0.024456210020143202
844 3605 0.0770448031681132
844 3620 0.37540136745120667
844 3635 -0.24285101417501476
844 3650 0.53476253657731
844 3665 -0.004504076874530967
844 3680 -0.6493080246556188
844 3515 0.29902849870669385
844 3530 0.1936780208251673
844 3544 0.8678242419301747
844 3559 0.27782485301041426
844 3574 -0.5936630517150477
844 3589 0.4782263377456162
845 860 -0.1503296988500418
845 3785 -0.10849665081922646
845 3800 -0.40670235658531334
845 3815 -0.3588380177119575
845 3830 0.12128814258005173
845 3845 0.5051478864527814
845 3860 -0.6660393011164811
845 3695 -0.2500480912986594
845 3710 0.5707852352317263
845 3724 -0.22839527910842528
845 3739 0.18394729681985203
845 3754 -0.139087049887903
845 3769 0.14932031973468735
858 859 0.49590581125642524
858 3425 -0.1044426951468013
858 3440 -0.3944670492131231
858 3455 -0.8817766165221044
858 3470 -0.2571673172115732
858 3485 -0.191886718622146
858 3500 -0.3778117100956478
858 3364 0.16524189184705868
858 3379 0.1239995390032987
858 3394 -0.9138505954097341
858 3409 -0.10798471416522798
859 860 -0.7322943010217222
859 3605 -0.07711634322467985
859 3620 0.6127283336926806
859 3635 0.5242705961865634
859 3650 0.7311023287729225
859 3665 -0.7385315730811697
859 3680 -1.0
859 3515 0.4929488344221374
859 3530 -0.2970311544692569
859 3544 0.5833600256079254
859 3559 0.17170124733537623
859 3574 0.6150789402479548
859 3589 -0.9308762532699943
860 3785 -0.09078653382900559
860 3800 -0.05129383686594575
860 3815 0.47238440441745444
860 3830 0.6041528913507169
860 3845 0.34778393192085694
860 3860 -0.13734418256507724
860 3695 -0.3170267046088525
860 3710 0.2892013705604282
860 3724 0.9494022766357177
860 3739 -0.040798615345377584
860 3754 -1.0
860 3769 0.14065650666417942
873 874 0.3925206075155755
873 888 0.2779465157965818
873 3425 -0.009690198951684366
873 3440 -0.9177895179663357
873 3455 -1.0
873 3470 -0.4911382601389596
873 3485 1.0
873 3500 0.5418715213983912
873 3365 0.24331612820696488
873 3380 1.0
873 3395 -0.01458623072647242
873 3410 -0.672645396082195
874 875 0.20040287759406078
874 889 0.3495636555146862
874 3605 0.28991592810241895
874 3620 -0.2436960559714876
874 3635 -0.14751413962772622
874 3650 0.49498334028161867
874 3665 -0.40871943846476183
874 3680 0.21843406453108266
874 3515 0.17746505060550596
874 3530 0.0030656107732551286
874 3545 0.07166070751941025
874 3560 0.46091307026445383
874 3575 -0.3855992537841053
874 3590 -0.5531671866093965
875 890 -0.3495192178705639
875 3785 -0.252333295222399
875 3800 -0.0793701516667017
875 3815 0.0035608310320457176
875 3830 0.022307222077934837
875 3845 -0.49027159960697697
875 3860 0.037721493392125015
875 3695 0.32841106589323366
875 3710 0.08567777914204835
875 3725 -0.0684624429432173
875 3740 0.3964977165907751
875 3755 0.4492470627806699
875 3770 0.9431230427530425
888 889 -0.10661998562240624
888 3425 -1.0
888 3440 -0.5468744221808881
888 3455 1.0
888 3470 -0.05410438427563233
888 3485 0.9205888483815112
888 3500 -0.4230312001098981
888 3365 -0.006523426855058983
888 3380 0.5440952442786829
888 3395 -0.15475642042180052
888 3410 0.18487514811737343
889 890 -0.1695797875585842
889 3605 -0.10731345179364357
889 3620 -0.32849790242714827
889 3635 -0.49183781886266853
889 3650 0.34670306943698226
889 3665 0.17766458001279814
889 3680 -0.12239395803708598
889 3515 -0.1899301151314331
889 3530 0.5797578641289469
889 3545 0.3986292391360959
889 3560 0.17840906469281193
889 3575 0.3165937987649369
889 3590 0.02218706042656433
890 3785 0.23978406703383306
890 3800 0.09054504747705051
890 3815 0.27163541566953936
890 3830 -0.4502213144374312
890 3845 -0.07590398165201351
890 3860 -0.21898162332611842
890 3695 -0.4160236435533601
890 3710 -0.009648425492288953
890 3725 0.8945228760105541
890 3740 0.24626960629549105
890 3755 0.9835382058534741
890 3770 0.511232482173082
903 904 -0.43687459551816626
903 918 0.8663414293804962
903 3425 0.059353186570034466
903 3440 -0.3327776887959771
903 3365 0.22590060527073766
903 3380 0.23710547845346502
903 3395 0.14768944833805017
903 3410 0.2871416807730195
904 905 -0.2335569598171662
904 919 -0.29386151670697347
904 3605 -0.7503264263038445
904 3620 0.6009260045515296
904 3455 0.7554637223709709
904 3470 -0.24625979992231806
904 3485 -0.643609776997295
904 3500 0.3759346430767383
904 3515 -0.2416007219606696
904 3530 0.0908559101423142
904 3545 0.7766401738636907
904 3560 0.5172550033395039
904 3575 -0.21392466264823842
904 3590 0.1841957903128534
905 920 0.18929269345945396
905 3785 0.16233662878366292
905 3800 0.30334816851923535
905 3635 0.15329377511989006
905 3650 -0.3844211009016602
905 3665 -0.43059168491674044
905 3680 0.054239208819596034
905 3695 -0.1776153066391043
905 3710 -0.0035065028326329083
905 3725 -0.7197381355604388
905 3740 0.08188653724908596
905 3755 0.46449631820292214
905 3770 0.6667334346847301
918 919 0.6893313881938326
918 3425 -0.4651114206762865
918 3440 0.10484027385869767
918 3365 -0.1591047081267698
918 3380 -0.18916441261431038
918 3395 0.43983546234640214
918 3410 -0.0977410506335177
919 920 -0.1910100438642584
919 3605 -0.09001416661064408
919 3620 -0.30973016404332004
919 3455 -0.21890893661046743
919 3470 0.2900434278013356
919 3485 0.10711779198768323
919 3500 -0.5093547434023943
919 3515 0.5734829111523794
919 3530 0.31988948882893276
919 3545 -0.24208169019107711
919 3560 -0.3186538974396255
919 3575 -0.49535831222718235
919 3590 0.4962583062517303
920 3785 0.3021569747745063
920 3800 -1.0
920 3635 -0.21999635311262253
920 3650 0.163282990940829
920 3665 -0.2624694374407004
920 3680 -0.1811245666836942
920 3695 -0.2365151007667736
920 3710 -0.9932377254010019
920 3725 -0.4225759587128994
920 3740 0.3688261086673743
920 3755 1.0
920 3770 0.028335065820058597
933 934 0.6825150256563193
933 948 -0.9932298053958192
933 3425 -0.47867047540962937
933 3440 0.20818309336862423
933 3365 0.4410415156562491
933 3380 0.2677903332687387
933 3395 -0.39913420028997887
933 3410 0.4631090012325143
934 935 -0.1242504630044321
934 949 -0.22426751565693465
934 3605 -0.1853814965020192
934 3620 0.3824204864883376
934 3455 0.44728921517261483
934 3470 -0.3926545841169053
934 3486 -0.4282315925537084
934 3501 -0.04035320240690757
934 3516 -0.3099779515520381
934 3531 0.0966714359114905
934 3545 -0.2680468356512938
934 3560 0.5607144622766455
934 3575 -0.0076332728182596605
934 3590 -0.21536726227271002
935 950 0.3614005774202799
935 3785 0.8185877269096634
935 3800 0.033323375318786416
935 3635 0.741415666300306
935 3650 -0.6726054375544308
935 3666 0.3038062640598565
935 3681 0.06411701128166476
935 3696 0.4203125404596547
935 3711 -0.0015819517561556997
935 3725 -0.07321690329881446
935 3740 0.6770528877252695
935 3755 -0.10040730839209928
935 3770 0.1215722236679537
948 949 -0.6034803346886844
948 3425 0.0813974769256302
948 3440 0.39242498777459484
948 3365 -0.2956771681872098
948 3380 -0.7246860782909933
948 3395 0.05022008069362975
948 3410 -0.7448736035878518
949 950 0.4322584056707971
949 3605 -0.4366670586807719
949 3620 -0.3637268086130264
949 3455 -0.23551994577543334
949 3470 0.20849101062256853
949 3486 -0.9236179509785402
949 3501 0.14618284729316663
949 3516 0.47645036335547286
949 3531 0.3374990425921759
949 3545 -0.425413776835917
949 3560 0.5328277610233022
949 3575 -0.6334870728729396
949 3590 0.4797671271212384
950 3785 -0.08477927479605538
950 3800 0.1236082573839789
950 3635 0.36153744175874064
950 3650 0.24751079483119964
950 3666 -0.7175401223699356
950 3681 0.7485621682632123
950 3696 -1.0
950 3711 -0.11394321554239419
950 3725 0.12767518057109395
950 3740 -1.0
950 3755 -0.15843722112240397
950 3770 -0.2672675408410452
963 964 0.7049969778914229
963 978 0.5213709416075154
963 3425 0.7790170351879167
963 3440 0.12821171000604653
963 3455 0.5649875759476092
963 3470 0.7145066705585209
963 3486 -0.2927317639351401
963 3501 0.22905461933177132
963 3516 -0.015310428602884328
963 3531 0.4309340191493233
963 3545 0.41454202265808276
963 3560 -0.5569065171146833
963 3395 -0.31284143297511596
963 3410 0.9971085994608925
964 965 -0.5371715213605154
964 979 0.09847751650334952
964 3605 0.20676131519445076
964 3620 0.06824065380702515
964 3635 -0.013581914192630185
964 3650 -0.3344683383468946
964 3666 0.07183068091211661
964 3681 0.16391251864530484
964 3696 -0.5646503701294252
964 3711 -0.3988513404309914
964 3725 0.4428845972252614
964 3740 0.08937847319900648
964 3575 -0.1496034830750896
964 3590 0.2158168511975845
965 980 0.15476222209471532
965 3785 -0.27108877199088405
965 3800 -0.5678728177422664
965 3815 0.3610943511278158
965 3830 -0.5473536580632732
965 3846 0.4774478227907862
965 3861 -0.08099374709227766
965 3876 -0.230229443156265
965 3891 -0.024390885955981885
965 3755 -0.05512744043097898
965 3770 0.17252763471880556
978 979 -0.30632131735762114
978 3425 0.27740518349043447
978 3440 -0.34486974917957375
978 3455 0.17740311153193455
978 3470 0.11275439000566566
978 3486 -0.43087284149441396
978 3501 -0.22859931730525562
978 3516 -0.3356484499447762
978 3531 0.8498174917798487
978 3545 -0.2794299993480679
978 3560 0.18398539214159162
978 3395 -0.7636573650000096
978 3410 0.05101929847326819
979 980 -0.24256192738859883
979 3605 -0.11362264782105107
979 3620 -0.06730460930435454
979 3635 -0.5804174861674292
979 3650 0.0014911167510024846
979 3666 0.612297120882527
979 3681 0.7423338895550632
979 3696 0.675604474258709
979 3711 0.33654044773926717
979 3725 0.2219304963195655
979 3740 0.5769931295320739
979 3575 -0.6312161329262982
979 3590 0.3810908358397071
980 3785 0.07112772849591137
980 3800 -0.19836087763727267
980 3815 -0.4647571329594213
980 3830 -0.9938698988527965
980 3846 0.2222700910951126
980 3861 0.14278742105437708
980 3876 0.6080352449332485
980 3891 1.0
980 3755 0.6764179746939113
980 3770 -0.5289269687748406
993 994 -0.19991178270576837
993 1008 0.22000487251398154
993 3426 0.7370449388475513
993 3441 0.26256674225264237
993 3456 -1.0
993 3471 0.11703053821963336
993 3486 -0.24691686647411218
993 3501 -0.22459041718306205
993 3516 0.2747738224340652
993 3531 0.4870256745605288
993 3545 0.3660400090351825
993 3560 -0.5895374108023907
993 3395 -0.17877843731913134
993 3410 0.40556660411058265
994 995 0.24162650796677992
994 1009 -0.9772535776367107
994 3606 -0.16248851049761856
994 3621 -0.2965232588797937
994 3636 0.10255735383824481
994 3651 -1.0
994 3666 0.9669731188605437
994 3681 0.1878786396628517
994 3696 -0.06032966276849379
994 3711 0.3447673150573491
994 3725 -0.31395679221305695
994 3740 -0.675853804205442
994 3575 0.13150658221636444
994 3590 0.09141350632223746
995 1010 -0.21717056032593138
995 3786 -0.0697918999013496
995 3801 -0.45759794210401156
995 3816 0.7910929798759658
995 3831 -0.042478797641026605
995 3846 0.4511790957037094
995 3861 -0.47588808072604016
995 3876 0.48751999746559355
995 3891 0.03902736631496751
995 3755 0.49359294102753326
995 3770 -1.0
1008 1009 -0.529572470865102
1008 3426 -0.5372762066397142
1008 3441 0.2040863503004788
1008 3456 -0.11990307975550318
1008 3471 -0.07928970048723605
1008 3486 -0.28965254271258334
1008 3501 0.2712434267938168
1008 3516 -0.523944054370098
1008 3531 -0.0888022741898782
1008 3545 1.0
1008 3560 -0.7600973787110109
1008 3395 1.0
1008 3410 -0.21670030300480325
1009 1010 0.14711267226940997
1009 3606 -0.17303067851714715
1009 3621 0.5340846680790436
1009 3636 0.5631204460275022
1009 3651 0.5375988744883239
1009 3666 -0.24943012056908517
1009 3681 -0.30043762083903824
1009 3696 -0.11793966673835701
1009 3711 -0.7716723342646121
1009 3725 0.6601106670130379
1009 3740 0.2901508080360965
1009 3575 -0.14608077093452798
1009 3590 0.03204852224456735
1010 3786 -1.0
1010 3801 0.06243205960243937
1010 3816 0.32007646183912264
1010 3831 -0.3025264332704894
1010 3846 0.5749616333326277
1010 3861 0.49885399308519696
1010 3876 -0.4466585395350757
1010 3891 0.48476546800491715
1010 3755 0.06287824761393362
1010 3770 -0.4059518359922334
1023 1024 -0.16511293171488528
1023 1038 -0.548538060441147
1023 3426 -0.5435193344933876
1023 3441 -0.14111284703230362
1023 3456 -0.684413508636316
1023 3471 -0.013792753257299053
1023 3486 0.18726639350708155
1023 3501 0.023314836527178757
1023 3365 0.5907282739810923
1023 3380 -0.10470019871271949
1023 3395 1.0
1023 3410 0.29139561224245136
1024 1025 0.7757358946113547
1024 1039 -0.5230635061420109
1024 3606 0.8471867574648615
1024 3621 -0.8240469681376467
1024 3636 0.36278999269937073
1024 3651 0.9907309108610157
1024 3666 0.2517341193223229
1024 3681 -0.3165632411918633
1024 3516 -0.5208055858407818
1024 3531 0.21549656523536048
1024 3545 -1.0
1024 3560 -0.0200361134962689
1024 3575 -0.05879513269901636
1024 3590 0.2565066737131114
1025 1040 -0.21358703591239747
1025 3786 0.4994582685721484
1025 3801 0.6714969621701364
1025 3816 -1.0
1025 3831 0.27514311966250493
1025 3846 -0.2167976458892645
1025 3861 -0.49771440317194293
1025 3696 -0.281019564775616
1025 3711 -0.28093109594938587
1025 3725 -0.19462307773040105
1025 3740 -0.9356140126239028
1025 3755 0.7474204359780178
1025 3770 -0.1239042757268075
1038 1039 -0.9348852438939829
1038 3426 0.06403155667782355
1038 3441 -0.12819827430368796
1038 3456 -0.41128774442809846
1038 3471 0.3271124439316494
1038 3486 -0.4179508899858004
1038 3501 0.22977526938413279
1038 3365 -0.46129825601932833
1038 3380 -0.1432394600018646
1038 3395 -0.039052521220538004
1038 3410 0.4908498362669336
1039 1040 -1.0
1039 3606 -0.7277625567317397
1039 3621 0.8942325782558869
1039 3636 -0.15960764347231202
1039 3651 -0.7124619981242607
1039 3666 0.35955260429653146
1039 3681 -0.27513021438691776
1039 3516 -0.0138072156037555
1039 3531 0.12239016857803395
1039 3545 -0.5946195992040849
1039 3560 -0.5662033807635376
1039 3575 0.05388694949988612
1039 3590 -0.3426712142728299
1040 3786 -0.14122366718493254
1040 3801 -0.07722358093090381
1040 3816 -0.8121803460252554
1040 3831 0.26801009203373305
1040 3846 0.23162818177833658
1040 3861 -0.23169169737143655
1040 3696 -0.4349893029959629
1040 3711 -0.5078621272320725
1040 3725 0.15996324898129183
1040 3740 -0.5101168912979582
1040 3755 0.7113629163501232
1040 3770 0.3856047704196488
1053 1054 0.7402135534259262
1053 1068 -0.05229447180349542
1053 3426 0.2334847677844023
1053 3441 -0.21636669458086458
1053 3456 0.6632506505779058
1053 3471 -0.03688839200781146
1053 3486 0.3458824206627015
1053 3501 0.43986858670467704
1053 3366 -0.5402438434696696
1053 3381 -0.6767204972424994
1053 3396 -0.14593006151152613
1053 3411 -0.047596706554891656
1054 1055 0.014840401647403849
1054 1069 0.8208623735158951
1054 3606 -0.0762705082362026
1054 3621 0.5267311403383312
1054 3636 -0.3682511492192058
1054 3651 -0.39778523396833765
1054 3666 0.4986109314774557
1054 3681 -0.22300083381024732
1054 3516 -0.18024549568146908
1054 3531 -0.16048429134049141
1054 3546 -0.11474050993915123
1054 3561 -0.7490136327627519
1054 3576 0.43828984524398623
1054 3591 0.04731630910752829
1055 1070 0.3131004543530406
1055 3786 0.040104625584277194
1055 3801 0.024431272816514814
1055 3816 0.41504114753203536
1055 3831 0.5316485331978141
1055 3846 0.3394061137136879
1055 3861 0.011425024319372751
1055 3696 0.09391441183605195
1055 3711 -1.0
1055 3726 -0.3669178730727908
1055 3741 -1.0
1055 3756 0.5705080224677578
1055 3771 0.18230220474841857
1068 1069 -0.39930874620859474
1068 3426 -0.06986986440344438
1068 3441 -0.07992496259218922
1068 3456 0.10863985262177475
1068 3471 -0.9416136377577392
1068 3486 0.1438851456855909
1068 3501 0.13106503988336102
1068 3366 -1.0
1068 3381 0.0017046482741391608
1068 3396 -0.24874546066582537
1068 3411 0.6278906946044543
1069 1070 0.7865133560254329
1069 3606 -0.18658859500117597
1069 3621 -0.10081245456500414
1069 3636 0.26649191369840275
1069 3651 -0.5551585918917182
1069 3666 0.49233224845395757
1069 3681 -0.4670584826411954
1069 3516 -0.2760531493985665
1069 3531 -0.5033020508417972
1069 3546 -0.20213844346867377
1069 3561 0.3022869852513266
1069 3576 -0.36818082291543297
1069 3591 -0.5059414844532485
1070 3786 -0.21466193288330232
1070 3801 0.2141407444223861
1070 3816 0.16452354262018762
1070 3831 -1.0
1070 3846 0.4844847201631337
1070 3861 0.3341939744546906
1070 3696 -0.031227525321691058
1070 3711 0.7847248687866456
1070 3726 0.07187508017527577
1070 3741 -0.6306004433035852
1070 3756 -0.48100527836675505
1070 3771 -0.346646988653728
1083 1084 -0.7685014327690182
1083 1098 -0.42509120843088116
1083 3426 -0.4637312652428781
1083 3441 -0.6373476009005842
1083 3366 0.19307899983764223
1083 3381 -0.5558036924153922
1083 3396 0.9748303824619349
1083 3411 -0.009693114244635558
1084 1085 0.47501003278109655
1084 1099 0.20849830105816297
1084 3606 -0.35759600412861176
1084 3621 0.6628830332244207
1084 3456 0.03060760793657044
1084 3471 -0.552472421166338
1084 3486 -0.6183286875014103
1084 3501 0.23773838221098914
1084 3516 0.1164136462941348
1084 3531 0.2844981644353871
1084 3546 -0.4578487904526611
1084 3561 -0.8797146362678355
1084 3576 0.4620334905506502
1084 3591 -0.1468933229696981
1085 1100 0.5320065572696648
1085 3786 -0.14470847152224978
1085 3801 -0.4055006121898734
1085 3636 0.43148444083179605
1085 3651 0.7949461232078135
1085 3666 0.49985930291716313
1085 3681 0.16438451571173732
1085 3696 0.5454213376593791
1085 3711 -0.37778937311135796
1085 3726 -0.02260365187567623
1085 3741 0.22466082789686018
1085 3756 -0.13512144964233613
1085 3771 0.1117202755348774
1098 1099 0.8516156161244559
1098 3426 -0.5663717901088744
1098 3441 0.29887447704414294
1098 3366 0.3627349402434312
1098 3381 -0.029867061916937887
1098 3396 0.34640083365307756
1098 3411 -0.38723153120375386
1099 1100 -0.243375922319232
1099 3606 -0.5595869080848173
1099 3621 -0.27384353607173245
1099 3456 0.5992453997170798
1099 3471 -0.02879862128485237
1099 3486 1.0
1099 3501 -0.46249721355708723
1099 3516 -0.22536517548527601
1099 3531 -0.440652655527369
1099 3546 -0.23666382223531754
1099 3561 -0.3360950235922501
1099 3576 -0.29999186615592427
1099 3591 0.0234113175626258
1100 3786 -0.07130129313070421
1100 3801 -0.2157272594999566
1100 3636 0.4920230422797241
1100 3651 0.3913796592469009
1100 3666 -0.31649324954130537
1100 3681 0.11297283599315124
1100 3696 -0.7564457991008791
1100 3711 0.06372067404735086
1100 3726 0.37624123769939066
1100 3741 -0.2750780944126017
1100 3756 0.2420669700859826
1100 3771 -0.23684441324036276
1113 1114 0.04786500271729921
1113 1128 0.1718653328382552
1113 3426 -0.8344100709545236
1113 3441 -0.05941650033773625
1113 3366 -0.5443435443700643
1113 3381 0.4742577141768092
1113 3396 0.2848538308671805
1113 3411 0.7669400511395604
1114 1115 0.2178732131691655
1114 1129 0.2951239279443675
1114 3606 -0.08846162584471427
1114 3621 -0.2596671936142151
1114 3456 0.2039050672008804
1114 3471 -0.9190606535066721
1114 3546 -0.37235548909790434
1114 3561 0.17401585692341362
1114 3576 -0.1227144434890896
1114 3591 0.3040062047793514
1115 1130 0.6578652958520146
1115 3786 -0.010997188297170411
1115 3801 0.8146357402787403
1115 3636 0.5603638235573957
1115 3651 0.675689568059917
1115 3726 -0.7277273314007346
1115 3741 0.39897412660533654
1115 3756 -0.7020167280763558
1115 3771 -0.13757057345534685
1128 1129 0.3387076708286317
1128 3426 -1.0
1128 3441 0.2833287764188354
1128 3366 -0.5517872578618275
1128 3381 0.4394726524135909
1128 3396 -0.32520049584753175
1128 3411 -0.3837896048015079
1129 1130 0.0708289312432148
1129 3606 0.9803536806400241
1129 3621 -0.0008261777273888174
1129 3456 -0.3264844865173588
1129 3471 0.49954777861466876
1129 3546 0.09011529080773552
1129 3561 -0.665227172720053
1129 3576 -0.19532160041061716
1129 3591 -0.7880946768752324
1130 3786 0.4978012716967857
1130 3801 -0.17236502804927578
1130 3636 0.42328979218280804
1130 3651 -0.4307379065485242
1130 3726 0.08291932142139703
1130 3741 -0.287298464325565
1130 3756 0.072078322539071
1130 3771 -0.1457904671363989
3364 3365 -0.4057888601580434
3364 3379 0.1660307862889603
3365 3366 0.19339369521237054
3365 3380 -0.3566014624381952
3366 3381 -1.0
3379 3380 0.3138811091696257
3380 3381 0.7256139686034554
3394 3395 -0.15139505799576522
3394 3409 0.22895626700639019
3395 3396 -0.8238601016659259
3395 3410 0.13033190430394243
3396 3411 -0.19517813732100167
3409 3410 0.6552498389333516
3410 3411 -0.7484809420423912
3424 3425 -0.21143569646715787
3424 3439 0.5618514675280297
3425 3426 0.6280805523084343
3425 3440 -0.008786864543900211
3426 3441 -0.1473547202270989
3439 3440 0.12495752056626608
3440 3441 -0.8606422691098163
3454 3455 0.06332142719839995
3454 3469 0.30637342324892264
3455 3456 0.16501912289407503
3455 3470 -0.15266043115214994
3456 3471 0.09671428329916495
3469 3470 0.6429989572647581
3470 3471 -0.9022863020711477
3484 3485 -0.2590296001843001
3484 3499 0.15270622120760236
3485 3486 -0.1759240910130552
3485 3500 -0.5295698021359873
3486 3501 -0.33594511017347917
3499 3500 0.2929715394872582
3500 3501 0.09037502972316311
3514 3515 0.27434854170046086
3514 3529 0.3055713725429264
3515 3516 -0.09289581303758664
3515 3530 0.6498358135213329
3516 3531 0.287642660001135
3529 3530 0.08840831012804748
3530 3531 -0.35041024681411964
3544 3545 0.021850815022461157
3544 3559 0.2968630771074495
3545 3546 0.1110734543981839
3545 3560 0.3818619476365255
3546 3561 0.6249149796986736
3559 3560 0.4636109510015992
3560 3561 0.43122132078399256
3574 3575 -0.28101022671083536
3574 3589 -0.43969812414695403
3575 3576 0.19840080496315035
3575 3590 0.2155353187818513
3576 3591 -0.11217953797546759
3589 3590 -0.0441256178391387
3590 3591 0.0457238220727736
3604 3605 -0.6893395863387829
3604 3619 0.574809566652051
3605 3606 0.4291819396771401
3605 3620 0.020524133708092307
3606 3621 -0.032126413454609516
3619 3620 -0.7471346224080222
3620 3621 0.006114677225351604
3634 3635 -0.21741231022626537
3634 3649 -0.20053067946433906
3635 3636 0.07124255189977505
3635 3650 -0.08284537946726785
3636 3651 -0.9501590806108251
3649 3650 -0.3376203749206436
3650 3651 0.6876881038987448
3664 3665 -0.20939479062288124
3664 3679 0.13000687459300725
3665 3666 -0.20942295670971084
3665 3680 -0.3569993632065712
3666 3681 -0.3652776509241826
3679 3680 -0.17018300992580981
3680 3681 0.6816949650570641
3694 3695 0.2639523893752979
3694 3709 -0.4761164806476379
3695 3696 0.23347560350511587
3695 3710 0.340150546456371
3696 3711 -0.10905877663462843
3709 3710 0.313657440686806
3710 3711 0.5833422823184069
3724 3725 0.4774174682170475
3724 3739 0.13487251316673288
3725 3726 -1.0
3725 3740 0.5974876477593642
3726 3741 0.4757142462747643
3739 3740 0.049074231865275784
3740 3741 0.2827897950052508
3754 3755 0.14361903211609348
3754 3769 -0.23183398902980762
3755 3756 0.3844843749704924
3755 3770 -1.0
3756 3771 0.271800834240588
3769 3770 0.00025849651333415783
3770 3771 0.08008878962518988
3784 3785 -0.18419700497551844
3784 3799 -0.5420195033975096
3785 3786 0.3910230220647449
3785 3800 0.1672038413303245
3786 3801 -0.7206718082432246
3799 3800 -0.06408939377690409
3800 3801 -0.7437401440587518
3814 3815 -0.3898826277066369
3814 3829 -0.42590829054539847
3815 3816 0.05671485127142141
3815 3830 0.32586738150031275
3816 3831 0.6574228355706877
3829 3830 -0.06120792038178168
3830 3831 -0.07739907440974528
3844 3845 -0.7061120343789009
3844 3859 0.7536817040018381
3845 3846 0.4099844458205876
3845 3860 0.14132106790421695
3846 3861 0.21161004825336516
3859 3860 0.2751939274877847
3860 3861 0.2081067402476659
3874 3875 0.3086684773950669
3874 3889 1.0
3875 3876 0.702379096255479
3875 3890 -0.14992071617882666
3876 3891 -0.33548052975801235
3889 3890 0.2335262932043657
3890 3891 0.03678789014112561
