# 
603 603 1.5670872580055055
604 604 0.5429322450322069
605 605 -0.41717038501495485
618 618 0.8563344364264325
619 619 -1.378009442645613
620 620 -1.5897537435481168
633 633 -0.4178010459440993
634 634 1.8879162146377184
635 635 0.8628000883849156
648 648 0.6146239581059857
649 649 1.4280337988156724
650 650 -0.5567913846913167
663 663 0.028193977720305154
664 664 0.06554481132716251
665 665 -0.8203601119787277
678 678 0.8094887616562573
679 679 0.02623413207290939
680 680 -0.4494953530667612
693 693 -0.6876031678859273
694 694 -0.31535918748177466
695 695 1.8340526227685252
708 708 -0.9003047404459765
709 709 -0.8324922821874459
710 710 0.5758661649844194
723 723 1.0185339436449494
724 724 -2.473922278500542
725 725 -0.17355759455201314
738 738 0.2732382513458967
739 739 0.1079747015768071
740 740 0.1783916071987887
753 753 -0.2870052578754648
754 754 -0.7322372256624714
755 755 -0.49767043976843195
768 768 0.1392122296230002
769 769 1.3291657867809632
770 770 0.3573379115752308
783 783 -0.7124170213457632
784 784 0.6770965803389983
785 785 1.2303963277172634
798 798 -0.5663075753073636
799 799 -0.5881507452330266
800 800 0.35508600496068327
813 813 -0.12177671873697582
814 814 1.0542692356707408
815 815 -1.35958580929032
828 828 1.3109698442291915
829 829 -1.2444589499579144
830 830 -1.3220484874210867
843 843 -0.03929577343329708
844 844 1.5089282638094001
845 845 0.9314338361196717
858 858 1.7664361960835095
859 859 0.37846016041745173
860 860 -1.4023879883329948
873 873 -0.2581462331596979
874 874 1.2448291798555888
875 875 -0.310451981523127
888 888 0.35076733523786086
889 889 1.0105509337926672
890 890 -0.5325038897617566
903 903 -0.04447316659371796
904 904 -1.5643656798458716
905 905 0.6995484773050983
918 918 1.696838765325592
919 919 -0.4433439715590709
920 920 0.7344485803459041
933 933 -0.3663912655250212
934 934 -0.8360528222718716
935 935 0.34838794521748834
948 948 1.1632259857696159
949 949 0.6856997083830799
950 950 1.4156568925211315
963 963 -0.10144250495581905
964 964 -0.8622041881634933
965 965 1.1745788836740738
978 978 0.587571178772735
979 979 0.5569936327799396
980 980 -1.1136386181021452
993 993 -1.2499401176118536
994 994 -0.18912858104778155
995 995 -0.8866160658282924
1008 1008 1.2365246094442377
1009 1009 1.333438723790432
1010 1010 0.20575751894686076
1023 1023 0.07792175782844363
1024 1024 0.9340891809311677
1025 1025 1.543652352679233
1038 1038 0.6439573426999424
1039 1039 -0.5863732767362068
1040 1040 0.7150809156861732
1053 1053 0.05473304970238726
1054 1054 -0.7812608590050959
1055 1055 0.43072327466166876
1068 1068 -0.5878372257865436
1069 1069 -0.725859864716405
1070 1070 -0.5902662369450061
1083 1083 1.2774886608078397
1084 1084 -0.26889038563012374
1085 1085 0.3871670527719487
1098 1098 0.16101615443794295
1099 1099 -0.014895382625712585
1100 1100 0.4618414460328505
1113 1113 -0.06380654780883688
1114 1114 -1.1752478888112923
1115 1115 0.16169515941997378
1128 1128 -1.4203984034018782
1129 1129 0.7874577267328962
1130 1130 -0.2492340092815335
3364 3364 0.9951790044801838
3365 3365 -0.6293798939859867
3366 3366 0.028843219324332252
3379 3379 -0.18835361485545885
3380 3380 0.3475965621896639
3381 3381 -0.9336716084053021
3394 3394 1.3253796243734162
3395 3395 0.3748126612108204
3396 3396 0.25906093439087535
3409 3409 2.4712335283661773
3410 3410 -0.051202229406749615
3411 3411 -0.10422273289063384
3424 3424 -1.6059958685451288
3425 3425 0.03441640698799021
3426 3426 0.7419800276791212
3439 3439 1.5810158632659943
3440 3440 -0.6392103354504082
3441 3441 0.7224573673912771
3454 3454 -0.523807563373448
3455 3455 0.852720992761299
3456 3456 0.3755996178709133
3469 3469 -0.9481950292664995
3470 3470 0.00852572422715722
3471 3471 -0.7728531558978428
3484 3484 0.1699091335018205
3485 3485 0.4846444869873838
3486 3486 1.5206426308941459
3499 3499 -1.1977996942360845
3500 3500 -0.7714442652922002
3501 3501 -1.810788667148285
3514 3514 -1.2738407006306085
3515 3515 -0.8010428923008666
3516 3516 -0.23760482768184346
3529 3529 1.431571701849966
3530 3530 1.611726766948418
3531 3531 -2.2604663365682076
3544 3544 -0.227736332583477
3545 3545 1.10232606084163
3546 3546 -0.0003142772691174956
3559 3559 -0.15730925554834824
3560 3560 -0.06560311587605579
3561 3561 -0.47233433024874794
3574 3574 1.095380339890439
3575 3575 -0.09348425095142539
3576 3576 -1.8248130194733634
3589 3589 1.8321550318198039
3590 3590 -0.14842829193877008
3591 3591 1.1301219741636728
3604 3604 -0.4767079172422499
3605 3605 -0.4214771837329901
3606 3606 0.07370729057242088
3619 3619 0.5755743194461022
3620 3620 -0.5604497965657914
3621 3621 0.5745263658935008
3634 3634 0.8789834211992688
3635 3635 0.38001205043893904
3636 3636 -1.7628428501707665
3649 3649 -0.7262922027781733
3650 3650 0.4050494813945441
3651 3651 -0.7930367162789439
3664 3664 0.7579301677622161
3665 3665 -0.3155120627419317
3666 3666 0.17938793556345461
3679 3679 -0.5567679920423346
3680 3680 -0.1969477073815438
3681 3681 0.2634525308773701
3694 3694 0.24672855428751012
3695 3695 0.04456157022462631
3696 3696 -0.7844730987931559
3709 3709 0.6299798154366437
3710 3710 0.02259054319217442
3711 3711 -1.2699903837960604
3724 3724 -1.639570774310926
3725 3725 0.7904769053018725
3726 3726 1.930005096290673
3739 3739 -0.2724702366058528
3740 3740 -1.3669341144097145
3741 3741 -0.23703654743746141
3754 3754 -0.11320357572472288
3755 3755 -1.1106113857173179
3756 3756 1.0763832601833632
3769 3769 1.389631236609537
3770 3770 2.1083062710329536
3771 3771 0.44163906106787437
3784 3784 1.195178191470558
3785 3785 0.449467652508742
3786 3786 -0.8507075711389501
3799 3799 -0.021287516529855267
3800 3800 0.5679223036972117
3801 3801 -0.8739880956163666
3814 3814 -1.2866793703375154
3815 3815 -1.4803348643527858
3816 3816 1.6344006983226544
3829 3829 -2.5053093000418616
3830 3830 0.13344443058838504
3831 3831 -1.0185987251164852
3844 3844 0.6128352656041883
3845 3845 1.2628262408689
3846 3846 0.08661670248338228
3859 3859 -0.5058247475321971
3860 3860 -0.4935882540308288
3861 3861 0.6078241441828178
3874 3874 0.9206019434735757
3875 3875 1.449909200990725
3876 3876 0.30821137326637005
3889 3889 -0.426676960775604
3890 3890 0.1677233056492527
3891 3891 -0.3022684767343628
603 604 0.26152079028989694
603 618 1.0
603 3484 -0.3075014849451886
603 3499 -0.09930022982813996
603 3514 -0.29811945402131473
603 3529 0.4681664573151554
604 605 -0.03653936422479693
604 619 0.1918440121496145
604 3664 0.023048674728352796
604 3679 0.7483822121271646
604 3694 0.365868265172408
604 3709 -0.19614415702710922
605 620 0.6487622079649986
605 3844 0.3390642255864935
605 3859 0.11426886504859393
605 3874 -0.12324464098854138
605 3889 -0.3098525135083762
618 619 -0.5506661893992829
618 3484 0.04201572673410609
618 3499 -0.5062375710260676
618 3514 -0.17022897550051241
618 3529 0.5271816068108538
619 620 0.27994776082668976
619 3664 0.39921163575390994
619 3679 -0.21296716936618248
619 3694 0.3110428792043032
619 3709 0.1732317040594321
620 3844 0.7548010915487989
620 3859 0.4747912625823166
620 3874 0.3270760852336375
620 3889 0.3062878843257675
633 634 -0.4312002545610681
633 648 -0.2402782752761412
633 3424 -0.3436652672120974
633 3439 0.016756361564155043
633 3454 -0.13387129028831862
633 3469 0.3775072413127948
633 3484 -0.16139041399828807
633 3499 0.040322220507126826
633 3514 -0.4474883850888802
633 3529 -0.25054822636243385
634 635 -0.06472949037393622
634 649 -0.7142390177262344
634 3604 0.2727699347495498
634 3619 0.3167313844187245
634 3634 0.15321509979733955
634 3649 0.553556331924619
634 3664 -0.892426906903538
634 3679 0.7071529787709279
634 3694 -0.2790184116545669
634 3709 0.14563589195947343
635 650 -0.02435026180940017
635 3784 -0.360978761276887
635 3799 -0.3655809981971077
635 3814 -0.1387397072987466
635 3829 0.05723069796097151
635 3844 -0.4513036600100699
635 3859 0.6902211666516098
635 3874 -1.0
635 3889 -0.2800199846015147
648 649 -0.09787579641552548
648 3424 0.2844250761044148
648 3439 -0.10041589223713829
648 3454 -0.12388905346065103
648 3469 0.17077730561335328
648 3484 0.041922328771388996
648 3499 0.7850730283437005
648 3514 -0.9107488893705484
648 3529 0.12417330153734903
649 650 0.9100088992557261
649 3604 0.10965678971837937
649 3619 0.5000836550020785
649 3634 0.11590542648823762
649 3649 0.2482391089796434
649 3664 0.2794735319937927
649 3679 0.5879776955410136
649 3694 0.35708712397170933
649 3709 -0.08137336245486064
650 3784 -0.27032077990798675
650 3799 0.546118896188698
650 3814 0.16384477745365814
650 3829 -0.9091254239224849
650 3844 -0.16926231129600172
650 3859 0.49044610114618004
650 3874 -0.3567475764980123
650 3889 -0.9387230900812708
663 664 0.17453237229145618
663 678 -0.0981214552986378
663 3424 0.8856167091916088
663 3439 -0.03687076298274208
663 3454 0.592060898147945
663 3469 -0.4172871891157527
663 3484 0.01726628107834988
663 3499 0.5187600998428905
664 665 -0.9209726155595265
664 679 -0.16633888148268236
664 3604 0.07521958159024102
664 3619 -0.16918862280604163
664 3634 -0.4458469695319294
664 3649 -0.26146585180358506
664 3664 -0.17446130473502353
664 3679 -0.002852199924685482
664 3514 -0.3243799548009741
664 3529 -0.3481937397778556
665 680 0.05749366028703959
665 3784 -0.6673923556996098
665 3799 0.7028649147271192
665 3814 -0.39703628864180107
665 3829 0.7076666977388839
665 3844 0.28058496732751737
665 3859 -0.5323168052202485
665 3694 0.011223182942701405
665 3709 -0.05963457576932967
678 679 0.42658953018930584
678 3424 -0.38596988802326976
678 3439 -0.3216231890602851
678 3454 0.4110945293630373
678 3469 -0.3039493889751146
678 3484 0.023311848411828734
678 3499 0.40232880522900843
679 680 -0.2388384410652608
679 3604 0.1529232112703277
679 3619 0.4261800516746907
679 3634 0.2563152091925695
679 3649 -0.2679811664659497
679 3664 -0.5575300004209421
679 3679 0.8865591771426585
679 3514 0.016556443027492127
679 3529 -0.6145061119809959
680 3784 -0.3178066575992626
680 3799 0.04312278104207472
680 3814 1.0
680 3829 -0.5002102956518917
680 3844 -0.391193540353096
680 3859 0.32327744909033557
680 3694 -0.2633069262713714
680 3709 -0.2532213025205856
693 694 -0.19907924539907068
693 708 -0.3187433238149439
693 3424 0.16075486010407444
693 3439 0.28126127908856113
693 3454 0.5152575391138409
693 3469 -0.6211445209786178
693 3484 -0.7337469209254426
693 3499 -0.6636364186387111
693 3364 -0.5883638583466019
693 3379 0.05730611393967164
693 3394 0.24523507149923526
693 3409 0.3796845779183951
694 695 -0.10320852100943548
694 709 -0.10144590505117847
694 3604 0.35279738402058514
694 3619 0.5253492135342451
694 3634 0.09357823548447627
694 3649 0.1313789680934918
694 3664 0.16267735526253704
694 3679 -0.22249269075318245
694 3514 0.0635364084417068
694 3529 0.414007856623036
694 3544 0.014333541306175921
694 3559 -0.21814257853579982
694 3574 -0.6231647233402011
694 3589 -0.45261847679780504
695 710 -0.10962942998340036
695 3784 0.9193119240741207
695 3799 0.28564537528347267
695 3814 -0.20463680531832687
695 3829 0.32189207037859296
695 3844 0.45856635648229654
695 3859 0.055099388890019745
695 3694 0.4040516962076761
695 3709 -0.7643709493832385
695 3724 0.3634141116237725
695 3739 -0.054017829552547005
695 3754 -0.19287570582939845
695 3769 -0.3198749409393454
708 709 -0.15291684980085912
708 3424 0.29629729373365815
708 3439 0.6971487781979171
708 3454 0.7648960346510025
708 3469 0.4720264318746515
708 3484 0.24122900349805443
708 3499 0.3246164309371555
708 3364 -0.7835239239472622
708 3379 0.13029112034963491
708 3394 -0.12050352423726493
708 3409 0.22296632751849615
709 710 0.4370574839812531
709 3604 -0.17707842000471424
709 3619 -0.013615917324807084
709 3634 0.90652716613544
709 3649 -0.19827804462049423
709 3664 0.07448600133165487
709 3679 0.08120781882876937
709 3514 0.5937036869702326
709 3529 -0.5671296370387789
709 3544 -0.33259233902020957
709 3559 -0.5520870510098308
709 3574 0.267554539930521
709 3589 0.14021403447023603
710 3784 -0.1618399458409634
710 3799 -1.0
710 3814 -0.34383308507298316
710 3829 -1.0
710 3844 0.5437891278767186
710 3859 0.44847231198014975
710 3694 0.1347332875330171
710 3709 0.5237326458610475
710 3724 0.16150467461526655
710 3739 -0.7472636587764567
710 3754 0.3679531239174936
710 3769 0.42093343343784945
723 724 -0.49163149853424803
723 738 0.47722418321443993
723 3424 -1.0
723 3439 0.08864224065293798
723 3364 -0.16460292433428986
723 3379 -0.19052831412396473
723 3394 -0.1560874732326072
723 3409 -0.21935087686188112
724 725 -0.3771879065317317
724 739 0.0394964582118868
724 3604 0.10996989647960549
724 3619 0.05526326499236327
724 3454 0.3681916156015231
724 3469 0.22542486684969246
724 3484 -0.11466180984497769
724 3499 -0.15948741790320414
724 3514 0.15885951175795546
724 3529 -0.04811671695212612
724 3544 0.5014535607706987
724 3559 0.04291292373350632
724 3574 -0.10504457741668678
724 3589 0.4884895268590308
725 740 1.0
725 3784 -0.11854328344055873
725 3799 0.48095757257456445
725 3634 -0.32179930821758734
725 3649 0.30601867530091914
725 3664 -0.5822163556506581
725 3679 0.5358468464880538
725 3694 0.6226814330070306
725 3709 0.2027715472412839
725 3724 -0.19639739810561424
725 3739 -0.25109053991185015
725 3754 -0.17553062835455094
725 3769 -0.13646278763967826
738 739 -0.5700885293436034
738 3424 -0.23631387482065622
738 3439 0.009188821598071972
738 3364 0.37423896452192396
738 3379 -0.14329749268697067
738 3394 -0.7669161458386183
738 3409 -0.5086977999899838
739 740 -0.6320663555320137
739 3604 -0.16728476013533858
739 3619 0.6141918728620188
739 3454 -0.32106471717265234
739 3469 0.1059744684210306
739 3484 -1.0
739 3499 0.7349568351075599
739 3514 -0.504818841416761
739 3529 0.769716865288633
739 3544 0.06414040274743178
739 3559 0.012816144033938616
739 3574 -0.16923315133600855
739 3589 -0.2988688659705003
740 3784 0.5570339969157411
740 3799 0.02233937336768193
740 3634 0.05163925174253279
740 3649 -0.39418363022556746
740 3664 0.17918039618631607
740 3679 0.8156664091020643
740 3694 -0.6761706278407181
740 3709 -0.5890122226588046
740 3724 -0.08755662834527544
740 3739 -0.31410626220962257
740 3754 -0.12265548426129515
740 3769 -0.16901027909542762
753 754 0.35389257228557086
753 768 -1.0
753 3424 -0.3920786729324776
753 3439 -0.5448658141416075
753 3364 -0.22860076350211955
753 3379 -0.034801900449680095
753 3394 0.0557369694032243
753 3409 -0.0698981048999692
754 755 -1.0
754 769 0.8073097182723654
754 3604 -0.21578440583193548
754 3619 -0.747105508424136
754 3454 -0.1976659969537557
754 3469 -0.09478404159423442
754 3485 -0.4108281668583277
754 3500 -0.914143637780914
754 3515 0.11690731872702075
754 3530 -0.668717793766327
754 3544 -1.0
754 3559 0.4029559902211047
754 3574 0.9635659949849221
754 3589 -0.47454530988175825
755 770 -0.28025111540070285
755 3784 -0.3973720616321071
755 3799 -0.14135398336135974
755 3634 -0.25146855964470877
755 3649 0.004454138491744146
755 3665 -0.81933927003534
755 3680 1.0
755 3695 -0.7253939265529576
755 3710 -0.3092048562388743
755 3724 -0.9074272356092244
755 3739 -0.36021613733380164
755 3754 -0.6834714261963021
755 3769 0.8156218583427739
768 769 0.33330892299962933
768 3424 -0.8992808227274064
768 3439 -0.695855636715933
768 3364 -0.3412704192555083
768 3379 -0.013838517877183211
768 3394 -0.4595505010185208
768 3409 -0.6104455777615949
769 770 -0.16088003822030505
769 3604 -0.43216850631275
769 3619 0.18392999396631768
769 3454 -0.3923317341125147
769 3469 -0.23895956426540396
769 3485 -0.6333612498954989
769 3500 -0.31304904610746664
769 3515 -0.3471625658410452
769 3530 -0.5438457272798576
769 3544 0.05818315780592237
769 3559 -0.200267556032611
769 3574 -0.764176921949387
769 3589 0.42444734188046546
770 3784 -0.4637680057186993
770 3799 0.4769985687036572
770 3634 0.28085964332594776
770 3649 0.47102510347494664
770 3665 0.03507035224033792
770 3680 0.050732467490490096
770 3695 -0.04075456738163857
770 3710 0.8607309063915539
770 3724 -0.07652741093615548
770 3739 -0.9382675564773023
770 3754 0.20775820321642607
770 3769 -0.03222248185610565
783 784 0.3627752444106086
783 798 -0.012290234552041828
783 3424 -0.9178252881481175
783 3439 0.612478312746373
783 3454 -1.0
783 3469 0.4907916768078088
783 3485 0.47900054955511384
783 3500 -0.15883750936062208
783 3515 -0.425879812737202
783 3530 -0.540515370399078
783 3544 -0.12684921099057933
783 3559 0.4073587303457896
783 3394 -0.045360420714401425
783 3409 -0.7229733027565124
784 785 0.47135904113591137
784 799 0.04626807749742207
784 3604 -0.2610894071926035
784 3619 -0.8767950516537083
784 3634 0.8474974213392119
784 3649 -0.5488484012161127
784 3665 -0.6483866295517795
784 3680 -0.4410465751751345
784 3695 0.5397862674855568
784 3710 -0.4618052381632515
784 3724 -0.08286996962056235
784 3739 -0.6850926684243139
784 3574 -0.004331438726792332
784 3589 -0.4914768033567182
785 800 0.43251296672212164
785 3784 -0.09906863434837529
785 3799 0.6282538845534756
785 3814 0.23155142383813268
785 3829 0.343446964904871
785 3845 0.1822443227785167
785 3860 -0.5371715551376893
785 3875 0.17151162944861323
785 3890 1.0
785 3754 -0.4818273326789887
785 3769 0.6471006294392612
798 799 -0.15229572103994207
798 3424 1.0
798 3439 -0.11213686985221762
798 3454 -0.11780970479534354
798 3469 0.6659769382452059
798 3485 0.8570949934080082
798 3500 -0.10551834844546244
798 3515 0.7165825965326585
798 3530 -0.7120875524157245
798 3544 -0.5658435039178266
798 3559 0.7617591504611987
798 3394 -0.3057755553246966
798 3409 -1.0
799 800 -0.8483271499782332
799 3604 0.47071473778030776
799 3619 -0.3445842772899613
799 3634 -0.2934856894387503
799 3649 -1.0
799 3665 0.30539992802740196
799 3680 -0.27894927180373463
799 3695 -0.6081155493143533
799 3710 -0.3928365879369771
799 3724 0.6935170148816355
799 3739 0.482752869098356
799 3574 -0.09867958134198064
799 3589 -0.9579912989464338
800 3784 -0.32659933124196805
800 3799 -1.0
800 3814 0.593281284934677
800 3829 -0.6767117583740534
800 3845 -0.607957275285858
800 3860 0.46392548132490996
800 3875 -0.4179337686522016
800 3890 0.38052601395214297
800 3754 0.5631180328657107
800 3769 -0.7369271077438146
813 814 1.0
813 828 -1.0
813 3425 -0.3160639614483716
813 3440 0.037826067421868684
813 3455 -0.4895051838493756
813 3470 -0.5386392181939871
813 3485 -0.1044004859594188
813 3500 0.25982222376773667
813 3515 -0.07014852183318919
813 3530 0.25506592497060815
813 3544 0.9450584710962623
813 3559 -0.3917256690524638
813 3394 0.47866476582153344
813 3409 0.3540191085023383
814 815 0.7370582162285991
814 829 -0.10514692909466888
814 3605 0.4468485438494624
814 3620 0.052571413296687235
814 3635 -0.4227037477787488
814 3650 0.5435098698032405
814 3665 -0.49243020524574643
814 3680 -0.1264519104473743
814 3695 0.7535241490227206
814 3710 0.004817393261150966
814 3724 0.25224446129880046
814 3739 -0.9964760597873665
814 3574 -0.41183957368535273
814 3589 0.09229968247176062
815 830 -0.9607957196466801
815 3785 0.12094104595434665
815 3800 -0.45705513598907954
815 3815 -1.0
815 3830 0.10141047089014996
815 3845 -0.09092447842086196
815 3860 -0.8978829314286892
815 3875 1.0
815 3890 -0.5138745388263422
815 3754 -0.08773406451417406
815 3769 0.20271485638152237
828 829 0.03738972807639094
828 3425 0.8440752977016581
828 3440 0.8801338236373866
828 3455 -0.26234344162632817
828 3470 -0.9896911820567973
828 3485 0.026086801510998056
828 3500 0.20210971493177593
828 3515 -0.8899853511420462
828 3530 -1.0
828 3544 0.25540527051936535
828 3559 0.27184655953108156
828 3394 0.3366991704756552
828 3409 -0.36648858142556373
829 830 0.10914876860347278
829 3605 -0.45051426776458725
829 3620 0.12845785956296438
829 3635 -0.42231192875279844
829 3650 0.6978464840442311
829 3665 -0.05257409335793913
829 3680 -0.3876818250028112
829 3695 0.19630750949004339
829 3710 0.71258012635717
829 3724 0.07121465073090423
829 3739 0.2265889311378743
829 3574 -0.4372210415226107
829 3589 0.4467833333113402
830 3785 -0.6180187496346348
830 3800 -0.2984446521629022
830 3815 0.05321395907184372
830 3830 0.3027018995852675
830 3845 -0.03208575913850022
830 3860 -0.2180149151419444
830 3875 0.4087797578821147
830 3890 0.1388854069299171
830 3754 0.26318575359921553
830 3769 -0.495461952825402
843 844 -0.45384908952990727
843 858 0.2871656645216361
843 3425 -0.03650635775892894
843 3440 0.08381603585733867
843 3455 1.0
843 3470 0.8210535644932327
843 3485 -0.6755776811191317
843 3500 -0.448775317709524
843 3364 0.5068606084669001
843 3379 -0.34987271504358974
843 3394 0.431926510691238
843 3409 -0.5256326131506764
844 845 -0.9248433133010177
844 859 0.209490330465965
844 3605 0.08487043137593127
844 3620 0.7393997995929211
844 3635 0.19136779615681818
844 3650 1.0
844 3665 0.7607282701788096
844 3680 -1.0
844 3515 -0.060375910567694105
844 3530 0.9477933056753911
844 3544 0.2724456256566212
844 3559 -0.08681142827167446
844 3574 0.08904539528884925
844 3589 0.13695509434567826
845 860 0.6995093225830756
845 3785 -0.004190876630449251
845 3800 0.22985466093001897
845 3815 0.09641074209171936
845 3830 -0.582405454012171
845 3845 0.5772945705320078
845 3860 -0.39349350885992174
845 3695 -0.14814423668753035
845 3710 -0.8303752833576538
845 3724 -0.11607593806126087
845 3739 -0.5649732663314038
845 3754 1.0
845 3769 -0.09963969295774505
858 859 0.9284444019387995
858 3425 -0.019994821905109976
858 3440 0.5746474492743346
858 3455 -0.328519300873573
858 3470 0.3623226522964162
858 3485 -0.27435058014415015
858 3500 0.6190938627882558
858 3364 0.44887122285516173
858 3379 -0.9850787034963239
858 3394 -0.784369899487397
858 3409 -0.14296807084340446
859 860 0.5602339203111818
859 3605 0.09753261243036669
859 3620 0.36651744331454533
859 3635 0.10290938295158882
859 3650 -0.5145999374296497
859 3665 -1.0
859 3680 0.15403075838033656
859 3515 0.22465054223898961
859 3530 0.5642064203395598
859 3544 0.1981401436857223
859 3559 0.15746742195144145
859 3574 -0.1905469921698915
859 3589 0.22808525933248916
860 3785 -0.5678793148789834
860 3800 0.032765894665977006
860 3815 -0.25782244903944507
860 3830 -0.5301557333367228
860 3845 -0.09357139750810203
860 3860 0.003932952866011278
860 3695 -1.0
860 3710 0.40843379999036017
860 3724 0.04951972641080544
860 3739 -0.1440182666333694
860 3754 -0.2625805019476056
860 3769 1.0
873 874 0.7351590878726588
873 888 -0.7750798527888173
873 3425 0.04355075434139302
873 3440 0.36406360016317135
873 3455 1.0
873 3470 -0.2149571706351294
873 3485 0.07704078985767382
873 3500 0.4229315959476696
873 3365 -0.4523089246579477
873 3380 -0.150351833570543
873 3395 0.4540987538276685
873 3410 1.0
874 875 0.16929224490282893
874 889 -0.8085424991800184
874 3605 -0.620883034148896
874 3620 -0.5645948777556343
874 3635 1.0
874 3650 -0.7342605588194093
874 3665 -0.033696767776884094
874 3680 -0.19198829483843957
874 3515 0.47440062017267565
874 3530 0.6152744610129858
874 3545 -0.12205314776648843
874 3560 -1.0
874 3575 0.7812778979448124
874 3590 0.6408728526281953
875 890 0.024251211674171054
875 3785 -0.06927849806450116
875 3800 0.2850751992597474
875 3815 0.21797704890781197
875 3830 -0.983010694883075
875 3845 -0.7433615786669628
875 3860 -0.11819791857718875
875 3695 -0.5161758135286196
875 3710 0.021885764144854335
875 3725 0.34994272328819104
875 3740 -0.11621476324191947
875 3755 0.5684925218030733
875 3770 0.26638628706479756
888 889 0.3512477628337413
888 3425 0.543334383972411
888 3440 0.5969233245522897
888 3455 0.049914603422645414
888 3470 0.2749467807599309
888 3485 -0.1336125239736875
888 3500 -0.3865272032589226
888 3365 -0.5598582153175192
888 3380 0.22147475667443597
888 3395 0.23952569340406385
888 3410 -0.249745269539416
889 890 0.29043625801456624
889 3605 0.5441918645937687
889 3620 -0.32803545093066594
889 3635 0.28650762126523965
889 3650 0.04307090640045789
889 3665 0.0813005008005531
889 3680 0.316699822697843
889 3515 -0.03590480720632546
889 3530 0.8924884529919157
889 3545 -0.013339523780797707
889 3560 0.09629366558842277
889 3575 0.6727676164011129
889 3590 -0.12540767819664633
890 3785 -0.3079879982134069
890 3800 -0.7702631025896324
890 3815 -0.46714384519006463
890 3830 0.5074223318376805
890 3845 0.21555701564159505
890 3860 0.08865502409090145
890 3695 -0.1950028397873295
890 3710 0.05218617416591207
890 3725 -0.3657835886224269
890 3740 0.22330104814272483
890 3755 -0.3515810113670683
890 3770 0.6814139199183634
903 904 -0.06088607966986556
903 918 0.1439022876807219
903 3425 0.6984142220363948
903 3440 0.19514835931513813
903 3365 -0.4299402247804404
903 3380 0.16373954862109438
903 3395 -0.8576394215948867
903 3410 -0.9125921872074403
904 905 0.6263174796630578
904 919 -0.48642152626090057
904 3605 -0.25032716053883725
904 3620 -0.27704552700327345
904 3455 0.09632105644459422
904 3470 -0.4908196664578962
904 3485 0.5104257462641265
904 3500 0.0077586277561589945
904 3515 0.9557495496871308
904 3530 -0.23066469840810128
904 3545 -0.12327300444378865
904 3560 -0.0542393048344997
904 3575 0.2751325035278222
904 3590 -0.33543047601304593
905 920 0.04398502280079132
905 3785 -0.7246420913480066
905 3800 0.4914954019094054
905 3635 0.775881659421392
905 3650 -0.5456450222858633
905 3665 0.15954437462785384
905 3680 -0.11843178887295504
905 3695 0.3272122767397988
905 3710 -0.4627473482920313
905 3725 0.4274803434247557
905 3740 0.07357758928990081
905 3755 0.05448027232323797
905 3770 0.47997546969075816
918 919 1.0
918 3425 -0.15093512457794137
918 3440 0.011062601521640156
918 3365 0.15723706345084323
918 3380 -0.6431983860263313
918 3395 0.34183066772528453
918 3410 0.3202079027407772
919 920 -0.07021245958291075
919 3605 -1.0
919 3620 0.4268074241111254
919 3455 0.9659442357241259
919 3470 -0.017235179663421463
919 3485 0.6971726972800666
919 3500 0.4067717311501884
919 3515 -0.3332517857739742
919 3530 -0.12635025179086734
919 3545 -0.6949858782415711
919 3560 -0.5831386619142578
919 3575 0.055494915073777504
919 3590 0.09165269634484317
920 3785 -0.06924475327945413
920 3800 -0.12049516007710387
920 3635 0.15287125466811877
920 3650 -0.20979821615976774
920 3665 0.6559803166672956
920 3680 -0.3691809240274207
920 3695 0.0066444761447701705
920 3710 0.1385431010151017
920 3725 -0.3684738547429928
920 3740 -0.21326670776095813
920 3755 -0.21982759904848168
920 3770 0.17231949993828888
933 934 -0.34316807211608835
933 948 -0.8477886934927524
933 3425 0.03514724104219079
933 3440 -0.8613576096145442
933 3365 -0.06784291328060034
933 3380 -0.5671163942786508
933 3395 0.8814535635367249
933 3410 -0.06623495584191376
934 935 0.9821674268135581
934 949 -0.5092782179222716
934 3605 -0.33605682981191093
934 3620 0.3475453052651395
934 3455 0.616931807670441
934 3470 0.4229456572485917
934 3486 0.2349076044761529
934 3501 0.536317559952313
934 3516 0.026290302958823755
934 3531 -0.6204347698477458
934 3545 0.06676451172114953
934 3560 -0.6219306027073082
934 3575 -0.25781573009746245
934 3590 0.6060816475824162
935 950 0.9292066309519101
935 3785 -0.2553664176409632
935 3800 0.6908675595944376
935 3635 -0.3986206511411538
935 3650 -0.47927194838674064
935 3666 0.1539292637121553
935 3681 0.4017696174435437
935 3696 0.04922007606645383
935 3711 -0.4758758370297021
935 3725 0.061041816551297416
935 3740 0.2016545556520042
935 3755 0.20288185223432306
935 3770 -0.3913171029088464
948 949 0.5527035627271805
948 3425 -0.06498104982757806
948 3440 -0.4711338544375766
948 3365 0.6242723684899925
948 3380 0.6813322447863916
948 3395 -0.1740666809939896
948 3410 0.955569721118675
949 950 0.0977710743589834
949 3605 -0.17616340234883143
949 3620 0.422458254392774
949 3455 0.25694199879027574
949 3470 0.6327483132589009
949 3486 0.026043491196241594
949 3501 0.5217813409443492
949 3516 0.03540135737962018
949 3531 -0.3877457844928296
949 3545 -0.2360076385236658
949 3560 0.2714891352087848
949 3575 -0.33741813837488704
949 3590 0.11508287585201832
950 3785 0.4593007014036619
950 3800 -0.25835370638096955
950 3635 -0.046254872057751084
950 3650 0.1034408070864252
950 3666 -0.6807565832415384
950 3681 0.1932707757508055
950 3696 -0.2565182612848603
950 3711 -0.01776122578658223
950 3725 0.7781618533151455
950 3740 -0.231932447508623
950 3755 1.0
950 3770 1.0
963 964 -0.333770043945687
963 978 -0.11585418069565996
963 3425 -0.5691247995185708
963 3440 -0.44702325524958825
963 3455 1.0
963 3470 -0.15534741496318658
963 3486 -0.33880312429587034
963 3501 0.7715293436119295
963 3516 0.1260948798517729
963 3531 -0.169469458359733
963 3545 0.16546674857270208
963 3560 -0.2601682243094362
963 3395 0.30119311820333494
963 3410 -0.8570264160195852
964 965 -0.5365191379300308
964 979 0.2192596929077844
964 3605 0.9045300826987411
964 3620 0.02544622703781721
964 3635 1.0
964 3650 0.45122442748030656
964 3666 0.1794685555003854
964 3681 -0.7599371098032256
964 3696 0.37012401224286695
964 3711 0.8130177754162409
964 3725 -0.08760235797303251
964 3740 0.0925133339427814
964 3575 -0.5123757430009078
964 3590 0.14028195803432617
965 980 0.6349529535937979
965 3785 -0.4225515439925339
965 3800 0.5885893809514221
965 3815 -0.648346771509182
965 3830 0.07029457696508515
965 3846 0.03388452850697692
965 3861 -0.3656007987753151
965 3876 0.0006813367576761201
965 3891 -0.27722423022654896
965 3755 0.7586868167836331
965 3770 -0.3027082630796979
978 979 1.0
978 3425 0.42435778715968425
978 3440 0.1751999577699562
978 3455 -0.642380108395852
978 3470 -0.17950108065950132
978 3486 -0.7486063033363279
978 3501 -0.03655066794776719
978 3516 0.07513175079832832
978 3531 0.6028129463007068
978 3545 -1.0
978 3560 0.7858076330938271
978 3395 -0.5257018437143065
978 3410 -0.987381067848097
979 980 -0.46754920917103837
979 3605 -0.15428382054951406
979 3620 0.11934196145391966
979 3635 -0.1920217726425717
979 3650 -0.23462614754479658
979 3666 0.3407718185085019
979 3681 0.38673401479391295
979 3696 0.45380285413198274
979 3711 -0.5770978682124474
979 3725 0.3572557872595987
979 3740 -0.12336504518633741
979 3575 -0.08481242577831197
979 3590 -0.9884747241381614
980 3785 0.8567311594507206
980 3800 -0.34032466322876587
980 3815 -0.3086967910501326
980 3830 0.3044237921070919
980 3846 0.7748691993022182
980 3861 0.10029756329780841
980 3876 -0.12902534045731326
980 3891 0.15496373520698056
980 3755 0.5696162235228049
980 3770 0.02112656365959241
993 994 -0.3949873016642005
993 1008 -0.3034107242613967
993 3426 -0.3894089712785028
993 3441 0.6657801286895731
993 3456 0.22864345431257138
993 3471 -0.2554323119579993
993 3486 -0.18626173759355596
993 3501 0.6650563580841142
993 3516 -0.3125489875413355
993 3531 -0.4130764448419568
993 3545 -0.7145392882568464
993 3560 0.4491815510246472
993 3395 -0.05946907204939454
993 3410 -0.5104024975116082
994 995 0.27627253164833554
994 1009 0.13726730861234845
994 3606 -0.5400659062712949
994 3621 -0.027349156466848927
994 3636 0.42006738275280986
994 3651 -0.27118637222112263
994 3666 -0.6309933199510459
994 3681 0.07703907485253574
994 3696 0.25808433992881213
994 3711 0.01833993848964227
994 3725 -0.49764939694443644
994 3740 0.1659107080756559
994 3575 -0.44651578728805735
994 3590 -0.2783098193810278
995 1010 -0.5898068000616714
995 3786 -0.3287277238379078
995 3801 0.12099033187478316
995 3816 0.08643402354273375
995 3831 -0.9185105948257813
995 3846 -0.025654183146049142
995 3861 0.7553850031959761
995 3876 -0.12084155624668644
995 3891 -0.06075750215303107
995 3755 -0.4395089925555012
995 3770 0.18370050777935115
1008 1009 -0.03930738970540265
1008 3426 1.0
1008 3441 -1.0
1008 3456 -0.4423890286595746
1008 3471 -0.14322451566297523
1008 3486 0.07444344546051816
1008 3501 0.5010649847822626
1008 3516 0.03423742521520424
1008 3531 0.8059541228598109
1008 3545 0.7170801440335441
1008 3560 -0.009093044212603086
1008 3395 0.28349654889653775
1008 3410 0.21728448657894994
1009 1010 -0.2791692967620699
1009 3606 -0.4022025479738007
1009 3621 0.01901064618430922
1009 3636 -0.11190676505600167
1009 3651 -0.3608933255038941
1009 3666 0.024774593329271698
1009 3681 -0.021188326594814323
1009 3696 0.5897610899261336
1009 3711 -0.2928800076754452
1009 3725 0.7465734575888021
1009 3740 0.4866598405510516
1009 3575 0.14568171201625527
1009 3590 0.167746275010153
1010 3786 -0.745498711340615
1010 3801 0.23323698768076057
1010 3816 0.476391340357193
1010 3831 -0.07403939118768409
1010 3846 -0.4454018507869582
1010 3861 0.343102171418531
1010 3876 -0.23919686058642886
1010 3891 0.24484783749131997
1010 3755 -0.38814424039761825
1010 3770 -0.5569403092641573
1023 1024 -0.248186775043275
1023 1038 -0.3862071242157583
1023 3426 0.33453803752861877
1023 3441 0.2831726003808756
1023 3456 0.7459965327745415
1023 3471 -0.10149758139716898
1023 3486 0.24235657552469753
1023 3501 -0.5575298740714129
1023 3365 0.16859197831563769
1023 3380 0.03057896892811355
1023 3395 0.14861951232299228
1023 3410 0.09217283124705303
1024 1025 0.19182601971907534
1024 1039 -0.096137595790095
1024 3606 -1.0
1024 3621 0.3037694121816864
1024 3636 -0.35870734636890705
1024 3651 0.3147370995233897
1024 3666 0.14612627612356865
1024 3681 0.4188173305945456
1024 3516 0.2932207316291137
1024 3531 -0.20292900602518305
1024 3545 -0.6931666538553682
1024 3560 0.4566576674576311
1024 3575 -0.17834835638971483
1024 3590 0.0009555377461096297
1025 1040 0.25359821594899434
1025 3786 0.26277040959335457
1025 3801 -0.0392036351348475
1025 3816 -0.04794652473130406
1025 3831 -0.0636066978983049
1025 3846 -0.7694591405169247
1025 3861 0.3080338510792121
1025 3696 0.9798300197872126
1025 3711 0.6129111166236771
1025 3725 -0.1679535432617219
1025 3740 0.16313921986915683
1025 3755 -0.15861895488785024
1025 3770 0.11129671985397532
1038 1039 0.3462072884533992
1038 3426 -0.02728133081514141
1038 3441 0.5743802359530419
1038 3456 0.01510992628714428
1038 3471 0.2890109913427901
1038 3486 -0.3172010087028291
1038 3501 0.595089964340402
1038 3365 0.03264501966203372
1038 3380 0.33996920783263507
1038 3395 -0.6709077754669467
1038 3410 0.2853862554285281
1039 1040 -0.4408596398768672
1039 3606 0.07623953855193029
1039 3621 -0.2581199315663664
1039 3636 0.02825656707986263
1039 3651 0.22268307049572125
1039 3666 -0.1592799861728365
1039 3681 -1.0
1039 3516 -0.7179493977670228
1039 3531 -0.5191418333828719
1039 3545 0.6267609628782735
1039 3560 0.19300151366871082
1039 3575 0.348910364374626
1039 3590 0.7027510237447564
1040 3786 0.5132870200768928
1040 3801 -0.8118209918980174
1040 3816 -0.5978031463344331
1040 3831 -0.378435901644819
1040 3846 0.44573420050933493
1040 3861 0.5324480646566346
1040 3696 0.7692794248333316
1040 3711 -0.6009837531907891
1040 3725 0.026422229984209008
1040 3740 -1.0
1040 3755 0.5703717589466764
1040 3770 0.08976120849418887
1053 1054 0.2150703998664378
1053 1068 0.01771506426281881
1053 3426 -0.10588842316468769
1053 3441 -0.5841241873871564
1053 3456 0.457944938848659
1053 3471 0.039751652334601546
1053 3486 0.3789873292075321
1053 3501 -0.46867600326081743
1053 3366 0.2523168478013758
1053 3381 0.11042495440995084
1053 3396 0.5271972804512302
1053 3411 -0.7131699966681966
1054 1055 -0.09223996547656886
1054 1069 0.3463486091472649
1054 3606 1.0
1054 3621 0.07825463029006888
1054 3636 0.1296841851385362
1054 3651 -1.0
1054 3666 -0.9125021069338447
1054 3681 -0.32411141635392604
1054 3516 -0.06549755213474835
1054 3531 -0.7885670656856991
1054 3546 0.0939213212728578
1054 3561 -0.7478728755052065
1054 3576 0.39638423054818506
1054 3591 -0.4526790127042806
1055 1070 -0.28873432939683097
1055 3786 -0.2000528247366771
1055 3801 -0.5377499542950595
1055 3816 0.0986730486502131
1055 3831 0.0776759540451509
1055 3846 0.5497124928917567
1055 3861 -0.2500113332369687
1055 3696 0.42870012587600065
1055 3711 0.018060961779754556
1055 3726 0.27799666514894084
1055 3741 -0.1713961664970011
1055 3756 0.41267862129936705
1055 3771 0.29391632131202927
1068 1069 -0.09984516743607687
1068 3426 0.2688920409631979
1068 3441 0.3599062908299796
1068 3456 0.03726494427541376
1068 3471 0.2747302053622851
1068 3486 0.35854538107015355
1068 3501 0.20118998719394876
1068 3366 0.79348937567109
1068 3381 -0.49116226362437776
1068 3396 -0.562073246809334
1068 3411 0.46248451722290856
1069 1070 -0.1050813804627287
1069 3606 0.36081070963608197
1069 3621 -0.6015789219425438
1069 3636 -0.4257856771863903
1069 3651 0.1980026417307005
1069 3666 -0.014572274429965547
1069 3681 0.11008918977034597
1069 3516 0.15117967231669144
1069 3531 -0.05665472684377383
1069 3546 0.8583540896474152
1069 3561 -0.11707261656476144
1069 3576 0.9121540509394375
1069 3591 0.8925497839266999
1070 3786 -0.09622413777675716
1070 3801 0.1560621169576104
1070 3816 0.23573587261131082
1070 3831 0.3888973177220361
1070 3846 -0.26372147127999207
1070 3861 0.9531346113618124
1070 3696 -0.17095993354196673
1070 3711 -0.24407903715750562
1070 3726 -0.328517666420611
1070 3741 -0.10666669625148936
1070 3756 -0.16122479191473185
1070 3771 -0.6304602364837962
1083 1084 0.05945374762866555
1083 1098 -0.30721071494031627
1083 3426 0.8957948694788185
1083 3441 -1.0
1083 3366 0.040727804932028544
1083 3381 0.35645974524469026
1083 3396 -1.0
1083 3411 -0.43025505453956575
1084 1085 -0.7165246184609922
1084 1099 0.06122239946699462
1084 3606 0.5720473898641704
1084 3621 0.45074734626326396
1084 3456 -0.03301417717934928
1084 3471 0.7688427848220122
1084 3486 0.6366994593609
1084 3501 -0.11153002956610289
1084 3516 0.3544068223762015
1084 3531 -0.5145935970181232
1084 3546 -1.0
1084 3561 0.9490181832883667
1084 3576 -0.672489267659158
1084 3591 0.6145721264092288
1085 1100 0.716529764258112
1085 3786 0.1543351994952404
1085 3801 -0.5506545638074749
1085 3636 0.7007875523797801
1085 3651 -0.7870235021943724
1085 3666 -0.3651753903552997
1085 3681 0.29544950556240046
1085 3696 -0.2753980229108877
1085 3711 0.25027524262759204
1085 3726 0.38247387221442886
1085 3741 -1.0
1085 3756 0.5592830874583097
1085 3771 -0.10568224968870621
1098 1099 0.8273677759281911
1098 3426 0.07874491368760915
1098 3441 -0.6002098574295948
1098 3366 -0.6767508394756447
1098 3381 0.7209729851001555
1098 3396 -0.2657387447681073
1098 3411 -0.4270154576367356
1099 1100 -0.2547920108181693
1099 3606 0.2771384905891186
1099 3621 -0.3507625727298036
1099 3456 0.8198713372138051
1099 3471 0.15699970155215223
1099 3486 0.6169796760591036
1099 3501 0.04438764597841439
1099 3516 0.7116780819155939
1099 3531 1.0
1099 3546 0.049324938763379705
1099 3561 -0.2964374769390471
1099 3576 0.4178819596903819
1099 3591 -0.5992441098138798
1100 3786 -0.2459430075400291
1100 3801 0.40064515138710355
1100 3636 0.47838478766444775
1100 3651 0.2778775519956796
1100 3666 0.5641829466467803
1100 3681 0.6233588632330118
1100 3696 0.10256100133791186
1100 3711 0.4347087408287267
1100 3726 0.6903784355706517
1100 3741 0.3065423986702416
1100 3756 0.28435979126573424
1100 3771 0.3064655671966852
1113 1114 0.03816026789295747
1113 1128 0.8093628726456078
1113 3426 0.7142212804717698
1113 3441 0.4602011745561377
1113 3366 -0.38471129232528983
1113 3381 0.02276377868624373
1113 3396 0.8068617074982206
1113 3411 -1.0
1114 1115 0.19826953703881653
1114 1129 -0.2217564879578056
1114 3606 0.16243590718014772
1114 3621 -0.5956659292552601
1114 3456 -0.7234389590100039
1114 3471 -0.46870281512055106
1114 3546 -0.9835105200958361
1114 3561 0.059296320870809154
1114 3576 -0.17496539093172295
1114 3591 0.960093521923602
1115 1130 0.7272049027045153
1115 3786 -1.0
1115 3801 -0.15927321143794226
1115 3636 -0.12371916808505229
1115 3651 0.5759447291842273
1115 3726 -0.37450061998610296
1115 3741 0.3045672691742367
1115 3756 -0.4715374403386766
1115 3771 0.1035870306101625
1128 1129 -0.28378140663614015
1128 3426 -0.13314105840015145
1128 3441 -0.8510073732286018
1128 3366 -0.30300599749325396
1128 3381 -0.2622425714586132
1128 3396 0.6384577638656413
1128 3411 -0.39240024551092445
1129 1130 -1.0
1129 3606 -0.3503732096956045
1129 3621 0.42950507327531
1129 3456 0.37500004468994913
1129 3471 -0.1794557157768312
1129 3546 0.6088468221029397
1129 3561 -0.48713187771642713
1129 3576 -0.13052178130744066
1129 3591 0.4047338567032259
1130 3786 -0.3257289360248579
1130 3801 0.5150662995065278
1130 3636 0.6587151837195514
1130 3651 0.5839915395522568
1130 3726 -0.31580171402681817
1130 3741 -0.2062041444715427
1130 3756 0.3168237176075451
1130 3771 -0.448059520815581
3364 3365 -0.22648751799599623
3364 3379 0.00011268741955325736
3365 3366 -0.6643713043539328
3365 3380 -0.27899342344843514
3366 3381 0.030613011520746615
3379 3380 -0.35682644394287294
3380 3381 -0.3384438387026338
3394 3395 0.7111651895090847
3394 3409 -0.5702758540666296
3395 3396 0.34269146392832966
3395 3410 0.09968093295759999
3396 3411 0.22858338096361577
3409 3410 -0.8742234192211024
3410 3411 0.013155146614707926
3424 3425 0.05904288256970229
3424 3439 0.7911169445428969
3425 3426 0.20382755615599452
3425 3440 -0.23362419808252075
3426 3441 0.5832795668234626
3439 3440 1.0
3440 3441 0.04261378062446425
3454 3455 -0.22800335561746105
3454 3469 -0.6692012037375196
3455 3456 -0.24050462950669324
3455 3470 0.2542634383749647
3456 3471 -0.5622709810078912
3469 3470 0.5175925439344337
3470 3471 0.5293735046375294
3484 3485 -0.6340341999876158
3484 3499 -0.255112276463525
3485 3486 0.3809309631329547
3485 3500 0.2886963463603649
3486 3501 -0.23792684908024708
3499 3500 0.170014365060594
3500 3501 -0.2106931950448662
3514 3515 -0.5143546927931456
3514 3529 -0.4455708011812287
3515 3516 1.0
3515 3530 -0.32740915902127865
3516 3531 0.6043462648798055
3529 3530 0.13686116712173282
3530 3531 0.5484606655760731
3544 3545 0.004498657025712785
3544 3559 0.6077722652983821
3545 3546 0.22890927080283283
3545 3560 -0.4190725382305929
3546 3561 -0.3425679565689477
3559 3560 -0.6289681366572148
3560 3561 0.41588668142459606
3574 3575 -0.43103658309280246
3574 3589 0.1289642741424484
3575 3576 -0.6581793666705053
3575 3590 -0.042181146754080065
3576 3591 0.1189957971191148
3589 3590 1.0
3590 3591 0.5979290344256379
3604 3605 -0.00856004099242539
3604 3619 0.05627125458135196
3605 3606 0.2024566849563421
3605 3620 -0.028638260086249177
3606 3621 -0.6443903875876767
3619 3620 0.4667524656438897
3620 3621 -0.7573032427007564
3634 3635 0.31358256001516704
3634 3649 0.8103079042387191
3635 3636 0.22756129230730485
3635 3650 -0.5007909192538421
3636 3651 0.355770688738333
3649 3650 -0.41577842038461515
3650 3651 0.591394217506508
3664 3665 0.2332045201495351
3664 3679 -0.21454635183324797
3665 3666 -0.7329503079277203
3665 3680 0.11324146501816303
3666 3681 0.1663277240096299
3679 3680 0.3010869985452764
3680 3681 0.6105423919462925
3694 3695 -0.4396937740540468
3694 3709 1.0
3695 3696 -0.7865348862463861
3695 3710 -0.0163654377198578
3696 3711 0.03124577929552989
3709 3710 0.5657541489861149
3710 3711 0.6204111782194741
3724 3725 -0.6483978975706588
3724 3739 0.3008184587106369
3725 3726 0.22421278937803377
3725 3740 -0.1813140823597876
3726 3741 0.1587907266303288
3739 3740 -0.014188817105514472
3740 3741 0.5328036242382828
3754 3755 0.5600720737423687
3754 3769 0.3884314846493509
3755 3756 0.030070711819956016
3755 3770 -0.3791945766542606
3756 3771 -0.7094484449107986
3769 3770 0.49907460739537496
3770 3771 -0.07570238579814573
3784 3785 -0.24705307503974339
3784 3799 0.22324307310665825
3785 3786 -0.017891026590065168
3785 3800 0.13920032225146134
3786 3801 1.0
3799 3800 0.010089342830297712
3800 3801 0.6428073606121726
3814 3815 0.10589672981560598
3814 3829 0.21466489550371556
3815 3816 0.6759534407221294
3815 3830 -0.007401203419434639
3816 3831 -0.19895461501565306
3829 3830 -0.7624513172579185
3830 3831 -0.7737263938202604
3844 3845 -0.206880503246709
3844 3859 0.12667906111436936
3845 3846 -0.6219248333460197
3845 3860 0.3954514413320378
3846 3861 0.4442012335580574
3859 3860 -0.13673112487593597
3860 3861 -0.2373194590178235
3874 3875 -0.2800682336181978
3874 3889 -0.17785596709204218
3875 3876 0.08869969120754982
3875 3890 0.4283221115787423
3876 3891 0.8616193202889946
3889 3890 0.6560831089828741
3890 3891 -0.5037085993140628
