# 
603 603 -1.8628229095568505
604 604 1.3022290303682136
605 605 0.8626596454579453
618 618 0.3898174204272964
619 619 0.5808453390970394
620 620 2.0330570370430507
633 633 -0.18657968595446864
634 634 -2.101130946750761
635 635 0.21830375276367084
648 648 0.28874442141355783
649 649 0.22590665380680505
650 650 -1.904991973092357
663 663 2.423362250128174
664 664 -0.045912805858220086
665 665 -1.1462572832412539
678 678 -0.4973077582963701
679 679 1.0843234922990657
680 680 -0.5878800160236515
693 693 -0.7757456133468172
694 694 0.018519349415397637
695 695 0.8704634989461248
708 708 1.5064239815593037
709 709 1.5415727700899198
710 710 0.9148549743579815
723 723 1.1149509500714063
724 724 -0.4713270584540234
725 725 1.3941322665135552
738 738 0.00119199946777374
739 739 -0.06155175791488328
740 740 0.06928324648601886
753 753 -0.9362403361240825
754 754 -1.5322199358898076
755 755 0.36616824331357445
768 768 -1.330581283843255
769 769 -0.3960471958006036
770 770 -1.1097737366945841
783 783 -0.41907037912259304
784 784 -0.536691041235029
785 785 -0.11689175881967356
798 798 1.97019930904245
799 799 -0.5519026721128669
800 800 0.2759003604905328
813 813 -0.9454450679840842
814 814 -0.29723545404893675
815 815 0.6738919756949421
828 828 1.817621375731668
829 829 -2.0846327002022895
830 830 -0.611782246654115
843 843 0.2920752363002889
844 844 0.6725382447706142
845 845 0.6460827025581166
858 858 -1.49194573031938
859 859 0.7006414664688635
860 860 0.648564921273132
873 873 -0.3779538625624161
874 874 0.6295817862725603
875 875 1.4428291571932177
888 888 0.6326919214782561
889 889 -0.5365578268694852
890 890 0.31523240656471857
903 903 -2.9407783526021998
904 904 -0.8014851143841036
905 905 -0.614492857451819
918 918 0.5109043268334893
919 919 0.5641271597735745
920 920 0.5103172399921447
933 933 1.0092607420698696
934 934 0.4979859796936253
935 935 -0.27035263425850814
948 948 -1.2421983633530083
949 949 -0.563891212074037
950 950 -0.1495563277903905
963 963 1.0951102076213048
964 964 0.3040233961008425
965 965 -1.2933239971699595
978 978 -1.6359846633624726
979 979 1.0978034778111325
980 980 0.49094562283650595
993 993 0.6344124457876253
994 994 -2.2054507400396237
995 995 -0.186371835881095
1008 1008 0.31803775628329095
1009 1009 1.4219915791708415
1010 1010 -0.7372616246177515
1023 1023 -0.2835323020829314
1024 1024 0.7292871316782487
1025 1025 -0.38240707945630675
1038 1038 1.0759583507847306
1039 1039 0.26551803097795923
1040 1040 0.3629936928599163
1053 1053 0.44078345931304097
1054 1054 -0.49068171370767816
1055 1055 0.4429737345526158
1068 1068 0.6245839977079392
1069 1069 -0.10108253297568186
1070 1070 -1.705802027225854
1083 1083 -1.2863702300546687
1084 1084 -0.19327353850726706
1085 1085 -0.2505689759745332
1098 1098 -0.7524233576825602
1099 1099 1.0848956601639526
1100 1100 -0.3894232968953552
1113 1113 -0.3119342286965352
1114 1114 -0.19588659263834346
1115 1115 -1.7140924678412754
1128 1128 0.15417323590134133
1129 1129 0.27081067881418985
1130 1130 -0.02926462485023943
3364 3364 0.9474059230191426
3365 3365 0.17691235255867227
3366 3366 0.16966099398669693
3379 3379 0.09273678399756789
3380 3380 2.265124133149938
3381 3381 0.7047024496505894
3394 3394 0.8032888811598635
3395 3395 0.045819877352076835
3396 3396 -1.3342490124498245
3409 3409 0.22601897783562633
3410 3410 -1.1720030086859545
3411 3411 0.4301481177423045
3424 3424 -1.3965067429295026
3425 3425 0.31188329080894034
3426 3426 0.3088264313797787
3439 3439 -0.656193725568738
3440 3440 0.3088745486438582
3441 3441 0.15425058534078953
3454 3454 0.5178953694024094
3455 3455 -2.764283480397174
3456 3456 0.6670250412266868
3469 3469 0.6716936948493073
3470 3470 1.1837899702922237
3471 3471 -0.7067335539825084
3484 3484 -0.5953906386055202
3485 3485 1.7959567401967893
3486 3486 0.4836969814137494
3499 3499 -0.33616819746621185
3500 3500 0.10139519934949695
3501 3501 0.8291128234708913
3514 3514 -0.17812023388489656
3515 3515 0.306557563578794
3516 3516 0.023478416921093512
3529 3529 0.5798710356594151
3530 3530 -0.5931085276028721
3531 3531 1.4346135042628179
3544 3544 -0.41657573806921033
3545 3545 0.19429423043521965
3546 3546 0.34941234066186155
3559 3559 -0.8821134887858838
3560 3560 -2.761590413406762
3561 3561 0.44939591251075517
3574 3574 -1.0059567042595818
3575 3575 0.2130344787632863
3576 3576 1.0329793907906832
3589 3589 0.6284207879321009
3590 3590 0.37647976466991073
3591 3591 -2.1760266355168256
3604 3604 0.3248032065982717
3605 3605 0.2725988683380535
3606 3606 0.7632558071919331
3619 3619 1.0780451120418928
3620 3620 1.5742606782255897
3621 3621 0.5605855810875123
3634 3634 1.1241127280056302
3635 3635 -1.6275717670316265
3636 3636 -1.065201305526334
3649 3649 -1.1700967841407575
3650 3650 -0.21375841304060605
3651 3651 1.6830595567422508
3664 3664 -1.0968212393809538
3665 3665 1.1372117898713876
3666 3666 1.1460850992479037
3679 3679 -1.0376560706220235
3680 3680 -1.2460076946698886
3681 3681 -0.11436426591649741
3694 3694 -0.2549568580213594
3695 3695 0.28317713334564865
3696 3696 0.1457508951492273
3709 3709 -1.185090336055082
3710 3710 0.5183794088683363
3711 3711 -0.4373973658504072
3724 3724 1.103387353733276
3725 3725 1.714920642609612
3726 3726 -1.5471150149524526
3739 3739 -1.598779895361069
3740 3740 0.6064061006079087
3741 3741 0.4491525496803299
3754 3754 3.1539863387508156
3755 3755 -0.7302834143506175
3756 3756 -1.0483739468193622
3769 3769 -0.16453155661936247
3770 3770 0.30293365916520754
3771 3771 -1.1731103467037058
3784 3784 -0.5636625448311627
3785 3785 0.2850487513302633
3786 3786 0.1660444142363952
3799 3799 -1.887623121539092
3800 3800 -0.3631044588766159
3801 3801 0.7858806993097962
3814 3814 1.0206138210920948
3815 3815 1.1983952414773609
3816 3816 0.3699247953046118
3829 3829 -3.1372706000281845
3830 3830 0.29735660781496603
3831 3831 0.09897690585188772
3844 3844 0.2399366947146978
3845 3845 0.8069184489625791
3846 3846 0.4598229498385751
3859 3859 0.433284951928803
3860 3860 -1.6870537572239177
3861 3861 0.34871022800636614
3874 3874 0.5536616166707322
3875 3875 -2.684667865518208
3876 3876 0.09741411582688933
3889 3889 -0.4726549911499014
3890 3890 0.28288395454066584
3891 3891 0.48153635580323045
603 604 1.0
603 618 -0.3016105609491633
603 3484 -0.3511978825619255
603 3499 0.20270164087470915
603 3514 -0.017724561057329807
603 3529 -0.04404056209285805
604 605 0.7926366351142723
604 619 0.020927361808312943
604 3664 0.23323489731518574
604 3679 1.0
604 3694 -0.3958017265671752
604 3709 -0.43954981437291407
605 620 -1.0
605 3844 -0.1015335968267083
605 3859 -0.23562205159680036
605 3874 -0.7562257498111736
605 3889 0.061721708534313455
618 619 -0.055375605179529754
618 3484 0.7065200084281823
618 3499 -0.10461218820912166
618 3514 -0.45247126692867595
618 3529 0.0662650351337747
619 620 -0.03111331947872429
619 3664 0.0672986356752706
619 3679 0.30718341842267344
619 3694 -0.39233023853825116
619 3709 -0.22085984066286762
620 3844 0.47769591258134614
620 3859 -0.5962068122735639
620 3874 0.38373448975841795
620 3889 0.2514725542013583
633 634 -0.15102895413861392
633 648 0.16811666585011417
633 3424 0.7532339850857178
633 3439 0.0759813800601706
633 3454 -0.7707217304938797
633 3469 -0.4314589559037183
633 3484 0.10843545928998877
633 3499 -0.400145019421381
633 3514 0.6390590968352153
633 3529 -0.7625022877989496
634 635 0.089733455364043
634 649 0.4697896590511721
634 3604 -0.1413865214208835
634 3619 0.5618869998776316
634 3634 0.6597464210180127
634 3649 0.6981178745157973
634 3664 -0.09956786138640673
634 3679 -0.05254222525415749
634 3694 -0.6930195075042519
634 3709 0.355075171895878
635 650 -0.6856541372293609
635 3784 -0.2132272228139945
635 3799 -0.37527570502006974
635 3814 -0.19521806482574305
635 3829 0.5097479787432971
635 3844 0.36291778736632896
635 3859 0.10946016644140988
635 3874 -0.10484005685669857
635 3889 -0.007991258671920935
648 649 -0.5380044968260763
648 3424 -0.5205683118043696
648 3439 0.5811238630441173
648 3454 -0.4884208983702502
648 3469 -0.4269475062202641
648 3484 0.2351579229681015
648 3499 0.9297093949779321
648 3514 0.11879694798709073
648 3529 0.09985173223614131
649 650 0.6146162561827279
649 3604 0.8596380014591521
649 3619 -0.4393351894474741
649 3634 -0.24976725498150637
649 3649 0.17576317875828476
649 3664 -0.05040175030394745
649 3679 -0.2575441294476135
649 3694 0.1808078410419878
649 3709 -0.42616136533512333
650 3784 -0.02648988284334621
650 3799 0.022456554278655703
650 3814 0.5526265035195286
650 3829 -0.14376736215883676
650 3844 0.5092428982430601
650 3859 0.06955940955006912
650 3874 -0.46291715180821214
650 3889 0.41059261542205633
663 664 -0.9211816458012166
663 678 -0.25299361932544484
663 3424 0.05185420023661935
663 3439 0.16019667320431102
663 3454 0.476118277995073
663 3469 -0.19379173117693219
663 3484 -0.37114879034450243
663 3499 0.19580467504874544
664 665 0.28265298530143784
664 679 -0.26672248742526106
664 3604 -0.14617917607212566
664 3619 0.882299938605526
664 3634 0.6096208239067946
664 3649 -0.6008528029293821
664 3664 -0.40268431301580543
664 3679 0.9757436536289772
664 3514 0.691822460619068
664 3529 -1.0
665 680 -0.8642124132486849
665 3784 -0.5396973739574722
665 3799 0.37181004866106726
665 3814 -0.11012890903119882
665 3829 -0.2306568014803033
665 3844 -0.23606090464789697
665 3859 -0.6888190374431648
665 3694 0.08970657913625495
665 3709 0.4462482849016258
678 679 0.4658758607197276
678 3424 0.09087845810166474
678 3439 -0.7730844000185074
678 3454 0.35702264089764674
678 3469 -0.023931913019384153
678 3484 0.1710287744078037
678 3499 0.3881308989975423
679 680 0.9976280067497799
679 3604 0.5279053834570822
679 3619 0.8320607876102849
679 3634 0.12582802253142045
679 3649 -0.0007667639458018392
679 3664 -0.5595911764236718
679 3679 0.5132164614773935
679 3514 -0.33720166173252225
679 3529 -0.745747278433274
680 3784 -0.3813675706132721
680 3799 -0.32127220311996446
680 3814 0.5421037002764298
680 3829 0.22731762082386495
680 3844 -0.07763990856448184
680 3859 0.4714938539361208
680 3694 1.0
680 3709 -0.07930880414839789
693 694 -0.0928166974571534
693 708 -0.42574165566330646
693 3424 -0.5499487788096891
693 3439 -0.5788678318346124
693 3454 0.4395997550323271
693 3469 0.3604022998521413
693 3484 -0.3941175733354397
693 3499 0.616384782207623
693 3364 -0.4021933002646476
693 3379 -0.414046344803274
693 3394 0.06297433214454867
693 3409 -0.5975612851436133
694 695 -0.237495818053099
694 709 0.4450531230266504
694 3604 -0.37377838615411413
694 3619 0.4246513838087017
694 3634 0.12807015638666247
694 3649 -0.2627433076654182
694 3664 -0.14957702319994232
694 3679 -0.21448637425039477
694 3514 -1.0
694 3529 -0.1443530048627897
694 3544 -0.1824309033020263
694 3559 -0.9311386356320377
694 3574 -0.08581264488822064
694 3589 0.45770534715187844
695 710 0.244761633159729
695 3784 0.0037498997864223236
695 3799 -0.8307471419838406
695 3814 0.2224058810066678
695 3829 0.4445073339431382
695 3844 0.08626315937228357
695 3859 -0.15520450915575285
695 3694 -0.25935178594452307
695 3709 -0.1992369421642592
695 3724 -0.22684924383477745
695 3739 0.357077456706422
695 3754 -0.8805437946394263
695 3769 -0.6716861532790528
708 709 0.6076812373892276
708 3424 -0.21090325543794589
708 3439 0.2604985961799667
708 3454 0.4020755704717798
708 3469 0.21998650459722852
708 3484 -0.04730185664613915
708 3499 -0.49204138049000956
708 3364 -0.19970280333629423
708 3379 1.0
708 3394 0.40548961149615476
708 3409 0.31804623040071484
709 710 0.12432909296145661
709 3604 0.042187417942594806
709 3619 0.09132025640631669
709 3634 -0.5291092255385346
709 3649 0.3383673345557488
709 3664 0.6673066760747874
709 3679 0.19084681490329605
709 3514 0.2931480897982737
709 3529 -0.10600095994905717
709 3544 0.832030018807116
709 3559 -0.06679688454942939
709 3574 -0.47927852946743515
709 3589 -0.31412846693562874
710 3784 0.8929698980720571
710 3799 0.36377726098415614
710 3814 0.5239483091246472
710 3829 -0.657488177973091
710 3844 -0.06493227227955926
710 3859 0.43221261394299304
710 3694 -0.8136130133534221
710 3709 0.7426871540426477
710 3724 0.023183159637055344
710 3739 -0.7464506168417726
710 3754 0.3689274034223746
710 3769 -0.05878000197791767
723 724 -0.20381746267560294
723 738 -0.6885932309997316
723 3424 0.287090410826085
723 3439 0.4619426539787688
723 3364 0.24988776658089126
723 3379 -0.9145123006014996
723 3394 -0.7528327203641165
723 3409 -0.05175019487357125
724 725 0.7309723464807965
724 739 0.010598355239196843
724 3604 0.19527712254965018
724 3619 -0.34031786817149967
724 3454 0.20387567093974474
724 3469 0.5751905223432225
724 3484 -0.8640587755176141
724 3499 -0.13682634719380762
724 3514 -0.1971728117575139
724 3529 0.22154525445415704
724 3544 0.27324959023745404
724 3559 -0.4858526246727365
724 3574 -0.15889317641140502
724 3589 0.7556482554423543
725 740 -0.35856414580006074
725 3784 0.16715043413563088
725 3799 0.6256752846274191
725 3634 0.8625322990625696
725 3649 -0.19952263667726802
725 3664 -0.2538557729198643
725 3679 0.6741896128045696
725 3694 0.22365667489487132
725 3709 0.46497220719799714
725 3724 0.1283502470233076
725 3739 0.203085757200026
725 3754 0.09472456761974142
725 3769 0.3050382927329722
738 739 0.019744526927074783
738 3424 0.193611986523893
738 3439 0.5202424779304236
738 3364 -0.29376716149266136
738 3379 -1.0
738 3394 0.10625613095864402
738 3409 0.4956501441532622
739 740 0.1800717747188486
739 3604 0.08500349373358325
739 3619 -0.5168682566255934
739 3454 -0.535653031556405
739 3469 0.17913197822333288
739 3484 -0.2466728724397979
739 3499 -0.4683676479410586
739 3514 -0.5508451509173725
739 3529 0.06345009249427547
739 3544 0.19600016577069876
739 3559 -0.07797904923657929
739 3574 0.20839676634139728
739 3589 -0.1335734807721105
740 3784 0.6773352682201668
740 3799 1.0
740 3634 0.18825467692644487
740 3649 0.4194579585539782
740 3664 0.7111670203705407
740 3679 -0.6873983085426607
740 3694 0.7797977252339189
740 3709 0.778835252120955
740 3724 -0.03329692659041212
740 3739 -0.29913974316419434
740 3754 -0.6422571627542629
740 3769 0.7922313903525398
753 754 -0.25398616368248544
753 768 -0.7454769545423177
753 3424 -0.34856428614305146
753 3439 -0.3135888158602554
753 3364 -0.4312609976721765
753 3379 -0.87544707931581
753 3394 -0.9621394713105872
753 3409 -0.23046126030072456
754 755 0.9364634962779297
754 769 -0.6192270096864629
754 3604 0.5338692084105933
754 3619 -0.4089800800130446
754 3454 -0.09859060046081504
754 3469 0.13253393058540006
754 3485 -0.27636752632684125
754 3500 0.015477418916086127
754 3515 -0.16631293766340116
754 3530 -0.41306345807325384
754 3544 0.10065420035041778
754 3559 -0.5568616334448218
754 3574 0.27584990764051404
754 3589 -0.16586373796703502
755 770 0.34791828218313
755 3784 -0.5465137149815786
755 3799 -0.13728985704133773
755 3634 0.06688591883958557
755 3649 -0.17626973821435044
755 3665 0.0050438140582705245
755 3680 0.5196627701371959
755 3695 -0.005842164711137519
755 3710 -1.0
755 3724 -0.09663978753650343
755 3739 0.07873798551429075
755 3754 -0.05289523845119855
755 3769 0.3058015258204346
768 769 0.9455224066888092
768 3424 0.7383525339743936
768 3439 -0.7918590798944889
768 3364 1.0
768 3379 -0.8264377341514688
768 3394 0.09500732282795876
768 3409 -0.5459290818327612
769 770 -0.5998099232290001
769 3604 -0.286469929330127
769 3619 0.5936986368724498
769 3454 -0.21835323614984686
769 3469 0.1719903014104775
769 3485 0.11784448353124136
769 3500 -0.32250080223173105
769 3515 0.4712561570148309
769 3530 -0.049775269187608495
769 3544 -0.7341252092576696
769 3559 0.5397344255195359
769 3574 0.519680260383553
769 3589 -0.012053318136553429
770 3784 -0.12222699917340975
770 3799 -0.22290732950506056
770 3634 -0.08598943179787576
770 3649 -0.3522873703048183
770 3665 -0.044161604173823914
770 3680 -0.6813290071248275
770 3695 -0.010679625207903692
770 3710 -0.7972515221510971
770 3724 -0.3910197828686616
770 3739 1.0
770 3754 -0.7895203993647771
770 3769 -0.5449818443022449
783 784 0.1936453676548933
783 798 0.18463136033552285
783 3424 0.3237609312111302
783 3439 -0.7775718428027444
783 3454 0.08913252129073161
783 3469 -0.5265001029369384
783 3485 -0.13408170942663042
783 3500 -0.17655670990858222
783 3515 -0.20906611131334935
783 3530 0.08779111687275065
783 3544 0.8026581928361158
783 3559 -0.11702345941367438
783 3394 -0.5220329301817924
783 3409 -0.36881847729367623
784 785 -0.1536274090016655
784 799 -0.6805936077058921
784 3604 -0.7088140019628776
784 3619 0.18978717500807402
784 3634 -0.0987032403937596
784 3649 0.34119376493652276
784 3665 0.2625907067207981
784 3680 -0.27775723703404787
784 3695 0.6231828154113819
784 3710 -0.26417866749331975
784 3724 0.5498519988662743
784 3739 -0.9176562955899027
784 3574 0.029440292672131076
784 3589 0.523462501994729
785 800 0.6913643273651271
785 3784 0.030548404754660283
785 3799 -0.01618701573935518
785 3814 -0.03827490546579936
785 3829 0.027841078806415585
785 3845 0.3155977404027417
785 3860 -0.3456753921702222
785 3875 0.5104969069702711
785 3890 0.07277489540547731
785 3754 0.32228262092883564
785 3769 0.8788571428585013
798 799 -0.41748368794162516
798 3424 0.49270395957828356
798 3439 -0.8683585790477164
798 3454 0.43858961844779915
798 3469 0.10455218894663876
798 3485 0.3690255993722803
798 3500 -0.2799316607929162
798 3515 -0.3919608051216076
798 3530 -0.030681516528086678
798 3544 0.7641859330061312
798 3559 -0.12739199255309294
798 3394 0.10774809055748363
798 3409 -0.13548501443411326
799 800 0.5497372569930047
799 3604 0.09423682200064516
799 3619 0.40057718125677805
799 3634 0.6833892032776536
799 3649 -0.13762906560655316
799 3665 0.17748149797485555
799 3680 0.706349800940953
799 3695 -0.2684989384568188
799 3710 -0.3046786586508287
799 3724 1.0
799 3739 -1.0
799 3574 0.1485857486466874
799 3589 -1.0
800 3784 0.47967440065384337
800 3799 0.14338078151450598
800 3814 -1.0
800 3829 0.4193535260719126
800 3845 -0.20900249666548362
800 3860 -0.4865584669538895
800 3875 -0.6238627267156781
800 3890 -0.7478689874254012
800 3754 0.04883877573727001
800 3769 -0.3178179313645508
813 814 0.09474248782153576
813 828 0.6461511622824218
813 3425 0.4293769503786185
813 3440 0.20194596463917497
813 3455 -0.48660337584986874
813 3470 0.0894792572426722
813 3485 -0.5744081311089914
813 3500 -0.4061867143761972
813 3515 0.1619637438511673
813 3530 -1.0
813 3544 0.1486759923029905
813 3559 0.1524452538054117
813 3394 -0.41201064902582796
813 3409 0.32897202427826744
814 815 0.4137712220729551
814 829 -0.12388536028102143
814 3605 -0.7574176545119907
814 3620 -0.35115695977114575
814 3635 -0.3363886434414542
814 3650 0.4759753216398367
814 3665 0.1064999635784236
814 3680 1.0
814 3695 0.463842407072133
814 3710 0.25003864998324526
814 3724 0.15871067873270273
814 3739 -0.7751859310894982
814 3574 0.11977860371434368
814 3589 -0.21354355852383786
815 830 0.9499322061712654
815 3785 -0.378112797175475
815 3800 0.17526688157312337
815 3815 -0.22083027357899226
815 3830 0.007940316181790714
815 3845 -0.2665916129389287
815 3860 0.021180236621919226
815 3875 -0.5824234427972375
815 3890 0.17909170066670174
815 3754 0.2134635873949548
815 3769 1.0
828 829 0.17174900065637463
828 3425 -0.11475619652868697
828 3440 -0.007935785754466847
828 3455 0.4028314270280725
828 3470 -0.3979968230265489
828 3485 0.5299951759812355
828 3500 0.529501532941452
828 3515 -1.0
828 3530 0.8764586525787166
828 3544 -0.20210712036968362
828 3559 0.03157645365663584
828 3394 -0.25608018415654304
828 3409 -0.34836279268774545
829 830 0.2988168170181926
829 3605 0.6618302961915469
829 3620 0.09770921545900912
829 3635 0.28352635353036443
829 3650 -0.2408025361398434
829 3665 -1.0
829 3680 -1.0
829 3695 0.0723407183716156
829 3710 -0.9983651607414186
829 3724 -0.7383377216898435
829 3739 -0.015741483137274758
829 3574 0.018911622948599216
829 3589 -0.2557574810705587
830 3785 -0.39762178881340604
830 3800 -1.0
830 3815 -0.29443965382625076
830 3830 -0.02271043483856806
830 3845 -0.990057390519628
830 3860 0.10412748730527543
830 3875 0.8193333759541774
830 3890 0.22558363943696813
830 3754 -0.42736465240559063
830 3769 -0.4250086028017999
843 844 -0.8568335013196171
843 858 0.09613853008057881
843 3425 -0.6610531245278689
843 3440 0.5792067537735919
843 3455 0.2089504483360934
843 3470 0.04481409830142664
843 3485 0.30963135804035996
843 3500 -0.7395670505463339
843 3364 -0.030691126429055766
843 3379 0.38877104717398264
843 3394 0.024449704747494957
843 3409 -0.42646980894590597
844 845 0.6511746627122644
844 859 -0.25822508021410423
844 3605 0.8367507103626033
844 3620 0.02945409535259132
844 3635 -0.04668749589042406
844 3650 -0.9900790019324728
844 3665 -0.059648021737328874
844 3680 -0.22190159514575658
844 3515 0.12779637566796495
844 3530 -0.0896229843308531
844 3544 -0.2651298040460268
844 3559 0.4729781676347841
844 3574 -0.3038943230499565
844 3589 -0.39675175835307636
845 860 0.9715355753578581
845 3785 0.33130142618665337
845 3800 -0.9894410268626725
845 3815 0.9078796067108138
845 3830 0.05789301644437652
845 3845 0.4611427195459553
845 3860 0.5794312553568526
845 3695 0.39201244298801496
845 3710 -0.17874839782645655
845 3724 -0.17286037049079792
845 3739 -0.37489307694172674
845 3754 -0.13890588135369197
845 3769 -0.30869906139693604
858 859 0.039764176717158366
858 3425 0.2662577307135339
858 3440 -0.45841400676886795
858 3455 0.44589128102217196
858 3470 -0.04187280781801956
858 3485 -0.3866642158990415
858 3500 0.010308930358508873
858 3364 0.5510948197792813
858 3379 -0.20247553437173813
858 3394 1.0
858 3409 -0.1982719999821824
859 860 0.7433255711900864
859 3605 -0.3705088226713579
859 3620 0.22272623864071509
859 3635 0.7300693472723552
859 3650 -0.5432606850494655
859 3665 0.33456835117430206
859 3680 0.6904437450520083
859 3515 -0.7799152197271931
859 3530 -0.5617767948753087
859 3544 0.2910523121403255
859 3559 0.2534238626202346
859 3574 -0.02443887757843423
859 3589 -0.057859571405752784
860 3785 -0.2219155219176379
860 3800 -0.7653852819638746
860 3815 0.2887230257752124
860 3830 0.6841636432268442
860 3845 -0.30207993576371844
860 3860 0.1056036963974981
860 3695 -0.48548575736657124
860 3710 -1.0
860 3724 -0.7328127983739553
860 3739 0.8113354985560429
860 3754 -0.8107343241621419
860 3769 0.25572825995556525
873 874 0.39427307011255447
873 888 -0.12412255963408866
873 3425 -0.01772106083723251
873 3440 0.023757402809534395
873 3455 -0.25770607118227845
873 3470 -0.02898283630980604
873 3485 -0.47740437782661266
873 3500 0.7831437096550452
873 3365 0.5265440625714889
873 3380 0.0016202887070841632
873 3395 -0.13539029022602916
873 3410 0.029496419843616263
874 875 0.584181176599737
874 889 -0.35288903609981637
874 3605 -0.3938354295546325
874 3620 0.713394412570932
874 3635 0.4177237896607948
874 3650 -0.024898751490948286
874 3665 0.5979596019429599
874 3680 -0.05914913315009763
874 3515 -0.16670619435136122
874 3530 -0.10552320149238698
874 3545 0.7293213416225186
874 3560 1.0
874 3575 0.08410292159853365
874 3590 0.835864838828915
875 890 -0.0018721406002401462
875 3785 -0.9807284071331801
875 3800 -0.029134325294392624
875 3815 0.15297263208397946
875 3830 0.29199872724126785
875 3845 -0.5775767118704056
875 3860 0.4340685498272014
875 3695 -0.6082499135368382
875 3710 0.7871776463670778
875 3725 0.32834470231100477
875 3740 -1.0
875 3755 -0.19738375537086433
875 3770 0.2624541307640394
888 889 0.2606589765085372
888 3425 -0.28235611699915003
888 3440 -0.07132431880621205
888 3455 -0.0168340527249218
888 3470 -0.4625926904845395
888 3485 -0.13298129270683384
888 3500 0.4079363748162571
888 3365 -1.0
888 3380 -0.48015673229743533
888 3395 0.15428852280232738
888 3410 -0.5364441417024457
889 890 0.3686995441022873
889 3605 -0.5400893882112051
889 3620 -1.0
889 3635 -0.027842132204193428
889 3650 -0.09227227829686283
889 3665 -0.6262714224206333
889 3680 0.38015527710380226
889 3515 0.12310724997000651
889 3530 0.35324136052619265
889 3545 0.3110937980411691
889 3560 0.3460663250620253
889 3575 0.5145290357413036
889 3590 -0.2562412519517546
890 3785 0.011017147731074872
890 3800 0.31808625491954895
890 3815 0.13483982226502159
890 3830 -0.8540192213397088
890 3845 -0.7030731177118388
890 3860 -0.19633571516856602
890 3695 -0.6051242159767795
890 3710 0.09109998849113289
890 3725 -0.2251193346898511
890 3740 0.2697896382007904
890 3755 0.4979388296841198
890 3770 -0.2710321875510899
903 904 0.989107924079088
903 918 -0.17301129944661284
903 3425 0.742979624937256
903 3440 -0.332003909385535
903 3365 -0.37171446416192255
903 3380 -0.09276958604282207
903 3395 -0.28180912841288813
903 3410 -0.12255909988643844
904 905 0.1728330855705013
904 919 -0.023941422806025767
904 3605 0.6565317555454947
904 3620 -0.7871256765592353
904 3455 -0.6189974521271855
904 3470 -0.13280232914617873
904 3485 0.6358500756127013
904 3500 -0.7981387029854237
904 3515 0.5895229311241748
904 3530 -0.40245002402376084
904 3545 -0.5364722726408052
904 3560 -0.016141836068434088
904 3575 -0.4729968415119401
904 3590 -0.09195330347268384
905 920 -0.783672576551262
905 3785 0.6801933577675457
905 3800 -0.84581932873862
905 3635 0.8793882888427813
905 3650 0.0692726170846909
905 3665 -0.37108453833545235
905 3680 0.5419847617588432
905 3695 -0.17813672383695375
905 3710 0.5203312718328608
905 3725 -1.0
905 3740 0.5813700593050164
905 3755 -0.6184278705759931
905 3770 -0.20005664569594472
918 919 0.48481910329309863
918 3425 -0.1495008588500671
918 3440 -0.3163605541889771
918 3365 -0.03049589860658349
918 3380 -0.6766575268457707
918 3395 -0.42103430818120724
918 3410 -0.5280927260542041
919 920 -0.004134470875510612
919 3605 -0.899422179318466
919 3620 0.17135006735107033
919 3455 -0.012321448969294777
919 3470 0.4121712323368055
919 3485 0.9702055530766729
919 3500 1.0
919 3515 0.07434749383809644
919 3530 -0.4645971883394975
919 3545 -0.18038608167102552
919 3560 -0.6533355680705464
919 3575 0.8007621591307408
919 3590 -0.1344430256048766
920 3785 -0.6423170196841473
920 3800 -0.9592275655268998
920 3635 -0.11323920153292082
920 3650 -0.4395248283555876
920 3665 0.8471794753591031
920 3680 -0.40193697322048955
920 3695 0.10995096744753821
920 3710 -0.5480809320328641
920 3725 0.04554277850614314
920 3740 -0.29862223246946773
920 3755 -0.26586149411021104
920 3770 0.28308277140491245
933 934 0.10976160865678478
933 948 0.39628089718194154
933 3425 0.4382000242897228
933 3440 1.0
933 3365 -0.07568938099142626
933 3380 0.5195356231211387
933 3395 0.2574363918881691
933 3410 -0.01873095279938015
934 935 0.2768977132428981
934 949 -0.237291094577188
934 3605 -0.28018714665623057
934 3620 0.45768187501718993
934 3455 -0.08405361049549918
934 3470 0.3303949303434627
934 3486 0.3158528012433697
934 3501 0.1479289191909687
934 3516 -0.2751123425493965
934 3531 0.7468165568984487
934 3545 -0.15208856111188435
934 3560 0.5877619470593267
934 3575 -0.03664943390174235
934 3590 -0.19243024970998035
935 950 0.038245630050486756
935 3785 0.20651500822835298
935 3800 -1.0
935 3635 -0.24349798865409467
935 3650 0.535759824708146
935 3666 0.1929973072940231
935 3681 -0.8439204548921244
935 3696 -0.38499467605474197
935 3711 -0.7761037341310552
935 3725 -0.05221049951852108
935 3740 -0.10900762428549884
935 3755 0.26453585410229163
935 3770 -0.27599517026137416
948 949 0.3111048449216424
948 3425 -0.4490575403088983
948 3440 0.4334519730977385
948 3365 0.5829580764387707
948 3380 -0.17415625106384505
948 3395 0.2536478967648465
948 3410 0.723212399006059
949 950 -0.16469834506712
949 3605 0.61463101993585
949 3620 -0.08778028180366694
949 3455 -0.19186113229095703
949 3470 -0.457180273738064
949 3486 0.0696805051142785
949 3501 -0.35407536363462966
949 3516 -0.04388707488583513
949 3531 -0.2520980874000976
949 3545 0.24148434906250194
949 3560 -1.0
949 3575 -0.7729006869274636
949 3590 0.5611341724413635
950 3785 0.344346051458958
950 3800 -0.009396436835244439
950 3635 -0.4747233208290848
950 3650 -0.4229544479545197
950 3666 0.4588980810082206
950 3681 -0.4331278663931911
950 3696 -0.6394800732292023
950 3711 -0.9161311704656568
950 3725 0.4260132776381612
950 3740 0.10489937745955114
950 3755 -0.5635177534928928
950 3770 -0.6203001954283912
963 964 -0.22908475029845735
963 978 0.9884473795758439
963 3425 0.18339618839461588
963 3440 0.08003189145962426
963 3455 0.3495841282709742
963 3470 0.041746995694932586
963 3486 0.42124378994049394
963 3501 0.5561223913441639
963 3516 -0.5914974404742881
963 3531 0.3255179206055108
963 3545 -0.40681088818635286
963 3560 0.39011799261566266
963 3395 -0.7474608943782548
963 3410 0.11682042462678875
964 965 -0.6397774358249185
964 979 0.9636490052389496
964 3605 -0.05463140972074984
964 3620 -0.38729169410086794
964 3635 0.7439033530543794
964 3650 0.5906089695737815
964 3666 0.48598196837947816
964 3681 0.45127724117775075
964 3696 -0.09793617884466037
964 3711 0.35592678247639553
964 3725 -0.5570174653315625
964 3740 -0.35753609076136855
964 3575 -0.038141571564340365
964 3590 -0.1367705016162554
965 980 0.6527063978727871
965 3785 -0.46696476828080236
965 3800 -0.07704771806416875
965 3815 -0.22614058891043723
965 3830 0.013384370221882698
965 3846 0.3550915757149576
965 3861 0.614950295302657
965 3876 0.800277854246191
965 3891 -0.42855475372084917
965 3755 -0.42917755483331693
965 3770 -0.0916673365441541
978 979 -0.7643646368849637
978 3425 -0.3927180811428916
978 3440 -0.3035406493527937
978 3455 -0.4482493213447485
978 3470 0.5418936949681934
978 3486 -0.3129148643169269
978 3501 0.03575062220344316
978 3516 0.4925483489664628
978 3531 0.0904543493177009
978 3545 0.1740672448949768
978 3560 -0.37920478469542973
978 3395 0.2746515393141628
978 3410 -0.23321283295738612
979 980 1.0
979 3605 0.27521338744856205
979 3620 0.2726262270397023
979 3635 0.3837689548032391
979 3650 0.20476668964157826
979 3666 -0.938637720138351
979 3681 0.08914544574644376
979 3696 0.3619038937875507
979 3711 -0.06486260466053755
979 3725 0.3776687015436748
979 3740 0.1854118995409723
979 3575 -0.07129915483266745
979 3590 -0.406304143856643
980 3785 0.756417312162225
980 3800 -0.5725201446719965
980 3815 -0.057464409282666294
980 3830 -0.23429064777185768
980 3846 -0.22898193981984588
980 3861 -0.3965991060999334
980 3876 -0.34831493176429257
980 3891 -0.33860557982314526
980 3755 -0.6401582232487473
980 3770 -0.029477404205160013
993 994 0.364053973207779
993 1008 0.30862519315117254
993 3426 0.11097006552336827
993 3441 -0.06446266204091751
993 3456 -0.035455475665496713
993 3471 0.2562792742421467
993 3486 0.6235222299463233
993 3501 0.22423448146275904
993 3516 0.9167501599539318
993 3531 0.3006629857189191
993 3545 -0.45244024158417556
993 3560 -0.8195589457654858
993 3395 -0.774788700647309
993 3410 0.6697330572742289
994 995 -0.725531612674521
994 1009 0.21476560422034538
994 3606 0.35247824840481107
994 3621 -0.07380190136054486
994 3636 0.7812225458520322
994 3651 -0.5479878172741576
994 3666 -0.11531731411679919
994 3681 -0.2789944945598238
994 3696 -0.3593320920774156
994 3711 0.6412253619816145
994 3725 0.24824267980582573
994 3740 0.209680484342051
994 3575 -0.3489445295922971
994 3590 -0.3293715206516157
995 1010 0.4114715808674449
995 3786 -0.09516064203108475
995 3801 0.3320853844060934
995 3816 -0.26797166276707224
995 3831 -1.0
995 3846 0.008877121237348205
995 3861 0.09534516049733587
995 3876 -0.17827044194309416
995 3891 -0.15927219409787494
995 3755 -0.08620136554252834
995 3770 -0.09827351362112359
1008 1009 0.06517757680672216
1008 3426 0.5236845739213335
1008 3441 0.236543349041009
1008 3456 -0.13021692956367514
1008 3471 0.4886660514308972
1008 3486 -0.1380522950488516
1008 3501 -0.4587252635845988
1008 3516 -0.7503081825878746
1008 3531 -1.0
1008 3545 -0.01638110162668059
1008 3560 0.28801424702581374
1008 3395 -0.05236335488009396
1008 3410 0.3346107399016613
1009 1010 0.8376117037561837
1009 3606 -0.7732266469527922
1009 3621 0.3177548649963507
1009 3636 -0.17407381050771417
1009 3651 0.086169042633062
1009 3666 -0.5352602456099511
1009 3681 -0.16176079335966592
1009 3696 0.08066024428023565
1009 3711 -0.44934511220524614
1009 3725 0.0055219658911659555
1009 3740 0.7464907300552247
1009 3575 0.19633740765509747
1009 3590 -0.011824998220893097
1010 3786 0.09287209436660711
1010 3801 -0.1295556541802468
1010 3816 0.5949149243093761
1010 3831 -0.08966012397182076
1010 3846 -0.014477898236861887
1010 3861 0.4551243677525361
1010 3876 0.3426894184119814
1010 3891 1.0
1010 3755 0.1410874048118368
1010 3770 -0.16563764218087776
1023 1024 0.05183071793417688
1023 1038 -0.36812506932980615
1023 3426 0.17580689195703492
1023 3441 0.9051322243185975
1023 3456 0.6043565326498577
1023 3471 0.5618978848488382
1023 3486 -0.13966108680701653
1023 3501 0.5946140544457831
1023 3365 0.09978442928548184
1023 3380 -0.12174514851906461
1023 3395 -0.6351590724200453
1023 3410 -0.19670104258259402
1024 1025 -1.0
1024 1039 -0.4679658889281595
1024 3606 0.09311253088126972
1024 3621 -0.15966831601407247
1024 3636 0.08145620854833793
1024 3651 -0.29345483696803154
1024 3666 -0.4986931516527726
1024 3681 0.0767151349505129
1024 3516 -0.0811835224258229
1024 3531 0.3812507409636476
1024 3545 0.022720784443960678
1024 3560 0.04333945608589479
1024 3575 0.029385882673856556
1024 3590 0.36662251369504717
1025 1040 -0.08631152326104528
1025 3786 -0.17510230815948172
1025 3801 -0.043195700828982254
1025 3816 -0.16107120550651136
1025 3831 -0.3935787956730249
1025 3846 -0.824141731640105
1025 3861 -0.5347427487767965
1025 3696 -0.1740016669730735
1025 3711 -0.10993169496848548
1025 3725 -0.046020182948118535
1025 3740 -0.012155978028652686
1025 3755 -0.3070802236861087
1025 3770 0.1288803099381106
1038 1039 0.005710311277777687
1038 3426 -0.10611641358773276
1038 3441 0.5648938979196808
1038 3456 -0.3303255640223865
1038 3471 -1.0
1038 3486 -0.24287585302396222
1038 3501 -0.35816892632612063
1038 3365 0.23957245846512382
1038 3380 -0.7981418385003122
1038 3395 0.5488082357647187
1038 3410 0.42189001840594237
1039 1040 -0.4346658457964545
1039 3606 0.004794281593590287
1039 3621 0.6427592033621671
1039 3636 0.39891163489748355
1039 3651 0.5380563034522663
1039 3666 0.1570262401490794
1039 3681 0.27973340471935976
1039 3516 -0.16903397261921863
1039 3531 0.42686662699639677
1039 3545 -0.2263358675212032
1039 3560 -0.3670479509987889
1039 3575 0.28223548897897777
1039 3590 0.050428057173226674
1040 3786 0.14201693894055417
1040 3801 0.5039686447701877
1040 3816 0.375497337560571
1040 3831 -0.291447323142238
1040 3846 0.2913759298895423
1040 3861 0.056694627610461734
1040 3696 -0.4962590206848681
1040 3711 -0.10400464340671696
1040 3725 -0.6188690281821337
1040 3740 -0.40555025032729136
1040 3755 0.13364790668641247
1040 3770 -0.2567490772975832
1053 1054 -0.12443803752889222
1053 1068 -0.47431240839851263
1053 3426 -0.2703496089758064
1053 3441 1.0
1053 3456 -0.20245809592510314
1053 3471 -1.0
1053 3486 0.38738977776549055
1053 3501 -1.0
1053 3366 -0.19415116052080708
1053 3381 -0.32007059279788547
1053 3396 -0.34981445139835915
1053 3411 -0.6187858131437237
1054 1055 0.187461373770569
1054 1069 -0.05721393228126393
1054 3606 0.6526096747023612
1054 3621 -0.13941927607836294
1054 3636 1.0
1054 3651 0.796229927297139
1054 3666 0.4094709904189424
1054 3681 0.09922277945312924
1054 3516 1.0
1054 3531 0.31972391583965165
1054 3546 -0.3338692979879041
1054 3561 0.09385811305476724
1054 3576 -0.17731032135730374
1054 3591 0.9402268339428489
1055 1070 -0.25772445817088724
1055 3786 -0.09261716735185253
1055 3801 0.3784741319163258
1055 3816 -0.16345328438594725
1055 3831 0.5625676272884726
1055 3846 0.5480978145479156
1055 3861 -0.01444157349398303
1055 3696 0.27864996105605166
1055 3711 0.23797079467985086
1055 3726 0.16874036225160094
1055 3741 0.035390367526911756
1055 3756 0.4761532800405255
1055 3771 -0.2539676299868677
1068 1069 0.1973250120269401
1068 3426 -0.5278546664663533
1068 3441 0.8666928973563411
1068 3456 0.5513826379865504
1068 3471 0.1824787665759235
1068 3486 0.3294786670099622
1068 3501 -0.03204224542666545
1068 3366 -0.4279876994572353
1068 3381 0.2743579113222926
1068 3396 0.06585727565977391
1068 3411 0.4589059407455455
1069 1070 -0.3816195924173433
1069 3606 -0.05886732527506937
1069 3621 -0.5190568897827469
1069 3636 0.862659605640087
1069 3651 0.5370052820745441
1069 3666 -0.38681784523016927
1069 3681 -0.04622549678295467
1069 3516 0.4808091742801502
1069 3531 0.40721753565428703
1069 3546 1.0
1069 3561 0.2559212203830134
1069 3576 -0.7178982736146255
1069 3591 0.30258181498028625
1070 3786 -0.3664757115726041
1070 3801 -0.5316664324428749
1070 3816 0.8756976574248891
1070 3831 0.3181133696214902
1070 3846 -0.4642842226486846
1070 3861 0.2731065234687893
1070 3696 -0.2559962448516231
1070 3711 0.16171136245314285
1070 3726 0.8107465348875612
1070 3741 0.11523391362911854
1070 3756 0.2850712650043076
1070 3771 0.06380372014593391
1083 1084 0.47123347605491955
1083 1098 0.06299494922401083
1083 3426 0.22900492541526307
1083 3441 -1.0
1083 3366 -0.59689496503024
1083 3381 -0.7049790081870788
1083 3396 0.18428669066638184
1083 3411 0.48071117260043744
1084 1085 -0.6546687654169572
1084 1099 -0.5723354826861569
1084 3606 -0.12328576675561599
1084 3621 0.41464527051182826
1084 3456 0.5665269941999972
1084 3471 0.5143570134033321
1084 3486 0.14268495254632016
1084 3501 0.08828188138005319
1084 3516 -0.38457443658512785
1084 3531 1.0
1084 3546 -0.04059679078106133
1084 3561 -0.1351382638503563
1084 3576 0.6251458364453616
1084 3591 -0.6579505632795009
1085 1100 0.18714693527532297
1085 3786 0.027574864753343035
1085 3801 -0.29064872318821555
1085 3636 -0.18069842972781333
1085 3651 0.7922467882706907
1085 3666 0.18490887003803372
1085 3681 -0.22783622794093822
1085 3696 0.6009204287882706
1085 3711 -0.3994859588952522
1085 3726 -0.3810999681331168
1085 3741 -0.12278380589269118
1085 3756 -0.1905414626559474
1085 3771 0.8984184324985364
1098 1099 -0.03875833583829702
1098 3426 0.09061249308987904
1098 3441 0.061892629039311045
1098 3366 -0.5296346460553502
1098 3381 0.3377078208424507
1098 3396 -0.745204599895252
1098 3411 -0.19631252334211322
1099 1100 -0.2394793745426603
1099 3606 0.12010070708882611
1099 3621 -0.2604959190443366
1099 3456 0.521164224417281
1099 3471 1.0
1099 3486 -0.20878727021033927
1099 3501 0.08042371082191277
1099 3516 -0.2628746047956075
1099 3531 -0.3218153548547163
1099 3546 -1.0
1099 3561 -1.0
1099 3576 -0.13699168186400673
1099 3591 0.2213550235804113
1100 3786 -0.5288246992332201
1100 3801 -0.5860485137480802
1100 3636 -0.056077187369877185
1100 3651 0.09788965802422463
1100 3666 0.34520248362637485
1100 3681 -0.02114398217415858
1100 3696 -0.0654439732165194
1100 3711 0.5646194502361018
1100 3726 0.8138407252506352
1100 3741 -0.37284956414793596
1100 3756 -0.3376480230870658
1100 3771 -0.5401571448249476
1113 1114 -0.8849990367365036
1113 1128 0.22358975427599256
1113 3426 -0.8216957799136703
1113 3441 0.10719043562876177
1113 3366 -0.06276990656434724
1113 3381 -0.4517429541160856
1113 3396 -0.06688973443532949
1113 3411 -0.548986929962546
1114 1115 0.802080961039541
1114 1129 -0.1699368328171874
1114 3606 0.5314296327098067
1114 3621 -0.4330992157339864
1114 3456 -0.27685753187406337
1114 3471 -0.3900505705498
1114 3546 0.4152323712572157
1114 3561 0.15215406128041564
1114 3576 0.1595561538957281
1114 3591 -0.935153424290266
1115 1130 -0.041202333457478785
1115 3786 -0.7452110655720174
1115 3801 -0.1051515318581065
1115 3636 0.4467079609029517
1115 3651 0.01913319719820213
1115 3726 1.0
1115 3741 -0.11373665659058828
1115 3756 -0.1165611374793197
1115 3771 0.2734208249851522
1128 1129 -0.10930945275775487
1128 3426 1.0
1128 3441 -0.6833910086263935
1128 3366 0.010338846427326548
1128 3381 0.6057338575695698
1128 3396 -0.0896540799807187
1128 3411 -0.2144538045178919
1129 1130 -0.3254463674921465
1129 3606 -0.45550647917432197
1129 3621 0.016462817233888462
1129 3456 0.046295733920417755
1129 3471 0.6682626868432685
1129 3546 0.6857769853059297
1129 3561 0.4456338819305999
1129 3576 -0.9825207971538085
1129 3591 0.5870762223661738
1130 3786 0.42466383407420977
1130 3801 0.16386962396230648
1130 3636 -0.6283630434323192
1130 3651 -0.40102477813285653
1130 3726 0.11172514078570207
1130 3741 0.5425963890506711
1130 3756 -0.06012890444234859
1130 3771 0.1430779759231194
3364 3365 -0.9143876017039999
3364 3379 0.8121512803746629
3365 3366 0.19497890271814844
3365 3380 -0.8379815286267734
3366 3381 0.1019002763225252
3379 3380 0.5474038856994604
3380 3381 -0.39463476392909186
3394 3395 0.5966575526170866
3394 3409 0.2052256668172022
3395 3396 0.43897698994950984
3395 3410 -0.318196713328303
3396 3411 0.7651188992893463
3409 3410 -0.24486016395229235
3410 3411 0.9359287292772674
3424 3425 -0.4032713499015494
3424 3439 0.7892020573548453
3425 3426 0.24429051251431544
3425 3440 0.34426721676578753
3426 3441 -0.3692709161794922
3439 3440 0.1623065643922925
3440 3441 0.41012949979534297
3454 3455 -0.7722071794774497
3454 3469 0.5248525104740128
3455 3456 -0.012874325338201001
3455 3470 0.7064003947034008
3456 3471 0.2252033154425085
3469 3470 -0.17007447747033397
3470 3471 0.46072207062590437
3484 3485 0.8577930531311797
3484 3499 -0.22419779373401866
3485 3486 -0.010382629976991084
3485 3500 0.0408918060351581
3486 3501 -0.4112542423215936
3499 3500 0.2043271198985661
3500 3501 0.15834911576428856
3514 3515 -0.05158670930060597
3514 3529 -0.350144341283297
3515 3516 1.0
3515 3530 -0.0807229974198706
3516 3531 0.22026631086178125
3529 3530 0.4324258185923948
3530 3531 -0.3823274600177314
3544 3545 -0.6626142979792033
3544 3559 0.43846475532366164
3545 3546 0.1182289685941672
3545 3560 -0.3812259635771787
3546 3561 -0.5815476931826015
3559 3560 0.4416311982443157
3560 3561 -0.6133636465732083
3574 3575 0.4588721143639144
3574 3589 0.21566885485764184
3575 3576 0.6215228269772511
3575 3590 -0.32822321645416985
3576 3591 0.38966302405321473
3589 3590 0.20562632396015001
3590 3591 -0.048939524233860804
3604 3605 0.7236487086969347
3604 3619 0.986709124308306
3605 3606 0.3080687436303929
3605 3620 0.723508057952313
3606 3621 -0.4364697819620298
3619 3620 0.21357845737724296
3620 3621 0.05939256578899309
3634 3635 -0.23719435464438238
3634 3649 0.24456994181871614
3635 3636 -0.007638155252401482
3635 3650 -0.24431718864019308
3636 3651 -0.14550730603683062
3649 3650 0.6478244056657045
3650 3651 0.3073564949455465
3664 3665 -0.20736672632887723
3664 3679 -0.12305662062726357
3665 3666 0.3287059158003453
3665 3680 0.3754615002419882
3666 3681 0.1709773851982712
3679 3680 -0.5663088095933745
3680 3681 0.49616858745045905
3694 3695 -0.23696714330837332
3694 3709 0.8091153567570597
3695 3696 0.15003053255408366
3695 3710 -0.0019517636889509497
3696 3711 -0.47579205466507246
3709 3710 0.43851762800181127
3710 3711 -0.24375933024000349
3724 3725 -0.3855325247106169
3724 3739 -0.35762989944474166
3725 3726 0.40526744477274146
3725 3740 -0.8747381563087901
3726 3741 0.51148719869182
3739 3740 0.6253276926147416
3740 3741 -0.0640845541200934
3754 3755 -0.06908402572544244
3754 3769 -0.06068965877641704
3755 3756 0.10896226959526266
3755 3770 -0.4082597906047952
3756 3771 0.5801157449190556
3769 3770 -0.04611952188614767
3770 3771 -0.23084690603325062
3784 3785 0.3192841516519281
3784 3799 0.966083431052581
3785 3786 -0.26806501422818785
3785 3800 -0.17154598778728586
3786 3801 -0.3599164182767654
3799 3800 -0.05623444729652768
3800 3801 0.06369988732000985
3814 3815 0.3383504838536485
3814 3829 0.5243922361958232
3815 3816 -0.040868880802525265
3815 3830 -0.6076670204049124
3816 3831 -0.38454527143778905
3829 3830 -0.19933028318884907
3830 3831 0.5856147955156792
3844 3845 1.0
3844 3859 0.3125454381280579
3845 3846 -0.06821007545398575
3845 3860 -0.4114345753398543
3846 3861 -0.055585356776487724
3859 3860 0.22622382726433066
3860 3861 0.4568190922272609
3874 3875 -0.18611355935226662
3874 3889 -0.4038818869452291
3875 3876 -0.26168738236513106
3875 3890 0.32138895799593475
3876 3891 0.504341433137544
3889 3890 -0.11168784185732765
3890 3891 0.6241283987322193
