# 
603 603 0.06034382308270365
604 604 0.9310257466500568
605 605 1.821140621218347
618 618 -2.709881572662231
619 619 0.7111034120370122
620 620 0.4305116164560697
633 633 0.536676705617899
634 634 0.5758451873137084
635 635 0.3210540322278046
648 648 0.1897020542605165
649 649 -0.18178401929751312
650 650 -0.07763323652743995
663 663 0.9456046838288424
664 664 1.0383295363798328
665 665 1.2194727396669656
678 678 -1.1368901658979202
679 679 0.7727725935071131
680 680 -0.07934869449120824
693 693 1.0220453808841092
694 694 0.7678638585341447
695 695 -0.007809452825919244
708 708 -1.0176960811976985
709 709 0.4513901401804393
710 710 0.4677232446489576
723 723 0.30931543277787343
724 724 -1.598551713016371
725 725 -0.22290307550846156
738 738 0.7367137802397888
739 739 -0.6779590630425425
740 740 0.10474678500966948
753 753 -0.56011800347974
754 754 -1.2224157107755849
755 755 -0.057953306356532897
768 768 -0.045863353231312645
769 769 -0.23768618478656436
770 770 -1.972164430916999
783 783 -1.7858354037081767
784 784 -0.3707242730058739
785 785 -1.8734561676414048
798 798 -0.6119627072460443
799 799 0.7232630023828615
800 800 -0.28435301351214065
813 813 1.075404744622603
814 814 0.05833495644467425
815 815 -1.7971543022618275
828 828 -1.2396086932435184
829 829 -1.1268184276150508
830 830 -0.14730026106766517
843 843 0.3274197030065184
844 844 -0.3760469311894758
845 845 1.2337577545685452
858 858 -0.7411791478433404
859 859 0.8508659814304732
860 860 0.9186772071541414
873 873 0.2032959069882882
874 874 0.5872068985820621
875 875 1.1899171667536597
888 888 -0.578032405206568
889 889 -0.6544575404989391
890 890 -1.1698245959880367
903 903 0.6152465746015651
904 904 -0.1622860736568643
905 905 0.24627643161982207
918 918 0.4338507566918775
919 919 -0.7815378722079313
920 920 -0.3814424289021072
933 933 1.9503787744663095
934 934 0.0074102303736519656
935 935 -0.16805820306081837
948 948 -0.26216063747886065
949 949 -2.351252573772033
950 950 -0.2746163340588612
963 963 -0.004150101279040713
964 964 0.9328681282681967
965 965 2.1880488128616697
978 978 0.11131994676173965
979 979 -0.9421617587696346
980 980 0.31728692647068224
993 993 1.1413081872633501
994 994 -0.8390099098756916
995 995 1.141989617191325
1008 1008 -0.2437264257699542
1009 1009 1.3013532885037662
1010 1010 0.07234539330242026
1023 1023 1.6754808511687278
1024 1024 0.5461796235682034
1025 1025 0.8677275001951076
1038 1038 0.612858571817221
1039 1039 -0.7279561609130941
1040 1040 -0.1452478233347181
1053 1053 -0.10667525500797197
1054 1054 0.49776801884641564
1055 1055 -0.4376555210621554
1068 1068 -0.45284143801429017
1069 1069 -0.4402104814658146
1070 1070 -0.04815529150947594
1083 1083 0.1981558791090932
1084 1084 1.7427332968874627
1085 1085 1.6035565458441934
1098 1098 0.06602452480487285
1099 1099 0.047067685534754405
1100 1100 -0.4058979108753537
1113 1113 0.08451828276302965
1114 1114 0.5653302798386811
1115 1115 1.0138019304353192
1128 1128 1.6515697280131616
1129 1129 0.2507294149940117
1130 1130 -0.16922533956152847
3364 3364 -0.07511723029821994
3365 3365 2.2081658423072774
3366 3366 -0.7094264481516077
3379 3379 -0.32077766755250936
3380 3380 0.18924350614965965
3381 3381 0.4352879743208878
3394 3394 0.5528564716535571
3395 3395 -1.3343507811551187
3396 3396 0.30654255568483896
3409 3409 1.8831433190589044
3410 3410 -0.5915950355654731
3411 3411 1.0009878772427994
3424 3424 0.9603287520962183
3425 3425 -1.6799470252504498
3426 3426 -0.18900925199442106
3439 3439 -1.7954556455623554
3440 3440 0.23407653109034549
3441 3441 0.3391310369747192
3454 3454 -1.4211196029741022
3455 3455 -1.8017861557588495
3456 3456 -0.014256668515016287
3469 3469 0.07275429393643837
3470 3470 -0.11427747330941343
3471 3471 0.8519295533988707
3484 3484 -0.45185957592742204
3485 3485 -1.6878974162505727
3486 3486 -0.8728362421955425
3499 3499 -0.1122083564366194
3500 3500 0.045750397112764275
3501 3501 0.5395186009722241
3514 3514 -1.1245760317417723
3515 3515 0.44208557911365753
3516 3516 -0.3102085592808565
3529 3529 1.8807040375216564
3530 3530 0.5076727370637973
3531 3531 0.2661223996154809
3544 3544 -0.561754998092914
3545 3545 1.5751205385195326
3546 3546 0.13548210699942098
3559 3559 -1.251393780375176
3560 3560 0.09712981921271568
3561 3561 -1.176594049619356
3574 3574 0.07666917460380548
3575 3575 -0.8846944865081446
3576 3576 1.1890316292220582
3589 3589 1.9011981702891336
3590 3590 -0.22537178425487353
3591 3591 2.16843232184014
3604 3604 -0.4547615285493915
3605 3605 1.4667279728145608
3606 3606 -0.7463188090279399
3619 3619 0.007436610055407468
3620 3620 -1.6976930872758453
3621 3621 -2.5380466452220296
3634 3634 0.4048164780892422
3635 3635 0.3215502696497272
3636 3636 -0.05690061153930384
3649 3649 -0.19435002042098867
3650 3650 -1.3870631614659015
3651 3651 2.0417454445111107
3664 3664 2.552578005496491
3665 3665 0.5328960195141129
3666 3666 -0.2897050694127893
3679 3679 -0.04236493664651717
3680 3680 1.3781425262564349
3681 3681 0.6172821988657833
3694 3694 -0.6395184766979378
3695 3695 1.2565007111735604
3696 3696 -1.3145657358553502
3709 3709 -0.600979036985393
3710 3710 -0.26502937605601834
3711 3711 -0.4896621560565182
3724 3724 -1.2350941578042174
3725 3725 -2.390056530304419
3726 3726 0.0368260735964571
3739 3739 0.6270758183592015
3740 3740 0.129503598590747
3741 3741 -0.005189466014353553
3754 3754 1.2020994008213683
3755 3755 0.907952385077408
3756 3756 -0.2102239785017991
3769 3769 -2.0139611268500524
3770 3770 -0.8165759133650591
3771 3771 2.172533399399345
3784 3784 -0.5201946895131757
3785 3785 -0.21718806588283768
3786 3786 0.1713345594026848
3799 3799 -0.239370574127646
3800 3800 -0.2750227301962214
3801 3801 -0.45332961987742065
3814 3814 -0.4591807714339735
3815 3815 -0.033356723991937925
3816 3816 -0.05795210786912862
3829 3829 -1.2249880950110446
3830 3830 -0.5572316528888465
3831 3831 -1.1653867431463945
3844 3844 1.0711970628371397
3845 3845 0.24949241563990582
3846 3846 0.6676933563764957
3859 3859 0.19670777096396896
3860 3860 -0.7093067428454909
3861 3861 -0.26475823051720027
3874 3874 1.3232971347478695
3875 3875 -1.8419919566656915
3876 3876 -0.8843907645224157
3889 3889 -0.6777972478974773
3890 3890 -0.9290735384477328
3891 3891 1.3194581149100546
603 604 -0.12109299750379737
603 618 0.6525868993547909
603 3484 0.13598077669723824
603 3499 0.05607948389967576
603 3514 0.2790925755539132
603 3529 -0.03481750003690082
604 605 -0.01078996124154015
604 619 0.13104908143962465
604 3664 -0.1641137175828195
604 3679 -0.22933179834833886
604 3694 -0.2752296694052402
604 3709 -0.24520104566952708
605 620 0.7198720235757606
605 3844 0.6422415403746125
605 3859 0.19080227353731338
605 3874 -0.058646936126658854
605 3889 -0.5194920648030718
618 619 -0.32075420568290497
618 3484 -0.3289917690681591
618 3499 1.0
618 3514 0.22499252600512776
618 3529 0.25510312801057605
619 620 0.170447875271463
619 3664 -0.27141718626718564
619 3679 0.7295788810851093
619 3694 0.6652629063627221
619 3709 -0.36933799495836667
620 3844 0.1529352727739635
620 3859 0.07524039692035163
620 3874 -0.10925552905352585
620 3889 -0.15105658464101723
633 634 0.07974916533106174
633 648 -0.4698797779807675
633 3424 -0.5415701319618144
633 3439 0.2722139136077518
633 3454 0.380772412981036
633 3469 0.5410974355278689
633 3484 0.40513748633770574
633 3499 0.47402732529363134
633 3514 0.33800761349632724
633 3529 -0.16236990397303142
634 635 0.8782970319181853
634 649 -0.04437370521403989
634 3604 -0.6941156412398112
634 3619 0.2976403867035894
634 3634 0.4154135207124685
634 3649 -0.19667995758417295
634 3664 -0.3423100474409973
634 3679 0.02923342239496976
634 3694 0.2954084336806059
634 3709 0.27311678738433215
635 650 -0.3336960549827017
635 3784 0.00530843165330094
635 3799 0.6476382612760521
635 3814 -0.7060067045883535
635 3829 -0.16630711897576664
635 3844 -0.2736083540528899
635 3859 0.3473962581252443
635 3874 -0.23907133998244198
635 3889 0.7488261056883027
648 649 0.7194226681109653
648 3424 -0.18056970065446082
648 3439 -0.13925633173312313
648 3454 -0.2187720443620415
648 3469 -0.11495669537177171
648 3484 0.10884823997723303
648 3499 0.9044029371825031
648 3514 0.06536876152352708
648 3529 0.8798463270726401
649 650 0.5307011785113768
649 3604 -0.14735269135395035
649 3619 -0.004328329895246298
649 3634 -0.5720962165669844
649 3649 -0.40623345101900477
649 3664 -0.5134366512456273
649 3679 0.34023987493621644
649 3694 0.3158132999797808
649 3709 -0.41015653973287947
650 3784 -0.34790821611149275
650 3799 0.18592423783765935
650 3814 -0.2548873984518705
650 3829 -0.2729035154249331
650 3844 -0.7723613601126076
650 3859 0.08168009107926563
650 3874 -0.25864137791421965
650 3889 0.26236453026952833
663 664 -0.3802906539076443
663 678 0.5310740123481139
663 3424 -0.6592842676252366
663 3439 -0.02600090016783709
663 3454 -0.5704806694770003
663 3469 0.21988646397351247
663 3484 0.14126239011776365
663 3499 0.5193097629755661
664 665 0.19608531880287602
664 679 -0.4990938186757366
664 3604 -0.22734716828492205
664 3619 0.2902571209498674
664 3634 0.29714269675769134
664 3649 0.9198552514562026
664 3664 0.3916002549635005
664 3679 -0.4906265225016805
664 3514 0.26715206480911163
664 3529 0.051645771367061014
665 680 0.5769906717177631
665 3784 -0.5885762240502735
665 3799 0.34455637112312765
665 3814 0.5739931555592545
665 3829 0.3435145423387367
665 3844 0.7027474282916497
665 3859 0.24859166645709724
665 3694 -0.23590711254795943
665 3709 -0.29654304641932216
678 679 -0.21784458258461806
678 3424 -0.20888923530715472
678 3439 -0.025910367933538608
678 3454 -0.9416771961280381
678 3469 -0.40134008708133806
678 3484 0.712741385266268
678 3499 0.2549620624884405
679 680 -0.8624558266567861
679 3604 -0.15111975214910972
679 3619 -0.05096096161505351
679 3634 -0.24661315708985002
679 3649 -0.46849050727785047
679 3664 0.4848607519552209
679 3679 0.058168497248126935
679 3514 0.070183049198719
679 3529 -0.1383983722851914
680 3784 -0.4200974256240853
680 3799 -0.602704307484926
680 3814 0.6087402623530836
680 3829 -0.28770850526338826
680 3844 0.16370602589954758
680 3859 0.35910417503955866
680 3694 0.5249612934868464
680 3709 -0.1911675731179498
693 694 0.940888503872371
693 708 0.6445169139843027
693 3424 -0.30449900194535895
693 3439 0.13918485332265632
693 3454 0.09730947357201902
693 3469 -0.4745233140666213
693 3484 -0.10825504297647266
693 3499 -0.16426348435657415
693 3364 0.9488127470842699
693 3379 0.440412834902426
693 3394 -0.46182712708230694
693 3409 0.11902527478365499
694 695 0.3081370529088707
694 709 0.1857514284227897
694 3604 -0.3121287802981068
694 3619 0.3232222738776791
694 3634 -0.5115878377444868
694 3649 -0.12860429105036333
694 3664 0.33632368583556355
694 3679 0.2728716634234644
694 3514 0.1221444226276714
694 3529 0.37589800525487954
694 3544 -0.5744074957682499
694 3559 0.5083315701406051
694 3574 0.8221332800658003
694 3589 -0.4191018839971533
695 710 0.5532193660987121
695 3784 -0.05382834683344364
695 3799 -0.079278643681102
695 3814 1.0
695 3829 0.6274499494405383
695 3844 0.5933316262196288
695 3859 0.3949567253817824
695 3694 0.5372896502481462
695 3709 0.7447653622692998
695 3724 0.523031575653472
695 3739 -0.6776905035586553
695 3754 0.46672577456850967
695 3769 -0.004872283761723929
708 709 0.1501599306863412
708 3424 -0.06525856201005563
708 3439 0.46610724272549386
708 3454 -0.11699732336684693
708 3469 -0.1576141444599887
708 3484 -0.07464282892225059
708 3499 -0.4374951911730032
708 3364 0.12729930182820143
708 3379 -0.26280621292638595
708 3394 -0.3664953962053841
708 3409 -0.08713725769678533
709 710 0.04210001882502747
709 3604 -0.13558425225333412
709 3619 -0.4335610699560218
709 3634 -0.5289729351577405
709 3649 0.08155190692136809
709 3664 -0.3420500139649612
709 3679 -0.14179517929737043
709 3514 -1.0
709 3529 -0.1203584132302806
709 3544 -0.250197099796113
709 3559 -0.6833334710792801
709 3574 -0.1547298576180271
709 3589 0.2507782848194415
710 3784 0.06292676295814001
710 3799 -0.6886635133212377
710 3814 0.8291445124238461
710 3829 -0.5424974174893135
710 3844 0.4643669336069617
710 3859 -0.48773727719278887
710 3694 0.4080528679134647
710 3709 -0.450078472082115
710 3724 0.04475741555543767
710 3739 0.2902803281492819
710 3754 -1.0
710 3769 0.6057356664695115
723 724 0.03522711876448348
723 738 -0.29927058088781255
723 3424 0.12225933111347802
723 3439 -0.4863653361845514
723 3364 -0.297303166484721
723 3379 -0.1891978684182201
723 3394 1.0
723 3409 -0.4003861079420927
724 725 0.3987095694206229
724 739 1.0
724 3604 0.20530270703116982
724 3619 -1.0
724 3454 0.01861021031183343
724 3469 0.4270553300158178
724 3484 -0.11911700053179017
724 3499 -0.5419692925183134
724 3514 -0.32427084973811476
724 3529 -0.4851524607106026
724 3544 -0.27031840749174246
724 3559 -0.21183526983319742
724 3574 -0.18141413296916947
724 3589 -0.6501324565903667
725 740 0.3407165148366825
725 3784 -0.819450603806106
725 3799 -0.8320037973732637
725 3634 -0.2053071332028092
725 3649 0.0021688916536949905
725 3664 0.5778423019407511
725 3679 0.5356790721037898
725 3694 0.03460358356138127
725 3709 -1.0
725 3724 -0.11672121569289318
725 3739 -0.4885945328372762
725 3754 -0.08911866377534333
725 3769 -0.18522280497557297
738 739 -0.5661722530926555
738 3424 0.5709280215093353
738 3439 -0.3146582565495864
738 3364 -0.3112326297007591
738 3379 0.30881404342988367
738 3394 0.9540044805841208
738 3409 0.39025252812287237
739 740 0.23284098527915595
739 3604 1.0
739 3619 -0.032637769374752414
739 3454 1.0
739 3469 0.014319534053959703
739 3484 -0.20285938861971464
739 3499 0.029069658618691395
739 3514 0.4789384490099291
739 3529 -0.4640679375764243
739 3544 0.879282154261152
739 3559 0.0642274510950176
739 3574 0.34329133933984113
739 3589 -1.0
740 3784 -0.4372465939589968
740 3799 0.01909963927144095
740 3634 0.8255951359826873
740 3649 0.6193396976855107
740 3664 0.18571545301503992
740 3679 0.5650760987733022
740 3694 0.28828142848309185
740 3709 0.4115218795563572
740 3724 -0.3258496278162157
740 3739 0.3357668630375949
740 3754 -0.13152281659501433
740 3769 -0.4162448569367883
753 754 0.5672945493173547
753 768 -0.6505091082609539
753 3424 -0.214561749075209
753 3439 0.1340361875787576
753 3364 -0.5179514157435016
753 3379 -0.46499842964758437
753 3394 0.49753851787656284
753 3409 -0.48738299842210203
754 755 -0.331220887453187
754 769 0.0677309499281083
754 3604 0.21080248580892316
754 3619 0.28985607004610947
754 3454 0.30677035286764553
754 3469 0.24042928865889282
754 3485 0.25089824429912255
754 3500 -0.8577420514103375
754 3515 0.03500273756515729
754 3530 0.02089166343774637
754 3544 0.4538222245381516
754 3559 0.3811083578384794
754 3574 0.3678716291764714
754 3589 -0.04748497153572736
755 770 0.6305989729757084
755 3784 -0.43628859325352637
755 3799 -0.5684779174560582
755 3634 0.1010940995797455
755 3649 0.11595375791530195
755 3665 -0.44240202631990977
755 3680 -0.30004101061078137
755 3695 0.46708059965080967
755 3710 1.0
755 3724 0.29448801465716745
755 3739 0.5512420453446687
755 3754 0.5656817588796956
755 3769 -0.49796063021390913
768 769 -0.636198228819312
768 3424 0.2343307892979335
768 3439 0.4980872043089556
768 3364 0.37218422538708296
768 3379 0.47827187199820786
768 3394 0.7138707039567266
768 3409 0.1529025068008368
769 770 0.43190394103235685
769 3604 -0.37061537174549386
769 3619 0.08283328506673707
769 3454 0.13532817550425127
769 3469 0.13244412053466528
769 3485 -0.7113540163795179
769 3500 0.4764011561406033
769 3515 -0.3299916124301379
769 3530 0.2886124828970358
769 3544 0.054697156449509884
769 3559 -0.3123801748693689
769 3574 0.1415673609022022
769 3589 0.7036227393508504
770 3784 0.051170025338335354
770 3799 -0.7199069065066253
770 3634 -0.5063557792846083
770 3649 -0.22603482992967003
770 3665 -0.31718053693088044
770 3680 -0.4370485762205602
770 3695 0.3641120864537569
770 3710 0.40671488533577504
770 3724 0.23970236394690383
770 3739 0.30844133991472955
770 3754 -0.29064075468830036
770 3769 -0.8313754901253152
783 784 0.060733586360367596
783 798 -0.03204386578278087
783 3424 0.27977017845812713
783 3439 -0.11399429532836702
783 3454 0.20136786759719055
783 3469 0.013527879541892083
783 3485 -1.0
783 3500 0.5188149076362034
783 3515 -0.11092009997364213
783 3530 -0.12617345242507252
783 3544 -0.5248568662183569
783 3559 -0.27536396142201064
783 3394 0.3648970656761531
783 3409 -0.11194111118283814
784 785 -1.0
784 799 0.44160121812542624
784 3604 -0.0012323065375931153
784 3619 0.51053412672424
784 3634 -0.11028724564977438
784 3649 0.5276130998116246
784 3665 0.314455707616804
784 3680 0.6354890168053531
784 3695 -0.8044843166979172
784 3710 -0.4042376771241752
784 3724 -0.08488803648172975
784 3739 0.04646774004540913
784 3574 0.04692314239665062
784 3589 0.3705645156782609
785 800 -0.0006139054663172075
785 3784 0.7460005814477026
785 3799 -0.23307169558701543
785 3814 0.49630508767135534
785 3829 0.02832849732281242
785 3845 -0.45875682456462014
785 3860 0.3157047513491093
785 3875 0.27382409545456043
785 3890 -0.12115479412688135
785 3754 -0.39831685162945396
785 3769 0.5400808163546322
798 799 0.10022412275028046
798 3424 0.5712856829979079
798 3439 -0.1494152945654986
798 3454 -0.7472171996759969
798 3469 -0.2700533899130091
798 3485 0.3479761936642221
798 3500 -0.42558320080090684
798 3515 -1.0
798 3530 0.3057144012781293
798 3544 0.42094295300834345
798 3559 0.5053823682388429
798 3394 0.4774139631019465
798 3409 -0.5805241278421129
799 800 -1.0
799 3604 -0.23710548433937767
799 3619 0.2009008026233088
799 3634 0.6064802613670288
799 3649 -0.4305095285222483
799 3665 0.37297919491608006
799 3680 0.11898905771156656
799 3695 0.3012794094566735
799 3710 -0.15885665983877983
799 3724 -0.8453477859914309
799 3739 -0.7559661477849067
799 3574 -0.588628965225642
799 3589 -0.5497277944217334
800 3784 -1.0
800 3799 0.30355065262404063
800 3814 0.8434573878332818
800 3829 0.7744719151832821
800 3845 0.33824561200824294
800 3860 1.0
800 3875 -0.25024512629062345
800 3890 -0.31599327877324224
800 3754 0.7045938090717316
800 3769 0.45957236339302737
813 814 -0.9219778296308244
813 828 -0.33106665898433063
813 3425 1.0
813 3440 -0.228591154651693
813 3455 -0.0725609440568229
813 3470 0.27767675304744976
813 3485 -0.03858889646456574
813 3500 -1.0
813 3515 -0.015451696206905608
813 3530 -0.36537080823993473
813 3544 -0.6616658049753217
813 3559 0.03226102448135201
813 3394 -0.3226238489547762
813 3409 -0.7668586222773145
814 815 0.6724627228031306
814 829 0.16939092426736502
814 3605 0.5334422412420778
814 3620 -1.0
814 3635 -0.3496736594650431
814 3650 0.36954609484400247
814 3665 0.41209579207893887
814 3680 -0.32124839387059895
814 3695 1.0
814 3710 0.5581706497725701
814 3724 0.45291161012965236
814 3739 -0.8794166546160724
814 3574 -0.1232410633552676
814 3589 -0.11759910480506294
815 830 0.049049697708309255
815 3785 0.6341319119326281
815 3800 -0.9829324837301004
815 3815 0.5101795111771343
815 3830 0.10482762264322906
815 3845 -0.8251289692013197
815 3860 0.966528695702167
815 3875 0.36639479448869583
815 3890 -0.3038001979748511
815 3754 -0.7733755741566007
815 3769 -0.5502804866345585
828 829 0.3123062245846518
828 3425 0.3338142729593485
828 3440 -0.039492814030640255
828 3455 0.21201608292001967
828 3470 -0.029623203176886433
828 3485 -0.35568842544238854
828 3500 0.30758333383927666
828 3515 0.06680959629332303
828 3530 -0.2668743445462843
828 3544 0.3567426685015702
828 3559 0.4200284746846942
828 3394 -0.5522586912029729
828 3409 -0.20436797800174236
829 830 -0.714301827142637
829 3605 -0.7700115943535307
829 3620 -0.13187346288546786
829 3635 0.5430569966316285
829 3650 0.3849598502931591
829 3665 0.10467399976521055
829 3680 -0.10788489601139072
829 3695 0.09886615159352051
829 3710 -0.18366775308050762
829 3724 -0.4827854650360823
829 3739 0.04765568401351912
829 3574 1.0
829 3589 0.009182951339172338
830 3785 -0.38817509558382696
830 3800 -0.1938455849417662
830 3815 -0.7382604940682499
830 3830 -0.32056174751286814
830 3845 -0.47971105750718135
830 3860 1.0
830 3875 0.6225220351034294
830 3890 0.09149157349189506
830 3754 -0.07324584643963822
830 3769 -0.16821702785386652
843 844 -0.20067617812267413
843 858 -0.008770645938223267
843 3425 -0.12747418741768882
843 3440 0.28610057288725005
843 3455 -0.10957206635735031
843 3470 0.07777646433821224
843 3485 -0.5655095310993639
843 3500 -0.40860919346731867
843 3364 -0.1474458508514344
843 3379 0.6395033092407041
843 3394 0.600472917561546
843 3409 -0.05519567019406273
844 845 -0.1304730413190526
844 859 0.5083038743260399
844 3605 -0.1989202374837904
844 3620 0.08272516136243943
844 3635 -0.8040638039055815
844 3650 0.07460413763060932
844 3665 -0.12534097762170124
844 3680 0.17218676430764188
844 3515 -0.3926157598382622
844 3530 -0.3567099838312952
844 3544 0.9725549499094219
844 3559 0.027843370448955445
844 3574 0.3628068451320118
844 3589 -0.14705104657218898
845 860 -0.1963652201688799
845 3785 0.14386142372967498
845 3800 0.46259431645752236
845 3815 0.14746195409979027
845 3830 1.0
845 3845 0.015314616131691196
845 3860 0.34615065709279436
845 3695 0.7569893815000395
845 3710 0.42743473537862875
845 3724 -1.0
845 3739 0.09699466672179521
845 3754 -0.7187280870818321
845 3769 -0.1865774783181325
858 859 -0.2105080025072211
858 3425 -0.4617791079407567
858 3440 0.2781611384304457
858 3455 -0.28023660725174326
858 3470 0.8382476841328195
858 3485 -0.07923957357917591
858 3500 0.5323483154972589
858 3364 0.4680287479035847
858 3379 0.6117375654829598
858 3394 0.18821074382397904
858 3409 0.6696076394954068
859 860 0.5791896645125417
859 3605 0.1513630439003319
859 3620 0.33879217751368546
859 3635 0.5886678248591076
859 3650 -1.0
859 3665 -0.5669390699542981
859 3680 -0.21417025668535036
859 3515 -0.3402330485945187
859 3530 -0.20764479802626654
859 3544 0.07908831690070098
859 3559 -0.04700332873327384
859 3574 -0.6415456445440999
859 3589 -0.599782563557529
860 3785 -0.1923710387036426
860 3800 -0.3388978425331766
860 3815 -0.42586442017995946
860 3830 0.10560627761652945
860 3845 0.7729916063524804
860 3860 0.10353455556112237
860 3695 -0.5223903766696544
860 3710 0.9648238328841394
860 3724 -0.8069347865039321
860 3739 -0.2603188485339905
860 3754 -0.46467655679600306
860 3769 -0.015905017070585642
873 874 0.5050868919647005
873 888 0.4666451711742143
873 3425 0.7620473485473017
873 3440 0.1572268135511631
873 3455 0.4386824601526496
873 3470 0.21638538967702836
873 3485 0.004306003998862721
873 3500 0.4807560120686242
873 3365 -0.5173531494451993
873 3380 1.0
873 3395 -0.1625912211143072
873 3410 -0.5124984513547811
874 875 0.9246046855396733
874 889 -0.15604057704691016
874 3605 -0.4610476646072535
874 3620 -0.07191426080077512
874 3635 0.09497501663310694
874 3650 0.7148062399471002
874 3665 -0.6192753641093355
874 3680 -0.09612944414454588
874 3515 -1.0
874 3530 0.013023164319128795
874 3545 0.1611220884588826
874 3560 -0.1055191029507062
874 3575 0.7254233915431342
874 3590 -0.15239231372252912
875 890 0.24505264043041133
875 3785 0.33514526999705735
875 3800 0.27418948950984723
875 3815 -0.398001149315251
875 3830 1.0
875 3845 0.22081510722319322
875 3860 0.6538455140736237
875 3695 0.00022782836499010193
875 3710 -0.0815008229317638
875 3725 -0.5870375778991702
875 3740 0.22989229770077504
875 3755 -0.07030885561834825
875 3770 0.5218709167594413
888 889 0.7170335896428169
888 3425 -0.3056029767950912
888 3440 0.2606159472925906
888 3455 0.7647416321096197
888 3470 0.4462528140339439
888 3485 0.9010510352749284
888 3500 -0.2631000061623677
888 3365 -0.8897992808697718
888 3380 -0.16690777859325928
888 3395 -0.1136873102409542
888 3410 -0.31187389785750025
889 890 0.04316749220837932
889 3605 0.6192879350747643
889 3620 -0.6652088328974162
889 3635 0.046557656719950026
889 3650 -0.2872544479972508
889 3665 -0.31824425871372536
889 3680 0.30622296034890106
889 3515 -0.44834104261251223
889 3530 0.7558994204813759
889 3545 0.5854694748322866
889 3560 0.7418022102428499
889 3575 -0.09790748211746632
889 3590 0.24828954722449528
890 3785 0.5232159626329347
890 3800 0.26231474547824646
890 3815 -0.46753789386854827
890 3830 0.49223199965268033
890 3845 0.1086348183576367
890 3860 0.41280533802655395
890 3695 -0.2888108910544682
890 3710 -0.574612870667942
890 3725 -0.49645082718935923
890 3740 0.07582740730277719
890 3755 0.31478700817243127
890 3770 0.4237472025456647
903 904 0.027410118955898212
903 918 -0.5441057412894739
903 3425 -0.0648523396531648
903 3440 -0.049108577911591025
903 3365 0.3490165686580505
903 3380 0.16980854310219673
903 3395 -0.4470834704215957
903 3410 -0.444559576584135
904 905 -0.18201103187220988
904 919 -1.0
904 3605 -0.1138262463715535
904 3620 0.004501085003117694
904 3455 -0.35959732929692845
904 3470 -0.429312942953894
904 3485 -0.4977953816369825
904 3500 -0.3294611235500084
904 3515 0.3662350086847834
904 3530 -0.0033267911018038097
904 3545 -0.4995191413243601
904 3560 -0.28016545496015866
904 3575 0.681767825290162
904 3590 0.5489498305446789
905 920 -0.05578457743433989
905 3785 -0.5023109055030511
905 3800 -0.32620770998011106
905 3635 -0.21381849745446252
905 3650 -0.4616226139516506
905 3665 -0.644659070016729
905 3680 0.11741818954055949
905 3695 0.6552818233924612
905 3710 -0.5165887484915888
905 3725 0.037749437145033864
905 3740 -0.12101713046535306
905 3755 -0.5867855058821481
905 3770 -0.3996047401973913
918 919 -0.5897660986344818
918 3425 0.3330040276537791
918 3440 -0.30732856586382507
918 3365 0.6871658855140792
918 3380 -0.12657520002912498
918 3395 -0.6939793099609275
918 3410 -0.18880789564231115
919 920 1.0
919 3605 -0.12038263897885271
919 3620 0.61604558446686
919 3455 -0.09351881506728704
919 3470 0.5789649773879612
919 3485 -0.3806967813696165
919 3500 -0.0012608515847098809
919 3515 -0.03176033015582336
919 3530 -0.08406410565609945
919 3545 0.1646256667600254
919 3560 0.27919217625767456
919 3575 -0.1824503037325131
919 3590 -0.29875340792436184
920 3785 0.6129633490194383
920 3800 -0.3422425248560268
920 3635 0.29621350120119166
920 3650 0.34384873373535246
920 3665 0.33736943858289875
920 3680 0.7923460984746008
920 3695 0.39371550291817353
920 3710 -0.19229981968524443
920 3725 0.07415952001042146
920 3740 -0.10096409317127665
920 3755 0.2577055246316991
920 3770 0.16146031730230062
933 934 -0.3149255509797076
933 948 0.16731851735070138
933 3425 0.4606429480354081
933 3440 -0.6418483342493143
933 3365 0.11335716304830946
933 3380 0.17355439944093917
933 3395 0.16871512935816058
933 3410 0.1278586012676471
934 935 -0.5760867358305362
934 949 0.09864797808332705
934 3605 0.7714631810312409
934 3620 -0.15728624025895802
934 3455 1.0
934 3470 0.32020253152507844
934 3486 0.32624569427329597
934 3501 -0.618862130219963
934 3516 -0.7753276390924672
934 3531 0.10830994533584225
934 3545 -0.1161430633123282
934 3560 -0.7480876684782362
934 3575 0.1380556191476871
934 3590 0.11121683691329406
935 950 0.11233479378762633
935 3785 0.22388090764159088
935 3800 0.125951909758619
935 3635 -0.401970126982635
935 3650 -0.531749141401728
935 3666 0.4562353448901204
935 3681 -0.6331345825715532
935 3696 -0.007082534873058952
935 3711 -0.14342206156840878
935 3725 -0.5192184636138957
935 3740 0.5254771717184035
935 3755 -0.835135965518157
935 3770 -0.8042086692390027
948 949 -0.033572170044590066
948 3425 1.0
948 3440 -0.556679601431265
948 3365 -0.03891999294859123
948 3380 -0.5590362997771833
948 3395 0.4724434371146742
948 3410 0.5319852210196943
949 950 -0.002362475273470703
949 3605 0.3721038514094134
949 3620 0.909807711580196
949 3455 -0.48070511469671096
949 3470 0.23875814457063227
949 3486 -0.9653086058141904
949 3501 0.050975042134676254
949 3516 0.43911879268843773
949 3531 0.44604888185902375
949 3545 -0.32828978252918234
949 3560 0.8013416717541824
949 3575 0.12465741618948718
949 3590 -1.0
950 3785 -0.2305899653555563
950 3800 0.9328734878395649
950 3635 0.51452116996798
950 3650 0.21470914736045016
950 3666 0.7248885976733511
950 3681 -1.0
950 3696 0.6254288348442921
950 3711 -0.1901101468477344
950 3725 -0.13700520784740436
950 3740 0.46445215590801014
950 3755 -0.012582433659575554
950 3770 0.42733773280811327
963 964 0.27531724419126513
963 978 0.41688492440480335
963 3425 -0.43600674890453345
963 3440 -0.22181652673098196
963 3455 0.23992377977910317
963 3470 0.16576169193264803
963 3486 0.03315953379950353
963 3501 0.16724853206188126
963 3516 0.1545147946393599
963 3531 -0.10285803542944172
963 3545 0.5859211080962371
963 3560 0.7397109059161163
963 3395 -0.16054361886281984
963 3410 0.5078312898003983
964 965 -0.02209899739095607
964 979 0.09668018139124938
964 3605 0.3011155100142382
964 3620 -0.36153789250933915
964 3635 0.5886862287866962
964 3650 -0.0018637222094244606
964 3666 -0.48416984841237665
964 3681 0.03517422895028297
964 3696 0.10118310868296919
964 3711 -0.3688012287850651
964 3725 0.5676205823373552
964 3740 0.22239313774821579
964 3575 0.18324378847142345
964 3590 -0.46225142776758066
965 980 0.1419362399967108
965 3785 1.0
965 3800 -0.24119576044571917
965 3815 -0.45869559766581236
965 3830 0.11695345440422526
965 3846 -0.5918703122750738
965 3861 1.0
965 3876 0.8581059126153645
965 3891 0.37570556632584107
965 3755 -0.3400951638685106
965 3770 0.40953945864559155
978 979 0.2987883069021085
978 3425 0.07306660198835752
978 3440 -0.9945529689143772
978 3455 -0.4250031200771735
978 3470 -0.10200670922864546
978 3486 1.0
978 3501 -0.2501712401192338
978 3516 0.22723336873224162
978 3531 0.004793193064998694
978 3545 -0.0996697004202868
978 3560 0.2783049918228626
978 3395 -0.580225011097492
978 3410 -0.3424014322474911
979 980 0.038999626264656306
979 3605 -0.2072600868784571
979 3620 0.2997859324533072
979 3635 0.4938156031197452
979 3650 -0.06282546498345404
979 3666 0.4364098791488919
979 3681 0.07198495275053943
979 3696 0.38952420460933673
979 3711 0.6574331280734864
979 3725 0.8900152663451215
979 3740 0.5452221783052426
979 3575 -0.13243801312238088
979 3590 0.9632140057122439
980 3785 0.471913367127414
980 3800 -0.19081099626878026
980 3815 0.8275553132560864
980 3830 -0.34000057984413495
980 3846 0.7399085237583805
980 3861 0.011298260366410734
980 3876 0.40921624685741115
980 3891 -1.0
980 3755 0.6531262311236157
980 3770 -0.8042491779624834
993 994 0.7711686873933319
993 1008 1.0
993 3426 -1.0
993 3441 -0.7021053988541398
993 3456 0.26255981283886237
993 3471 -0.1164865731364655
993 3486 0.26441035647506345
993 3501 0.8664484114800667
993 3516 0.15970195720876243
993 3531 -0.7739284484007005
993 3545 -0.6990357387106175
993 3560 0.6162674925255737
993 3395 0.2895777089887984
993 3410 1.0
994 995 0.009808014476298919
994 1009 -0.18612581640772527
994 3606 0.12381068358982164
994 3621 -0.2440828014919046
994 3636 -0.200546894128506
994 3651 -0.48215970916767925
994 3666 -0.34733047859497446
994 3681 0.5850220982166998
994 3696 0.10050894290549989
994 3711 -0.17561225785585155
994 3725 0.40269496602745225
994 3740 -0.08311944175967241
994 3575 0.012406985348313217
994 3590 0.6121624762878837
995 1010 0.17077818142587334
995 3786 0.27187635467104654
995 3801 0.17639525670320833
995 3816 0.8387203520170737
995 3831 -0.27609763473459287
995 3846 -1.0
995 3861 -0.3344966237853363
995 3876 0.3191256259126693
995 3891 -0.04588194573814598
995 3755 0.12916066816002708
995 3770 0.2679321475303378
1008 1009 -0.17357336950653393
1008 3426 -0.07194898947095944
1008 3441 -0.09356479109448611
1008 3456 0.838289640728131
1008 3471 -0.5415840226487526
1008 3486 0.13884570965122486
1008 3501 0.006485935065146775
1008 3516 0.804047433042059
1008 3531 -0.3399986822519644
1008 3545 0.7233725898584724
1008 3560 0.2593052123966513
1008 3395 -0.010774185779406822
1008 3410 -0.20991346239807412
1009 1010 0.806690611159801
1009 3606 0.3269227081778252
1009 3621 -0.146860655224105
1009 3636 0.26929277068767327
1009 3651 0.4732842633802904
1009 3666 0.294074655465829
1009 3681 0.49315669368053683
1009 3696 -0.380753333529539
1009 3711 0.18750431821181726
1009 3725 -0.012901157504701367
1009 3740 -0.3001236422654849
1009 3575 -0.5332716463957232
1009 3590 -0.0466086824546424
1010 3786 -0.061238424449885406
1010 3801 0.7998864446231543
1010 3816 0.4301919728835298
1010 3831 -0.5961350200646066
1010 3846 0.24536938191528548
1010 3861 -0.7272088427443124
1010 3876 -0.357182327482422
1010 3891 -0.3440264285741963
1010 3755 -0.8151613309072765
1010 3770 0.09684955926718472
1023 1024 0.44540957030196093
1023 1038 0.2173294249317674
1023 3426 0.815808100417792
1023 3441 0.27487168063115386
1023 3456 -0.34328931829310705
1023 3471 -0.4729214781868857
1023 3486 0.07123271038041316
1023 3501 0.11404823963529194
1023 3365 0.031749822480901926
1023 3380 -0.5021264638877752
1023 3395 0.7954426156810969
1023 3410 -0.26007000849132145
1024 1025 -0.35266679052547434
1024 1039 0.17267723083041056
1024 3606 0.06687527352742649
1024 3621 0.074356706355922
1024 3636 0.5294985444067597
1024 3651 -0.20452645493131363
1024 3666 -0.29280965618105376
1024 3681 -0.5053616183931355
1024 3516 0.6931122866621711
1024 3531 0.014638193773765264
1024 3545 -0.8539708665034994
1024 3560 -0.5716729021790935
1024 3575 -0.9636940008863429
1024 3590 -0.03214200931324604
1025 1040 -0.3374857956262765
1025 3786 -0.8283707524383677
1025 3801 -0.4055821415863272
1025 3816 0.17306420756369348
1025 3831 -0.34240104910180436
1025 3846 0.27249546464836705
1025 3861 -0.2594003781722763
1025 3696 0.5022227129806476
1025 3711 0.2660235163157438
1025 3725 -0.5520836269499679
1025 3740 -0.04750181416134334
1025 3755 -0.10907234698476005
1025 3770 -0.09256292564166489
1038 1039 0.3967927696195464
1038 3426 -0.19895344648792782
1038 3441 -0.2933771016754415
1038 3456 0.6580127227467178
1038 3471 -1.0
1038 3486 -0.10723713690922587
1038 3501 -0.4147621823678536
1038 3365 0.24064018203971932
1038 3380 -0.17580715465318567
1038 3395 0.7733639995855796
1038 3410 0.0016629123133524765
1039 1040 0.4224016030083559
1039 3606 0.06028112134914565
1039 3621 -0.24178278369147746
1039 3636 -0.4717401879932617
1039 3651 0.5862791465613598
1039 3666 0.6341170324337387
1039 3681 0.7572056100818843
1039 3516 0.21872089790446872
1039 3531 0.44668202056349077
1039 3545 0.1424026667497252
1039 3560 0.0533913109139216
1039 3575 0.697281434830555
1039 3590 -0.07258078250971743
1040 3786 -0.2072224038322423
1040 3801 -0.4766730279103507
1040 3816 0.9383201882669053
1040 3831 -0.33285997756092145
1040 3846 0.06578875576453332
1040 3861 -0.14277148225462885
1040 3696 0.5747722395882089
1040 3711 0.6841106306657825
1040 3725 -0.20620787127267623
1040 3740 0.024141691729537083
1040 3755 -0.852588484952362
1040 3770 -0.035912486723301475
1053 1054 -0.5546019096859325
1053 1068 0.019752159351006413
1053 3426 -0.34867891702617343
1053 3441 0.7345231648539783
1053 3456 -0.4961156082788646
1053 3471 -0.27588320732508387
1053 3486 0.20912018453886155
1053 3501 0.5378873471661088
1053 3366 -1.0
1053 3381 0.3263901952532322
1053 3396 0.36848685473922066
1053 3411 -0.01798993366995076
1054 1055 -0.22388143727003706
1054 1069 -0.12977579333148354
1054 3606 0.015805637139541383
1054 3621 -0.3379789354273983
1054 3636 -0.08907360627301894
1054 3651 -0.811660706559677
1054 3666 0.4511357950149603
1054 3681 0.5604157430148677
1054 3516 -0.6265911669000893
1054 3531 0.16182296050476955
1054 3546 0.01832907315026295
1054 3561 -0.18519045893557717
1054 3576 -0.15487964472713794
1054 3591 -0.18602897905492574
1055 1070 -0.6981547497825131
1055 3786 0.21795041642531085
1055 3801 0.4282214732572448
1055 3816 0.43257706622542563
1055 3831 -1.0
1055 3846 0.11205762526706714
1055 3861 0.3625178230694537
1055 3696 0.6925260160870513
1055 3711 -0.025878040429254977
1055 3726 -0.6298023282572016
1055 3741 0.00025409723031547926
1055 3756 -0.08218583769063882
1055 3771 0.6212241099871817
1068 1069 0.1781344627304498
1068 3426 0.5762092335443173
1068 3441 -0.13327841410589664
1068 3456 0.48769631977183797
1068 3471 -0.4415255437405072
1068 3486 -0.7364053285162857
1068 3501 0.464823730834808
1068 3366 -0.7596815018368746
1068 3381 0.503846248000356
1068 3396 -0.3769475686557061
1068 3411 -0.024657770993266537
1069 1070 -0.566100578123187
1069 3606 -0.49499200940105087
1069 3621 0.2708328113025859
1069 3636 0.2720748084738322
1069 3651 -0.0371423223456494
1069 3666 -0.7168124626549984
1069 3681 0.39610931146124295
1069 3516 -0.14310453160899003
1069 3531 -0.5033926794428653
1069 3546 -0.3066590717225806
1069 3561 -0.15187614166061664
1069 3576 -0.9098631007731159
1069 3591 0.5595442862894593
1070 3786 -0.8156835522284872
1070 3801 1.0
1070 3816 -0.24092936133423767
1070 3831 -0.8317974080798627
1070 3846 0.046562145427271745
1070 3861 0.03798686299928601
1070 3696 0.15700284034644832
1070 3711 0.21562741856287831
1070 3726 -0.5695553485335194
1070 3741 0.10963326758580627
1070 3756 -0.09688022506846063
1070 3771 0.40700162554216274
1083 1084 1.0
1083 1098 0.16436926877374025
1083 3426 -0.5521204855242702
1083 3441 0.07939889263913211
1083 3366 0.017791889910291667
1083 3381 -1.0
1083 3396 0.6256884806685642
1083 3411 0.8166125452827129
1084 1085 -0.2502514098173678
1084 1099 0.31257087739496825
1084 3606 0.4074172306128611
1084 3621 -1.0
1084 3456 -0.7951817339639002
1084 3471 0.10208748790284647
1084 3486 0.15148689567205453
1084 3501 0.5119667281602674
1084 3516 -0.16366853502680676
1084 3531 0.6701187083923288
1084 3546 -0.08414846633133102
1084 3561 -0.24375914096413406
1084 3576 0.5262085632186483
1084 3591 -0.007985819694922573
1085 1100 -0.005512031390036769
1085 3786 0.35288296288480914
1085 3801 0.20441111168364462
1085 3636 -0.5166607652144803
1085 3651 -0.20835438695002761
1085 3666 -0.18044617010669828
1085 3681 0.10216885557446967
1085 3696 -0.006307444468474396
1085 3711 0.3409098815371646
1085 3726 -0.6080912164107126
1085 3741 -0.11018232937636577
1085 3756 -0.7393632456049848
1085 3771 0.4992175567033298
1098 1099 0.03199459563326453
1098 3426 0.04542723212520124
1098 3441 1.0
1098 3366 0.41977332805718165
1098 3381 0.8216991236338025
1098 3396 0.008894412707157382
1098 3411 -0.8018701225085806
1099 1100 -0.08220213522566872
1099 3606 -0.2844957154278156
1099 3621 -0.7278845823354083
1099 3456 -0.39935556247698484
1099 3471 0.449281609488122
1099 3486 0.008845095516142902
1099 3501 -0.6168487059475212
1099 3516 -0.32639759408507096
1099 3531 0.04077206321725387
1099 3546 -0.009134677105334678
1099 3561 -0.014256338131929613
1099 3576 0.2559064995344109
1099 3591 0.6385203396491385
1100 3786 0.47680578612144076
1100 3801 0.6436740180792091
1100 3636 -0.32056051712203404
1100 3651 -0.40838210614001597
1100 3666 0.03855082554277627
1100 3681 0.9543255271636236
1100 3696 -0.11518754007774241
1100 3711 0.642776324029018
1100 3726 0.06636382253677027
1100 3741 0.2715431114980094
1100 3756 -0.8345165775056466
1100 3771 -0.7457509437775045
1113 1114 -0.12112157036198573
1113 1128 0.20777036715306793
1113 3426 -0.818933305307622
1113 3441 0.7510575380231767
1113 3366 -0.34745688816724024
1113 3381 0.34101524577299275
1113 3396 0.44648979635184843
1113 3411 -0.21392833916824702
1114 1115 0.1243099134565128
1114 1129 0.05583418327284885
1114 3606 0.24981389562850584
1114 3621 -0.3890306475620015
1114 3456 -0.29674852870285906
1114 3471 0.039423252643742045
1114 3546 0.11003794513535814
1114 3561 -0.438967735104381
1114 3576 0.5308397341285855
1114 3591 0.11128507937251678
1115 1130 -0.19208938928276637
1115 3786 -0.22352734009042297
1115 3801 0.37182731279803255
1115 3636 -0.10623574705813232
1115 3651 -0.23358312651057275
1115 3726 -0.7181100716929717
1115 3741 0.6815434314340946
1115 3756 0.2556540236332774
1115 3771 -0.5258394037402453
1128 1129 -0.5669363517289904
1128 3426 -0.03057225701677296
1128 3441 -0.3475484769877051
1128 3366 0.8540157780637697
1128 3381 -0.28674155981644983
1128 3396 -0.45466154029533146
1128 3411 -0.07988242730251956
1129 1130 -0.7567312115169689
1129 3606 0.389747859554094
1129 3621 0.11914290477749237
1129 3456 -0.8587483452306275
1129 3471 -0.4511726878454827
1129 3546 -0.061436820849681134
1129 3561 -0.4863996286989664
1129 3576 1.0
1129 3591 -0.1648190299900265
1130 3786 -0.20446215518264457
1130 3801 0.17213372593895582
1130 3636 0.2657689783056903
1130 3651 -0.5718843677854242
1130 3726 -0.15912961629612749
1130 3741 0.28966763779020266
1130 3756 -0.47845450608416257
1130 3771 0.8412345539206689
3364 3365 -0.14153865980038657
3364 3379 0.38990260178949093
3365 3366 0.383291544114765
3365 3380 0.0025138747914251816
3366 3381 -1.0
3379 3380 0.4490922488491824
3380 3381 0.7136760984281428
3394 3395 -0.4405968811003424
3394 3409 -0.0017280049363215448
3395 3396 -0.5611441479148378
3395 3410 -0.609402391948386
3396 3411 -0.2284551543586864
3409 3410 0.7545034859668619
3410 3411 0.020184295424478863
3424 3425 -0.5761736389255055
3424 3439 0.20234551475020607
3425 3426 0.46204227877475157
3425 3440 0.5343344633991758
3426 3441 0.39666511324679427
3439 3440 0.015532279893564956
3440 3441 0.6968738345042284
3454 3455 -0.24791097140572707
3454 3469 0.038935165208677056
3455 3456 0.08746968323749965
3455 3470 0.07853445374939809
3456 3471 -0.4950842007634627
3469 3470 -0.0018013436527668809
3470 3471 -0.3096942133746527
3484 3485 0.6699389290002576
3484 3499 -0.3756974187726716
3485 3486 -0.528135116791019
3485 3500 0.6502685408907692
3486 3501 0.335700119528169
3499 3500 0.205407399543299
3500 3501 0.14442088140158887
3514 3515 -0.02938666544979654
3514 3529 0.02633908587119345
3515 3516 -0.4230507314229776
3515 3530 0.18127891544471533
3516 3531 -0.24433536278998857
3529 3530 0.0921947703914772
3530 3531 0.7329695152747518
3544 3545 0.18191990929560803
3544 3559 -0.522375990891291
3545 3546 -1.0
3545 3560 0.1669666624498394
3546 3561 0.91696310676724
3559 3560 -0.2498874377415055
3560 3561 0.19544108767393442
3574 3575 -0.4912081054446594
3574 3589 -0.7970484986161895
3575 3576 -0.7561489538024162
3575 3590 0.891363077505962
3576 3591 0.06730558889171041
3589 3590 -0.6201887081958353
3590 3591 -0.5833677215585572
3604 3605 0.22598978795500593
3604 3619 0.5082477805392243
3605 3606 0.02970734612047295
3605 3620 0.43273882093284727
3606 3621 0.4291778017859476
3619 3620 0.6460555145674913
3620 3621 0.8357599326403264
3634 3635 0.008141385142333469
3634 3649 0.42566136824251144
3635 3636 -0.011640709349373586
3635 3650 0.9799109629748164
3636 3651 -0.013882418990518999
3649 3650 -0.7617955432574345
3650 3651 0.41975587216807836
3664 3665 -1.0
3664 3679 -0.10877121102147773
3665 3666 0.41802222471654904
3665 3680 0.22204278981165654
3666 3681 -0.865273696439551
3679 3680 -0.07021866493713808
3680 3681 -0.5702633584984566
3694 3695 -0.08560382591108669
3694 3709 0.11008345603571344
3695 3696 0.8800545735958807
3695 3710 -0.7299650667731431
3696 3711 -0.1786663877467943
3709 3710 -0.17810011325122657
3710 3711 0.06491206487163477
3724 3725 -0.09745277834181607
3724 3739 -0.22578948957211903
3725 3726 0.2762300403393003
3725 3740 0.14948251699278206
3726 3741 -0.46886753560201855
3739 3740 -0.8375599284071563
3740 3741 -0.1804238548384852
3754 3755 0.7812485926119406
3754 3769 0.0571209993262255
3755 3756 -1.0
3755 3770 -1.0
3756 3771 0.5503490527809187
3769 3770 0.9109210677924012
3770 3771 -0.715157328232407
3784 3785 -0.4029453344596768
3784 3799 -0.176771412130426
3785 3786 0.13057753231215735
3785 3800 -0.28758705028156273
3786 3801 -0.17489969277421666
3799 3800 0.33178966674589405
3800 3801 -0.6323949163998716
3814 3815 -0.3854611139290014
3814 3829 0.15792798207754027
3815 3816 -0.17007197179048109
3815 3830 0.6107990293613539
3816 3831 0.6061790969404921
3829 3830 -0.1385735865835435
3830 3831 -0.8246795686865832
3844 3845 0.28943617594887805
3844 3859 0.6477187333511163
3845 3846 0.3021421299867682
3845 3860 -0.19953369534898435
3846 3861 -0.19039995454269829
3859 3860 0.26603215665156865
3860 3861 -0.0697933830324726
3874 3875 0.1774002801699926
3874 3889 0.06508404762878214
3875 3876 -0.2057385705504485
3875 3890 -0.7480980977326913
3876 3891 0.28715028276800647
3889 3890 0.06767148500937942
3890 3891 0.16244293927111247
