# 
603 603 -1.7097142421941005
604 604 -0.8741314293389291
605 605 -0.917812521665594
618 618 -1.2276172896100495
619 619 0.7235646673978183
620 620 0.5916254725834877
633 633 0.20021459597873706
634 634 -0.17673006241174163
635 635 -0.6395190056009545
648 648 -1.0691905640321435
649 649 -0.5818109751124136
650 650 -1.1402173731178837
663 663 1.987315017346518
664 664 -1.3269396298060085
665 665 -1.285620619771194
678 678 0.10385062674802452
679 679 -0.33888293441327616
680 680 0.08248485154784424
693 693 0.46740001220871535
694 694 0.8437966926093086
695 695 -0.6931329673819587
708 708 -1.3346578593886569
709 709 -0.12296931670803452
710 710 0.19413901870162578
723 723 -0.41049990584877877
724 724 -0.5946860803466688
725 725 0.7100838805061701
738 738 -1.1703664640732194
739 739 -0.5555958625282712
740 740 0.041955099188828185
753 753 0.7013699868359727
754 754 -1.213466362996959
755 755 0.013665357889150818
768 768 -0.2646500038074362
769 769 -0.5924056281922205
770 770 -0.06535133957779361
783 783 0.14296355700945032
784 784 0.4840537681509469
785 785 -0.46146528127535746
798 798 1.1100936935091428
799 799 -2.368605602011145
800 800 -1.5237673743064442
813 813 0.6671366168678629
814 814 -1.299582731776185
815 815 0.33022364888005284
828 828 0.26075521692257225
829 829 0.6233351130113604
830 830 0.9778949472021152
843 843 -0.1777814774976292
844 844 1.0019741840822793
845 845 0.2740634182990149
858 858 0.7029404634491697
859 859 -0.1602601398200826
860 860 1.0324212709902865
873 873 0.34854514422224203
874 874 -0.9520523823441428
875 875 0.031933142562791006
888 888 0.942035652650388
889 889 0.7822153242945965
890 890 -1.588565389075322
903 903 1.3092085549362382
904 904 0.4638431048850904
905 905 0.10320740444974019
918 918 0.017207645737666647
919 919 -1.5818630874835302
920 920 -0.2721302342293905
933 933 -1.5126211148021773
934 934 -0.7643416142105618
935 935 -0.44894619685303067
948 948 0.85993874313323
949 949 -0.28108150354643624
950 950 -1.629281721465666
963 963 0.1197003822529705
964 964 -1.492181753131843
965 965 1.0531533740933898
978 978 -2.3705585093051296
979 979 -0.7717106228412705
980 980 0.7145397021796542
993 993 -1.0639414225283113
994 994 0.7033045500980595
995 995 1.1464482031021372
1008 1008 0.3679360141497287
1009 1009 1.3033243099189913
1010 1010 1.0775653962700762
1023 1023 -1.5410158926050892
1024 1024 0.4520669520201945
1025 1025 -1.2365335108224342
1038 1038 -1.118563814175498
1039 1039 0.20275350329736333
1040 1040 -1.2132264445420746
1053 1053 0.16328471901252622
1054 1054 0.5964370882653357
1055 1055 -0.24339546097456685
1068 1068 -0.1216161566524747
1069 1069 0.612306726805011
1070 1070 -0.5470048483836629
1083 1083 -0.8845805302078766
1084 1084 -0.045543190113218196
1085 1085 -0.11893470808843083
1098 1098 0.9937805325172073
1099 1099 0.6609881231220849
1100 1100 -0.051328388830338426
1113 1113 0.1844656624071876
1114 1114 0.8842046640930266
1115 1115 1.4566098210400504
1128 1128 1.1811265379791938
1129 1129 -0.5039497344884616
1130 1130 -0.8323002642243561
3364 3364 -0.008138377565441307
3365 3365 -0.2973146757308161
3366 3366 -0.4334052485681212
3379 3379 0.8240021565319838
3380 3380 -0.46731652713065425
3381 3381 -0.573308853867246
3394 3394 1.803629874039417
3395 3395 -0.19389634599494437
3396 3396 0.9170496684784706
3409 3409 1.2639973785280072
3410 3410 0.5224299930629377
3411 3411 -0.5772946967761095
3424 3424 -1.6527065409599748
3425 3425 0.2840264968474529
3426 3426 0.204516644426412
3439 3439 -0.9581806021781215
3440 3440 -1.3878987737554942
3441 3441 -1.2132329193884424
3454 3454 0.4996928659227783
3455 3455 -0.7541972611287888
3456 3456 -0.6807686340304778
3469 3469 0.8301160154504414
3470 3470 1.6233291696406227
3471 3471 0.006686076652488202
3484 3484 -1.3347724278383133
3485 3485 -1.2161508024266627
3486 3486 0.47281894410747394
3499 3499 -1.9474882820392099
3500 3500 -0.5427878972259438
3501 3501 0.9417848631351385
3514 3514 -0.4651642200767484
3515 3515 -0.061940516744508525
3516 3516 -0.3341184835497336
3529 3529 1.6308187092037532
3530 3530 1.3471318166989676
3531 3531 0.4035008301687254
3544 3544 2.9995568770489314
3545 3545 -2.5866559817826555
3546 3546 -0.981715220160926
3559 3559 -0.8986078003669316
3560 3560 0.2509865228910876
3561 3561 0.9851182680446804
3574 3574 -0.9390020915574453
3575 3575 0.7776062057158531
3576 3576 -0.37801908733926454
3589 3589 -1.173126448297366
3590 3590 0.5149820121702804
3591 3591 -0.49949666272634097
3604 3604 -0.33656027975470826
3605 3605 0.4136057660766022
3606 3606 -0.23299841515972575
3619 3619 -2.1778087407198243
3620 3620 -0.517277362648775
3621 3621 0.3986870847903749
3634 3634 -0.2017410618650498
3635 3635 0.33123798028601464
3636 3636 0.5414384648385112
3649 3649 -0.37357406305391627
3650 3650 0.5575596629792074
3651 3651 -0.7292042877092311
3664 3664 -0.7250742110674508
3665 3665 0.1645937947130618
3666 3666 -0.9149457038312798
3679 3679 1.0892022693172796
3680 3680 -0.9247421387327537
3681 3681 -0.6216120296775922
3694 3694 -0.6748097224008506
3695 3695 0.7507334161320112
3696 3696 0.450694555434106
3709 3709 1.5067958805097161
3710 3710 -0.8512958135015213
3711 3711 0.10475794028589532
3724 3724 0.4588436073035892
3725 3725 -1.5015624080455323
3726 3726 -1.0335401208913628
3739 3739 -0.028362780735665612
3740 3740 -0.1489425806086296
3741 3741 0.6412088548247877
3754 3754 -0.020469954001029272
3755 3755 0.9827239629719035
3756 3756 0.6492261598288502
3769 3769 -0.6998435701740864
3770 3770 -0.09796847998711367
3771 3771 -0.4641062304856315
3784 3784 -0.42971600243594665
3785 3785 -0.12640001534029466
3786 3786 -0.5890896449993702
3799 3799 1.1974355406074646
3800 3800 -0.9965809084161011
3801 3801 2.640013057925071
3814 3814 1.520536623443679
3815 3815 -1.1008516788336706
3816 3816 -0.030234137635843393
3829 3829 -1.5383537974525943
3830 3830 -0.7501550125068862
3831 3831 1.4037492675791299
3844 3844 0.13353004553939868
3845 3845 1.3985109308804842
3846 3846 -0.9107410384039708
3859 3859 -0.9899863753756893
3860 3860 1.003970310814405
3861 3861 -0.34447132053356666
3874 3874 1.099530597353381
3875 3875 0.6226147952477785
3876 3876 -0.6047592133499413
3889 3889 -2.3708217608113933
3890 3890 -0.7904792014275095
3891 3891 -2.501722087851471
603 604 0.47375948930671796
603 618 0.6904341898041709
603 3484 -0.2801915594747696
603 3499 0.045667394374266417
603 3514 0.5964381369480408
603 3529 -0.7656704781936597
604 605 -0.1862243071985745
604 619 0.18680029998023273
604 3664 0.4312234412503398
604 3679 0.5117519902182014
604 3694 -0.2658174729111103
604 3709 -0.4262514777220058
605 620 0.6420463057831827
605 3844 0.1709544231414586
605 3859 -0.6250714882863609
605 3874 -0.21567760176271733
605 3889 0.9160114888919154
618 619 -0.03299458012516495
618 3484 -0.28185138994022857
618 3499 0.3651074910141543
618 3514 -0.05381407105637976
618 3529 0.3723109651730644
619 620 0.06428465259892786
619 3664 0.19550406475976106
619 3679 0.24840582532357033
619 3694 0.9043282863398089
619 3709 -0.47141066769170725
620 3844 -0.3360669230977646
620 3859 0.1797923170838803
620 3874 -0.11957932006583662
620 3889 -0.1681485066104707
633 634 -0.6114931684177564
633 648 -0.18359855158989852
633 3424 -0.34610993622005914
633 3439 0.13229877067681656
633 3454 -0.35237006568063933
633 3469 0.3068334434802857
633 3484 0.19324868672808904
633 3499 -0.39795375156965584
633 3514 -0.43755895252817756
633 3529 0.009025786673847779
634 635 -0.34856808784272353
634 649 0.1426482427277811
634 3604 1.0
634 3619 0.1871889194579391
634 3634 0.309804329997151
634 3649 0.11101769899711511
634 3664 -0.17070998359931244
634 3679 0.17518128670345104
634 3694 -0.0992099842269082
634 3709 -0.2398688072504242
635 650 0.03654218809090748
635 3784 -0.38650511051217984
635 3799 -1.0
635 3814 0.12421750480904029
635 3829 0.5416220594748632
635 3844 -0.21972721054442207
635 3859 0.03906938156685563
635 3874 0.5705194339143927
635 3889 -0.07523219857404981
648 649 -0.37899306697144997
648 3424 -0.4843739939507777
648 3439 0.5398054374455515
648 3454 1.0
648 3469 -0.2942259058746127
648 3484 -0.3123543428618027
648 3499 -0.8320559484630751
648 3514 -0.46935000985653064
648 3529 0.16822379025277176
649 650 0.4397156243581735
649 3604 0.24464694151538727
649 3619 1.0
649 3634 -0.37038457292182375
649 3649 0.1799065797593585
649 3664 -0.07444790480004748
649 3679 1.0
649 3694 0.07153950319170657
649 3709 0.015734364489993418
650 3784 -0.7786760664482378
650 3799 -0.34359917159753933
650 3814 -0.05985348649923333
650 3829 -0.743830180747522
650 3844 -1.0
650 3859 0.47885391768050084
650 3874 0.3341866836384854
650 3889 0.1696729971285129
663 664 0.27193771450205567
663 678 0.3523928481386347
663 3424 0.2196253702319135
663 3439 0.7087561935179707
663 3454 -0.6568959064241106
663 3469 0.1452312706174546
663 3484 0.6901995519689471
663 3499 -0.5416578874697895
664 665 0.4216766020767697
664 679 0.0900977451823869
664 3604 -0.5160802113024633
664 3619 0.6138900847131876
664 3634 -0.13527516446590052
664 3649 0.5086858688380429
664 3664 -0.31331794570935356
664 3679 0.9145763544829204
664 3514 0.11596214474100834
664 3529 0.6499801096549586
665 680 -0.28111802516776196
665 3784 0.24518936740781583
665 3799 -0.30299178712998537
665 3814 0.36085081246199047
665 3829 -0.3133376599922201
665 3844 0.48951590949028606
665 3859 0.2706954509242078
665 3694 -0.09880216215743555
665 3709 -0.39025225218721216
678 679 -0.2454425276341042
678 3424 -0.17190539418947023
678 3439 0.32198641688203106
678 3454 0.07503814038722699
678 3469 -0.7203351079035567
678 3484 0.11663259915446987
678 3499 -0.10813012329065302
679 680 -0.31604009244512127
679 3604 0.24244455703860035
679 3619 -0.658849922357179
679 3634 1.0
679 3649 0.06596135313965587
679 3664 -0.6396973976024058
679 3679 0.199356057327997
679 3514 -0.03188325333658415
679 3529 1.0
680 3784 -0.2669237765873666
680 3799 -0.60171345354574
680 3814 0.13884084258752577
680 3829 -0.00733263344610233
680 3844 0.25787149809431564
680 3859 0.6225547761506105
680 3694 -0.4123317129843821
680 3709 -0.6726210190114038
693 694 -0.3561601954230935
693 708 0.006402113826118091
693 3424 0.5349366046400881
693 3439 0.30512486145682305
693 3454 -0.02087023082405175
693 3469 -0.29801013829317996
693 3484 0.6059682983337704
693 3499 0.19996980351812596
693 3364 -0.19076343021790249
693 3379 -0.28187323887835714
693 3394 0.6775181147953405
693 3409 -0.08851297523845217
694 695 -0.26195347600329094
694 709 0.00714478750966851
694 3604 -0.12857883870477022
694 3619 -0.524939319449945
694 3634 -0.4620485865954471
694 3649 1.0
694 3664 0.5905335310852982
694 3679 0.5458297311847125
694 3514 0.22072148820580245
694 3529 0.8478217158637245
694 3544 0.8349669289709853
694 3559 -0.5272313224946316
694 3574 0.43365420186054615
694 3589 -0.33442471950447483
695 710 -0.022540366731452075
695 3784 0.7192168125226535
695 3799 0.410741243310228
695 3814 0.4765375146113397
695 3829 0.610863702374814
695 3844 0.11046775016939954
695 3859 0.24829191897458347
695 3694 -0.4764104302797811
695 3709 0.3174768187345185
695 3724 -0.10698600816608271
695 3739 0.22051289411667432
695 3754 -0.14631069663454313
695 3769 -1.0
708 709 0.23355890292040604
708 3424 1.0
708 3439 -0.029714719530548807
708 3454 -0.04113221782483393
708 3469 0.3805538454696991
708 3484 0.23838472535247676
708 3499 0.34425160853773457
708 3364 -0.5399179181633107
708 3379 0.18896952787286508
708 3394 0.6310363495787928
708 3409 0.08209667489752505
709 710 0.070264538603457
709 3604 0.2604533730603709
709 3619 -0.21541992737038793
709 3634 -0.9759810594050192
709 3649 0.600332931351465
709 3664 0.3617250810849367
709 3679 1.0
709 3514 0.2455801242393652
709 3529 -1.0
709 3544 -0.8136163349194001
709 3559 0.47488225051127175
709 3574 -0.3943766068348055
709 3589 -0.0634287081606509
710 3784 -0.3589549696610599
710 3799 0.002022583799885267
710 3814 -0.3442184038493839
710 3829 0.33809103795866235
710 3844 0.020810751900350585
710 3859 -0.23607382270646748
710 3694 -0.38146546007448723
710 3709 -0.12437417269796845
710 3724 0.2091726044957503
710 3739 0.34761172959133313
710 3754 0.7719491666720014
710 3769 0.15591467084439106
723 724 -0.2573283478590355
723 738 -0.6846460656774397
723 3424 0.3412390845499568
723 3439 -0.5904237311000198
723 3364 0.33234796269940325
723 3379 -0.9148949595210891
723 3394 -0.3080363680727626
723 3409 -0.11537060235098337
724 725 0.08278781669426467
724 739 0.9644024914320125
724 3604 -0.7450965616504643
724 3619 0.5977660917686852
724 3454 -0.09831676937895581
724 3469 -0.19478677070765493
724 3484 -0.1884387612810219
724 3499 0.041309589932725876
724 3514 0.10835448819109339
724 3529 -0.6017853082708639
724 3544 -1.0
724 3559 -0.32705526441232813
724 3574 -0.5891089555388644
724 3589 -1.0
725 740 0.30353479524144716
725 3784 0.0871257302917462
725 3799 0.1274150480706677
725 3634 0.7243656465777685
725 3649 0.978926637378432
725 3664 0.13678700695568308
725 3679 0.8631551761680889
725 3694 -0.28725253184658095
725 3709 0.2891368943943721
725 3724 -0.5454967639701693
725 3739 -0.10948005204934465
725 3754 -0.46614957173934685
725 3769 -0.15349125115297732
738 739 -0.015841725509769398
738 3424 0.4905927575642855
738 3439 -0.933495922730394
738 3364 -0.039553055403317085
738 3379 0.016939784031905155
738 3394 0.5976844117312916
738 3409 0.2895426197857774
739 740 0.1765555956330092
739 3604 0.32087305876228217
739 3619 -0.3283422376453658
739 3454 -0.779181488792697
739 3469 0.3601008545613727
739 3484 0.7365883190806544
739 3499 0.03034868162767327
739 3514 -0.761089264672971
739 3529 -0.13092725507475098
739 3544 0.017577206590413764
739 3559 -0.019969906687097114
739 3574 -0.14374700896449188
739 3589 -0.01782299561542701
740 3784 -0.08733329804707383
740 3799 0.021507223260627123
740 3634 -0.7228929222946238
740 3649 -0.20297330309873582
740 3664 0.3570144998444452
740 3679 0.9621588548678507
740 3694 -0.39929209488893463
740 3709 -0.20527791798462205
740 3724 -0.054384591233861884
740 3739 -0.4953293494064508
740 3754 -0.7000691550222039
740 3769 0.28684331924106876
753 754 0.42149888728027035
753 768 0.11274462084022206
753 3424 1.0
753 3439 0.16560237336840128
753 3364 -0.8141974684760436
753 3379 0.4006477345645762
753 3394 0.1253216650686436
753 3409 -0.6136890599523339
754 755 -0.08779420526295524
754 769 0.6158056648170295
754 3604 -0.7791095419624711
754 3619 -0.213068521034616
754 3454 -0.28177529693566994
754 3469 -0.22210881503173602
754 3485 -0.8049468377633174
754 3500 -0.3065297658292506
754 3515 0.9955925655328571
754 3530 -0.1588557813590674
754 3544 -0.9478839314697182
754 3559 -0.5247772954336677
754 3574 0.042587825977900555
754 3589 -0.30537694122644704
755 770 0.22931631732121255
755 3784 -0.7196444492166578
755 3799 -0.5136549620779425
755 3634 0.9358555127372086
755 3649 0.6194301464094009
755 3665 -0.8345483657229399
755 3680 0.35881709902749687
755 3695 -0.26600482662081076
755 3710 0.011018121461648276
755 3724 0.29919156105691896
755 3739 0.23944241479646935
755 3754 0.42710599230473034
755 3769 0.1834888760463524
768 769 -0.8781765438344166
768 3424 -1.0
768 3439 0.7053485684025453
768 3364 0.5160222637725248
768 3379 -0.6533047633614879
768 3394 -0.47914975334063864
768 3409 0.5037312053111974
769 770 -0.5139530284737334
769 3604 -0.05817909580869766
769 3619 0.1394649077600622
769 3454 -0.39708062144058387
769 3469 -0.388004471471373
769 3485 -1.0
769 3500 -0.2940997935994303
769 3515 0.794724089859164
769 3530 0.45785512618578417
769 3544 0.42710434712400236
769 3559 -0.7642193699255643
769 3574 -0.8467682643223282
769 3589 1.0
770 3784 0.14671732700841544
770 3799 0.3580555484788657
770 3634 -0.5397272219221649
770 3649 -0.35213170375557623
770 3665 0.3137689358831675
770 3680 -0.37644707861752175
770 3695 -0.5462681930166245
770 3710 0.06054161839453873
770 3724 0.09282863850879362
770 3739 0.9738811066722534
770 3754 -0.5881835787546793
770 3769 0.7083478544873774
783 784 -0.08482349164647256
783 798 0.3264303195280546
783 3424 -0.5923397934153336
783 3439 0.5060774769430771
783 3454 -0.13740323184698075
783 3469 0.27584430140768407
783 3485 0.5602919428483778
783 3500 -0.008102485419089431
783 3515 -0.5554283666905645
783 3530 0.4539251681436695
783 3544 0.193644750712645
783 3559 -0.3970332963623042
783 3394 -0.4477686578714124
783 3409 0.3048609837619017
784 785 -0.13069779282228672
784 799 0.736631747143368
784 3604 0.006014589622949448
784 3619 0.9530813511925857
784 3634 0.7890424416554659
784 3649 -0.3461948662604241
784 3665 -0.4953636264214061
784 3680 0.22352861320416414
784 3695 0.2935027547667757
784 3710 -0.3236864742287596
784 3724 0.3719550671032548
784 3739 0.4068303513993093
784 3574 0.3875816566043196
784 3589 -0.17091387021907933
785 800 -0.25436216334305234
785 3784 -0.17626530390162165
785 3799 0.21688484611125317
785 3814 -0.5828402852443214
785 3829 -0.2643095174880237
785 3845 -0.5745380148191196
785 3860 0.8179126964241162
785 3875 0.2710101673019853
785 3890 0.2680189163094751
785 3754 -0.33352804677852427
785 3769 -0.10949200976578433
798 799 -0.18767786129793268
798 3424 -0.6432415669886368
798 3439 -0.6454729697148013
798 3454 1.0
798 3469 -0.5729642080202549
798 3485 -0.45579815994682965
798 3500 0.8691055550958209
798 3515 -0.28813881572819516
798 3530 -0.14462161394881012
798 3544 0.5418904360648779
798 3559 -0.31397848709844617
798 3394 0.48051595896620064
798 3409 0.25071078942499153
799 800 -1.0
799 3604 -0.524408036132107
799 3619 0.3169710959139845
799 3634 -0.013558042167130305
799 3649 -0.678296783183868
799 3665 0.37436188596081654
799 3680 -0.6794006434681148
799 3695 -0.6280391172798503
799 3710 0.7873859143133168
799 3724 -0.5083552953772956
799 3739 0.782467815946835
799 3574 -1.0
799 3589 -0.1728965557428905
800 3784 0.5484944369289735
800 3799 0.21746825968021366
800 3814 -0.20221446024203243
800 3829 -0.5408030897711733
800 3845 -0.47734669722105294
800 3860 0.23421666685454756
800 3875 -0.5823345441465668
800 3890 0.283687550446038
800 3754 -0.428629544163884
800 3769 -0.49494187295078157
813 814 -0.1951703276539642
813 828 -0.28259644588022165
813 3425 -0.2603423842653815
813 3440 1.0
813 3455 1.0
813 3470 0.017803268862764187
813 3485 0.2877097251331558
813 3500 0.14340448575676848
813 3515 0.5031270164922724
813 3530 0.4453718887083152
813 3544 0.29726678279309043
813 3559 0.05563461295883551
813 3394 1.0
813 3409 -0.09918684728164376
814 815 -0.5456620785024635
814 829 -0.9619541539038817
814 3605 -0.11340644268916258
814 3620 -0.06875602375554737
814 3635 -0.08118514043142563
814 3650 -0.12688739045871755
814 3665 0.3874730841704353
814 3680 0.6331491767667545
814 3695 -0.3474696068677989
814 3710 -0.4712349326487645
814 3724 -0.2604529537911653
814 3739 -0.05255531396707227
814 3574 0.04712358883323269
814 3589 0.6467494912514017
815 830 0.01338051186173777
815 3785 -0.9324098256081504
815 3800 -0.42587605032387094
815 3815 -0.4883680524957333
815 3830 0.43531340014734676
815 3845 0.36545526068664597
815 3860 -0.11247800525436727
815 3875 0.33569856057968134
815 3890 1.0
815 3754 -0.32912685675099446
815 3769 0.13855535280394785
828 829 0.7391093389772075
828 3425 0.7631748810590404
828 3440 0.5459381713136329
828 3455 0.20361417836586065
828 3470 0.47346021642618585
828 3485 -0.44335657825802516
828 3500 0.6045673698831713
828 3515 -0.0643569845711585
828 3530 0.04521550169632006
828 3544 0.5071967131781139
828 3559 -0.8761311665100734
828 3394 -0.8820542530197629
828 3409 0.10325002738537524
829 830 -0.5941706905814932
829 3605 0.6920083431577146
829 3620 0.04855035830318227
829 3635 0.1315577681068353
829 3650 0.2105986290952079
829 3665 -0.2765414703675389
829 3680 0.6830245301371806
829 3695 0.5531016443675971
829 3710 0.5256174921574995
829 3724 -0.5188210510708636
829 3739 0.23016484036902995
829 3574 -0.584877860869311
829 3589 0.445587166881208
830 3785 -0.023222025075782634
830 3800 0.38389383765694235
830 3815 0.6899195212893645
830 3830 -0.12556439060096716
830 3845 -0.19402352470021936
830 3860 -0.6399741849346063
830 3875 0.10643416221552536
830 3890 -0.07692884091752374
830 3754 -0.09810335363348713
830 3769 -0.22051409996270407
843 844 -0.3601087308620944
843 858 -0.9282547837733981
843 3425 -0.5933931334268466
843 3440 -0.7590796117782815
843 3455 0.2909932378278556
843 3470 0.9870018837513642
843 3485 0.009032936602002743
843 3500 -0.21373434087193977
843 3364 0.3110546882314271
843 3379 -0.2655777962996094
843 3394 0.5591898348184293
843 3409 0.7095038818115829
844 845 0.4208975711471384
844 859 -0.504293604957969
844 3605 -0.3138408958395252
844 3620 -0.4829768960663311
844 3635 0.10241476750319724
844 3650 -0.09788860806924872
844 3665 0.4211659390519425
844 3680 0.5566201602868819
844 3515 -0.3236545737109823
844 3530 0.08243775293232891
844 3544 0.4341226850145246
844 3559 -0.6727039639731776
844 3574 0.2629021140800088
844 3589 -0.23479705603308362
845 860 -0.09797028007807304
845 3785 0.781187250326012
845 3800 -0.6489381275656897
845 3815 1.0
845 3830 -0.19026309114063733
845 3845 0.16968669084773624
845 3860 0.24019779280386575
845 3695 -0.4959702298040397
845 3710 0.2688426344463748
845 3724 0.14773988641151525
845 3739 0.04701142117971446
845 3754 -0.32952881180456
845 3769 0.11424631283787128
858 859 -0.5321766579817567
858 3425 0.419744253808844
858 3440 0.45549069929000285
858 3455 0.47471661500577844
858 3470 0.269838396647375
858 3485 0.4624498487600228
858 3500 0.3270585824083463
858 3364 -1.0
858 3379 0.3586764578780472
858 3394 -0.3228178372656379
858 3409 0.5654380056019622
859 860 -0.06910377805513487
859 3605 0.5724364928637942
859 3620 -0.2070982168208215
859 3635 -0.5625215979242412
859 3650 -0.23924343794738223
859 3665 -0.6587658953245868
859 3680 -0.7226442701914618
859 3515 -0.6039965589575821
859 3530 -0.467916058020921
859 3544 -0.45611919356032515
859 3559 -0.3622056908587967
859 3574 -0.2703058296246338
859 3589 0.4817741690977664
860 3785 0.18954311539478236
860 3800 0.22605614225687667
860 3815 0.1814477153802338
860 3830 -1.0
860 3845 -0.19299433157036108
860 3860 0.22189234836862912
860 3695 1.0
860 3710 0.38803829467808715
860 3724 -0.3642536627124816
860 3739 -0.3861377887829573
860 3754 0.4776069881822223
860 3769 0.06638834642395455
873 874 0.4208032508525265
873 888 0.09102682519227522
873 3425 0.7006941682854767
873 3440 0.5696368911788924
873 3455 0.4746535103438393
873 3470 -0.02555468861574583
873 3485 0.044203047479469446
873 3500 -0.6844306741102824
873 3365 -0.3065406032961252
873 3380 -0.5149452681714718
873 3395 0.21964897210213313
873 3410 -0.015931426084573166
874 875 0.44745042573558036
874 889 0.45286488991297746
874 3605 0.3635029463963002
874 3620 -0.3931969020976581
874 3635 -0.43489458998964264
874 3650 0.45303861012558444
874 3665 -0.9405009035729693
874 3680 0.09912664405853223
874 3515 0.3824313136914667
874 3530 0.3564126281350886
874 3545 0.1514854994000712
874 3560 0.5845228916373284
874 3575 0.7267624871242045
874 3590 -0.10837353414896034
875 890 0.2215577111540561
875 3785 -0.18830254697047732
875 3800 -0.023980896113314092
875 3815 0.22067102433584074
875 3830 0.5401566472072303
875 3845 0.307228097591147
875 3860 -0.7159942946766414
875 3695 0.13462097661245245
875 3710 0.6969497181640211
875 3725 -0.31961048424373883
875 3740 -0.6258255638278656
875 3755 -0.19506993980563472
875 3770 -0.22864185505718523
888 889 0.01984238591893785
888 3425 0.852049187971657
888 3440 0.6410000166369654
888 3455 0.005986969907530207
888 3470 0.05995918602844459
888 3485 0.7473615567190284
888 3500 0.025756528845929823
888 3365 0.9035506047925709
888 3380 0.13697697644150678
888 3395 -0.4644086419532385
888 3410 -0.2949785807821276
889 890 -0.5983676107606923
889 3605 0.37688955276761293
889 3620 0.4721121661909412
889 3635 0.20420464082843087
889 3650 -0.3794979260976875
889 3665 0.1987364356283108
889 3680 0.6328267606069357
889 3515 0.5142747584159805
889 3530 0.1861019241814134
889 3545 0.39982078681619426
889 3560 0.13136427198137357
889 3575 -0.3167232252278992
889 3590 0.14420290553497567
890 3785 -0.30750112751296005
890 3800 -0.052659687059474214
890 3815 -0.40948978314369705
890 3830 -0.4533769290185223
890 3845 0.6972138033937794
890 3860 0.3618874036053989
890 3695 0.4514113067845874
890 3710 -0.1206103654398675
890 3725 -0.2977918798110916
890 3740 -0.6978799039280306
890 3755 0.106313737536051
890 3770 0.7938838143577726
903 904 -0.6716852968562761
903 918 0.18814085399384006
903 3425 -0.3565917400935006
903 3440 0.3351319847367164
903 3365 -0.17891151146354298
903 3380 1.0
903 3395 0.7749952284305811
903 3410 -1.0
904 905 0.002981552006022876
904 919 -0.1388180852195785
904 3605 -0.04477954652740172
904 3620 -0.7379724434290845
904 3455 0.4870304395079325
904 3470 -0.20895561752799055
904 3485 -0.05233973883204735
904 3500 -0.1832274811178942
904 3515 0.29393424724414213
904 3530 -0.84774210213404
904 3545 0.12593805020415938
904 3560 0.7235332640914873
904 3575 -0.7559780452703807
904 3590 0.5271833759368305
905 920 -0.22928734400499004
905 3785 -0.14955849907256372
905 3800 -0.44802034069302016
905 3635 0.25152705341094006
905 3650 -0.5471175869785943
905 3665 0.29166711493044506
905 3680 0.5487491596073524
905 3695 0.9616170968461845
905 3710 -0.025671827762054678
905 3725 0.9828737773036199
905 3740 -0.09732538421006073
905 3755 0.7230122062129849
905 3770 0.6125645360067653
918 919 -0.2240323778811473
918 3425 0.19221342574693737
918 3440 -0.3471131984158875
918 3365 0.2948170996213577
918 3380 -0.6982819437894895
918 3395 -0.11951494771666311
918 3410 0.6067521022938124
919 920 0.2586576444973453
919 3605 -0.42403358285629916
919 3620 -0.164155902787906
919 3455 0.07486262475357704
919 3470 0.4619540275871879
919 3485 -0.4287479741560707
919 3500 0.6125204830981736
919 3515 -0.366796530694847
919 3530 0.10675007405344464
919 3545 -0.08547634429904682
919 3560 -0.045700058428536534
919 3575 -0.11130205901012447
919 3590 -0.11704806025015238
920 3785 0.566684882488217
920 3800 0.1567197534445901
920 3635 0.005755744671257248
920 3650 0.5651084167154171
920 3665 -0.596798552437299
920 3680 -0.5689972837653975
920 3695 -1.0
920 3710 0.7645298942193032
920 3725 -0.7810596315517985
920 3740 0.32775827405502767
920 3755 0.21098702184202967
920 3770 0.03683723704213152
933 934 -0.188703364557281
933 948 -0.4187967717301823
933 3425 0.35332875596249
933 3440 0.2210418510125902
933 3365 -0.2052869633440636
933 3380 0.2580232146172915
933 3395 -0.5062848077678752
933 3410 -0.22083669729926744
934 935 -0.537419764964308
934 949 -0.281201994198915
934 3605 -0.8441856326087472
934 3620 -0.11108915049171866
934 3455 0.5795908993327694
934 3470 0.7180873027271265
934 3486 -0.07891157210616846
934 3501 -0.5162280139007818
934 3516 0.6781308949059726
934 3531 0.26206829393545616
934 3545 0.8184996931757842
934 3560 0.15663627935361255
934 3575 -0.4208820183649037
934 3590 -0.06977085680388269
935 950 -0.5470829561168074
935 3785 -0.27686356074698987
935 3800 0.07949945942932182
935 3635 0.5212535149868923
935 3650 0.5888759154265367
935 3666 0.48124779608349816
935 3681 -0.03617479997315432
935 3696 0.2690359226654746
935 3711 -0.7043507820609669
935 3725 -0.42861641782037024
935 3740 0.23540161173435267
935 3755 -0.6692169787666726
935 3770 -0.28934757144180834
948 949 0.20088444863824811
948 3425 0.2388943860952655
948 3440 0.0070106127116897135
948 3365 -0.21322385726041893
948 3380 0.6903901722759763
948 3395 -0.44081675744117926
948 3410 -0.16740517596030793
949 950 0.26132231162480246
949 3605 0.20325702811201815
949 3620 -0.2656952583309163
949 3455 -0.7625120018878032
949 3470 -0.22782629711857663
949 3486 -0.05052327584389252
949 3501 -0.05369485145333539
949 3516 0.5063351554324809
949 3531 -0.5174110132206936
949 3545 1.0
949 3560 -0.11119168316741614
949 3575 -0.6985946431925822
949 3590 -0.3910685836291898
950 3785 -1.0
950 3800 -0.37929297615708324
950 3635 -0.6337774758113219
950 3650 -0.22075017290376117
950 3666 0.14990638865872177
950 3681 1.0
950 3696 -0.6268618245779709
950 3711 -1.0
950 3725 -0.5434902332080161
950 3740 0.05416448291465799
950 3755 -0.087459082122058
950 3770 -0.34869588661562645
963 964 -0.1618531732078165
963 978 -0.307373409753733
963 3425 1.0
963 3440 0.4770646293693422
963 3455 0.4130487054695363
963 3470 -0.8828824884217513
963 3486 0.015817320101549764
963 3501 -0.1210179501666969
963 3516 -0.6200788719750067
963 3531 0.8693819685471068
963 3545 -0.7528872267943844
963 3560 -0.6614176251038532
963 3395 -0.1259121146682244
963 3410 -0.01270776804193865
964 965 0.8585898279711173
964 979 0.6028971009631994
964 3605 -0.13976451205788934
964 3620 -0.024923269726923748
964 3635 0.17100533729256331
964 3650 0.0796173590233826
964 3666 -0.574960441520187
964 3681 -0.161949156498102
964 3696 -0.3702852607689768
964 3711 -0.9279954577250611
964 3725 0.7106058858372313
964 3740 -0.5057538030982317
964 3575 0.957020742257318
964 3590 -0.906763023370292
965 980 -0.6686248107687884
965 3785 0.16212812892408585
965 3800 -0.21932595220573467
965 3815 0.027618834606706066
965 3830 0.655337953453231
965 3846 0.4364681450583439
965 3861 0.41603665739378426
965 3876 1.0
965 3891 0.6463343061286249
965 3755 -0.23491471438131362
965 3770 0.1420274740285452
978 979 0.4466350993549695
978 3425 0.5407653175799665
978 3440 0.3403562205448097
978 3455 0.5113961929896791
978 3470 -0.01643870933819626
978 3486 -0.8957343325983277
978 3501 0.5253939147602323
978 3516 -0.48719489866009996
978 3531 -0.8210831411661625
978 3545 -0.5736871644867565
978 3560 -0.1711806236400638
978 3395 0.2571793433268357
978 3410 0.5672068844231027
979 980 0.0759221200308925
979 3605 0.2053620188240508
979 3620 -0.49115906970570444
979 3635 -0.08165620339890597
979 3650 -0.5407117175222346
979 3666 0.3203914338884227
979 3681 0.2107501732993697
979 3696 0.05608810720744585
979 3711 0.32552283685420663
979 3725 -0.5095904035579366
979 3740 -0.46765949932528966
979 3575 -0.6258219420116746
979 3590 0.15735060631543607
980 3785 -0.9842752810395436
980 3800 1.0
980 3815 -0.26512549118890977
980 3830 -0.5594504867879352
980 3846 0.17006735906284778
980 3861 -0.2302462020832173
980 3876 -0.5069729069576715
980 3891 -0.4778276990449965
980 3755 0.06408476468064755
980 3770 0.13310056070027942
993 994 -0.20732749315216387
993 1008 -0.4760981575002979
993 3426 0.057888097445523826
993 3441 -0.1867251320595982
993 3456 -0.427915141419909
993 3471 0.10959732508785597
993 3486 -0.02556845900134814
993 3501 -0.15949220375266118
993 3516 -0.02738118573068824
993 3531 -0.48737376676833516
993 3545 -0.13300264375850024
993 3560 -0.5123674571051008
993 3395 -0.5012601413209826
993 3410 0.16510196029938629
994 995 0.6195755577336928
994 1009 0.7358891278855118
994 3606 -0.6342908755980751
994 3621 0.5501569067737708
994 3636 0.10354505982764278
994 3651 -0.647284441082583
994 3666 -0.4311939730072094
994 3681 0.031482658068148414
994 3696 -0.4981505466629604
994 3711 0.35981263042741035
994 3725 -0.5966904203283983
994 3740 0.6395615208619639
994 3575 -0.06830826250856867
994 3590 -0.42753338678934993
995 1010 0.3918266583696333
995 3786 -0.19472340916965752
995 3801 0.0259978633091646
995 3816 0.8331642293100187
995 3831 0.13759347376669936
995 3846 -0.28119400744775835
995 3861 0.7368964715005691
995 3876 0.1738048857815633
995 3891 -0.08461720969603533
995 3755 -0.8854630799930019
995 3770 0.27490373767553095
1008 1009 0.06653707368965438
1008 3426 0.4995351948792918
1008 3441 0.14225219369661038
1008 3456 -0.4811796578941123
1008 3471 0.13944637469702054
1008 3486 -0.42710300773230897
1008 3501 0.18357814804094783
1008 3516 1.0
1008 3531 0.005805489649123606
1008 3545 0.4758665222283486
1008 3560 -0.34015282374392364
1008 3395 0.7471809416972413
1008 3410 -0.5368352716967034
1009 1010 0.07762115968609468
1009 3606 0.13871393033280588
1009 3621 -0.6408057946842066
1009 3636 -0.04619450669889039
1009 3651 0.2483303367102517
1009 3666 0.46280954623600185
1009 3681 -0.051291984463805146
1009 3696 0.005287139535707901
1009 3711 -0.7725235646423879
1009 3725 -0.9900903421224787
1009 3740 -0.22117718999705568
1009 3575 -0.40522118713604494
1009 3590 0.15541691982947528
1010 3786 0.03997699208738706
1010 3801 0.011457222163233546
1010 3816 -0.009156643077968745
1010 3831 -0.09613820486408378
1010 3846 -0.32520199905837777
1010 3861 0.7550542467101266
1010 3876 0.08807732586911088
1010 3891 -0.17809472299211182
1010 3755 -0.12801613388525993
1010 3770 -0.6509791537202639
1023 1024 -0.27361188858608354
1023 1038 -0.46475631488280505
1023 3426 -0.23958237167499977
1023 3441 0.14928231311523185
1023 3456 0.07163299581155806
1023 3471 -0.22801487518001187
1023 3486 0.06401981143476232
1023 3501 -0.34681167791910933
1023 3365 -0.5395820605941394
1023 3380 -0.25480840700505314
1023 3395 0.7131955062896195
1023 3410 0.21756619746447703
1024 1025 0.5567300415026263
1024 1039 -0.7360886888734128
1024 3606 0.3033473200004496
1024 3621 0.6884580770835658
1024 3636 -0.11969060951086266
1024 3651 -0.45664888601386083
1024 3666 0.6531382022210316
1024 3681 0.1092635504932455
1024 3516 -0.1761247071305709
1024 3531 -0.7509162751623532
1024 3545 -0.1216717640296739
1024 3560 -0.11380831257817921
1024 3575 0.45350176230550654
1024 3590 0.1689026088686715
1025 1040 0.7797003946870388
1025 3786 0.40869725925107553
1025 3801 0.5358922523053787
1025 3816 -0.31348202294619976
1025 3831 0.6027423734942632
1025 3846 0.40048714955941317
1025 3861 -0.5706405902849274
1025 3696 0.6783105625332884
1025 3711 0.49697869376267656
1025 3725 -0.7660831781542834
1025 3740 0.20307540396458562
1025 3755 0.42955471493828934
1025 3770 0.305562789768217
1038 1039 0.06711806971167007
1038 3426 0.5115491689533913
1038 3441 1.0
1038 3456 0.1418710601405495
1038 3471 0.41572503699905317
1038 3486 0.6165645915338157
1038 3501 -0.1730283324291835
1038 3365 -0.0687988532706036
1038 3380 0.3108577391682885
1038 3395 -0.8203373837121297
1038 3410 0.2266431294388618
1039 1040 0.262789089895946
1039 3606 -0.1560216656368685
1039 3621 0.22793202783130312
1039 3636 -1.0
1039 3651 0.17291623811122586
1039 3666 -0.4699210116391891
1039 3681 -0.9323965950367471
1039 3516 -0.9241593555666043
1039 3531 0.08381380411314725
1039 3545 0.017839759522327144
1039 3560 -0.08704341586588928
1039 3575 0.3339458012554963
1039 3590 0.11490160125161797
1040 3786 -1.0
1040 3801 -0.02902934968850805
1040 3816 -0.15768849050043726
1040 3831 -0.3434601799024133
1040 3846 0.0478906795479387
1040 3861 0.17452696791880548
1040 3696 0.19547250100276417
1040 3711 0.13998960195670693
1040 3725 -0.5791087752272975
1040 3740 0.06505808750579756
1040 3755 -0.2366966202421262
1040 3770 -0.21601942263069032
1053 1054 0.21952849399565832
1053 1068 -0.6697618404788429
1053 3426 0.11400594514726047
1053 3441 0.4693970906167484
1053 3456 -0.015201936197253692
1053 3471 0.2447797039760495
1053 3486 -0.4359765959748446
1053 3501 -0.45478335628941646
1053 3366 1.0
1053 3381 0.3388660135410185
1053 3396 -0.8214156361001238
1053 3411 0.21649119102861217
1054 1055 0.2165014775864308
1054 1069 -0.49428716074812584
1054 3606 -0.13423946047044288
1054 3621 0.16072792443908257
1054 3636 -0.6887660475771151
1054 3651 0.4287083914674385
1054 3666 -0.3524170914581909
1054 3681 0.8457688143273503
1054 3516 0.9093546296925253
1054 3531 0.16706751217117435
1054 3546 1.0
1054 3561 0.22546621158962152
1054 3576 -0.1713763288622251
1054 3591 -0.014440764118500279
1055 1070 -0.7309370244202096
1055 3786 0.7230636312556947
1055 3801 -0.12203160027104183
1055 3816 0.5246446574436445
1055 3831 0.37029598545610753
1055 3846 0.3758438894201865
1055 3861 0.07583719392333739
1055 3696 0.2901638800812645
1055 3711 -0.016578640204544425
1055 3726 0.38413421850135915
1055 3741 -0.3778627990529628
1055 3756 -0.8857893340819946
1055 3771 0.18856733785540436
1068 1069 -0.4079220371351357
1068 3426 0.6385611056746301
1068 3441 -0.3858244965893086
1068 3456 0.06708579399900243
1068 3471 0.2637103705925125
1068 3486 -0.1839554366772368
1068 3501 -0.15043200755738406
1068 3366 -0.434490718576066
1068 3381 -0.392400271121385
1068 3396 0.04302288444433097
1068 3411 -0.47633637826755376
1069 1070 0.2374678964949884
1069 3606 0.24910589467638766
1069 3621 -0.20143797937006544
1069 3636 0.12406650707803034
1069 3651 0.11178794980619489
1069 3666 -0.32708418150730656
1069 3681 0.6705425213595718
1069 3516 -1.0
1069 3531 0.7665081866526615
1069 3546 -0.07587207008436586
1069 3561 0.07695088470668963
1069 3576 0.36464971947754093
1069 3591 0.7825986318859068
1070 3786 -0.5802074839656719
1070 3801 -0.3760391203255092
1070 3816 -0.18757661136127202
1070 3831 -0.4961549253330753
1070 3846 -0.23026262762902436
1070 3861 -0.02168525432616559
1070 3696 0.12967831791262843
1070 3711 0.1696291704457783
1070 3726 0.1670419911663741
1070 3741 1.0
1070 3756 0.33158646050241675
1070 3771 -0.017522066645503466
1083 1084 -0.16623298287375812
1083 1098 -0.0970450094014492
1083 3426 0.0546688895401032
1083 3441 -0.04664866951959558
1083 3366 0.1175911216170781
1083 3381 0.07387525788440011
1083 3396 0.27781221303475995
1083 3411 -0.6191820430096251
1084 1085 -0.9260224351017257
1084 1099 -0.5502876011935632
1084 3606 -0.388211752371036
1084 3621 -0.6312808055953785
1084 3456 -0.5527186516022259
1084 3471 0.6277655970868096
1084 3486 -0.18418159810587417
1084 3501 -0.5415791216263407
1084 3516 0.17668025640633317
1084 3531 -0.564396958959891
1084 3546 -0.3128796009064494
1084 3561 0.24553525346087515
1084 3576 -1.0
1084 3591 0.06459642792637747
1085 1100 -0.6025297329206362
1085 3786 -1.0
1085 3801 0.8362177909109797
1085 3636 -0.5687994151372268
1085 3651 -0.12351996019771933
1085 3666 -0.5987135647671051
1085 3681 0.516846961666502
1085 3696 -0.08819010994593378
1085 3711 0.38331976080678853
1085 3726 -0.5428594672858575
1085 3741 0.9886787734243195
1085 3756 0.30606013323593023
1085 3771 -0.040210174262209596
1098 1099 0.8017372038714227
1098 3426 -0.25857540171155885
1098 3441 -0.4203071683885037
1098 3366 -0.29664133639980833
1098 3381 -0.02140032002221634
1098 3396 -0.6928486382037269
1098 3411 -0.050433027772477323
1099 1100 0.8117640624476041
1099 3606 -0.16942032493946044
1099 3621 -0.6282158932321857
1099 3456 0.15294261282176974
1099 3471 0.642803181571835
1099 3486 -0.03312080166438117
1099 3501 0.8196253161021032
1099 3516 0.09070210752336184
1099 3531 -0.3254136724377577
1099 3546 -0.06025415921384412
1099 3561 -0.40808926773457105
1099 3576 0.5684658332136564
1099 3591 0.5652540878933102
1100 3786 -0.15129358308082577
1100 3801 -1.0
1100 3636 -0.4971551657471727
1100 3651 0.09460615444924192
1100 3666 -0.21659880107894075
1100 3681 -0.3293274988844518
1100 3696 -0.1813421855947913
1100 3711 0.7214753374760323
1100 3726 0.035142273598048016
1100 3741 -0.09392494644689822
1100 3756 0.25490624323401356
1100 3771 -0.17903591045449346
1113 1114 -1.0
1113 1128 0.04399058618915503
1113 3426 -0.7153983833230152
1113 3441 0.25565790087467627
1113 3366 -0.0016632342377951945
1113 3381 -0.11730723920325908
1113 3396 0.6084882059658575
1113 3411 -0.46083745577908625
1114 1115 0.04391960561164261
1114 1129 0.051767023358999915
1114 3606 -0.5697913237789851
1114 3621 -0.08679507253132825
1114 3456 0.07675731126211188
1114 3471 0.24218048571799664
1114 3546 -0.9408523565081418
1114 3561 -0.5426398847064954
1114 3576 0.07946322189174679
1114 3591 -0.09651534727238732
1115 1130 -0.8513094880699962
1115 3786 -0.846802276966786
1115 3801 0.38183838106228574
1115 3636 0.2848981824032279
1115 3651 -0.3415192288464306
1115 3726 0.32124096020514176
1115 3741 -0.24894558796501984
1115 3756 -0.5595983665007358
1115 3771 -0.36867530821869926
1128 1129 0.4777789372414374
1128 3426 -0.29976033673842223
1128 3441 0.790206203366129
1128 3366 0.07911319374468677
1128 3381 0.2122483365353852
1128 3396 -0.2595046466641077
1128 3411 -0.31413253623532256
1129 1130 0.6816281331550674
1129 3606 -0.02567273759445239
1129 3621 0.16449648652946963
1129 3456 0.5885022849843339
1129 3471 -0.03121174114289034
1129 3546 -0.3396684606315338
1129 3561 0.2657109934991337
1129 3576 -0.33529747732349174
1129 3591 -0.8676126773787971
1130 3786 0.053454695879425355
1130 3801 -1.0
1130 3636 -0.2476470522511163
1130 3651 0.1432546657053571
1130 3726 -0.42311798998034333
1130 3741 0.3221006243243228
1130 3756 0.7443103628348201
1130 3771 0.05246373519606375
3364 3365 0.04051470372408437
3364 3379 0.4133840682014249
3365 3366 0.9069474252628741
3365 3380 0.6438519671299027
3366 3381 0.19121083573914707
3379 3380 -0.22456936442404646
3380 3381 0.33683144137693094
3394 3395 -0.8361708851557541
3394 3409 0.25067938019706587
3395 3396 -0.40344416627317503
3395 3410 -0.22107631775730197
3396 3411 -0.01132123664091019
3409 3410 0.4166047874783628
3410 3411 0.36273887022598905
3424 3425 0.36758392705097503
3424 3439 0.34539660423234486
3425 3426 -0.4436515964983277
3425 3440 0.09334876000331926
3426 3441 -0.38929342592647054
3439 3440 0.7845258109690745
3440 3441 0.04724426594820266
3454 3455 0.08699355986714064
3454 3469 0.6187905952552177
3455 3456 -0.9078250278535194
3455 3470 0.7259687892395695
3456 3471 0.19399209003826984
3469 3470 -0.4701367557848217
3470 3471 0.444517058002484
3484 3485 0.18773164227898315
3484 3499 -0.21851759650087238
3485 3486 -0.13203428617816068
3485 3500 0.042736882697510886
3486 3501 -0.02894553318803604
3499 3500 0.9399106005580227
3500 3501 0.47124668195073194
3514 3515 -0.45619819524091826
3514 3529 -0.3203970738088601
3515 3516 -0.037140122810152464
3515 3530 0.5956930029067381
3516 3531 0.6699750998157975
3529 3530 -1.0
3530 3531 0.5477557820563397
3544 3545 0.2905369396506701
3544 3559 -0.0028336293511807627
3545 3546 -0.7154861109885517
3545 3560 -0.3548683330514352
3546 3561 0.21306998070458327
3559 3560 -0.4937058098753161
3560 3561 -0.36681578796379977
3574 3575 0.07868207720974148
3574 3589 -0.5127825138340507
3575 3576 -0.6216399781289429
3575 3590 -0.250463402874881
3576 3591 0.43687178292310946
3589 3590 -0.6209082372221666
3590 3591 -0.02138368984205771
3604 3605 -0.14320121139977787
3604 3619 -0.9816272427897258
3605 3606 0.04900106621210716
3605 3620 -0.5744841070463534
3606 3621 0.3070415329065264
3619 3620 0.6544300940684488
3620 3621 -0.41635323270913216
3634 3635 -0.3759183323823605
3634 3649 0.005709330057285254
3635 3636 0.6682832418773728
3635 3650 -1.0
3636 3651 0.22703723544906865
3649 3650 0.2628033546788431
3650 3651 -0.17190321846069814
3664 3665 -0.662051763138206
3664 3679 0.6194204746680753
3665 3666 -0.02915374724928787
3665 3680 0.28598175758442634
3666 3681 0.2918946127444116
3679 3680 0.299561111852054
3680 3681 -0.0012546001471875642
3694 3695 -0.04046256890847082
3694 3709 -0.6477779324719376
3695 3696 0.28170832627252995
3695 3710 -0.3301288474825911
3696 3711 -0.04943217501590707
3709 3710 -0.4339114403239632
3710 3711 -0.5945419171696956
3724 3725 0.4953544684342465
3724 3739 0.4230237802762081
3725 3726 0.5238195563533296
3725 3740 0.7708611276097769
3726 3741 0.019172616269662913
3739 3740 -0.6449255112112803
3740 3741 -0.27722761687034675
3754 3755 0.48380179998358674
3754 3769 -0.1632881491473262
3755 3756 0.22728211334951257
3755 3770 0.1805781602301101
3756 3771 -0.3043659634330915
3769 3770 -0.4912830991798131
3770 3771 -0.3257610319200591
3784 3785 -0.4863236346813225
3784 3799 0.16767997542225083
3785 3786 -0.8364789487121832
3785 3800 -0.25977337099425524
3786 3801 0.1663909298920976
3799 3800 0.15752872182711902
3800 3801 -0.6435340701362832
3814 3815 -0.09980609839511738
3814 3829 -0.03388541399316939
3815 3816 -0.28827430930875036
3815 3830 0.35948572985488386
3816 3831 -0.2124560650973239
3829 3830 -0.2739482356753158
3830 3831 -0.042534750029695756
3844 3845 -0.11729701111757115
3844 3859 0.17094129640874167
3845 3846 -0.9824496774932
3845 3860 -0.5337494369187733
3846 3861 0.4423959944884031
3859 3860 0.33085105010333843
3860 3861 -0.32231998080139734
3874 3875 -0.33371594153803164
3874 3889 0.37863417796398063
3875 3876 0.47265572889146623
3875 3890 -0.023576621937079455
3876 3891 1.0
3889 3890 -0.9584805760887692
3890 3891 0.16570325797861643
