# 
603 603 1.0495109762709032
604 604 0.6781296021633579
605 605 -0.9687210793470417
618 618 0.7069632933936181
619 619 -1.4990022492697217
620 620 -0.12619632893056554
633 633 0.752147436476812
634 634 -1.0630184777575877
635 635 -0.1223692688958674
648 648 0.37159406255918886
649 649 0.48005475139878345
650 650 -0.06365137696036383
663 663 0.5332153082257923
664 664 -0.738843629214743
665 665 -0.7522151766416134
678 678 0.0438628728401797
679 679 -0.1474377333039071
680 680 -0.4405450263719305
693 693 2.136432332141359
694 694 1.7236199670519106
695 695 1.3164710700331157
708 708 2.4397032974085375
709 709 2.4316415164592837
710 710 1.691606640091792
723 723 0.5893701054455592
724 724 -0.10150891437141493
725 725 0.2982557567340539
738 738 0.3212947721814537
739 739 0.4497017653550354
740 740 -0.5555983986774689
753 753 1.5766545581557323
754 754 -0.7223078292357943
755 755 -0.43103732987873306
768 768 0.8278749316081756
769 769 -2.050870527282867
770 770 0.5610913589869294
783 783 1.3740385337452723
784 784 -0.6058796688122434
785 785 1.1516844274056595
798 798 -0.3636707160100876
799 799 0.04784697013564981
800 800 2.858422640032641
813 813 -0.20298820399058376
814 814 0.8444303574612403
815 815 -0.885865682962405
828 828 -0.662287295956504
829 829 0.9139638185251531
830 830 -0.930337728387241
843 843 0.05443163416316396
844 844 -0.4971464258092758
845 845 0.7347998423034819
858 858 0.4547672227198043
859 859 -0.988545384361155
860 860 0.2274023015165915
873 873 0.32147869732396983
874 874 -0.44546058121931364
875 875 -0.8687700845188082
888 888 -1.7026314450443425
889 889 -0.32906147539836905
890 890 -1.6007325696989017
903 903 -0.9859317290224439
904 904 -0.22317270052551552
905 905 -0.8980753314796559
918 918 -0.15961702682829396
919 919 1.7171155986599644
920 920 -1.019556205608883
933 933 -0.49055051291063095
934 934 2.064122984959443
935 935 1.7480268079111774
948 948 -1.3477590354106568
949 949 -0.03801714874721071
950 950 -1.64649634891174
963 963 -0.3311073148690779
964 964 -0.20125329997724845
965 965 1.7393431268329573
978 978 -1.468247717270413
979 979 -1.4503296388257356
980 980 0.03807607299152258
993 993 1.4833075862030691
994 994 -0.07098865898886758
995 995 1.359045227313117
1008 1008 0.4476707218303181
1009 1009 -0.5900067008870006
1010 1010 -0.36289216482445974
1023 1023 -1.9265597201671014
1024 1024 -0.19640296939989302
1025 1025 -0.4248031962677322
1038 1038 0.03020766280368992
1039 1039 -0.4850938596516931
1040 1040 -0.03304155472675995
1053 1053 0.2410562111747167
1054 1054 0.5565525023668915
1055 1055 -1.3707067016256276
1068 1068 0.14300032306018912
1069 1069 0.07000966915057882
1070 1070 0.7623712036904001
1083 1083 1.0098480176268383
1084 1084 1.7110854295768203
1085 1085 0.3738743660499181
1098 1098 -0.11287099178884723
1099 1099 0.8019136043668742
1100 1100 -0.9070912187302826
1113 1113 0.26437353849726
1114 1114 -1.2962248585797727
1115 1115 0.7973915167847724
1128 1128 0.443259739837411
1129 1129 0.1893436723332075
1130 1130 0.8752953040570819
3364 3364 -0.07140189460588744
3365 3365 -0.8583902385842647
3366 3366 -0.0865638057061252
3379 3379 2.1849667495122493
3380 3380 0.9074959943601093
3381 3381 0.751167394731213
3394 3394 2.9171042077047757
3395 3395 -1.345225065234323
3396 3396 -0.09807878824243214
3409 3409 0.9158537977097451
3410 3410 0.13237806343692263
3411 3411 1.3518795749948185
3424 3424 -0.424704287788319
3425 3425 0.04861518830428612
3426 3426 1.6050389682774626
3439 3439 0.6513245182494076
3440 3440 -0.9686866775418452
3441 3441 -1.649651005904025
3454 3454 0.32754044227926543
3455 3455 -0.2224193088078956
3456 3456 -0.37256419837252314
3469 3469 0.10308689852438577
3470 3470 0.26962299320307864
3471 3471 -1.183299291037905
3484 3484 -0.5359097924457716
3485 3485 -0.40242728641509257
3486 3486 -0.45567951306682136
3499 3499 1.7040376365466194
3500 3500 -1.899517301481279
3501 3501 -3.211822930436685
3514 3514 1.0949927986398555
3515 3515 -0.2916604334360165
3516 3516 -0.695407450839693
3529 3529 -0.15847413716971903
3530 3530 0.6567700078985397
3531 3531 0.5891471611554996
3544 3544 1.8090893173081835
3545 3545 0.3870225144748285
3546 3546 0.32167671934322756
3559 3559 0.9775285487022068
3560 3560 1.011555895978906
3561 3561 1.7260967117194939
3574 3574 -1.9603527970244423
3575 3575 0.4716320239081206
3576 3576 0.9449043152641646
3589 3589 0.48443315267977527
3590 3590 1.489219609817375
3591 3591 -1.5462402231718009
3604 3604 0.02602216451203607
3605 3605 1.581045820150474
3606 3606 -1.1279950010769586
3619 3619 -2.1449964163396564
3620 3620 -1.0291015073468546
3621 3621 0.4564613712289872
3634 3634 -1.0688297671715632
3635 3635 0.2627989631750402
3636 3636 1.0489485755649512
3649 3649 -0.022024133156498774
3650 3650 1.1278913163228717
3651 3651 -0.9239915142249163
3664 3664 -0.9412649951269421
3665 3665 1.037070999375715
3666 3666 -1.1677444730977011
3679 3679 -1.5957935962247571
3680 3680 -0.5749239677573315
3681 3681 -2.111717000496606
3694 3694 -1.7861367495798248
3695 3695 0.8309433753556227
3696 3696 0.4298660517998916
3709 3709 1.4997457839249047
3710 3710 0.3569816159675064
3711 3711 1.3599677152929595
3724 3724 -1.7439399967290978
3725 3725 0.9728409120413775
3726 3726 0.952950381584895
3739 3739 1.5764261583149057
3740 3740 -1.0581643272937522
3741 3741 -1.1632518501738256
3754 3754 0.6127280396625113
3755 3755 -0.4945045030643323
3756 3756 -0.6365892075356071
3769 3769 -0.2811235887465041
3770 3770 0.7485684077774944
3771 3771 -0.3646011111659451
3784 3784 0.5447208534491949
3785 3785 -0.014536897800441715
3786 3786 -0.1743983972734426
3799 3799 -0.6899462402919916
3800 3800 -1.147534964077195
3801 3801 -0.060592951567037104
3814 3814 0.2391425700341714
3815 3815 -1.290563907043849
3816 3816 0.6337502060036663
3829 3829 1.2910813480048147
3830 3830 -1.0274992428155418
3831 3831 0.46764580608677997
3844 3844 0.7986609405894464
3845 3845 1.376380092178235
3846 3846 -0.3521845595592437
3859 3859 1.1063871956253037
3860 3860 0.4903944839293385
3861 3861 2.039690581020292
3874 3874 -0.815390327491259
3875 3875 0.47614167695464094
3876 3876 0.1933250673833625
3889 3889 -0.09546607041189124
3890 3890 -1.3479030093384312
3891 3891 -0.15130637934496174
603 604 0.07230588154670664
603 618 -0.9304970578906658
603 3484 0.577405921730033
603 3499 0.2517914567673012
603 3514 0.3613714688038293
603 3529 0.14158397931505387
604 605 -0.4268210237503688
604 619 -0.25238742900840433
604 3664 -0.054256635806596176
604 3679 0.29381189523035117
604 3694 0.03109686033256026
604 3709 -0.23878989365929543
605 620 0.3846193703988651
605 3844 -0.023476340572093052
605 3859 0.30832933644074906
605 3874 -0.5009286090414289
605 3889 0.06957484064374697
618 619 0.3739538232899918
618 3484 -0.6013007574712091
618 3499 0.06363958235364744
618 3514 -0.20487483833589362
618 3529 0.8320645517972146
619 620 -0.73023184622803
619 3664 0.9034926089743831
619 3679 0.7967037709541798
619 3694 0.11412866446685763
619 3709 0.1672955503082096
620 3844 -0.6888668171922618
620 3859 0.2570079220844397
620 3874 0.669736365348878
620 3889 0.013565699691214773
633 634 -0.4100980575807769
633 648 -0.011799907386967623
633 3424 -0.13482384058858737
633 3439 -0.027851903723836953
633 3454 0.40805259146721873
633 3469 -0.47618174013695946
633 3484 -0.036998150055402086
633 3499 0.11876231019847264
633 3514 0.13010853121674257
633 3529 -0.31289158845386716
634 635 0.17212151125357156
634 649 0.8433466369627824
634 3604 0.9381233883502859
634 3619 -0.04987977729502911
634 3634 -0.04237844012478692
634 3649 0.2018261143689604
634 3664 0.549124719532466
634 3679 -0.12538221254367288
634 3694 -0.9606131500344469
634 3709 -0.18054713313811185
635 650 0.4972950185515801
635 3784 -0.05204660416223462
635 3799 0.025268705371976348
635 3814 0.6630673297830076
635 3829 -0.3760053181619578
635 3844 -1.0
635 3859 -0.5204519903157121
635 3874 0.6029396244164438
635 3889 0.762655827944441
648 649 -1.0
648 3424 0.38811050841039135
648 3439 0.04202349671393727
648 3454 0.18624155610288687
648 3469 0.3216440124299286
648 3484 0.6952136671113257
648 3499 0.34836539389045257
648 3514 -0.31181835508130135
648 3529 0.4390645487946204
649 650 0.45491500934605233
649 3604 0.040931426718028165
649 3619 0.286798749610569
649 3634 -0.3900610797047134
649 3649 -0.5395597606371236
649 3664 0.534361314879126
649 3679 0.36289001316980285
649 3694 0.12943322416239642
649 3709 0.33041176191969185
650 3784 -0.150578088796572
650 3799 0.09620411563192614
650 3814 -0.1965859545559958
650 3829 0.12274428925833963
650 3844 -0.469510528626791
650 3859 -0.31803224684043796
650 3874 0.5045885475103088
650 3889 1.0
663 664 0.021304729457214282
663 678 -0.10996333543088291
663 3424 0.409255624715175
663 3439 -0.480303825289209
663 3454 0.04486894992753231
663 3469 0.5962634436156931
663 3484 0.3748903754080043
663 3499 0.12163756130417588
664 665 -0.287271926383187
664 679 -1.0
664 3604 -0.33142250376737603
664 3619 -0.24674149640877582
664 3634 -0.7910226313852429
664 3649 0.6329614560222285
664 3664 0.17683536834922606
664 3679 0.07477518570812544
664 3514 0.2884328406579814
664 3529 0.6008943672616698
665 680 -0.5548777018786807
665 3784 -0.3414733080753661
665 3799 -0.31228654074560597
665 3814 -0.11795748272826458
665 3829 -0.5902550384934765
665 3844 0.42497359080504565
665 3859 1.0
665 3694 0.14988420702480235
665 3709 -0.15390786670595938
678 679 0.5586538420433371
678 3424 0.20201977845324193
678 3439 -0.6624546411126683
678 3454 0.8993464699504666
678 3469 0.7957039134766003
678 3484 0.23106991504821145
678 3499 0.026266557919858217
679 680 -0.07454115376643974
679 3604 -0.25634790313776157
679 3619 -0.7120941603455581
679 3634 -0.24685146162244997
679 3649 -0.8037672460280441
679 3664 -0.005935874419398291
679 3679 -0.9325271701278445
679 3514 0.5967965972850788
679 3529 0.15911228384113604
680 3784 0.7694491567038207
680 3799 0.1462995377753902
680 3814 0.4866069655180488
680 3829 0.2864480153757975
680 3844 -1.0
680 3859 -0.2786963223662533
680 3694 -0.28338768954651566
680 3709 -0.2790547791400188
693 694 -0.05277134237293435
693 708 0.194206933485307
693 3424 0.29623259406965974
693 3439 -0.14475593411952456
693 3454 -0.6942678457855145
693 3469 -0.31403493378034886
693 3484 -0.4252397935317221
693 3499 1.0
693 3364 -0.14801162526489403
693 3379 1.0
693 3394 -0.3483726892568698
693 3409 0.11328763133797004
694 695 0.40832439552345356
694 709 0.06309058751729205
694 3604 -0.06265828942044392
694 3619 0.7454321498900007
694 3634 0.409435613053359
694 3649 0.41223683822839413
694 3664 -0.914390600477072
694 3679 0.5668332575587657
694 3514 0.26781987846888555
694 3529 -0.5218564088897927
694 3544 0.026549009240711092
694 3559 -0.15826814739521952
694 3574 0.12351254645109119
694 3589 0.6066844988750429
695 710 0.2139864128627645
695 3784 0.1408311243429573
695 3799 0.2108843568040927
695 3814 0.1870113959090956
695 3829 -0.05541280603496441
695 3844 0.772224492829836
695 3859 0.26112336622551424
695 3694 -0.22187691870172396
695 3709 -0.4292587076879072
695 3724 -0.055734321502577344
695 3739 -0.18496683367872
695 3754 0.7145912883946035
695 3769 0.3864819750292863
708 709 -0.8245747076688725
708 3424 -0.09230207662787272
708 3439 0.35711163139749924
708 3454 0.43709628095698644
708 3469 -0.2881188872576009
708 3484 0.2231621320366422
708 3499 0.5580043084768728
708 3364 0.22557534382574146
708 3379 0.7305717667821752
708 3394 -0.2044059299364434
708 3409 -0.16934438464606735
709 710 0.2529255442513689
709 3604 -0.3178995130105112
709 3619 -0.13052418344424227
709 3634 0.1928292405644744
709 3649 1.0
709 3664 -0.20148715227808098
709 3679 0.8443814392903239
709 3514 0.38654049143074054
709 3529 -0.10963367535099904
709 3544 -0.5464511664375065
709 3559 -0.333977627996938
709 3574 -0.34600243454508706
709 3589 -0.2682498447522547
710 3784 0.3578783108202545
710 3799 0.17174380212079915
710 3814 0.5497776076948584
710 3829 -0.2511939351502928
710 3844 0.08543541607940408
710 3859 -0.01843691549587443
710 3694 0.24617531635935816
710 3709 0.11400377950635911
710 3724 -0.148879093026268
710 3739 -0.4454487659521197
710 3754 -0.4543412761764252
710 3769 0.009078616425399439
723 724 -0.34275857110171887
723 738 -0.22612666560227793
723 3424 -0.2818842779696498
723 3439 0.475533034494525
723 3364 -0.3614471321219235
723 3379 0.16645785315919312
723 3394 -0.6206441553549086
723 3409 0.04208816064265589
724 725 -0.21637202031426472
724 739 0.4557558327036837
724 3604 -0.34318548815065636
724 3619 0.5451530469905256
724 3454 -0.8704421044015079
724 3469 0.5269553324816907
724 3484 -0.07854549263194453
724 3499 0.373359839663362
724 3514 -0.5360712372567399
724 3529 -1.0
724 3544 0.043653031829886196
724 3559 -0.38777045080108224
724 3574 -0.43311433690968654
724 3589 0.5222479254349208
725 740 -0.07618328811711413
725 3784 -0.07714703446217151
725 3799 0.41677695605887477
725 3634 0.9728933560576097
725 3649 -0.14213458138410212
725 3664 -0.4884572806187527
725 3679 -0.06281690531029901
725 3694 0.36208825140205864
725 3709 -0.06717504483083986
725 3724 0.21133356984262527
725 3739 -0.13796704404997873
725 3754 0.872790697141079
725 3769 0.1753852059748362
738 739 0.32352467519221845
738 3424 -0.09004804941367697
738 3439 -0.34786748241233784
738 3364 0.29624504153778425
738 3379 0.004685296614576019
738 3394 -0.2271309292418002
738 3409 0.062073349895387
739 740 -0.27581273264466216
739 3604 -0.005649293298136227
739 3619 -1.0
739 3454 0.28346768568248515
739 3469 -0.04828863973288079
739 3484 0.9800599330055999
739 3499 -1.0
739 3514 0.171599169113808
739 3529 -0.5556943089093502
739 3544 -0.46891810054721916
739 3559 0.666007901026653
739 3574 0.20315668413961135
739 3589 -0.005405582976964125
740 3784 0.4219885661749584
740 3799 -0.20720933590766552
740 3634 0.6122130511748451
740 3649 -0.36074780153467806
740 3664 -0.1779863700666501
740 3679 0.5962875552527778
740 3694 0.22202670263943083
740 3709 -0.043352704622216326
740 3724 0.21074782201795927
740 3739 0.7412613539930287
740 3754 0.07894909583363384
740 3769 -0.13105667145961056
753 754 -0.5421296641787696
753 768 -0.6468096494776446
753 3424 0.2239848713047055
753 3439 0.09147571469001571
753 3364 0.34524112201511065
753 3379 -0.2144072717801555
753 3394 -0.01830573240605144
753 3409 0.002454043566409479
754 755 0.2971081554304461
754 769 0.14448362384601343
754 3604 0.3582630142700087
754 3619 -1.0
754 3454 0.054407102078275656
754 3469 0.06611203212631805
754 3485 0.08982821868837881
754 3500 -0.01600696311263804
754 3515 0.13378640552873247
754 3530 0.6636802761569619
754 3544 0.7708942329532873
754 3559 0.024993578354982195
754 3574 0.07086535436969554
754 3589 0.2886822822586682
755 770 0.12014476197749199
755 3784 0.5599273432728936
755 3799 0.420381195831037
755 3634 0.4529870512840018
755 3649 -0.7504257885712311
755 3665 -0.10645110089157422
755 3680 0.34948275174249016
755 3695 0.4998787542768405
755 3710 -0.7605949800699731
755 3724 0.2197202611094255
755 3739 -0.04486561633533913
755 3754 0.3207119216815259
755 3769 -0.3416837673309534
768 769 0.524983828427216
768 3424 -0.9063085062312605
768 3439 -0.38337298335530556
768 3364 -0.5856733724954198
768 3379 0.04886117487538322
768 3394 -0.2749979702896001
768 3409 0.5173478003716266
769 770 -0.8037805703758337
769 3604 0.23988092210002315
769 3619 -0.38896242212967913
769 3454 0.39220250044578525
769 3469 -0.2441894882905407
769 3485 0.08968615946335705
769 3500 -0.160659394523347
769 3515 -0.08466861791951996
769 3530 -0.5317126002915769
769 3544 0.7799315661960657
769 3559 0.09023051517710477
769 3574 0.0839478438397227
769 3589 -0.19476156737781894
770 3784 -0.0629653190272084
770 3799 -0.2781769569544608
770 3634 -0.04942035127914185
770 3649 -0.09084222431203216
770 3665 -0.337415266712653
770 3680 1.0
770 3695 1.0
770 3710 0.9427436328671498
770 3724 -0.5304770160331462
770 3739 0.10436651418621039
770 3754 0.19051872255846697
770 3769 -0.4883481177741215
783 784 1.0
783 798 0.056063726707374174
783 3424 0.27196309017701503
783 3439 1.0
783 3454 -0.5076993554992403
783 3469 -0.14479332093117575
783 3485 0.6711987441564223
783 3500 0.5184492291870776
783 3515 -0.8869112054807334
783 3530 0.7514446222273109
783 3544 0.034537583695781957
783 3559 0.12087255884757347
783 3394 0.005283301293552554
783 3409 0.5296826015037653
784 785 0.14858607985267966
784 799 -0.4767744823413791
784 3604 -1.0
784 3619 -0.32362978897223954
784 3634 0.48029112775471605
784 3649 0.11536071582691419
784 3665 0.14266892143151533
784 3680 0.07598467162299741
784 3695 -0.3859405256497728
784 3710 0.025399091717992765
784 3724 0.2989234881231221
784 3739 0.10622006087696231
784 3574 0.41445300130842394
784 3589 0.6615043263057124
785 800 0.13392209983757142
785 3784 -0.684507643083499
785 3799 0.35161142285431424
785 3814 -0.2243382401641596
785 3829 -0.2060067303195102
785 3845 0.2652274799035921
785 3860 -0.029048647592615256
785 3875 0.1253481773441828
785 3890 0.19769926699758214
785 3754 -0.3245007052096956
785 3769 0.21730224157476902
798 799 0.5240931805145821
798 3424 -0.2941130831397851
798 3439 0.11815696645616672
798 3454 -0.6315156118507192
798 3469 0.1917277354112828
798 3485 -0.2751019613121843
798 3500 -0.19834421913317327
798 3515 -0.678332701363729
798 3530 0.9109541346706104
798 3544 -0.5331515212165363
798 3559 0.029468870342372194
798 3394 0.12599967459073844
798 3409 0.40696889413239673
799 800 -0.07121174514733894
799 3604 -0.2157980709893285
799 3619 -0.22985017992099036
799 3634 -0.36974375318892
799 3649 0.14240600748053256
799 3665 -0.39371524531929786
799 3680 -0.16193679126953114
799 3695 0.3438831714540192
799 3710 0.150362835507583
799 3724 -0.45786339022806666
799 3739 0.18434458731166814
799 3574 -1.0
799 3589 0.3474557505771343
800 3784 -0.04786589297719649
800 3799 -0.8934015124599093
800 3814 0.24967967590353835
800 3829 -0.6546823784124158
800 3845 0.27921966360310513
800 3860 -0.24712310748292396
800 3875 0.06281967594527002
800 3890 0.5284190253404356
800 3754 0.10315619283120306
800 3769 -0.027542061193676422
813 814 0.09133852857145007
813 828 -0.6333595481433613
813 3425 0.655361513757243
813 3440 -0.23433308310365292
813 3455 -0.24554960805221723
813 3470 -0.3004483842497442
813 3485 -0.4325504170809507
813 3500 0.2062314074274037
813 3515 -0.1721004159284492
813 3530 0.8799655574979353
813 3544 0.8644066490484809
813 3559 -0.27500004437187753
813 3394 0.4992673053881421
813 3409 0.8159938140081611
814 815 0.22434826560113577
814 829 -0.5439334787968425
814 3605 0.29447233078643265
814 3620 -0.21333177372013096
814 3635 -0.5916761221505289
814 3650 -0.020774106209471645
814 3665 -0.030913561050948727
814 3680 0.43001583244030317
814 3695 -0.49422555831189935
814 3710 -0.4263382416202065
814 3724 0.12525134233683707
814 3739 1.0
814 3574 0.1631414178064924
814 3589 0.3140928969455975
815 830 -0.21527533584944236
815 3785 1.0
815 3800 0.39326136391112554
815 3815 -0.22988301260997657
815 3830 -0.14669301141191154
815 3845 0.9144573305555381
815 3860 0.7438915557416542
815 3875 -0.18555721731680674
815 3890 0.06787106445497788
815 3754 0.472970151757305
815 3769 -0.04000113674530946
828 829 0.9825684907404018
828 3425 -0.008810855429504253
828 3440 -0.5915365433646035
828 3455 -0.2919705937894747
828 3470 0.24877286721359199
828 3485 0.6951071203229306
828 3500 0.1284532770966317
828 3515 0.043086120270239746
828 3530 -0.023276599268197536
828 3544 -0.7019420601596864
828 3559 0.21133965968057083
828 3394 0.06610847388597749
828 3409 0.3941448205508682
829 830 -0.2464468217142738
829 3605 0.043174933508443473
829 3620 -0.12951665693382372
829 3635 0.23723811599305003
829 3650 0.35172420289520173
829 3665 -0.09795041950695367
829 3680 0.1774160230237069
829 3695 -0.0062994462673500945
829 3710 -0.4531433811897263
829 3724 0.0029844346921350704
829 3739 0.7453363251415879
829 3574 0.3077551453890984
829 3589 -0.12464703096123025
830 3785 0.45989823445106603
830 3800 -0.5261961024088894
830 3815 -0.1888261488727123
830 3830 -0.04640263400821221
830 3845 -0.23425908093206727
830 3860 0.6964639308685865
830 3875 0.5098596928855451
830 3890 0.04695451668393058
830 3754 -0.7175748221808124
830 3769 -0.011786394917054629
843 844 -0.11671964301056732
843 858 -0.03289494098586061
843 3425 0.8557329612712274
843 3440 -0.7070151027204735
843 3455 -0.3227232916296079
843 3470 0.31941040738544907
843 3485 0.145616619128788
843 3500 -0.23578300124611182
843 3364 -0.9527084738943079
843 3379 -0.2903861384974967
843 3394 -0.1589414405088013
843 3409 -0.2031168757774827
844 845 0.5219811288610592
844 859 0.2008734036534193
844 3605 -0.3804991322857309
844 3620 -0.4392779665694978
844 3635 -0.0038958418125055387
844 3650 1.0
844 3665 0.2523024598975622
844 3680 -0.30836907348326925
844 3515 0.31601359300921916
844 3530 -0.09715098371824583
844 3544 0.01680563310226911
844 3559 0.39238353044539925
844 3574 -0.20525253031013618
844 3589 -0.8403859187133126
845 860 1.0
845 3785 -0.8044558761952866
845 3800 0.29261109245802347
845 3815 -0.39074888662370194
845 3830 -0.224617666559853
845 3845 -0.07533818538282118
845 3860 -0.27202320825963056
845 3695 0.3882021787807003
845 3710 0.44254639226808934
845 3724 -0.14817940557729017
845 3739 -0.7555936067567275
845 3754 0.5602289496946465
845 3769 0.7931554026514099
858 859 -0.6061159593568108
858 3425 -0.10627385820054298
858 3440 0.08848362528160873
858 3455 0.1102816933656358
858 3470 0.9012740663942462
858 3485 0.33624664496178724
858 3500 0.0738313935047609
858 3364 -0.7675423436481046
858 3379 -0.35065759500686994
858 3394 -0.2928960416030492
858 3409 0.11885653160502702
859 860 -0.3577098126682243
859 3605 0.10952222659818105
859 3620 0.5092956910202864
859 3635 -0.08521543827185349
859 3650 -0.3502935428572602
859 3665 -0.048937469177024955
859 3680 -0.613688456779878
859 3515 0.6647710647748891
859 3530 -0.2710194776983426
859 3544 0.42618006556805554
859 3559 -0.2699036461485322
859 3574 0.22133038236086325
859 3589 -0.1629359463350133
860 3785 -0.19627735361760495
860 3800 0.7018288443895809
860 3815 0.3199320298997871
860 3830 0.0781259485515528
860 3845 0.8447367512086145
860 3860 0.4213553957161351
860 3695 0.571213462941057
860 3710 1.0
860 3724 0.3774879874988632
860 3739 0.1176074421939514
860 3754 0.5365034382377059
860 3769 -0.18884719944391293
873 874 0.34358738797574184
873 888 0.22333543386523158
873 3425 0.8465193051821476
873 3440 -0.7754123842359885
873 3455 0.8888238908670629
873 3470 0.6011612376279166
873 3485 -0.48479326907450454
873 3500 -0.2565756225346441
873 3365 1.0
873 3380 0.023176268575039148
873 3395 -0.029744659442965005
873 3410 0.31477348108951825
874 875 -0.21424254516536512
874 889 -0.1756402514369308
874 3605 -0.6339750442780068
874 3620 -0.3957996514644389
874 3635 -0.15843396611547558
874 3650 0.6223312224446738
874 3665 0.09123137248861124
874 3680 -0.15293999959776494
874 3515 1.0
874 3530 -0.35401602786647896
874 3545 0.5059465515396375
874 3560 0.49078778712326077
874 3575 0.7700205132569302
874 3590 -0.7028891453517659
875 890 0.45168382540093976
875 3785 -0.015028598723793616
875 3800 0.5288804690729386
875 3815 0.5552325805895405
875 3830 -0.09133801887996515
875 3845 0.40387934194921266
875 3860 -0.6238199759390037
875 3695 0.9682916707340203
875 3710 0.2854811611696859
875 3725 -0.6351445315284476
875 3740 -0.6081221204607765
875 3755 -0.20411532485339864
875 3770 0.08300582652398741
888 889 -0.7935690995338565
888 3425 0.5985367178318632
888 3440 0.32369827361211223
888 3455 -0.05524139367879689
888 3470 -0.554916937001729
888 3485 -1.0
888 3500 -0.3725009614537722
888 3365 0.09143877764710116
888 3380 0.7523743445723495
888 3395 0.5395155631626405
888 3410 0.15862035793528514
889 890 -0.3081707309609888
889 3605 0.38044674102168125
889 3620 0.3849626666821374
889 3635 -0.05219456943025529
889 3650 -0.0956300494877919
889 3665 -0.39811415789965
889 3680 0.06955858923516384
889 3515 0.2684735318835127
889 3530 0.08778141375334943
889 3545 -0.13294933458208172
889 3560 0.1818892326154289
889 3575 -0.1376592727327734
889 3590 -0.25957026419313023
890 3785 -0.16938770481594648
890 3800 -0.02974423875447512
890 3815 0.20475773242167128
890 3830 -0.04978956291197296
890 3845 0.1704184433268123
890 3860 0.10306423516452219
890 3695 -0.0941732247080755
890 3710 0.763345472108503
890 3725 -0.021711314692649676
890 3740 -0.10928139227925279
890 3755 0.3089514104774129
890 3770 0.9481686251330883
903 904 -0.14492308495002104
903 918 0.6285247717381452
903 3425 -0.18569718779851507
903 3440 -0.8233493878106358
903 3365 0.44849452760183656
903 3380 -0.14580728389538108
903 3395 -0.7424494922318496
903 3410 -0.7044281931300976
904 905 -0.694188733907427
904 919 -0.023223181170162956
904 3605 1.0
904 3620 0.3840606428997494
904 3455 -0.2007767938144634
904 3470 -0.3434913444173416
904 3485 0.13421486230277557
904 3500 0.3630194678728105
904 3515 -0.08234160920499436
904 3530 0.584811662067327
904 3545 0.29145586298148374
904 3560 -0.04868242811035246
904 3575 -0.11822003952377905
904 3590 -0.6392663318326371
905 920 -0.2943454458108155
905 3785 -1.0
905 3800 0.3438398329480794
905 3635 0.052613193821074135
905 3650 -0.6911471501748692
905 3665 0.10702891833911535
905 3680 0.27623173165560416
905 3695 -0.35910215698674663
905 3710 -0.3979230846484355
905 3725 -0.6423633302895934
905 3740 -0.09367897471887993
905 3755 -0.1707339755538831
905 3770 0.8304712863914235
918 919 -0.6152160131999411
918 3425 0.19762631962342736
918 3440 -0.7101799162364387
918 3365 -0.6102469546016497
918 3380 0.9298804415156312
918 3395 0.08444196361261572
918 3410 -0.25882814402683235
919 920 0.10642513984866071
919 3605 1.0
919 3620 0.3583237550924531
919 3455 -0.09256148729926542
919 3470 0.2500318940668265
919 3485 -0.19955836112734326
919 3500 -0.2426225932481998
919 3515 -0.285509326613448
919 3530 0.10080521194289403
919 3545 0.4043379507738294
919 3560 -0.25556474269673557
919 3575 0.15727470125724335
919 3590 0.129840127043644
920 3785 -0.4947667472880927
920 3800 0.4710875867978562
920 3635 -0.20717729510656024
920 3650 -0.23076833831852092
920 3665 0.17275749817166286
920 3680 0.18569436068949455
920 3695 0.019555995670335776
920 3710 0.38953551936981834
920 3725 0.08792136323957672
920 3740 -0.024147386558427648
920 3755 -0.732438690178283
920 3770 0.16223520237787484
933 934 0.7532147528503319
933 948 0.1186117280378862
933 3425 -0.2644456016443423
933 3440 0.9432527744799957
933 3365 0.9031452960979998
933 3380 -0.773386589122015
933 3395 0.3267520179004046
933 3410 -0.2833164648142064
934 935 -0.21783468296863517
934 949 -0.02404069533122177
934 3605 -0.03933172734637155
934 3620 -0.35832066879134905
934 3455 0.42982274647545
934 3470 0.18651631678014585
934 3486 -0.21208720549318386
934 3501 -0.6369740686826744
934 3516 0.0019723340970462105
934 3531 0.3051344927541449
934 3545 0.749746328289247
934 3560 -0.2482900928899947
934 3575 -0.43385880182493214
934 3590 0.20970271409782756
935 950 -0.08735539917997089
935 3785 -0.013463176577564136
935 3800 0.48336629083523375
935 3635 -0.44734836812180234
935 3650 1.0
935 3666 0.5623297643820739
935 3681 -0.4962539996799674
935 3696 0.718417535737355
935 3711 1.0
935 3725 0.35329422264944604
935 3740 -0.12135064298506554
935 3755 0.6952672623720645
935 3770 -1.0
948 949 -0.7336221280281571
948 3425 -0.5423105877597574
948 3440 0.20730076174737877
948 3365 -0.4382105603760664
948 3380 0.5607303462143776
948 3395 0.21003964615874363
948 3410 -0.40041503742781553
949 950 -0.6432419474761132
949 3605 0.14138625661621484
949 3620 -0.2873815066110862
949 3455 0.004029358025063332
949 3470 -0.25202019483618104
949 3486 0.2936882173237465
949 3501 0.5538877046720755
949 3516 0.2751598172292196
949 3531 0.2020796855349577
949 3545 -0.35523299565634586
949 3560 -0.05753553231986268
949 3575 0.3982808404614097
949 3590 -0.904672178204883
950 3785 -0.3828288449028748
950 3800 0.39172086034523107
950 3635 -0.18555651004429832
950 3650 -0.4014923730955274
950 3666 -0.274523225248178
950 3681 -0.35517387536601047
950 3696 0.23553005378573144
950 3711 0.2407290965340051
950 3725 -0.03379295250349327
950 3740 -0.268444114889586
950 3755 0.0899514927742078
950 3770 -0.043299045729744474
963 964 -0.8572325869532682
963 978 -0.0836284510510008
963 3425 1.0
963 3440 -0.4679444820010121
963 3455 -0.6998930237952589
963 3470 -0.07339756621034603
963 3486 -0.25226285229610784
963 3501 0.2692979504172591
963 3516 0.5814394045902149
963 3531 0.7062599333944197
963 3545 1.0
963 3560 -0.18133221778820885
963 3395 -0.8128642191823281
963 3410 0.43499284201460064
964 965 -0.5203752589402706
964 979 0.3245376871269271
964 3605 0.8437836086244875
964 3620 0.2695393926100032
964 3635 0.013395465349964164
964 3650 0.6170775831349847
964 3666 0.25575053382577295
964 3681 0.1661409492436848
964 3696 0.8005900734032306
964 3711 -0.15813882357283912
964 3725 0.3271235941674199
964 3740 0.015574063349756076
964 3575 -0.05827135724869786
964 3590 0.2372048628291049
965 980 0.13794210504009508
965 3785 0.40002495548222744
965 3800 0.5001257726009024
965 3815 0.0749056007920577
965 3830 0.053274890384448534
965 3846 -0.40804417004381716
965 3861 0.47941326162319176
965 3876 -0.665839314425953
965 3891 0.12152347380000932
965 3755 0.5367185977496061
965 3770 0.24814595581552804
978 979 -0.35799530127154106
978 3425 0.6274773717830683
978 3440 -0.1940858527681967
978 3455 0.03542627888895861
978 3470 -1.0
978 3486 -0.058666418336430416
978 3501 -1.0
978 3516 -0.31237241587580433
978 3531 -0.3123020489458897
978 3545 -0.5282554391815774
978 3560 -0.17281396523891399
978 3395 -0.2648030607895642
978 3410 -0.6390490109316876
979 980 -0.1192053677072299
979 3605 0.5225719194268211
979 3620 -0.5004206370556593
979 3635 0.2505746909100733
979 3650 0.021799776843333188
979 3666 -0.5750277200397331
979 3681 0.5753668930900735
979 3696 0.23400178815207165
979 3711 0.046940508302484966
979 3725 0.31241934691580503
979 3740 -0.5569666637938452
979 3575 -0.12626394704379737
979 3590 -0.10072426768938944
980 3785 0.45104206454983836
980 3800 -0.9856758368546757
980 3815 0.30455515227983004
980 3830 0.11162710176791162
980 3846 -0.4058420215165507
980 3861 -1.0
980 3876 -0.05558429444364727
980 3891 0.1966449487968957
980 3755 0.8257938600798718
980 3770 -0.4458984107940033
993 994 -0.18790973429215235
993 1008 1.0
993 3426 -0.20953222911485123
993 3441 0.1431351282015673
993 3456 -0.6564398383935179
993 3471 -0.6429148894717718
993 3486 0.6419735486976744
993 3501 -0.3208216326250956
993 3516 0.19714888256383686
993 3531 0.8820434143100774
993 3545 -0.055586889826853725
993 3560 0.08427998490179875
993 3395 0.02899723017780695
993 3410 0.49373849923970364
994 995 -0.5286993043015005
994 1009 0.06545445969318056
994 3606 0.11336945378579746
994 3621 -0.7980631600079338
994 3636 -0.27925911431005473
994 3651 -0.4464964521936971
994 3666 -0.2231074725543553
994 3681 -0.7035251422664733
994 3696 -0.1361433056947265
994 3711 -0.46018565100065395
994 3725 -0.26652304504237995
994 3740 0.750246370261319
994 3575 -0.33954091362554767
994 3590 0.5961231265446735
995 1010 -0.11708852060755244
995 3786 0.13233531809853355
995 3801 -0.5397185286110938
995 3816 0.25289992391513216
995 3831 0.2744384224494799
995 3846 -1.0
995 3861 0.5979588249294031
995 3876 -0.8448243003160338
995 3891 -0.19173088774406663
995 3755 -0.6362278859409879
995 3770 -0.5983732863574123
1008 1009 0.23933614064854314
1008 3426 -0.046475049885550394
1008 3441 -0.5633450754193978
1008 3456 -0.0367807683656777
1008 3471 0.3112255825355334
1008 3486 -0.4884840687131261
1008 3501 -0.9147989600233667
1008 3516 0.01717968884504765
1008 3531 0.12673434423879942
1008 3545 -0.23612569445216522
1008 3560 -0.17151091781954972
1008 3395 0.14695274109195974
1008 3410 -0.15999716827259747
1009 1010 -0.4289699248293123
1009 3606 1.0
1009 3621 -0.11495933672537817
1009 3636 0.09235630154351512
1009 3651 -0.9302519818643847
1009 3666 -0.8901272580708538
1009 3681 0.6733749835943375
1009 3696 -0.19439136930377307
1009 3711 -0.0122902968435577
1009 3725 -0.6867413623423303
1009 3740 -0.032433441353136735
1009 3575 -0.3192778209184691
1009 3590 0.39162647948958224
1010 3786 -0.4531375653457462
1010 3801 -0.004991235363248402
1010 3816 -0.3899600475741567
1010 3831 0.3761776452791393
1010 3846 -0.6368496851496291
1010 3861 -0.6970872249995984
1010 3876 -0.7745859256707989
1010 3891 -0.11877765011520668
1010 3755 0.5094956285795671
1010 3770 -0.044260681904627
1023 1024 0.2026226527013315
1023 1038 0.05376267143447499
1023 3426 0.4816726293875474
1023 3441 0.14839861201492402
1023 3456 -0.7343454744356617
1023 3471 0.9734048136336126
1023 3486 -0.1168326946022475
1023 3501 -0.4353636442602354
1023 3365 0.43944341072438586
1023 3380 -0.36025078686095213
1023 3395 0.8227827031623286
1023 3410 0.0827447363279957
1024 1025 -0.41190981631742796
1024 1039 -0.478202240383644
1024 3606 -0.24270941979987004
1024 3621 0.2966701197271427
1024 3636 -0.5658597133058874
1024 3651 0.31525299776791016
1024 3666 0.2523937393438831
1024 3681 0.11342260444310434
1024 3516 0.20216146103124283
1024 3531 -0.4381971943250524
1024 3545 0.3600725135406406
1024 3560 0.44173807274077
1024 3575 -0.4109879937999143
1024 3590 -0.5250296917353894
1025 1040 -0.354317010967559
1025 3786 -0.5160314126234262
1025 3801 -0.16294700434728204
1025 3816 -0.7629458625410892
1025 3831 -0.01958857079324535
1025 3846 0.31324695885587284
1025 3861 0.2657137840656928
1025 3696 -0.15964866807967512
1025 3711 -0.6471821152375477
1025 3725 -0.012142185843643757
1025 3740 0.27676452553928166
1025 3755 -0.852519648114926
1025 3770 0.01647578311988459
1038 1039 0.28900204033806176
1038 3426 0.11524882626337737
1038 3441 0.008530224848773645
1038 3456 -0.8148336502140233
1038 3471 -0.843536379395614
1038 3486 -0.5692627849201946
1038 3501 0.17806519738158536
1038 3365 -0.18248486121919616
1038 3380 -0.7897670983286205
1038 3395 0.19412493607310533
1038 3410 0.43628537884303503
1039 1040 -0.09164416998313261
1039 3606 1.0
1039 3621 0.3809250204432897
1039 3636 0.4481810673966493
1039 3651 -0.5778316964178465
1039 3666 -0.664725344107876
1039 3681 -0.12606473277562508
1039 3516 -0.04478960036989954
1039 3531 0.15995609418899226
1039 3545 -1.0
1039 3560 0.3344306714001818
1039 3575 -0.542307693543678
1039 3590 0.5343492700211753
1040 3786 0.8383448889386521
1040 3801 -0.12520354015459034
1040 3816 0.9465409540896615
1040 3831 0.13401234990689198
1040 3846 0.5130791900996622
1040 3861 -0.38265370043372166
1040 3696 -0.8840103297750987
1040 3711 -0.24549885721912698
1040 3725 0.0900118038753669
1040 3740 0.8190517235169903
1040 3755 -0.7349489286477798
1040 3770 -0.09053388217309831
1053 1054 -0.4059616993794866
1053 1068 0.2276985446295713
1053 3426 -0.6551172086218493
1053 3441 0.26864299723349144
1053 3456 0.8290029560981863
1053 3471 -0.9444138306786396
1053 3486 0.13009570992752711
1053 3501 -0.14308505923950182
1053 3366 0.23037604811945683
1053 3381 -0.3635632292761808
1053 3396 0.46866076803549844
1053 3411 -0.6804963614578545
1054 1055 0.9285311915761156
1054 1069 0.0748070847222954
1054 3606 0.5917872544749655
1054 3621 0.2885637857040725
1054 3636 -0.16306006536345866
1054 3651 -0.004975353650010108
1054 3666 -0.2551618602194991
1054 3681 0.263301567103586
1054 3516 -0.6134148289311482
1054 3531 -0.026007651947191554
1054 3546 0.09949491930228732
1054 3561 0.40859436050220255
1054 3576 0.6410478031559055
1054 3591 0.029863932126395595
1055 1070 0.10337901234614824
1055 3786 0.5219871909331876
1055 3801 -0.05377113722257105
1055 3816 -0.579343441324784
1055 3831 -0.2991970618633753
1055 3846 -0.5938408637557963
1055 3861 0.1501445810986123
1055 3696 0.6179879346064069
1055 3711 0.2659384679227885
1055 3726 0.19431879932503793
1055 3741 0.2711413854193314
1055 3756 0.10999033731114909
1055 3771 0.22840068194928373
1068 1069 -0.3789680725454322
1068 3426 -0.6808891379272133
1068 3441 -0.943951393220167
1068 3456 0.1052613845200929
1068 3471 0.21106848526697425
1068 3486 -0.3404262763025084
1068 3501 -0.2784657558802828
1068 3366 -0.6162219384420163
1068 3381 0.08790327258127065
1068 3396 0.4284547874838902
1068 3411 0.043049968174136095
1069 1070 0.16508070847837714
1069 3606 0.5702335791539251
1069 3621 1.0
1069 3636 0.2776826512153059
1069 3651 -0.6475788389730484
1069 3666 0.32996317309307654
1069 3681 0.28489621367108453
1069 3516 -0.11232846980358165
1069 3531 0.29132901345071904
1069 3546 -0.01105208614113602
1069 3561 0.7022923182162318
1069 3576 -0.32172863529152324
1069 3591 0.5493918182699905
1070 3786 1.0
1070 3801 -0.4768689881581185
1070 3816 0.32186859869312495
1070 3831 -0.15441760570410792
1070 3846 0.3479175942622558
1070 3861 0.01610949968861817
1070 3696 -0.5679987611433783
1070 3711 0.3916905626919749
1070 3726 0.532070488345361
1070 3741 -0.6709870562000801
1070 3756 -0.6738755841762621
1070 3771 0.3891982603538108
1083 1084 0.8703246169855424
1083 1098 1.0
1083 3426 -0.2879370038162194
1083 3441 0.3349320152264232
1083 3366 0.03338381516797719
1083 3381 0.515902842359888
1083 3396 -0.0354461320150002
1083 3411 -0.09008282711133946
1084 1085 0.5808081051382674
1084 1099 0.04286357877441772
1084 3606 0.36523922410183185
1084 3621 -0.7789842577033133
1084 3456 -0.7180985143527436
1084 3471 0.4521542756897469
1084 3486 0.19161501650139526
1084 3501 0.05181282609196412
1084 3516 1.0
1084 3531 -0.3115541058262908
1084 3546 0.08075321732976198
1084 3561 0.44185341013584667
1084 3576 0.3591424392089744
1084 3591 0.7636041366611175
1085 1100 0.7299524283909549
1085 3786 0.4595259892778828
1085 3801 -0.2815880339450182
1085 3636 0.656609672840694
1085 3651 -0.3212598529785309
1085 3666 -0.04475793340500619
1085 3681 0.4458507431194845
1085 3696 -0.25459752435523814
1085 3711 -1.0
1085 3726 -1.0
1085 3741 -0.017294553279801343
1085 3756 -0.010935409458708302
1085 3771 -0.03253759381759583
1098 1099 -1.0
1098 3426 0.2828838758518464
1098 3441 -0.2816434693281547
1098 3366 -0.10917780526547317
1098 3381 0.10389049831353596
1098 3396 0.024971331675314123
1098 3411 -0.8211182864686234
1099 1100 0.7603381668296784
1099 3606 0.2745151891652881
1099 3621 0.21973516621996383
1099 3456 1.0
1099 3471 0.7074439841158463
1099 3486 -0.7906709224249369
1099 3501 -0.43480639059068443
1099 3516 0.08215696975515514
1099 3531 0.20453375637519153
1099 3546 -0.1380045136603863
1099 3561 1.0
1099 3576 0.48181667597687183
1099 3591 -0.21952536215470358
1100 3786 0.9493720089646236
1100 3801 0.32444825874873057
1100 3636 0.3944731189604122
1100 3651 0.16408417404936426
1100 3666 0.31230528847128863
1100 3681 0.8070480984691657
1100 3696 1.0
1100 3711 0.42648309567784703
1100 3726 0.023703498421536875
1100 3741 0.6016160117837787
1100 3756 0.06029241019565076
1100 3771 -0.41900821988445525
1113 1114 1.0
1113 1128 -0.5290199950934316
1113 3426 0.028622954777783205
1113 3441 0.06925552365616275
1113 3366 0.5984033681062552
1113 3381 -0.05169669850468827
1113 3396 -0.2795041346711101
1113 3411 0.38315256699636063
1114 1115 -0.5347266123776641
1114 1129 0.6196799104188654
1114 3606 0.6420678881086559
1114 3621 0.8192700572514252
1114 3456 0.14873199536997556
1114 3471 0.6614810844838755
1114 3546 0.2956713487778123
1114 3561 -0.29076332986054504
1114 3576 -0.0027727050746908927
1114 3591 0.8798733121464166
1115 1130 0.3081535473323967
1115 3786 0.4804210178567494
1115 3801 0.25089721410461047
1115 3636 0.6652428433974623
1115 3651 1.0
1115 3726 -0.2184588506691496
1115 3741 0.08584806083414229
1115 3756 -0.34707700418480564
1115 3771 0.6638527682848134
1128 1129 1.0
1128 3426 -0.6393548099236155
1128 3441 -0.4153305181246399
1128 3366 -0.6099999168475654
1128 3381 -0.4253974527121607
1128 3396 0.18649338313676503
1128 3411 -0.08281616344437852
1129 1130 0.0551922777685613
1129 3606 -0.8501435394824407
1129 3621 0.04169345054145964
1129 3456 0.6742826165503905
1129 3471 -0.5251248292832528
1129 3546 -0.7109567367755821
1129 3561 -0.32764808798843775
1129 3576 0.3041835100555584
1129 3591 -0.1296065227872499
1130 3786 0.529884900997072
1130 3801 0.54800858086391
1130 3636 -0.12489549776131562
1130 3651 -0.594896445328179
1130 3726 0.8058513881200741
1130 3741 -0.03484072760290234
1130 3756 0.21499683423974292
1130 3771 0.1809889592564277
3364 3365 -0.5011115647198648
3364 3379 0.632383075508919
3365 3366 -0.1005821620686233
3365 3380 -0.6600817351708895
3366 3381 0.5838716606166096
3379 3380 -0.15996072315288487
3380 3381 -0.13675141203123492
3394 3395 -0.24118323850176296
3394 3409 0.2306416910915655
3395 3396 0.01796249401930628
3395 3410 0.4242097394485002
3396 3411 -0.11580577362166207
3409 3410 -0.11454716858578624
3410 3411 0.5904612772036133
3424 3425 0.1968897440501384
3424 3439 0.2694733201290256
3425 3426 -0.18732551709996695
3425 3440 0.41232097007899876
3426 3441 -0.2575383479550241
3439 3440 -0.39014246904809263
3440 3441 -0.6893272326020993
3454 3455 0.48331147758357734
3454 3469 0.08494926369347622
3455 3456 -0.5539073853641712
3455 3470 -0.7980607091325419
3456 3471 -0.07967011198414684
3469 3470 -0.46632123399640535
3470 3471 -0.26437760304135105
3484 3485 0.7674010815508375
3484 3499 0.3466086462766861
3485 3486 -1.0
3485 3500 0.17216295891498767
3486 3501 0.04771472675260826
3499 3500 -0.9938543406419876
3500 3501 -0.4048335217502299
3514 3515 -0.6277806126868356
3514 3529 0.6191960767191325
3515 3516 -0.3099529700370483
3515 3530 0.6350313176406902
3516 3531 -0.3780822394219948
3529 3530 0.09939703297533649
3530 3531 -0.7663612768984622
3544 3545 -0.5063747738441376
3544 3559 -0.22097212411788048
3545 3546 0.6652529169788299
3545 3560 0.31630741227568754
3546 3561 0.2403437329428765
3559 3560 0.04975056627556054
3560 3561 0.48132465668042623
3574 3575 -0.4407641643622311
3574 3589 -0.25835108849849725
3575 3576 0.11418835057578434
3575 3590 -0.3237821800474745
3576 3591 -0.3011404752173838
3589 3590 -0.5184718035322137
3590 3591 0.36999985522891277
3604 3605 0.2115859807743306
3604 3619 -0.10831144705611859
3605 3606 0.788137557282207
3605 3620 0.3423614945695668
3606 3621 -0.07567183378090214
3619 3620 -0.0643600754896784
3620 3621 -0.7860304671477543
3634 3635 0.14105600272703336
3634 3649 0.5313683426087406
3635 3636 0.22814212675666082
3635 3650 0.8294424135598975
3636 3651 -0.10971239126342208
3649 3650 0.6996749246265974
3650 3651 0.06367184216723247
3664 3665 -0.7230065887218624
3664 3679 -0.2688670893260871
3665 3666 -0.21709502066205047
3665 3680 -0.6861361832492319
3666 3681 -1.0
3679 3680 0.9565024921029203
3680 3681 0.21300740282672734
3694 3695 -0.7742959740044613
3694 3709 0.515776839616389
3695 3696 -0.262216020714322
3695 3710 0.15711832474407558
3696 3711 -0.4406811769990285
3709 3710 0.06664778651842061
3710 3711 0.03157421405256666
3724 3725 0.24219645810898888
3724 3739 0.1695347426554952
3725 3726 0.23253221644171002
3725 3740 -0.24026948238733026
3726 3741 -0.12353489159305761
3739 3740 -1.0
3740 3741 -0.6152715278271996
3754 3755 -0.2728906529857838
3754 3769 0.0457029548939332
3755 3756 0.5102541866723331
3755 3770 -0.8648012562396342
3756 3771 -0.10194439718393779
3769 3770 0.003233880827366955
3770 3771 0.07319084566405078
3784 3785 0.43038220826752693
3784 3799 0.27899982237087445
3785 3786 -0.6080733664379768
3785 3800 0.5312304530161515
3786 3801 -0.469920761973097
3799 3800 0.3396199381279555
3800 3801 0.048261421334661304
3814 3815 -0.37586495764478106
3814 3829 0.2423734719439072
3815 3816 -1.0
3815 3830 -0.30226659905162123
3816 3831 -0.2622709810744272
3829 3830 -0.27427327507411176
3830 3831 -0.03401150564979969
3844 3845 -0.2421215870299046
3844 3859 -0.11369242123421616
3845 3846 -0.14986687630652248
3845 3860 -0.04596274754377849
3846 3861 -0.6365291932770107
3859 3860 0.40742005299070283
3860 3861 -0.44502797706772046
3874 3875 0.22356596526982936
3874 3889 0.09985404799066953
3875 3876 -0.0907554129217826
3875 3890 0.10511992479944765
3876 3891 -0.8305384357972166
3889 3890 0.2411019479540271
3890 3891 0.4496521213931097
