# 
603 603 -0.6321755663789697
604 604 0.21689584117981703
605 605 2.118676398098202
618 618 -0.1525761867672377
619 619 -0.06334758261360375
620 620 3.240548400462916
633 633 -0.798920970838665
634 634 -0.3222293794555632
635 635 -0.8008259311557185
648 648 -0.91169099278152
649 649 1.3546688473137587
650 650 1.6634725186519748
663 663 -0.038141731898495845
664 664 0.7884025335376895
665 665 1.1011232866111993
678 678 0.7753223383674867
679 679 -0.19712184366273378
680 680 1.4524067339662434
693 693 2.34510808818174
694 694 0.5511952222771953
695 695 -0.6250498260298943
708 708 -1.9611156651191082
709 709 -1.2321172558514848
710 710 -0.03824100664618175
723 723 -0.786615486931435
724 724 0.19967809092677052
725 725 -0.9533194574949206
738 738 -0.7844460224242394
739 739 -0.20383463091243192
740 740 -0.38847630624258594
753 753 -0.8734097927745726
754 754 2.0995790698742454
755 755 -0.8514233529620407
768 768 -0.3957892873770062
769 769 -0.45592356949750573
770 770 0.2784374919000153
783 783 -1.9563393404591098
784 784 -2.183445900253243
785 785 0.8717750735548567
798 798 -0.8349507245396174
799 799 -1.5384502075430935
800 800 1.1356591488282695
813 813 -1.4993523047738708
814 814 -1.0524398385244047
815 815 -1.1880276340734808
828 828 -0.9844701536021834
829 829 1.4675889156627953
830 830 -0.047208464404913913
843 843 -1.3181851264533533
844 844 -0.8571021035219727
845 845 -0.6240300392770962
858 858 0.8312491710927663
859 859 -0.4888724326725237
860 860 0.7709641320680115
873 873 0.28815182739195194
874 874 -0.3583640014001703
875 875 -1.203640584064698
888 888 -1.0697230604796386
889 889 -1.0300750675953485
890 890 -0.9224858661613311
903 903 0.27475153969078764
904 904 0.44569180749397463
905 905 -0.8768504543007924
918 918 0.08925835824569885
919 919 0.3209450800322777
920 920 -1.0530754609265045
933 933 0.6107846984045509
934 934 1.136614377943729
935 935 -1.5479974524557272
948 948 -0.012102278219911814
949 949 -0.9391757612607038
950 950 1.1039646165905521
963 963 -1.8698608833468178
964 964 -0.26289049950283055
965 965 0.402888797201865
978 978 -0.8981789458880272
979 979 -1.482593830284531
980 980 0.3111519605102041
993 993 -0.7773245055062956
994 994 -0.3577895438694529
995 995 -0.24368234881296433
1008 1008 0.9061975497468688
1009 1009 0.6742133303510086
1010 1010 -0.36123581316671954
1023 1023 0.4845399210239011
1024 1024 0.41560024363642156
1025 1025 -0.08224734923078716
1038 1038 0.35568806547427495
1039 1039 0.18011108885447683
1040 1040 -0.48254720281706104
1053 1053 -0.21380473035869932
1054 1054 1.7526363881688931
1055 1055 1.0341345576803296
1068 1068 0.31182764464154433
1069 1069 0.5958059539741122
1070 1070 -0.5994005340690989
1083 1083 1.2397722606890524
1084 1084 1.1143653820302002
1085 1085 1.7281141842900956
1098 1098 -1.2004874527942655
1099 1099 -0.6862804073046322
1100 1100 0.5827720995618104
1113 1113 -0.4810101295354609
1114 1114 0.7650604873585598
1115 1115 -1.9682383226939588
1128 1128 0.9440964239345992
1129 1129 2.4699153646704253
1130 1130 -0.32259219871961076
3364 3364 0.015761358227484933
3365 3365 -1.3006502872077608
3366 3366 -0.25218744036145646
3379 3379 -0.5273482010506094
3380 3380 -3.0805063068838834
3381 3381 0.5900539320866062
3394 3394 -1.2764832126439947
3395 3395 0.4449098782793301
3396 3396 0.6432701145597258
3409 3409 -0.5849826916740469
3410 3410 -1.557811401687931
3411 3411 -0.33480165261710243
3424 3424 0.35979619992393136
3425 3425 -1.2782512628909877
3426 3426 0.309606996089145
3439 3439 0.595593100923111
3440 3440 -0.012570581904487442
3441 3441 -0.4891163208712428
3454 3454 -1.5151864982071506
3455 3455 -0.8438040687346196
3456 3456 -0.06271058023711555
3469 3469 -1.0392190853606322
3470 3470 -0.16763838280506288
3471 3471 -2.3368605177183364
3484 3484 -0.5882913442244762
3485 3485 0.467652590120821
3486 3486 -0.928611326822229
3499 3499 -0.10244891732288619
3500 3500 -0.24131725295917167
3501 3501 0.3273298165891708
3514 3514 -0.6927579279266374
3515 3515 0.0005134770585809281
3516 3516 0.7157815841280462
3529 3529 -0.48086058875520177
3530 3530 -0.04164127524282272
3531 3531 0.9966535114996393
3544 3544 0.21511781914400147
3545 3545 -0.10042502071195063
3546 3546 -0.3233010559698385
3559 3559 0.087356690246867
3560 3560 0.5548088423545304
3561 3561 0.060808768947091
3574 3574 -0.3534082676578938
3575 3575 -0.520046532789979
3576 3576 -0.45251528388067813
3589 3589 1.3303810056275713
3590 3590 -0.3966166729937454
3591 3591 0.5746126358445294
3604 3604 1.5359170490241545
3605 3605 -0.5321990493015335
3606 3606 -0.28360529505125776
3619 3619 -0.5344763229912414
3620 3620 1.2395472968745649
3621 3621 -0.22565955095934084
3634 3634 0.9898160605651777
3635 3635 0.17109433991144202
3636 3636 -1.0573446004564369
3649 3649 -0.5265716503884208
3650 3650 0.8918678049281433
3651 3651 0.4446075006732741
3664 3664 0.8103950377798217
3665 3665 1.5295241914905224
3666 3666 0.5618302456113176
3679 3679 -0.22189500478074622
3680 3680 0.3335074710491641
3681 3681 -1.1682479059610367
3694 3694 1.06247112368327
3695 3695 1.0036588727037796
3696 3696 -0.7725556188740007
3709 3709 0.8352302928479427
3710 3710 1.3925890625570332
3711 3711 -0.5201478159316155
3724 3724 -0.7879895668548557
3725 3725 -0.53364761143952
3726 3726 -0.5698107559417936
3739 3739 1.433745850247577
3740 3740 1.1475710340412564
3741 3741 1.3341826813775461
3754 3754 -0.8139453170673879
3755 3755 0.8217549125030483
3756 3756 -0.6546428917974185
3769 3769 -0.9582144119796779
3770 3770 -0.0944860334312119
3771 3771 0.9124915962976002
3784 3784 1.2455917531944052
3785 3785 0.006936908734067221
3786 3786 0.030022288411516246
3799 3799 0.6355035916147385
3800 3800 -0.1256801779589565
3801 3801 0.7472205688537208
3814 3814 0.09830493982294368
3815 3815 0.8587092763509102
3816 3816 0.2920325738095893
3829 3829 -1.8515540366866285
3830 3830 0.06933806610295143
3831 3831 1.177022643158589
3844 3844 -0.4315789873378797
3845 3845 -0.7676139856533054
3846 3846 0.4722383033839994
3859 3859 -0.5246858938418134
3860 3860 1.3385558595226463
3861 3861 0.014468556560513858
3874 3874 0.41396488647630086
3875 3875 -0.7817981213093519
3876 3876 1.2754024733353637
3889 3889 -1.2026132610454126
3890 3890 0.8988405499356942
3891 3891 -1.2017732450763374
603 604 -0.3175898655952593
603 618 0.18298235707610216
603 3484 1.0
603 3499 -0.22868615018136282
603 3514 0.26980242243210445
603 3529 0.523242607949454
604 605 -0.6421062262502958
604 619 -0.02707385779591995
604 3664 0.9928876118347734
604 3679 -1.0
604 3694 -0.025093790357037953
604 3709 -0.2461576837760207
605 620 -0.7183462534757956
605 3844 0.10252509155934007
605 3859 0.5513130213798588
605 3874 0.25367432548966096
605 3889 -0.21550207631373702
618 619 0.306562799982913
618 3484 -1.0
618 3499 -0.3025049759092717
618 3514 0.8360424375806259
618 3529 -0.8454001996785546
619 620 -0.9974974527257812
619 3664 -0.06335934289642223
619 3679 0.22688900204789575
619 3694 -1.0
619 3709 -0.7863263051677757
620 3844 0.47893843644994377
620 3859 -0.8147102628915814
620 3874 0.40029642069219074
620 3889 -0.5797438768457241
633 634 0.39587452506455345
633 648 1.0
633 3424 0.3952608913197601
633 3439 0.2590855795426902
633 3454 -0.4152162421382924
633 3469 -0.26190318490869924
633 3484 -0.347228793877504
633 3499 0.12963806951394277
633 3514 -0.6923590067293299
633 3529 -0.3453582084534354
634 635 -0.384506933247561
634 649 0.7667298887142134
634 3604 -0.1168149172667462
634 3619 0.41489839908115483
634 3634 0.35140638201529706
634 3649 -0.4539521763696559
634 3664 0.745652421008887
634 3679 0.24911123470364094
634 3694 -0.11370647822345474
634 3709 0.39016215661291265
635 650 0.5276689821446751
635 3784 -0.4810155304535424
635 3799 -0.3936494045316411
635 3814 -0.12562788836010208
635 3829 -0.5443998271612385
635 3844 0.20660197302948172
635 3859 0.6444789756217121
635 3874 -0.37064383248270333
635 3889 0.2970901312964542
648 649 0.27689004638049636
648 3424 0.8387447045050481
648 3439 -0.22446352677994166
648 3454 0.5628735659369541
648 3469 0.06778091323733998
648 3484 -0.7851467316734179
648 3499 -0.022302126776634578
648 3514 1.0
648 3529 -0.4547460303320769
649 650 0.13152670501567984
649 3604 -0.028852083151104185
649 3619 -0.14917960631799015
649 3634 -1.0
649 3649 -1.0
649 3664 0.2362852626987368
649 3679 -0.45998406027170347
649 3694 0.14349871346430632
649 3709 0.6695136471456078
650 3784 0.6179676453521677
650 3799 0.4700048007238796
650 3814 0.10978989665649959
650 3829 0.4102925680548379
650 3844 -1.0
650 3859 0.31349334977565585
650 3874 -0.3343420772722339
650 3889 0.059627952349530056
663 664 0.12485799424679121
663 678 0.11795387020249189
663 3424 -1.0
663 3439 -0.22934931503188916
663 3454 -0.32153673793791293
663 3469 0.31337092240458775
663 3484 0.701607721314157
663 3499 -0.21861680619792254
664 665 -0.10461690774109912
664 679 -0.2129796425952579
664 3604 0.1455358160616141
664 3619 -0.735521126441757
664 3634 -0.05999492901719756
664 3649 0.5546619308505409
664 3664 0.8930209212940468
664 3679 0.6739483281351759
664 3514 -0.06285691208396992
664 3529 0.6873729165556839
665 680 0.6639612150640017
665 3784 0.32507775250709847
665 3799 -0.43318958071531516
665 3814 0.5416868024197848
665 3829 0.41462300171165334
665 3844 -0.37657863045199674
665 3859 0.1460429395790546
665 3694 -0.17479119081213554
665 3709 0.6346552188086423
678 679 0.4105041413576743
678 3424 0.37593158493939915
678 3439 0.14519241195635718
678 3454 -0.4380383382163449
678 3469 0.06928342137960436
678 3484 -0.12072523342979927
678 3499 0.3098218400350377
679 680 -0.5745386297598685
679 3604 -0.6860359319605088
679 3619 0.06991137460279487
679 3634 0.3424685933575162
679 3649 0.3692254313923953
679 3664 0.20536281460829267
679 3679 -0.07421797357638005
679 3514 0.13224850720002276
679 3529 -1.0
680 3784 0.09452208926193814
680 3799 1.0
680 3814 0.9547249636296332
680 3829 0.2843748661406713
680 3844 -0.2942490267371036
680 3859 0.23013648405095544
680 3694 -0.14563173663658024
680 3709 -0.33133986921844844
693 694 0.1358826976641315
693 708 -0.22374726996517563
693 3424 0.12791830757555286
693 3439 0.43621236274428116
693 3454 -0.19935030596506403
693 3469 -1.0
693 3484 0.745099269231924
693 3499 0.2032187032154775
693 3364 -0.24628217146032372
693 3379 -1.0
693 3394 0.32512259298420954
693 3409 -1.0
694 695 -0.5153724511269886
694 709 0.94544448370806
694 3604 0.006773311165605684
694 3619 0.631088996749346
694 3634 0.0037223627931305646
694 3649 0.5596529545132014
694 3664 0.3491977924662017
694 3679 -0.6390459315904419
694 3514 -0.2812990465853482
694 3529 -0.5583730213539185
694 3544 -0.2412349586376038
694 3559 1.0
694 3574 0.30155591891277134
694 3589 0.387079980288694
695 710 -0.18005342626139956
695 3784 0.005157031746296392
695 3799 0.2608903360348301
695 3814 0.04061456209608938
695 3829 0.005273913634235406
695 3844 -0.5218790440395228
695 3859 -0.17797555208685714
695 3694 0.34439803808918357
695 3709 -0.9127524481968801
695 3724 -0.3719774047032598
695 3739 0.4013236417744326
695 3754 0.08376271876372061
695 3769 -0.2486193436782674
708 709 -0.390175747758203
708 3424 -0.03545308917262359
708 3439 -0.7408285265882711
708 3454 -0.14672612903113816
708 3469 0.14326811080620644
708 3484 -0.4222262844213008
708 3499 0.0797423694931376
708 3364 -0.2854994989087673
708 3379 0.13251884968133917
708 3394 0.5079917012483471
708 3409 0.3574307621236192
709 710 0.1647980824101835
709 3604 -0.42243281442259845
709 3619 -0.11147399011554897
709 3634 0.7281737846504766
709 3649 0.09764631566788291
709 3664 -0.01713635160940794
709 3679 -0.1979353090675452
709 3514 0.4113775903187411
709 3529 -0.47765726199527747
709 3544 0.7214676404372975
709 3559 0.18970661050347198
709 3574 1.0
709 3589 0.7619557135279618
710 3784 0.39983948912267736
710 3799 0.17543190423415364
710 3814 -0.6271131516030632
710 3829 0.347050526407758
710 3844 0.2341027847877022
710 3859 -0.23032851890912384
710 3694 -0.06393524772371048
710 3709 0.07610835013855578
710 3724 -0.8159200308667065
710 3739 -0.29033014412311425
710 3754 0.6570480188228227
710 3769 0.44377454746093237
723 724 0.65182131383418
723 738 -0.309906405750425
723 3424 -0.8263671885760291
723 3439 0.009282087490053643
723 3364 -0.42773196491105864
723 3379 0.378472682660415
723 3394 0.4969320994243411
723 3409 -0.5708772885371336
724 725 0.07647069776691372
724 739 -0.2601660004875439
724 3604 -0.10912956822420493
724 3619 -0.08783447524709961
724 3454 -0.1144644586394902
724 3469 -0.07020679103155403
724 3484 0.480697188093446
724 3499 -0.9460087399829529
724 3514 -0.14528450659447975
724 3529 -0.2414753696498829
724 3544 -0.3418243009533479
724 3559 -0.012028353396929568
724 3574 0.7069841016914855
724 3589 0.18845471712998488
725 740 0.2713309951268274
725 3784 0.5439315673635439
725 3799 -0.6321035280478456
725 3634 0.582076379511583
725 3649 -1.0
725 3664 -1.0
725 3679 0.17402058807388937
725 3694 0.04208066566080043
725 3709 0.037393409650325386
725 3724 -0.20051704873126858
725 3739 0.3522006283713473
725 3754 0.08294492431468271
725 3769 -0.4981974091004191
738 739 0.04862935181428245
738 3424 -0.5932105359983871
738 3439 0.3347739992528315
738 3364 0.23229212344969596
738 3379 -0.22550198443763014
738 3394 -0.014128520166128132
738 3409 -0.21665084770377593
739 740 -0.3050612976086727
739 3604 0.5231141382870516
739 3619 -0.16214778082765727
739 3454 -0.3931410660091542
739 3469 0.42087065165339976
739 3484 -0.8518894555978572
739 3499 0.004131177018997894
739 3514 0.27418902180815913
739 3529 -0.1451854682396946
739 3544 0.5156831209407252
739 3559 -0.6679885980718187
739 3574 0.7773026645600961
739 3589 -0.33081053798083043
740 3784 0.5072424946726871
740 3799 -0.603612525052505
740 3634 0.327907589131722
740 3649 0.29328350773007217
740 3664 0.2996595194186898
740 3679 -0.35770741460215405
740 3694 0.823359752838678
740 3709 -0.17986377433866368
740 3724 0.3149442547960308
740 3739 0.04998197890553002
740 3754 -0.1560452418768931
740 3769 -0.880560657689389
753 754 0.3293332801143554
753 768 0.4333043763770765
753 3424 0.14607858492457693
753 3439 -0.42457877960331514
753 3364 -0.1467366006819325
753 3379 -0.48362782518826325
753 3394 -0.8252424867534702
753 3409 0.3430533586938662
754 755 -0.3419035939488719
754 769 0.2919735333055652
754 3604 0.25846929706328814
754 3619 -0.11157219018588382
754 3454 0.12623637978924243
754 3469 -0.42660711679022706
754 3485 0.847569208316004
754 3500 -0.83138328532812
754 3515 -0.28477912042170195
754 3530 -0.4876488313164488
754 3544 -0.3905613676519665
754 3559 -0.6023234133419052
754 3574 -0.028763581745444307
754 3589 -0.1914741961262647
755 770 0.03639666405853793
755 3784 0.6907284386236948
755 3799 -0.13198806952106562
755 3634 -0.3951079765458273
755 3649 0.9209315045919564
755 3665 -0.8468761923955641
755 3680 0.33962772826416265
755 3695 -0.2712293118385735
755 3710 -0.5675577234001232
755 3724 0.15204269786677513
755 3739 -0.11373277799928665
755 3754 0.45653390607815525
755 3769 0.23723665780501674
768 769 -0.05859708003606578
768 3424 -0.22508906782202842
768 3439 0.43392606194840383
768 3364 -0.07627082231958858
768 3379 -0.3487791078808263
768 3394 0.38026475967604034
768 3409 -0.06631766262360057
769 770 0.4382808190462416
769 3604 -0.6333650459951813
769 3619 -0.5495476243822847
769 3454 -0.27543915949930686
769 3469 -0.9854112731350788
769 3485 1.0
769 3500 0.5326483793701228
769 3515 -0.4511070789766333
769 3530 -0.03837548297147269
769 3544 -0.1957120642332827
769 3559 0.13414331280275318
769 3574 0.33307895238649693
769 3589 -0.594684050381743
770 3784 -0.5141533452823177
770 3799 -0.17758398063645936
770 3634 -0.2729314078993458
770 3649 -0.5714429499260674
770 3665 -0.03897014174581013
770 3680 0.1365756464004948
770 3695 -0.1392613062840052
770 3710 -1.0
770 3724 -0.20912257042160723
770 3739 -0.06709816916778165
770 3754 0.19481290019215028
770 3769 -0.5917566537415893
783 784 -0.472000148344146
783 798 -0.610702103829434
783 3424 0.7030556626041058
783 3439 0.27451391498221306
783 3454 0.14281100107573716
783 3469 0.6205761155645968
783 3485 0.2585395853997312
783 3500 0.8273129829109515
783 3515 0.09737382383588729
783 3530 -0.1275260789632333
783 3544 -0.07973022019753828
783 3559 -0.3511567291877955
783 3394 0.30993129894375
783 3409 -0.8711570172360874
784 785 -0.22057204772237293
784 799 -0.9687632301023851
784 3604 -0.23168989018391367
784 3619 0.32217447614479655
784 3634 0.42862006462864444
784 3649 -0.14812853351287783
784 3665 0.3851035645675607
784 3680 -0.06318218972119383
784 3695 0.4647041950684253
784 3710 0.029771522055654295
784 3724 0.3410263177541564
784 3739 0.7272079417201505
784 3574 -0.1473560632964313
784 3589 0.02090585408022615
785 800 -0.1422388860858707
785 3784 0.35821257373853105
785 3799 0.47325394115274255
785 3814 0.1295858517888371
785 3829 -0.5895670633437967
785 3845 0.220739837202499
785 3860 0.41924839123322455
785 3875 -1.0
785 3890 0.6966742303425326
785 3754 0.747471567050585
785 3769 0.17249792336587133
798 799 -0.6635496811994585
798 3424 -0.1860693395552545
798 3439 0.7461752091063283
798 3454 -0.1169926605920543
798 3469 0.9530818668664672
798 3485 0.08528889590875272
798 3500 -0.16216287294082757
798 3515 -0.045637430818647254
798 3530 -0.5792438338604801
798 3544 0.031724081909286966
798 3559 -0.9757453838310521
798 3394 0.26945689048442356
798 3409 0.8443479363049746
799 800 0.290082832059966
799 3604 1.0
799 3619 -0.20498441944074056
799 3634 0.1234112948264105
799 3649 -0.9448798259805118
799 3665 -0.6740631544818627
799 3680 -0.44881722464013213
799 3695 -0.5474662697816481
799 3710 -0.7866159542817629
799 3724 0.27065491134169517
799 3739 -0.5183051519542379
799 3574 0.5812251714779381
799 3589 0.033170336015927185
800 3784 -0.999769468071586
800 3799 -1.0
800 3814 -0.14859596987673251
800 3829 0.4496066288276078
800 3845 -1.0
800 3860 0.09266044229756237
800 3875 -1.0
800 3890 0.9528995245629547
800 3754 0.20723660529472493
800 3769 0.31060274829835216
813 814 0.0069599968358055805
813 828 0.4952072863649102
813 3425 -0.5256296345735194
813 3440 -0.9135872108980202
813 3455 0.5229414551642795
813 3470 0.6665045442603668
813 3485 -0.5077447051523006
813 3500 -0.11888998845117718
813 3515 -0.24722125820172622
813 3530 -0.19090054780289886
813 3544 0.20223920748292082
813 3559 -0.14538722117249545
813 3394 -0.3694418889572557
813 3409 -0.5897796896216976
814 815 1.0
814 829 0.13118850598417303
814 3605 -1.0
814 3620 0.7992537134059567
814 3635 0.5091029865769007
814 3650 0.3271380567565979
814 3665 -0.3840311141063302
814 3680 -0.4454356381595903
814 3695 -0.6823386783782973
814 3710 -0.6841891272532167
814 3724 -0.23773946297742177
814 3739 -0.3595976969011867
814 3574 -0.98180847302592
814 3589 0.30197193289296864
815 830 -0.1612961147624299
815 3785 0.006808627526440887
815 3800 -0.098144952846581
815 3815 -0.8801521541203896
815 3830 0.24552347071221736
815 3845 -0.046394359005469815
815 3860 -0.1196865164439046
815 3875 -0.24950410838052267
815 3890 -0.7431233622384469
815 3754 0.37133931937152537
815 3769 -0.08565929478887833
828 829 -0.8154948567390939
828 3425 0.6046834738425003
828 3440 -0.1474001633258041
828 3455 -0.3860164314494781
828 3470 -0.194650417267233
828 3485 -0.40663913649873806
828 3500 -0.507908068977973
828 3515 0.12368787932746109
828 3530 0.05861392131660355
828 3544 -0.645733676789304
828 3559 -0.4424159615792894
828 3394 -0.6181527634221965
828 3409 -0.3636065190495882
829 830 0.40994863755226835
829 3605 0.4572072578720746
829 3620 0.2706391046434764
829 3635 0.02082404477954514
829 3650 0.29326344029811724
829 3665 -0.03209678461054771
829 3680 0.23781869500020283
829 3695 0.00045944617185985227
829 3710 0.4726921516608691
829 3724 -0.21360618521281505
829 3739 -0.3842531372482768
829 3574 0.48253609976901235
829 3589 -0.22265275929134387
830 3785 -0.29301023099482215
830 3800 1.0
830 3815 -0.0893858051075601
830 3830 -0.0021848030622966617
830 3845 -0.34795469262680057
830 3860 0.433495821466449
830 3875 0.874108202252511
830 3890 -0.5626712206683785
830 3754 -0.8268997394397007
830 3769 1.0
843 844 -0.0828975630526995
843 858 -0.1810722119305291
843 3425 -0.9302727868233811
843 3440 -0.11628614055065753
843 3455 -0.4892654686801164
843 3470 -0.5147917036120152
843 3485 0.06040995747463427
843 3500 -0.1311033061667206
843 3364 0.9432604401701854
843 3379 0.33958278646150525
843 3394 -0.03651850194170438
843 3409 -0.620397086827009
844 845 0.32849939198625355
844 859 -0.22807420716958696
844 3605 0.8770081869140519
844 3620 0.5630823657580238
844 3635 -0.4472621672592583
844 3650 -0.21084756175562178
844 3665 0.47945493881271967
844 3680 -0.7127715987883558
844 3515 0.06392807491118803
844 3530 0.3042793134443203
844 3544 0.2706253963118366
844 3559 0.3086313935479938
844 3574 -0.1826679584974328
844 3589 -0.057039356713406084
845 860 -0.027900365306870654
845 3785 0.1781661195660492
845 3800 0.599590405848348
845 3815 -0.07906177830472863
845 3830 -0.036190195778872065
845 3845 -0.9134872799110484
845 3860 -0.6380972910662314
845 3695 0.8617125568622664
845 3710 -0.463779151399278
845 3724 -0.11119933668581164
845 3739 0.5653811258138773
845 3754 -0.04602153030654835
845 3769 0.8206532250744577
858 859 -0.3891198126923514
858 3425 -0.6519912360833862
858 3440 0.3373977041710765
858 3455 0.8771624981423051
858 3470 -0.8854813597275525
858 3485 0.870319423507805
858 3500 -0.48709374296405633
858 3364 -0.24223693165834112
858 3379 0.30145660568513466
858 3394 -0.16228874919310843
858 3409 0.02296804226002521
859 860 1.0
859 3605 0.24592846870833882
859 3620 0.8118548729065734
859 3635 0.06957771855443062
859 3650 0.4341173853799472
859 3665 -0.10689102496302368
859 3680 0.01730350773833894
859 3515 -0.12342150540344313
859 3530 0.08524997519101482
859 3544 0.007265128088906499
859 3559 0.43829369103506016
859 3574 1.0
859 3589 -0.39057137562658467
860 3785 0.8818575355276853
860 3800 -0.3562742686338943
860 3815 0.16271287272158583
860 3830 0.6326265400809085
860 3845 -0.35744867063095676
860 3860 0.054818587276701136
860 3695 0.25521956523882644
860 3710 -0.07943689514703424
860 3724 0.6333038252206756
860 3739 0.17610833213061108
860 3754 -0.2826832050371317
860 3769 0.8352334324811507
873 874 0.11982436091053578
873 888 -0.23698433426426502
873 3425 0.0358563480489123
873 3440 0.3456686905896931
873 3455 0.4572194272972837
873 3470 -0.5183703084854898
873 3485 -0.2414187293232727
873 3500 -0.06957631037771231
873 3365 0.3440108656073544
873 3380 0.8794092805675615
873 3395 0.37279368308972183
873 3410 -0.19225111172825154
874 875 -0.241974173865401
874 889 -0.06431044937459068
874 3605 0.44749534006436814
874 3620 -0.6809691665487644
874 3635 -0.2808689379199086
874 3650 -0.09991324857912848
874 3665 -0.4195585507941749
874 3680 0.6456721528814183
874 3515 -0.093469065376378
874 3530 -0.8079754790204443
874 3545 -0.850260556993773
874 3560 -0.17972346172498158
874 3575 0.40914930956149625
874 3590 -0.1436999029709341
875 890 -0.6219869534006395
875 3785 -0.15530711428034683
875 3800 -0.5515282185790623
875 3815 0.35352675622448415
875 3830 -0.3879487574828097
875 3845 -0.419978878538106
875 3860 0.06711287441397365
875 3695 0.36511593958999794
875 3710 0.3362771497227938
875 3725 -0.5773143628996568
875 3740 -0.21292351391820113
875 3755 0.2389928938791025
875 3770 0.16756899604765862
888 889 0.2958631739872565
888 3425 0.22527696362808608
888 3440 -0.08912426567102023
888 3455 -0.9279414425708916
888 3470 0.14994168728576146
888 3485 0.23056977869826248
888 3500 0.28238190441022354
888 3365 -0.2262260409748118
888 3380 0.39320661924177464
888 3395 0.9428201305396057
888 3410 -0.6897999871037364
889 890 -0.6185605493704444
889 3605 -0.19910362824474892
889 3620 0.24801892220110044
889 3635 0.2739349563138751
889 3650 -0.24267679043759002
889 3665 0.5888534979997404
889 3680 -0.7211334482935088
889 3515 0.132264002631283
889 3530 0.8343405398723681
889 3545 -0.20207912733421235
889 3560 0.1500837984096582
889 3575 0.08255180192647592
889 3590 -0.5159681523792699
890 3785 0.26934001450220757
890 3800 -0.025237843309376576
890 3815 0.5141901589443332
890 3830 -0.6757057213681408
890 3845 -0.18390521014436728
890 3860 -0.2695754898576492
890 3695 -0.22311282524014867
890 3710 0.6798797979387459
890 3725 -0.7015640093020191
890 3740 0.6689231720960088
890 3755 0.3979030625399072
890 3770 -0.45785564392982125
903 904 0.48622175358058606
903 918 -0.3117154381836881
903 3425 0.47473596197281404
903 3440 0.36275149544692276
903 3365 0.2760096687128048
903 3380 0.7066174809557341
903 3395 0.15592224384131545
903 3410 -0.9339622041095237
904 905 -0.680467937856411
904 919 0.15608931639495832
904 3605 -0.444155373663372
904 3620 0.37568347488269715
904 3455 0.48416288932561763
904 3470 0.16515708771915283
904 3485 -0.028790098172673573
904 3500 -0.40762551615513803
904 3515 -0.1715105934505913
904 3530 0.06932023270155474
904 3545 -0.8775597883381516
904 3560 -0.10759499569555932
904 3575 0.023166606261289743
904 3590 0.3202810686902445
905 920 -0.5067912960128682
905 3785 0.9214610091838911
905 3800 -0.0847586852561148
905 3635 0.1483083613349256
905 3650 0.6146764197560902
905 3665 0.27434246079515046
905 3680 -1.0
905 3695 -0.10456817227642792
905 3710 -0.20901765254037757
905 3725 -1.0
905 3740 0.12435019016330989
905 3755 0.08117062640238364
905 3770 0.7057084400475251
918 919 0.02878072377413617
918 3425 -0.045231369325895505
918 3440 0.75044088534334
918 3365 0.14505143577293442
918 3380 -0.7035289287326332
918 3395 -0.04129868822366391
918 3410 -0.6276257753154562
919 920 0.14317755668891122
919 3605 -0.09699385673902138
919 3620 0.10560803458048137
919 3455 0.7476783593855547
919 3470 -0.3402094647087569
919 3485 -0.1759017895022098
919 3500 0.26820105453102355
919 3515 -0.17913434278075108
919 3530 1.0
919 3545 -0.06301212545616891
919 3560 -0.7630810844184779
919 3575 0.2693169465871205
919 3590 0.3751622400961291
920 3785 -0.16394522531976924
920 3800 0.1368524334329007
920 3635 0.1047324805718488
920 3650 0.2149245112025223
920 3665 -0.020571394987851183
920 3680 -0.11207914661646412
920 3695 -0.08120503336715566
920 3710 -0.11962068769873155
920 3725 -0.649864008566139
920 3740 -0.6250141366945722
920 3755 0.24822165400017038
920 3770 -0.2576746627675948
933 934 0.727413147563365
933 948 0.6524457499581581
933 3425 -0.18099125602982358
933 3440 -0.6116943317320677
933 3365 0.5340477245084194
933 3380 0.14815371476368225
933 3395 -0.488728109624007
933 3410 -0.614585544973719
934 935 -0.2774603946874799
934 949 -0.3436622478667193
934 3605 -1.0
934 3620 -0.5404625131472565
934 3455 -0.1294207654167834
934 3470 0.26743341046068914
934 3486 -0.05694979520339833
934 3501 -1.0
934 3516 0.3138449715645314
934 3531 -0.14056384359529578
934 3545 0.14422270184416322
934 3560 0.5815606574662057
934 3575 0.5088952585382451
934 3590 -0.3996279191688086
935 950 -0.5076647759114957
935 3785 0.412938546865703
935 3800 0.7074553015689152
935 3635 -0.30115750090127136
935 3650 -0.144043285612087
935 3666 -0.0963319438042988
935 3681 0.5501991106742643
935 3696 -0.40505844037170036
935 3711 0.095928174684849
935 3725 0.5143240469740877
935 3740 -0.24489078945624496
935 3755 -0.9291845649472198
935 3770 1.0
948 949 -0.5789076953617343
948 3425 0.6747859246013022
948 3440 -0.4727095523206034
948 3365 0.6440872101814353
948 3380 0.7430229315780493
948 3395 -0.34181604535535826
948 3410 -0.01145523914074357
949 950 0.34188640992848784
949 3605 -0.32817406513101255
949 3620 0.3186962609905541
949 3455 -0.3540083295570916
949 3470 0.5779993586657417
949 3486 -0.6096047317837527
949 3501 -1.0
949 3516 0.3586976877446779
949 3531 0.21280120386784593
949 3545 0.8518656648394547
949 3560 0.34416184559141855
949 3575 -0.20106177413295895
949 3590 -1.0
950 3785 -0.4441752846209628
950 3800 0.5197238368529025
950 3635 -0.3338768339665403
950 3650 -0.3715781856686273
950 3666 -0.6143731785432283
950 3681 0.09755072892875985
950 3696 0.3467464818081085
950 3711 -0.2603577481737187
950 3725 -0.07328111657179473
950 3740 -1.0
950 3755 0.7394441911335047
950 3770 -0.2924546690124738
963 964 -0.6032276158404413
963 978 0.47277573248873084
963 3425 0.5006681964614824
963 3440 0.2937386764767716
963 3455 0.3725212447638629
963 3470 0.9288080962921643
963 3486 0.0472292848473109
963 3501 -0.002526687359822045
963 3516 -0.020324629213543163
963 3531 0.17163644780913395
963 3545 0.5360758251748486
963 3560 0.14786132782264927
963 3395 -0.6567235141841378
963 3410 -0.004995771043694735
964 965 -0.053330100203640506
964 979 -0.019908313087860677
964 3605 -0.9747477891012809
964 3620 -0.7586165867657454
964 3635 -0.2698356263636308
964 3650 0.03352379088384265
964 3666 0.18768373811082847
964 3681 -0.09191106836317567
964 3696 -0.7586948164211961
964 3711 0.1460261155639962
964 3725 -0.5925048188160774
964 3740 -0.3759778631668434
964 3575 0.4165748551372203
964 3590 -0.559214776816669
965 980 -0.33298609838236815
965 3785 0.4707315068370801
965 3800 0.45065441007082185
965 3815 0.05720129595824678
965 3830 -0.050833278541765545
965 3846 -0.16549869254438723
965 3861 -0.8493885252200413
965 3876 0.670509020189404
965 3891 -0.07682893709984773
965 3755 0.19973440551719546
965 3770 0.3696818714902153
978 979 -0.34900883384924214
978 3425 0.07238537752026053
978 3440 0.4126539575280443
978 3455 0.5013466199036342
978 3470 -0.20984886546825607
978 3486 0.7191742484646795
978 3501 -0.7334324096830217
978 3516 0.1798737876208258
978 3531 0.1472622800455561
978 3545 0.0795780975347951
978 3560 -0.44045886181810256
978 3395 -0.36797494723311214
978 3410 -0.7170907414245938
979 980 -0.7703147360903515
979 3605 -0.2777960082255033
979 3620 -0.44252426438576453
979 3635 -0.8757253703380833
979 3650 -0.9070356726817074
979 3666 -0.549549431082884
979 3681 -0.9968445257397895
979 3696 -0.46833992381972506
979 3711 -0.4101940478123704
979 3725 0.142924252730108
979 3740 0.8240021332783954
979 3575 0.28829399859902316
979 3590 -0.04067785395246597
980 3785 0.04999757287979615
980 3800 0.02236873145440278
980 3815 -0.28816490781282
980 3830 -0.14315168706949274
980 3846 0.660588661924634
980 3861 0.2848712206384364
980 3876 -0.5374007315025803
980 3891 0.6002148202956774
980 3755 0.4121469750186489
980 3770 -0.48482569314611756
993 994 -0.056199709902118616
993 1008 -0.3012928561470501
993 3426 0.013282097970732884
993 3441 0.3061426557594198
993 3456 0.388999139704248
993 3471 1.0
993 3486 0.45521005402289516
993 3501 -0.10432749168097451
993 3516 -0.22959646650834717
993 3531 -0.08381413130631718
993 3545 0.1371896027141176
993 3560 -0.02065869967768421
993 3395 0.10009522481566353
993 3410 0.034394293160809955
994 995 -0.4593327498114469
994 1009 -1.0
994 3606 -1.0
994 3621 0.0653572190383449
994 3636 -0.705033454160489
994 3651 0.24680617964374105
994 3666 0.49173922089915045
994 3681 0.5106496777083435
994 3696 -0.22810776885261191
994 3711 0.12131187341703879
994 3725 0.4606949003321465
994 3740 0.1631844404735304
994 3575 -0.11409163946487882
994 3590 1.0
995 1010 -1.0
995 3786 0.06298794081633008
995 3801 1.0
995 3816 0.0543327784105481
995 3831 -0.17311968699772665
995 3846 0.6013996218658805
995 3861 -0.23185846966771614
995 3876 -0.45442919041730134
995 3891 -0.45095938413000597
995 3755 0.3095237347913589
995 3770 -0.32944708693081354
1008 1009 -0.703138569887286
1008 3426 -0.36812190681584445
1008 3441 -0.44824644880463627
1008 3456 -0.6602648794747491
1008 3471 0.36111078137074554
1008 3486 -0.5737855521936862
1008 3501 -0.7097313545859281
1008 3516 -0.03566990059432039
1008 3531 -0.3026439192008534
1008 3545 0.03188266281112079
1008 3560 0.04298172150750194
1008 3395 -0.30386126012092735
1008 3410 -0.18414269586758708
1009 1010 -1.0
1009 3606 0.41843232711008205
1009 3621 -0.19147828549034257
1009 3636 -0.21564789759174394
1009 3651 0.7019145945265172
1009 3666 -0.31730220768886247
1009 3681 0.4240823790810186
1009 3696 0.3454147120282012
1009 3711 0.8195187653831647
1009 3725 -0.27709445862570015
1009 3740 0.02473650173387709
1009 3575 -0.3203732484039726
1009 3590 -0.4228709321038506
1010 3786 0.134999754638084
1010 3801 0.2714686651230147
1010 3816 0.5930912335879361
1010 3831 0.23153954865941948
1010 3846 -0.3146282325154882
1010 3861 0.3077588384542797
1010 3876 0.22831926212308518
1010 3891 0.13618891099741498
1010 3755 -0.39884739370472183
1010 3770 -0.39883115854062506
1023 1024 0.13688813488470725
1023 1038 -0.21966092168228182
1023 3426 0.2002580415450679
1023 3441 -0.16593138688911246
1023 3456 0.4033633004251348
1023 3471 -0.17776420301171966
1023 3486 0.5586985417764225
1023 3501 0.12868290097332005
1023 3365 0.08410451517298091
1023 3380 0.07977143496750605
1023 3395 -0.5775244336852107
1023 3410 -0.608697670429832
1024 1025 0.07520760988654344
1024 1039 0.0238196081940361
1024 3606 0.24143081384868814
1024 3621 -0.3095180179032817
1024 3636 0.47064543461238645
1024 3651 -0.2966907456839637
1024 3666 -0.07571073901788974
1024 3681 0.6071996141603427
1024 3516 -0.5857118287421793
1024 3531 0.7667917289196501
1024 3545 -0.6233506181547744
1024 3560 -0.34555526436770173
1024 3575 0.7406039181083728
1024 3590 -0.38248956951279006
1025 1040 -0.00897691729337373
1025 3786 -0.6151183858369157
1025 3801 0.9993150769515913
1025 3816 0.6416923019829033
1025 3831 -0.03679601466446471
1025 3846 0.5758838736551796
1025 3861 -0.75095792222397
1025 3696 -0.19204301497220894
1025 3711 0.4055749845284623
1025 3725 -0.3328805148303693
1025 3740 0.20956611912370174
1025 3755 -0.1542731700190597
1025 3770 -0.27496045584929824
1038 1039 0.3383143135776782
1038 3426 0.08266054407641049
1038 3441 0.7932468786494806
1038 3456 -0.7147233137971384
1038 3471 0.06986936763053912
1038 3486 -0.48936125720490925
1038 3501 1.0
1038 3365 0.3729784951038422
1038 3380 -0.649750448368957
1038 3395 -0.8100507380522686
1038 3410 0.23447825911289374
1039 1040 -0.2021188483058978
1039 3606 -0.4820646817102594
1039 3621 -0.033873063020062544
1039 3636 -0.11197682741161996
1039 3651 0.2965999497220788
1039 3666 -0.12136334290727867
1039 3681 -0.7145204045304874
1039 3516 -0.6017131242030118
1039 3531 0.7439577539520772
1039 3545 0.12870268829460885
1039 3560 -0.6737948078341991
1039 3575 0.027099786232715774
1039 3590 0.7277205682527452
1040 3786 0.017472949220691744
1040 3801 -0.7273390264947721
1040 3816 -0.9603396033528452
1040 3831 0.027996125947421624
1040 3846 0.38441051685174765
1040 3861 -0.21704080869174744
1040 3696 -0.20495963264438782
1040 3711 -0.21667963245452512
1040 3725 0.4920467311766343
1040 3740 0.8531633419182562
1040 3755 -0.38649030512813004
1040 3770 -0.1874533645952125
1053 1054 -1.0
1053 1068 0.15362347713227306
1053 3426 -0.3383278378912631
1053 3441 0.015584144093432575
1053 3456 0.24729573645184108
1053 3471 -0.3931492712791745
1053 3486 0.8032991730127946
1053 3501 0.5821613327141726
1053 3366 -0.11537399933497723
1053 3381 0.3017596156859586
1053 3396 -1.0
1053 3411 0.2453301338518781
1054 1055 0.11175795700189779
1054 1069 -0.18009330281800182
1054 3606 -0.28216351968891146
1054 3621 0.2670119288484556
1054 3636 -1.0
1054 3651 0.803676087528129
1054 3666 -0.42626224653540545
1054 3681 0.18687290288834021
1054 3516 -0.22887891940800414
1054 3531 0.13689010073957547
1054 3546 -0.060246643224202055
1054 3561 0.48012805910661177
1054 3576 -0.19034362466789956
1054 3591 1.0
1055 1070 0.05968404487408507
1055 3786 -0.9377107300269203
1055 3801 0.40724060233444304
1055 3816 -0.5242992497359997
1055 3831 0.6101868267084466
1055 3846 0.5380424815740354
1055 3861 0.2267770829181277
1055 3696 0.3855782363674979
1055 3711 0.8118420808726042
1055 3726 -0.15501904763847646
1055 3741 0.5310790509445459
1055 3756 0.1348202376826595
1055 3771 -0.5915759157433906
1068 1069 -0.9871159912059635
1068 3426 0.27756870175429776
1068 3441 -0.28426685821562203
1068 3456 -0.1782078629203088
1068 3471 0.4011387400858099
1068 3486 0.35332039855002073
1068 3501 -0.16035029088666888
1068 3366 -0.36251599608306834
1068 3381 -1.0
1068 3396 -0.2061077786816831
1068 3411 0.26309012452741254
1069 1070 1.0
1069 3606 0.6999275941943726
1069 3621 -0.4647612301351087
1069 3636 0.3481891387324038
1069 3651 0.24957111182539554
1069 3666 0.7244620322919919
1069 3681 0.3074271486352855
1069 3516 0.2868374277661761
1069 3531 0.09822230671943308
1069 3546 0.5215886379777581
1069 3561 -0.26650783155934105
1069 3576 0.42781317801488356
1069 3591 -0.019516346493944556
1070 3786 -1.0
1070 3801 0.0735869175312743
1070 3816 0.28701045154870564
1070 3831 0.39092036634866645
1070 3846 0.3665409203066669
1070 3861 0.08039122150209009
1070 3696 0.11716603430187783
1070 3711 0.8518801014772523
1070 3726 1.0
1070 3741 0.16458273649752955
1070 3756 -0.40933134752255945
1070 3771 0.6072761610546071
1083 1084 0.22260422188453718
1083 1098 -1.0
1083 3426 -0.06976849995492981
1083 3441 0.28219325023568625
1083 3366 0.2861836356591382
1083 3381 -0.42915877740550035
1083 3396 -0.16835602979860334
1083 3411 0.2828868943080758
1084 1085 -0.5253165933976176
1084 1099 0.6351889369670037
1084 3606 -0.4463250032359215
1084 3621 -0.050966141167077234
1084 3456 -0.06137310256244406
1084 3471 -0.12694294544586246
1084 3486 0.567050324836186
1084 3501 0.038264703422465136
1084 3516 -0.5928026168474024
1084 3531 -0.03194913309469677
1084 3546 0.6733013916124173
1084 3561 0.2611409070487597
1084 3576 -0.06345020191882748
1084 3591 -0.5475320676355974
1085 1100 0.2431477375002295
1085 3786 0.058927188608670585
1085 3801 0.37533443038002606
1085 3636 0.35179888125597125
1085 3651 -0.24732541076848666
1085 3666 -0.10248749769097375
1085 3681 1.0
1085 3696 -0.07949265596818475
1085 3711 0.5274887114794452
1085 3726 0.06710479376819342
1085 3741 0.7520570423849188
1085 3756 -0.3210371539521089
1085 3771 0.24534292418961176
1098 1099 0.09905695228784352
1098 3426 -0.2700058312300734
1098 3441 0.1396554021720047
1098 3366 -0.6359891169992768
1098 3381 -0.2878234883626507
1098 3396 -0.5428121191905528
1098 3411 0.08128975921073439
1099 1100 -0.3352582476413182
1099 3606 0.3733592722530688
1099 3621 -0.46937133950766313
1099 3456 0.011634027759405727
1099 3471 0.2720842170631807
1099 3486 0.7391219586949587
1099 3501 0.7130153160824982
1099 3516 0.11434419426226825
1099 3531 -0.5081326960325022
1099 3546 -0.12434787835705888
1099 3561 -0.36865069880270135
1099 3576 0.5093714245759905
1099 3591 -0.028349663970426934
1100 3786 -0.13146283786804025
1100 3801 0.005633545402737307
1100 3636 0.18358832380693563
1100 3651 -0.17959545725702028
1100 3666 0.8170360250903144
1100 3681 0.7679380231891493
1100 3696 0.25362470480168103
1100 3711 0.3377699811923038
1100 3726 -0.5671295359135445
1100 3741 -0.1601668632769238
1100 3756 0.16084748082744424
1100 3771 0.6156256024763528
1113 1114 -0.5358986138824829
1113 1128 -0.18738725988426225
1113 3426 -0.31152966552101685
1113 3441 -0.17474798120604293
1113 3366 -0.15416716965946917
1113 3381 1.0
1113 3396 0.11851134232152025
1113 3411 0.7564469195230923
1114 1115 -0.37992045680543113
1114 1129 0.06432867504290343
1114 3606 -0.13021599399503134
1114 3621 -0.5063671055789802
1114 3456 -0.2935503362682951
1114 3471 -0.9394093001162017
1114 3546 -0.9318153805509735
1114 3561 -0.23077752028886
1114 3576 0.19638422177653947
1114 3591 -0.5327751921176491
1115 1130 0.3618489144934681
1115 3786 1.0
1115 3801 0.0038720219457407355
1115 3636 0.9904249558311649
1115 3651 0.29541669119682035
1115 3726 0.25239051051873346
1115 3741 0.17636014589596263
1115 3756 -0.2614643943833084
1115 3771 0.6142054194058915
1128 1129 -0.2337225980005225
1128 3426 -0.08333135998276835
1128 3441 0.593294415480821
1128 3366 -0.8566442996300228
1128 3381 -0.7351931429422075
1128 3396 -0.43104747930986287
1128 3411 -0.31050493915285593
1129 1130 -0.27787597461411034
1129 3606 -0.0683493248649394
1129 3621 0.31773827670112686
1129 3456 0.3621751889004698
1129 3471 -0.23022980231899656
1129 3546 -0.2940463076878239
1129 3561 0.15467195624321597
1129 3576 -0.16319060362997642
1129 3591 -0.30799748219031303
1130 3786 0.1864692279443395
1130 3801 -0.5911885687322083
1130 3636 0.02275352871737268
1130 3651 -0.12944025081236987
1130 3726 -0.7969490811591143
1130 3741 0.0982500541481812
1130 3756 0.44687838053157486
1130 3771 -0.060909292463705585
3364 3365 -0.059426756544180025
3364 3379 -0.4772099987632939
3365 3366 0.3864954192600365
3365 3380 -0.18211409558172223
3366 3381 0.10263524168091089
3379 3380 0.2565066640024881
3380 3381 0.8852171162873786
3394 3395 0.3370345731539405
3394 3409 -0.8780531882011934
3395 3396 -0.4588468909424352
3395 3410 0.5269902787894626
3396 3411 -0.2669848354098128
3409 3410 -0.3246119944885205
3410 3411 -0.04512007143923676
3424 3425 -0.7428044147060541
3424 3439 -0.17863689817386
3425 3426 -0.06710090693983739
3425 3440 0.6142393291179177
3426 3441 0.07016137075320225
3439 3440 -0.5211813271059235
3440 3441 0.22731546933541466
3454 3455 -0.5092463827486939
3454 3469 -0.12136955759830645
3455 3456 0.18986954934947428
3455 3470 -0.12043469435869811
3456 3471 0.7088962015799763
3469 3470 -0.35478444294923184
3470 3471 -0.4507443102156965
3484 3485 0.44961507768442827
3484 3499 -0.23842556249605837
3485 3486 0.18085640569000727
3485 3500 0.45715875775357107
3486 3501 0.12618738194093326
3499 3500 0.19979080923059447
3500 3501 -0.6871619953668712
3514 3515 -0.8224975495151634
3514 3529 -0.27668694435341273
3515 3516 -0.4067699884956824
3515 3530 0.20989358065304634
3516 3531 0.042159889678419715
3529 3530 0.544061913432695
3530 3531 -0.11524083542873917
3544 3545 0.14905712923720554
3544 3559 -0.6047420241992962
3545 3546 -0.5472412638739051
3545 3560 -0.26113093074198757
3546 3561 -0.19098399962472482
3559 3560 -0.38660681814386
3560 3561 -0.45022758141483044
3574 3575 0.37189480197743907
3574 3589 0.45425455744906296
3575 3576 -0.4136788605588035
3575 3590 -0.26821175864315483
3576 3591 -0.20288481541708
3589 3590 -0.3984339577874433
3590 3591 -0.2005025002921997
3604 3605 0.6276738311626471
3604 3619 -0.46414732639264483
3605 3606 0.4413512875295459
3605 3620 0.4129310136762349
3606 3621 0.5204661549387397
3619 3620 0.9362222574978462
3620 3621 0.5229284287629157
3634 3635 0.15268442542522803
3634 3649 0.12842019689651768
3635 3636 0.4607263442513751
3635 3650 0.32026257988072965
3636 3651 0.6014396238940044
3649 3650 0.46472736326047837
3650 3651 -0.287022679887746
3664 3665 -0.03380706398412524
3664 3679 0.7730830304662144
3665 3666 -0.9242979597900907
3665 3680 0.5389254210071922
3666 3681 0.42633386222004793
3679 3680 -0.07013013504294187
3680 3681 0.3699597244885094
3694 3695 -0.33077585401864984
3694 3709 -0.23452683806257493
3695 3696 -0.21908767697209652
3695 3710 -0.5502757284123274
3696 3711 -0.4824237006617905
3709 3710 0.007350077104466556
3710 3711 -0.6905162688609771
3724 3725 0.20041780169651466
3724 3739 -0.701056868813687
3725 3726 -0.1519930840512368
3725 3740 0.6412400721787249
3726 3741 -0.6936985969192038
3739 3740 -0.05713320985854862
3740 3741 -0.38629538933102475
3754 3755 0.8390213577400595
3754 3769 0.1144849666456518
3755 3756 0.984682775583311
3755 3770 0.30515361564648574
3756 3771 0.3990305163367879
3769 3770 0.17842152704217618
3770 3771 -0.11492289833357347
3784 3785 0.2930010759685032
3784 3799 0.4440230858523328
3785 3786 -0.3006599650023857
3785 3800 -0.7625852652356413
3786 3801 -0.7961620931861039
3799 3800 -0.029668480902646024
3800 3801 0.1357515833926425
3814 3815 -0.5031243594943215
3814 3829 0.5254624131032122
3815 3816 -0.5003408557085334
3815 3830 -0.494971004331682
3816 3831 0.2623603169566781
3829 3830 0.8904550387167178
3830 3831 1.0
3844 3845 -0.1222291701031168
3844 3859 0.010302750505289674
3845 3846 -0.12993754738256597
3845 3860 0.025073279924142853
3846 3861 -1.0
3859 3860 -0.11669578096963619
3860 3861 -0.055752589426829376
3874 3875 0.7791433481261759
3874 3889 -0.1261135517477102
3875 3876 -0.17678197349268304
3875 3890 0.45778645286506386
3876 3891 0.4633891759171283
3889 3890 -0.04646551572836395
3890 3891 0.4535471837654803
