# 
603 603 0.3723537340477714
604 604 0.03791948937376073
605 605 0.6342949504103633
618 618 -1.843611616802248
619 619 -1.41327832138732
620 620 1.0277164503830798
633 633 -0.7852251307625253
634 634 -0.49325466635388016
635 635 -0.5416197863694865
648 648 0.8381667799412562
649 649 1.0543603690647276
650 650 -1.4863809426340076
663 663 0.19047560791660315
664 664 -0.9769631068499708
665 665 1.4145328880617143
678 678 0.6819186515136818
679 679 0.16777738308076648
680 680 1.1977723642406464
693 693 -0.15109687265997998
694 694 0.0916923749934341
695 695 -0.5830047190885307
708 708 1.0962109064223693
709 709 -0.7250706613736009
710 710 1.3190879581907022
723 723 -0.1599880953106526
724 724 0.5245811784560394
725 725 -0.07825559249106985
738 738 -1.451112080899167
739 739 -0.47782847598574
740 740 0.1846835302763027
753 753 -1.1701407091745635
754 754 -0.6445808069138919
755 755 -1.502151627570763
768 768 0.7031983732725435
769 769 0.39249332822441824
770 770 -0.1841386646244392
783 783 -0.6787049167039315
784 784 -0.28354859707158625
785 785 2.409409123428955
798 798 1.2809645828408396
799 799 -0.4746980406373055
800 800 -0.6359568914549993
813 813 -0.27752793848245655
814 814 1.6333464144992955
815 815 -0.26570733682524966
828 828 0.6295749675205191
829 829 0.0014113108216935715
830 830 0.17867967344934582
843 843 0.3355738930138385
844 844 0.3468156840202243
845 845 -1.522123522688188
858 858 -0.25869754862978217
859 859 -0.12497490828109026
860 860 -1.6291943840198109
873 873 0.7607288087848617
874 874 2.090908272725816
875 875 -0.8684041527117181
888 888 0.2999714221332984
889 889 -0.3864521244369473
890 890 -1.6333942760612314
903 903 0.5110503270846687
904 904 2.1750767431811155
905 905 -1.2344934984220748
918 918 0.47255133642446845
919 919 0.9830554404161723
920 920 0.8251668488617377
933 933 0.27173908816283426
934 934 -0.8274651219861375
935 935 -0.11141986562671254
948 948 -1.9883031587613242
949 949 1.001826804091226
950 950 -1.963854250143452
963 963 -0.7988761093361985
964 964 -0.9309745063306025
965 965 -0.1692978309869503
978 978 1.1065266138694054
979 979 -1.0030937006479503
980 980 1.923101831597485
993 993 -1.4835199024558865
994 994 -1.3230479058006532
995 995 -1.3732612412804084
1008 1008 0.7678533943216459
1009 1009 0.19371967615889024
1010 1010 1.4351404877344027
1023 1023 -0.2773744513255
1024 1024 -0.5241857902563508
1025 1025 -0.37951316401411883
1038 1038 -0.7649814299067302
1039 1039 -0.43823130810932215
1040 1040 -0.2804081613783422
1053 1053 0.9562915896805448
1054 1054 0.5813044454688896
1055 1055 1.2466822159082764
1068 1068 0.1582231074178789
1069 1069 1.0148806770591483
1070 1070 -2.499072493735637
1083 1083 -1.3684765407695625
1084 1084 -0.15948487405227782
1085 1085 -0.13858777526363117
1098 1098 0.5543795571305576
1099 1099 -1.087300488671831
1100 1100 1.222912286788083
1113 1113 -0.09724515430719953
1114 1114 -0.49422659060436086
1115 1115 -0.01484362913394732
1128 1128 1.6789956274304862
1129 1129 -1.398235366252668
1130 1130 0.21588199203489786
3364 3364 -0.26489667774756176
3365 3365 0.37546665179520594
3366 3366 -0.6744411105802982
3379 3379 0.8130420945198295
3380 3380 0.14019436451570694
3381 3381 -0.37754170156773814
3394 3394 -2.2123382811984236
3395 3395 0.8021453153351539
3396 3396 -0.36716958867515415
3409 3409 -0.7225384821462224
3410 3410 1.3445414706534466
3411 3411 -1.2026375471088322
3424 3424 -1.1123698119320629
3425 3425 -1.2657859930203115
3426 3426 1.5649154516484975
3439 3439 0.2633382016929935
3440 3440 -1.7168492046636712
3441 3441 1.6671498725420062
3454 3454 0.060854647557948706
3455 3455 2.2657271200505007
3456 3456 0.18703271963262275
3469 3469 0.21174966453915622
3470 3470 -0.88535401703288
3471 3471 -0.3222403018093488
3484 3484 -1.1464988255480815
3485 3485 0.013989471219281171
3486 3486 -2.4928916613426386
3499 3499 1.438697861281657
3500 3500 -0.28372251999408393
3501 3501 -0.6856460385165581
3514 3514 0.03163219818211813
3515 3515 0.30331655438141547
3516 3516 0.07569389903354089
3529 3529 -0.26099826518434865
3530 3530 -0.4122014735309516
3531 3531 -1.657520389696002
3544 3544 0.4224178116652991
3545 3545 -0.5842738494876636
3546 3546 0.03328978949167897
3559 3559 0.9347469104633096
3560 3560 -0.8036490659980858
3561 3561 -0.9386680272432135
3574 3574 1.208986681404127
3575 3575 -1.9146330447507796
3576 3576 -0.9359074972898368
3589 3589 1.6465910116696285
3590 3590 0.7346253414390967
3591 3591 0.26554240079842145
3604 3604 0.29531395545793687
3605 3605 -0.2827266158182065
3606 3606 0.08723916927411758
3619 3619 -1.1360729798844458
3620 3620 0.3545136964425282
3621 3621 -0.07464817072420053
3634 3634 -0.8344831972194708
3635 3635 -0.6212798227248283
3636 3636 0.4164220944622356
3649 3649 0.3921566157517677
3650 3650 -0.653957673425747
3651 3651 -0.8757209524157304
3664 3664 -0.16287976100768486
3665 3665 0.6498880899357273
3666 3666 0.0060562996047869
3679 3679 -0.20775622597687265
3680 3680 0.7518232674256904
3681 3681 1.2914982853058254
3694 3694 0.7600694641931387
3695 3695 0.2431979903881727
3696 3696 0.6016643898003375
3709 3709 1.6857409265347227
3710 3710 0.02497346000349212
3711 3711 1.8955531684582272
3724 3724 -0.7869006307924621
3725 3725 0.8461544717584754
3726 3726 -0.39603187272119367
3739 3739 0.561050602489515
3740 3740 -0.770144920603154
3741 3741 -0.5666881083374871
3754 3754 -0.5319468177978776
3755 3755 -0.6377501014200193
3756 3756 0.033001199209121986
3769 3769 0.8713213009804932
3770 3770 1.0821432569374376
3771 3771 0.9865883038575163
3784 3784 -0.3365780411598927
3785 3785 -0.004409343155688549
3786 3786 -1.4045005762032707
3799 3799 -1.0131249900870778
3800 3800 0.285703559451913
3801 3801 -0.09664890001012055
3814 3814 0.07762517823235676
3815 3815 0.41316065829584503
3816 3816 0.14398626361196887
3829 3829 -0.030893780320551272
3830 3830 -1.6995260865860902
3831 3831 -1.0831281627081364
3844 3844 0.3692173250810733
3845 3845 0.8641369406996394
3846 3846 0.18625626633238718
3859 3859 1.3715617484639393
3860 3860 1.0187188090448511
3861 3861 -0.5127947707745854
3874 3874 0.8154138354499036
3875 3875 0.18136291385769218
3876 3876 -0.565714315082011
3889 3889 0.1827041748140481
3890 3890 -1.6199401234464132
3891 3891 1.1338851618381014
603 604 0.11767847429604292
603 618 0.725554826856522
603 3484 0.6274181859654635
603 3499 -0.08571882396870609
603 3514 0.05845087410622581
603 3529 -0.6442909958400795
604 605 -0.1270699025281738
604 619 0.10497719056202834
604 3664 -0.07541090926281033
604 3679 0.3654337994885769
604 3694 0.06526388887313565
604 3709 -0.6181189279662779
605 620 0.458268750285492
605 3844 0.19350809326467946
605 3859 0.4205814376224795
605 3874 -0.4307590537727226
605 3889 0.6519600671137636
618 619 -0.7400712400494234
618 3484 0.4803302581404125
618 3499 -0.26835741722123957
618 3514 0.05909687050419432
618 3529 -0.4861538380578997
619 620 -0.6547922002928095
619 3664 -0.22353165360964639
619 3679 -0.120603449645238
619 3694 -0.08245445165948342
619 3709 -0.7143140943111824
620 3844 0.3624422340527257
620 3859 0.28914659910384005
620 3874 0.023501120633887103
620 3889 -0.5965183460725375
633 634 -0.30124926604469826
633 648 0.1859771433238808
633 3424 0.3419113545579036
633 3439 -0.390575156571875
633 3454 -0.5060497249391057
633 3469 -0.035761114296672586
633 3484 0.2111582378211433
633 3499 -0.05379270295608166
633 3514 0.13730954004745008
633 3529 -0.21869271702799037
634 635 -0.1765073230104797
634 649 0.19652374688727836
634 3604 0.23942688242829574
634 3619 -0.09221148464003966
634 3634 0.009639541556012949
634 3649 -0.2009990872629063
634 3664 0.09511209814417251
634 3679 -0.41177101522461024
634 3694 -0.7496445560936917
634 3709 -0.10680614167095802
635 650 -0.21324812841483315
635 3784 0.7778324177207555
635 3799 -0.748118507320175
635 3814 -0.32116703490867576
635 3829 -0.5142746697220313
635 3844 -0.321543747058014
635 3859 0.135371704867014
635 3874 -1.0
635 3889 -0.3007607077766691
648 649 0.05009551336252465
648 3424 0.31686316531666014
648 3439 -0.5988700841710899
648 3454 0.27449862987963725
648 3469 -0.3866165133005022
648 3484 -0.15348719235104563
648 3499 1.0
648 3514 -0.6340879679673275
648 3529 -0.3240824225532407
649 650 0.24528908353294393
649 3604 -0.4155652591801095
649 3619 -0.025903374237393015
649 3634 0.17656119348324728
649 3649 -0.09871539210411634
649 3664 0.2754754817448998
649 3679 1.0
649 3694 0.2664644718768967
649 3709 0.07514620167018614
650 3784 -0.33720544905079486
650 3799 0.17907696203132192
650 3814 -0.06345452424875099
650 3829 -0.1910171143614302
650 3844 0.4973446314057476
650 3859 -0.34883975743320467
650 3874 0.39532925526794327
650 3889 0.5417565834639424
663 664 -0.9226068339185183
663 678 -0.6701631466232127
663 3424 -0.3860621013458109
663 3439 -0.4286819026675748
663 3454 -0.16217351993183166
663 3469 0.056397017734495354
663 3484 -0.41820043779165517
663 3499 0.01984584164937947
664 665 1.0
664 679 -0.5001206660983706
664 3604 -0.2608187163429224
664 3619 0.7357595569916019
664 3634 -0.2683540059144232
664 3649 -0.14252885225349157
664 3664 0.1338497541752383
664 3679 0.07700065186773955
664 3514 -0.29313964449515023
664 3529 0.6292815446211742
665 680 -0.4539934734353442
665 3784 -0.13943297886096065
665 3799 -0.49220073362057853
665 3814 -0.2788841675344711
665 3829 -1.0
665 3844 -0.20510141150603023
665 3859 0.14330783539488381
665 3694 -0.5957009054804208
665 3709 0.49758540972219545
678 679 -0.4741549942083158
678 3424 -0.9211130975872055
678 3439 0.11303252608622397
678 3454 -0.7991739144837046
678 3469 0.3528723328967092
678 3484 -0.021737307577397395
678 3499 0.6271640616022129
679 680 -0.8007012816594132
679 3604 -0.9329901708350996
679 3619 0.7162427630459476
679 3634 -0.4344192351043736
679 3649 0.759719004234552
679 3664 -0.5351397732830192
679 3679 0.5731062539380661
679 3514 -0.6838224875021068
679 3529 -0.28620199057360435
680 3784 0.8874863388973699
680 3799 -0.05248292201530846
680 3814 0.07951880280956919
680 3829 0.21061331309093106
680 3844 0.38413499292688846
680 3859 -0.5231851908562305
680 3694 0.40699523235389257
680 3709 -0.0733885557886396
693 694 -0.4166825081506666
693 708 0.3526892160033318
693 3424 -0.8164712379584412
693 3439 0.10240916476291957
693 3454 -0.17221756345833084
693 3469 0.4352196322727353
693 3484 0.10287166337806211
693 3499 -0.16977184216767927
693 3364 -0.42885599680895
693 3379 -0.4709672385333817
693 3394 0.017339359314440958
693 3409 -0.15379347092036968
694 695 0.06825229556212466
694 709 0.3585118684243205
694 3604 0.25666345761239145
694 3619 -0.14671546495090487
694 3634 -0.10414764602278116
694 3649 0.45999655709698095
694 3664 0.29428820815126
694 3679 -0.246332491368418
694 3514 -0.09387294794774473
694 3529 0.642889819503388
694 3544 0.24988666631092749
694 3559 -0.07711118684789915
694 3574 -0.39231489820605736
694 3589 0.2370281295309046
695 710 -0.15135775176431743
695 3784 -0.60280770670743
695 3799 -0.25740525161671096
695 3814 -0.1792087115889624
695 3829 -0.2629474806256228
695 3844 0.678150255879952
695 3859 -0.006703451744978777
695 3694 -0.10948505932560336
695 3709 -0.9861641969643091
695 3724 -1.0
695 3739 -0.7167825023762634
695 3754 -0.3625723589078015
695 3769 -0.44205218344448605
708 709 -0.024479654828761875
708 3424 -0.218989760911761
708 3439 -0.6745401127211158
708 3454 0.22904078567699787
708 3469 0.8485613324504961
708 3484 0.6300453215639732
708 3499 -0.20305833913939256
708 3364 -0.012824012833520774
708 3379 0.28139644658104424
708 3394 0.4805424429158795
708 3409 -0.3843984715080577
709 710 -0.4922506658961405
709 3604 0.10838444173882163
709 3619 0.49460071958127383
709 3634 0.14430640052543955
709 3649 -0.11271220607097329
709 3664 0.9396997122408317
709 3679 0.7414562605635844
709 3514 0.7044642432196441
709 3529 -0.45756404841258297
709 3544 -0.3741219784656012
709 3559 -0.37358871970134633
709 3574 -0.1984812763123196
709 3589 -0.24992152176351415
710 3784 0.05447866789711949
710 3799 -0.7453683464293973
710 3814 -0.7558069082800362
710 3829 -0.49758533129331695
710 3844 0.5910518605037806
710 3859 -0.000222109819431966
710 3694 -0.04383025167048281
710 3709 0.2430939903436997
710 3724 0.3698729611955952
710 3739 1.0
710 3754 -0.7515539251992772
710 3769 -0.5487028742508626
723 724 0.7897043779012846
723 738 -0.4287919549706464
723 3424 -0.4927716305919627
723 3439 -0.4587989810823248
723 3364 0.35581319339777046
723 3379 -0.12940635520624405
723 3394 0.3009991665776112
723 3409 0.26223842441679723
724 725 0.4089530088846595
724 739 0.2153539000806341
724 3604 -0.7195437004273244
724 3619 -0.11509339225950438
724 3454 1.0
724 3469 -0.4598631193753937
724 3484 0.4661368858636499
724 3499 0.047648843973200794
724 3514 -0.5391391620792224
724 3529 0.4263878822773991
724 3544 -0.38373981529626083
724 3559 0.04517702190413087
724 3574 -0.11782090948375935
724 3589 -0.9311392116016658
725 740 0.4536442553360295
725 3784 -0.7790279967570501
725 3799 -0.12497837102822816
725 3634 0.46848819624389754
725 3649 -1.0
725 3664 -0.05501888249846431
725 3679 0.1390054375417075
725 3694 -0.8966210068175667
725 3709 0.3544204092906303
725 3724 -0.07916921887339616
725 3739 -0.1405370351750157
725 3754 -0.2318237475105296
725 3769 0.17102902401668274
738 739 -0.5977897006671672
738 3424 0.13999245078415276
738 3439 -0.49988164445316957
738 3364 -0.4676644976420291
738 3379 -0.370565795454526
738 3394 0.36826206322321253
738 3409 -0.11222479755203506
739 740 -0.7304412010306701
739 3604 -0.2623997615777581
739 3619 0.5453623027084251
739 3454 0.20610148006157353
739 3469 -0.07045331035015681
739 3484 -0.18932343261209636
739 3499 0.43418543920112024
739 3514 -0.9693624105499542
739 3529 0.061507714185282274
739 3544 0.3839128117835781
739 3559 -0.09442746883598901
739 3574 -0.29625400434486426
739 3589 -0.3289510914576087
740 3784 0.630592851072196
740 3799 -0.5339291245236474
740 3634 -0.39319518293270533
740 3649 0.48248788956721006
740 3664 1.0
740 3679 -0.09848185863206829
740 3694 -0.5688455067849735
740 3709 -0.06801136845461643
740 3724 0.5601340995446454
740 3739 0.23343240338843282
740 3754 -0.46924111480480996
740 3769 0.35569498412244366
753 754 0.008324472670135396
753 768 0.21381826465544984
753 3424 -0.013583811076394663
753 3439 -0.021027803950778922
753 3364 -0.3409923873966373
753 3379 -0.08726585042025099
753 3394 -0.7691812398903662
753 3409 0.16876376950268698
754 755 -0.06779814258667932
754 769 -0.18303360007602054
754 3604 0.2042249735035682
754 3619 -1.0
754 3454 -0.056229905391239274
754 3469 -0.4870929480312215
754 3485 0.32710515564234693
754 3500 0.9237707549260779
754 3515 -0.7749766055764721
754 3530 -0.036954998283881074
754 3544 -0.14742521751755486
754 3559 0.6891734343577742
754 3574 0.10857196840600665
754 3589 -0.11634613584609925
755 770 0.6035662591015069
755 3784 0.2560253296601135
755 3799 0.2148806310859155
755 3634 -0.05583492572707804
755 3649 0.29552186871686126
755 3665 0.30313558670486057
755 3680 0.43499409063889916
755 3695 -0.3986164158680426
755 3710 0.2768413557478145
755 3724 0.11965236188327581
755 3739 -0.02422674359612721
755 3754 0.06105888760984852
755 3769 -0.17970661644094926
768 769 -0.4198057415065228
768 3424 -0.35211491221590774
768 3439 0.18902801722251297
768 3364 0.14828044700454482
768 3379 0.8363285592259536
768 3394 -0.07132706920435683
768 3409 0.7113640636692546
769 770 0.0811732472343754
769 3604 -0.10184289752419709
769 3619 -0.18827209208817908
769 3454 0.06594858326304165
769 3469 -0.013564966174317555
769 3485 0.3826781214830964
769 3500 0.024534179158974944
769 3515 -0.2871297967926895
769 3530 0.1479932411823064
769 3544 0.14149979516533645
769 3559 -0.5944689584254572
769 3574 -0.5736870461897666
769 3589 -0.17209343730943363
770 3784 0.03848915673162054
770 3799 0.4922869574050476
770 3634 0.585241662331253
770 3649 0.5053333638414664
770 3665 -0.1706767187090332
770 3680 1.0
770 3695 0.8282369648903772
770 3710 0.3990736328298208
770 3724 0.2777343373848447
770 3739 -0.11461629341239964
770 3754 -1.0
770 3769 1.0
783 784 0.324235638961754
783 798 0.6500792658943922
783 3424 -0.467474834198396
783 3439 -0.007866304884558216
783 3454 -0.3443126623069887
783 3469 -0.23278721133610888
783 3485 0.6678294792231608
783 3500 0.17258286990849753
783 3515 -0.3317528536350532
783 3530 1.0
783 3544 -0.14761222312045952
783 3559 0.448261134283567
783 3394 -0.13926493507743112
783 3409 0.7837210956477155
784 785 -1.0
784 799 -0.25296060122776437
784 3604 0.3786337336840307
784 3619 0.31335095070463576
784 3634 0.29644061541797084
784 3649 0.25462243598997203
784 3665 -1.0
784 3680 0.2543485542643092
784 3695 -0.6722963342014695
784 3710 -0.2150367003120932
784 3724 -0.45867751854729233
784 3739 -0.4963477563441371
784 3574 -0.9498473192632819
784 3589 0.15851680710186258
785 800 -0.356956741899519
785 3784 -0.6806937278556379
785 3799 -0.3925933324242226
785 3814 -0.8570901683246557
785 3829 0.6780314726063772
785 3845 0.3041166763722048
785 3860 -0.499905442004865
785 3875 0.1047953851499024
785 3890 0.05421401059779858
785 3754 0.7585285685359113
785 3769 0.3124853518871291
798 799 -0.9369967702530425
798 3424 -0.24852609358782912
798 3439 0.004844382813173921
798 3454 -0.8832990362473848
798 3469 0.45097590558346484
798 3485 0.44439081271061964
798 3500 -0.4541014866273649
798 3515 0.19109768262829585
798 3530 -0.4421455361387986
798 3544 0.07103577086364701
798 3559 -0.0737776166295567
798 3394 0.8067191968641277
798 3409 -0.5918434403808929
799 800 -0.4082226615718376
799 3604 0.6097563862589274
799 3619 -0.4205621122187377
799 3634 0.24287878099440835
799 3649 -0.2605591681063927
799 3665 -0.8941087243436735
799 3680 0.3827611837856637
799 3695 1.0
799 3710 -0.17545091288263265
799 3724 0.08520037519019877
799 3739 0.19630566370266556
799 3574 -0.4604445197602551
799 3589 -0.05127611229574307
800 3784 -0.685635779335896
800 3799 -1.0
800 3814 -0.2451903674674439
800 3829 0.5168619973562222
800 3845 0.44018955600248505
800 3860 0.41177965448649523
800 3875 -0.4384498843310916
800 3890 -0.5389660019657937
800 3754 0.7120652931982464
800 3769 -0.8397950515931802
813 814 -0.2865355492041
813 828 0.4425011240878661
813 3425 0.00776899707794236
813 3440 -0.3025085446127272
813 3455 0.19664411717093144
813 3470 1.0
813 3485 -0.7924056877731778
813 3500 -0.33002043390770414
813 3515 -0.27558022057937676
813 3530 0.11264013695241736
813 3544 0.2933492703881989
813 3559 0.5603536125940617
813 3394 -0.08341832228509106
813 3409 -0.9428927777317675
814 815 -0.4010570580340275
814 829 -0.40197696191580673
814 3605 -0.6640364051751867
814 3620 0.628519490243154
814 3635 0.24225324779287777
814 3650 0.17934249492126172
814 3665 -0.23775987963346706
814 3680 0.33581714477816865
814 3695 0.08421281599493073
814 3710 0.4674103796180157
814 3724 -0.17235936458098472
814 3739 0.3785577782581839
814 3574 -0.46820064539361755
814 3589 -0.4168607554208569
815 830 0.24848253091386818
815 3785 -0.4135478624618406
815 3800 -0.863332259681089
815 3815 -0.02371592771099443
815 3830 0.39444129081887713
815 3845 -0.18474385928551457
815 3860 0.6473535239496827
815 3875 1.0
815 3890 0.12543973578554343
815 3754 -0.4976788019095794
815 3769 -0.2143894015987556
828 829 -0.31594535048044975
828 3425 0.7129519962536589
828 3440 0.4921930766376671
828 3455 -0.03545381135428125
828 3470 -0.7267796921494087
828 3485 0.5160249716230981
828 3500 -0.48799354007540846
828 3515 0.4467187847354291
828 3530 0.28664325027689347
828 3544 0.15458653121971336
828 3559 -0.0882621969028501
828 3394 0.4220618341278805
828 3409 -0.27410850595224545
829 830 0.9776863278138226
829 3605 0.31577180072427485
829 3620 -0.18835525843256548
829 3635 -0.6444804174189175
829 3650 0.153626838066819
829 3665 -0.8588796970800991
829 3680 0.19596131838842787
829 3695 -0.07387946617900808
829 3710 0.16155642732089762
829 3724 0.74575994705246
829 3739 0.5443014224866942
829 3574 -1.0
829 3589 -0.3056255615945515
830 3785 0.21422684672196826
830 3800 -0.18251166925649992
830 3815 0.3362094379383039
830 3830 -0.0733747204180772
830 3845 -0.3763665433869232
830 3860 -0.875888916331273
830 3875 0.11824901872164506
830 3890 -1.0
830 3754 0.23072573381893885
830 3769 0.1919466782860303
843 844 0.24486930082504266
843 858 0.09349123866817118
843 3425 0.46597733765184873
843 3440 0.4780274960295958
843 3455 0.13932297500894844
843 3470 -0.6987406523860441
843 3485 0.08990549896109933
843 3500 -0.5050522364055412
843 3364 0.6948894337304511
843 3379 -0.39643168848514954
843 3394 0.2697898914792596
843 3409 -0.4811345551965562
844 845 0.11620662890702059
844 859 0.4031876771556432
844 3605 0.3201629673986084
844 3620 -0.5297895261532624
844 3635 0.2932540431988528
844 3650 -0.9991531993478879
844 3665 -0.5260676614280352
844 3680 -0.3686701339193748
844 3515 0.08983106525039608
844 3530 0.43164561767458626
844 3544 0.7531511592609175
844 3559 -0.338732069095144
844 3574 0.02108814905855504
844 3589 0.20253793404641762
845 860 -0.8394610231272821
845 3785 0.265587418997337
845 3800 0.202166479804112
845 3815 -0.3303665398168971
845 3830 0.3510965676043651
845 3845 -0.4258578301096151
845 3860 0.4418906190542427
845 3695 0.14556821952349983
845 3710 0.19332403626548506
845 3724 -0.14937620423152434
845 3739 -0.18153396885686862
845 3754 -0.5793870243059814
845 3769 -0.3097604682550894
858 859 -0.16052174151520565
858 3425 0.09948570270625329
858 3440 0.6015038636555634
858 3455 0.5655673167507862
858 3470 -0.8524961627313246
858 3485 0.9976751498879459
858 3500 -0.443378604635394
858 3364 -0.8133752871751518
858 3379 -0.16074434523209982
858 3394 -0.5897389380313055
858 3409 0.3314608817885424
859 860 0.9536326003055186
859 3605 -0.40849101627238626
859 3620 -0.06844589458827074
859 3635 -0.13692752046258266
859 3650 0.04343969696376378
859 3665 0.11184761165153423
859 3680 -0.561522877514527
859 3515 0.37638520471693465
859 3530 0.04212245791327861
859 3544 0.00216896180124708
859 3559 -0.1588309893143329
859 3574 0.5628789406848034
859 3589 -0.0062877659662034565
860 3785 -0.15804481187490796
860 3800 -0.05069477058524325
860 3815 0.5491669470602014
860 3830 -0.6834396962795324
860 3845 -0.037637539241779996
860 3860 -0.22244225532360565
860 3695 -0.27202069867698814
860 3710 -0.5111423515072869
860 3724 0.2628781690210178
860 3739 0.1830829466669358
860 3754 -0.3061930192174049
860 3769 -0.1867202181963285
873 874 -1.0
873 888 0.4176533613666622
873 3425 0.8441430123437987
873 3440 0.809981066445016
873 3455 -0.37181657523433975
873 3470 -0.9128733735908784
873 3485 -0.11065035720306364
873 3500 0.003451475148338064
873 3365 -0.26389054986896465
873 3380 -0.41529104894393104
873 3395 0.5927981071081488
873 3410 0.2828919435289038
874 875 -0.09822676236948825
874 889 -0.07039626612545322
874 3605 -0.9055246439051017
874 3620 0.7187539729181944
874 3635 -0.28964347078711106
874 3650 -0.26768941662863893
874 3665 -0.7843460182467502
874 3680 -0.06817381621047483
874 3515 0.9907192422685146
874 3530 0.4226062843507227
874 3545 -0.5493088500418848
874 3560 0.051443320993967395
874 3575 -0.2031173707679432
874 3590 0.9851506964309904
875 890 0.5322947315053835
875 3785 0.23179092336827886
875 3800 -0.8909749809085983
875 3815 0.26871851489777315
875 3830 0.4702614719089302
875 3845 -0.7164914992436803
875 3860 -0.02538674856907984
875 3695 0.011241073968104814
875 3710 0.09878852672849259
875 3725 0.8523561220186574
875 3740 0.057412554827670936
875 3755 -0.41185292694027376
875 3770 0.9299668418160187
888 889 0.1622416952631261
888 3425 0.17416552179911218
888 3440 -1.0
888 3455 0.1270735100576987
888 3470 -0.7036928800918434
888 3485 -0.025016493165051085
888 3500 0.0698812540224592
888 3365 -0.005393720147228388
888 3380 -0.012744683769404835
888 3395 0.869442241101513
888 3410 -0.101050883776256
889 890 -0.40739935861134524
889 3605 -0.17292350379443178
889 3620 -0.19828209603655866
889 3635 -0.4047551124794155
889 3650 0.9421541510529078
889 3665 -0.12063264208953256
889 3680 0.852485393873828
889 3515 0.5170450791813849
889 3530 0.49784686669630684
889 3545 1.0
889 3560 -0.34295343023633995
889 3575 0.6347190231127907
889 3590 -1.0
890 3785 0.6725078412523116
890 3800 0.6672364921501182
890 3815 -0.011330637216521885
890 3830 -0.2557477836368607
890 3845 0.09460660480387705
890 3860 0.5167382987381409
890 3695 -0.7301784735173523
890 3710 0.059649112963459164
890 3725 -0.2137243927110757
890 3740 -0.09218752444182773
890 3755 0.03221032380265203
890 3770 -0.7491269589642057
903 904 0.4916783888360211
903 918 -0.3045380559563143
903 3425 -0.09886936327014807
903 3440 0.02506167954412893
903 3365 -0.19813463936728262
903 3380 -0.34571805000586425
903 3395 0.1751465735947626
903 3410 0.5029296589229281
904 905 -0.7895452012034307
904 919 -0.06902362849223602
904 3605 0.5452783441657783
904 3620 -0.06734757827660809
904 3455 0.06348759045324788
904 3470 0.2580259434944762
904 3485 -0.3823241999170779
904 3500 -0.3919818791355517
904 3515 0.39183560197173095
904 3530 -0.2147640633928794
904 3545 0.20475286201754983
904 3560 -0.29534268004393593
904 3575 -0.18572300219983953
904 3590 -0.15597495610860732
905 920 -0.4006260809392728
905 3785 0.4176373085930145
905 3800 0.4019754078464594
905 3635 -0.2440777062035432
905 3650 0.9448511607121208
905 3665 -0.19931554034317334
905 3680 -0.11343447448349729
905 3695 -0.14671618989087185
905 3710 -1.0
905 3725 -1.0
905 3740 0.20388887059255298
905 3755 -0.22522131010434596
905 3770 0.05391182783707418
918 919 -0.28661116842032114
918 3425 -0.5226945031940216
918 3440 -0.11676974986917894
918 3365 0.13276967236974477
918 3380 0.5724977546592203
918 3395 0.07199701505258768
918 3410 1.0
919 920 -0.3078676403589189
919 3605 0.11362157260561709
919 3620 -0.40463736446182264
919 3455 0.116494117849405
919 3470 -0.07408450736731002
919 3485 0.37693742162233523
919 3500 -0.0754060180463051
919 3515 -0.7828160520396834
919 3530 -0.2012020673324198
919 3545 0.3991482422993113
919 3560 -0.28741985484952143
919 3575 -0.5425617258966523
919 3590 0.03624162343593852
920 3785 0.41317353465253526
920 3800 -0.28885537247505993
920 3635 0.10159200728131039
920 3650 1.0
920 3665 0.3073874685628229
920 3680 0.10582374197657218
920 3695 -0.10627207784050949
920 3710 -0.7969831635122897
920 3725 -0.01039309737914257
920 3740 0.09760112615367157
920 3755 0.5218140956849963
920 3770 -0.49689373640506396
933 934 0.6747541994992717
933 948 0.8525034899149023
933 3425 0.8158271251273277
933 3440 0.43841352959745755
933 3365 -0.28935457128423775
933 3380 -0.5204177924207951
933 3395 -0.7442896205914946
933 3410 -0.20234351255840488
934 935 0.7767031018170318
934 949 -0.2381416807310254
934 3605 -0.782244355749087
934 3620 -0.48664323826780514
934 3455 -0.3148204807927175
934 3470 -0.7809116419693725
934 3486 0.8071046534849547
934 3501 -0.6188326877271028
934 3516 0.007849653783730629
934 3531 -0.051209534881936324
934 3545 -0.19379124491952404
934 3560 -0.3318624612542843
934 3575 0.14743551260632606
934 3590 -0.7305629978648168
935 950 0.2361718522433602
935 3785 0.2883341859061287
935 3800 0.0867918550281602
935 3635 1.0
935 3650 0.3155123878263264
935 3666 -0.9751098123250744
935 3681 -0.9894008561410682
935 3696 0.5283766744860859
935 3711 -0.6754509521648926
935 3725 -0.45662329778189004
935 3740 0.05178873654064731
935 3755 0.507913577299472
935 3770 -0.44286114725717396
948 949 0.11810872585992711
948 3425 -0.8045875057108256
948 3440 0.5320467891279592
948 3365 0.21680196339060118
948 3380 0.6391932709031036
948 3395 0.3244458325113124
948 3410 0.19935033732053267
949 950 -0.27964994534601323
949 3605 0.36270537445616635
949 3620 -0.3912645363633377
949 3455 0.27241917193383847
949 3470 -0.4701374048055152
949 3486 0.43740192061838595
949 3501 -0.1578651358741764
949 3516 -0.6829835119333697
949 3531 -0.8259514647519014
949 3545 0.013940691671098817
949 3560 0.3240916680734625
949 3575 -0.46770674289314346
949 3590 0.2223055958166779
950 3785 -0.3265470554162109
950 3800 -0.24679089015257494
950 3635 -0.06265594770357237
950 3650 0.04186360184081896
950 3666 -0.3972621378289568
950 3681 0.8164356291812728
950 3696 0.7340947157108845
950 3711 0.03746915338111243
950 3725 0.15325530511624233
950 3740 1.0
950 3755 0.4824271967689492
950 3770 0.973945172878872
963 964 -0.05777723640323895
963 978 -0.20970395666945202
963 3425 -0.9859961104264828
963 3440 0.012147741676076235
963 3455 -0.47151157988424447
963 3470 -0.2714547039891642
963 3486 0.005521458129440826
963 3501 1.0
963 3516 -0.5004344926176199
963 3531 -0.6161989531151122
963 3545 -0.3883384458740148
963 3560 0.4775833147078116
963 3395 -0.06878296310673317
963 3410 -0.44758068896499176
964 965 0.3444407566535591
964 979 -1.0
964 3605 0.35096121096628197
964 3620 0.4367063155254555
964 3635 0.0701648617548959
964 3650 -0.23846742187219064
964 3666 -0.13386068469456225
964 3681 -0.6243426100101219
964 3696 -0.42036535353209065
964 3711 0.6380192169233904
964 3725 0.2179792707804593
964 3740 -0.020791634140111866
964 3575 -0.6164230279235812
964 3590 -0.6650330062095373
965 980 0.22529272766659922
965 3785 0.8701072108891901
965 3800 -0.5022666801789664
965 3815 -0.07857191676477142
965 3830 -0.14363822264454773
965 3846 -0.13635758080982852
965 3861 0.24213026047404348
965 3876 -0.6821985938720772
965 3891 0.056689144679296595
965 3755 1.0
965 3770 -0.2797056385074132
978 979 0.4209734506845595
978 3425 -0.21599125389592208
978 3440 0.01061850375451971
978 3455 -0.6470955933056067
978 3470 0.025266054774839983
978 3486 0.8529499205297933
978 3501 0.4179647699369771
978 3516 0.33172561195057676
978 3531 -0.12506666416136628
978 3545 0.005965908438249033
978 3560 0.15694443718122655
978 3395 -0.20844955786423666
978 3410 -0.5767620837147698
979 980 0.2040491196936654
979 3605 0.22962402746311328
979 3620 -0.1642088512638288
979 3635 0.019166463292891747
979 3650 0.53624736674968
979 3666 -0.8689733272944328
979 3681 -0.2643257726975528
979 3696 -0.6445789332227394
979 3711 -0.29483497376346773
979 3725 0.508187831713985
979 3740 -0.43914157210364224
979 3575 0.1496622951622432
979 3590 -1.0
980 3785 -0.9222043484213884
980 3800 -0.7102395278939577
980 3815 0.01851907051863655
980 3830 -0.7183493839716779
980 3846 0.1827701328212196
980 3861 -0.14065233390824078
980 3876 0.42708003979620474
980 3891 0.9140110237479763
980 3755 -0.37606783301291896
980 3770 -0.23151611461862057
993 994 0.8383157038179768
993 1008 -0.39454235713846253
993 3426 -0.9472257688710667
993 3441 -0.3775046189136081
993 3456 0.6560244455164185
993 3471 0.235794661992323
993 3486 -0.5682977136803199
993 3501 0.5811386653518643
993 3516 0.39377835227334923
993 3531 -0.6698627788145778
993 3545 -0.009907783606260706
993 3560 0.04484907756174374
993 3395 0.48751763749707727
993 3410 -1.0
994 995 -0.5154744702347311
994 1009 0.36253017267611914
994 3606 -0.5654532132799093
994 3621 -0.5902014648398157
994 3636 -0.43615233551878085
994 3651 -0.41279810786447324
994 3666 0.14167392471965085
994 3681 0.34881199809895325
994 3696 -0.3273066489879043
994 3711 0.007197340841534443
994 3725 -0.21698844506244525
994 3740 0.03780067383226491
994 3575 0.9103055629589685
994 3590 1.0
995 1010 -1.0
995 3786 -0.0920871448242369
995 3801 0.26613292613778533
995 3816 0.7296372863958697
995 3831 -0.0631211764713389
995 3846 -0.06872124782792854
995 3861 0.14858848970723193
995 3876 0.14920730748178188
995 3891 0.41975286096465875
995 3755 -0.12877987819727718
995 3770 -0.48162378887307006
1008 1009 -0.10931300849676272
1008 3426 0.40529892198606476
1008 3441 0.2080239232635236
1008 3456 0.07766038395345629
1008 3471 0.4887274945625489
1008 3486 0.07404463033872732
1008 3501 0.582769353368535
1008 3516 -0.2892816811549555
1008 3531 0.13541514467028207
1008 3545 -0.7448963139322642
1008 3560 0.06478330545711111
1008 3395 -0.08352371169360154
1008 3410 -0.1263694615678192
1009 1010 0.2763837750991872
1009 3606 -0.6737469569043271
1009 3621 -0.27779238705085246
1009 3636 0.3544431682619985
1009 3651 0.33412156982237995
1009 3666 -0.5005108868635825
1009 3681 0.880728555083681
1009 3696 0.625862298706301
1009 3711 -0.8463398315249826
1009 3725 0.020573679366267732
1009 3740 -0.2966884280651723
1009 3575 0.10579637539282076
1009 3590 -0.7608984006028127
1010 3786 0.9888932574910916
1010 3801 0.16129660229651288
1010 3816 0.08150275998464632
1010 3831 0.34074492036175735
1010 3846 0.1543801212726178
1010 3861 0.5124711608074397
1010 3876 0.5206308028107466
1010 3891 -0.10191487343963773
1010 3755 0.2147894966668054
1010 3770 -0.17742300254119983
1023 1024 0.25661785497283585
1023 1038 0.03016199251998141
1023 3426 0.034591697095555374
1023 3441 0.2714388465503452
1023 3456 0.3915079855439799
1023 3471 -0.8620451418212386
1023 3486 -0.3760603366416204
1023 3501 -0.3813583466679511
1023 3365 0.33233623036712595
1023 3380 -0.1024264340237759
1023 3395 -0.4816102216572703
1023 3410 -0.5062509435639185
1024 1025 0.26485574289707053
1024 1039 0.8748519231418426
1024 3606 -0.3913056747009909
1024 3621 0.3278315029968511
1024 3636 0.04992513034511928
1024 3651 -0.054980404972513205
1024 3666 -0.4231482327206175
1024 3681 0.04896836808547803
1024 3516 -0.15636960957608673
1024 3531 0.3712287338510394
1024 3545 -0.48135194812095006
1024 3560 -0.13393162505184766
1024 3575 -0.3073220946726582
1024 3590 -0.42392806469290656
1025 1040 -0.021346638753583013
1025 3786 1.0
1025 3801 -1.0
1025 3816 0.013567220658899837
1025 3831 0.3904753619444506
1025 3846 -0.49630722604563876
1025 3861 0.08365156379620356
1025 3696 0.23761383572343112
1025 3711 0.20411055948070436
1025 3725 -0.1881006910248534
1025 3740 -0.3788965121322083
1025 3755 0.7022197371929748
1025 3770 0.6994229323521495
1038 1039 1.0
1038 3426 0.1736570356705291
1038 3441 0.7391921847602353
1038 3456 0.3906538714806707
1038 3471 0.7802267823866464
1038 3486 0.13958716684440967
1038 3501 -0.5305359055766368
1038 3365 0.11958179804830613
1038 3380 0.1717500667575659
1038 3395 0.09378216730480925
1038 3410 -0.4503601598567171
1039 1040 0.25220703145305123
1039 3606 -0.2889038665669363
1039 3621 0.41801544136645263
1039 3636 -0.04310157456413959
1039 3651 -0.0315186809395328
1039 3666 0.7842617223866818
1039 3681 0.20527646907361127
1039 3516 0.3532921008134705
1039 3531 -0.3382204078545705
1039 3545 -0.45308274159695955
1039 3560 0.17314329391825614
1039 3575 -0.16486317828005087
1039 3590 -0.060237445934973335
1040 3786 0.41558578407309565
1040 3801 0.07816306077299669
1040 3816 0.14610909352162216
1040 3831 1.0
1040 3846 0.5767871360051215
1040 3861 -0.30931134928978216
1040 3696 -0.4533930479955663
1040 3711 0.39148796563304317
1040 3725 0.38153840535869743
1040 3740 -0.6671984025577886
1040 3755 0.38993505987918653
1040 3770 -0.09981412964260172
1053 1054 -0.20884900629881312
1053 1068 -0.49852861229607637
1053 3426 0.2062667233611949
1053 3441 -0.19843757491945654
1053 3456 -0.6501061823514886
1053 3471 -0.06475808279952933
1053 3486 0.6815331055747116
1053 3501 0.7387355410363573
1053 3366 -0.30630117243121296
1053 3381 -0.25049244126847314
1053 3396 -0.1872932753994661
1053 3411 0.14188591188920896
1054 1055 0.5498352709375539
1054 1069 0.5984559021627289
1054 3606 -0.393736740316112
1054 3621 0.27987528217963115
1054 3636 0.32285760712728095
1054 3651 -0.08998121227152929
1054 3666 -0.31493239615951363
1054 3681 0.6468697501173193
1054 3516 -0.52237577281059
1054 3531 -0.6734785932330932
1054 3546 0.09187470832979595
1054 3561 0.30101829660382773
1054 3576 0.25757599232263306
1054 3591 0.2977425468330555
1055 1070 0.5054950851142963
1055 3786 -0.23379324909829102
1055 3801 -0.6160377607971275
1055 3816 -0.4442026323398399
1055 3831 0.26283003794615845
1055 3846 0.18625331053587219
1055 3861 0.5152952220221839
1055 3696 -0.2552303252275096
1055 3711 -0.4873158602796606
1055 3726 -0.28525612630110925
1055 3741 -0.44439013733882987
1055 3756 -0.5112287766706965
1055 3771 0.7575438774205245
1068 1069 -0.2760041999512866
1068 3426 0.09498981971432273
1068 3441 -0.7238425160360719
1068 3456 0.3867782424708623
1068 3471 0.48609198496835465
1068 3486 0.6011717772312895
1068 3501 0.25510068959445714
1068 3366 0.7440864468319808
1068 3381 1.0
1068 3396 0.4229214366444936
1068 3411 0.5675746756147497
1069 1070 0.04893574938898818
1069 3606 0.2387725561655849
1069 3621 0.20228772359288397
1069 3636 0.5169149373582221
1069 3651 0.16838042382825663
1069 3666 -0.334294722666005
1069 3681 0.08305250290865356
1069 3516 0.11851567188137337
1069 3531 0.8897229656642255
1069 3546 -0.20692207247436006
1069 3561 0.32681391173942875
1069 3576 0.22892653457974177
1069 3591 -0.052019709098380794
1070 3786 -0.18014221763400587
1070 3801 -0.494948769750883
1070 3816 -0.6511640830229674
1070 3831 -0.2957057907128122
1070 3846 -0.4932036326940988
1070 3861 0.3756417741167673
1070 3696 0.31993704892762675
1070 3711 -0.45958424347600413
1070 3726 -0.6824546222804322
1070 3741 -0.2407618600616085
1070 3756 0.11532230411536719
1070 3771 0.3438830192031017
1083 1084 0.45376573803755627
1083 1098 -0.17305029509846379
1083 3426 0.6459050115650653
1083 3441 0.5825271020388944
1083 3366 -0.4294486869788386
1083 3381 0.08576276585159076
1083 3396 -0.43954556220773344
1083 3411 0.32749074636304937
1084 1085 -0.33112942931201567
1084 1099 -0.09089647766304301
1084 3606 0.499198647455806
1084 3621 -0.16326130122351407
1084 3456 0.6674486787213046
1084 3471 -0.2143009695590159
1084 3486 0.7603646146569523
1084 3501 0.35404118585587785
1084 3516 0.8180435630625565
1084 3531 -0.3461758451122549
1084 3546 -0.26854884485841324
1084 3561 -0.28584218900559943
1084 3576 0.08935782184067084
1084 3591 -0.16339720576037653
1085 1100 -0.47961115079749006
1085 3786 0.11446530775161966
1085 3801 0.10993532773893698
1085 3636 0.5473897165914023
1085 3651 -0.7496252380076789
1085 3666 0.41876149419552416
1085 3681 0.23454583784627367
1085 3696 -0.3062430740968297
1085 3711 -0.34129345886112145
1085 3726 0.009608663413220588
1085 3741 0.5169463116841331
1085 3756 -0.3323784358056013
1085 3771 -0.896604946149415
1098 1099 0.2697767217230286
1098 3426 0.0007988115589669737
1098 3441 0.3494634196264561
1098 3366 0.033725823887760416
1098 3381 -1.0
1098 3396 0.518941627810127
1098 3411 0.6893122075645892
1099 1100 -0.006692300342589163
1099 3606 -0.4637286895075021
1099 3621 -0.1746709005890452
1099 3456 -0.3994531720722576
1099 3471 0.9041871355975803
1099 3486 -0.5607596958495499
1099 3501 -0.5108027241244445
1099 3516 -0.5350524499933039
1099 3531 1.0
1099 3546 -0.3446889697582189
1099 3561 -0.019471429958373074
1099 3576 -0.10940537156274176
1099 3591 0.372776460448369
1100 3786 0.22873862924294258
1100 3801 -0.4153578249569885
1100 3636 0.45339985968911684
1100 3651 0.39927010802354646
1100 3666 0.09697465627320129
1100 3681 0.36294285406841537
1100 3696 -0.5561598242427839
1100 3711 -0.31353883873808014
1100 3726 0.5584017694633447
1100 3741 -0.6924059581674443
1100 3756 0.19866883514666378
1100 3771 1.0
1113 1114 0.0927328638257839
1113 1128 0.9017209393839779
1113 3426 0.6988984354686493
1113 3441 0.49229254088408214
1113 3366 0.07562440691697908
1113 3381 0.8211480543095964
1113 3396 0.5513620684203013
1113 3411 -0.09855859992068425
1114 1115 0.7800586779427284
1114 1129 -0.6401250545132863
1114 3606 -0.380739070948185
1114 3621 0.09051052436224097
1114 3456 0.3374293926423088
1114 3471 -0.11646594594478737
1114 3546 -0.6882979681053691
1114 3561 0.3542649469625124
1114 3576 0.3021354021432723
1114 3591 -0.051066048580956015
1115 1130 -0.9129653872937927
1115 3786 -0.6379350946461075
1115 3801 0.4577313289719463
1115 3636 -0.17545167630891925
1115 3651 -0.5640102060725188
1115 3726 1.0
1115 3741 -0.4782066644799519
1115 3756 -0.6075943996708423
1115 3771 0.187778083463363
1128 1129 -0.1835172598300091
1128 3426 0.21950033821838266
1128 3441 0.40724903539261165
1128 3366 0.07003493120422959
1128 3381 0.11018956912751149
1128 3396 0.3805016923950893
1128 3411 0.10649332710102825
1129 1130 -0.04525830689636074
1129 3606 0.28434811113014047
1129 3621 -0.06947361923985103
1129 3456 -0.2853071779969622
1129 3471 -0.4532260048479999
1129 3546 -0.7176584598005561
1129 3561 0.4217564385919898
1129 3576 -0.04921117432047941
1129 3591 -0.4148452014847459
1130 3786 0.4929247954232509
1130 3801 -0.12993357359256966
1130 3636 -0.32556034410126694
1130 3651 -0.49468274363377324
1130 3726 0.06832333500885406
1130 3741 0.33122874592202844
1130 3756 0.5174927928683379
1130 3771 0.42204013146816444
3364 3365 0.8101589394911732
3364 3379 -0.2647129560339357
3365 3366 -0.3706337542094564
3365 3380 -0.1741647084005657
3366 3381 0.2280269578428347
3379 3380 0.009975308089395596
3380 3381 0.4177107242295538
3394 3395 -0.4730962540703678
3394 3409 -0.5584370963190808
3395 3396 0.7309939172113565
3395 3410 0.4866111625623044
3396 3411 0.6557131548666827
3409 3410 0.6826189570492218
3410 3411 -0.38831330026412547
3424 3425 -0.7569487219291585
3424 3439 0.5150648208095359
3425 3426 -0.40264745989205236
3425 3440 0.49706451481032893
3426 3441 -0.6803548931491398
3439 3440 0.36523494294084186
3440 3441 -1.0
3454 3455 0.352886605189801
3454 3469 0.420589119938492
3455 3456 0.4980979800663835
3455 3470 1.0
3456 3471 0.5231160081343983
3469 3470 0.15390016107636353
3470 3471 0.801585756044902
3484 3485 0.13563364461098368
3484 3499 -0.6901798883439918
3485 3486 -0.4595363502150449
3485 3500 0.3266833215959773
3486 3501 -0.8640522581815787
3499 3500 -0.17966414301230985
3500 3501 0.2672112100644366
3514 3515 0.4083111385795973
3514 3529 0.6154808369231479
3515 3516 0.2564213495281395
3515 3530 -0.029564200415991632
3516 3531 -0.4937845486317123
3529 3530 -0.38596248191025684
3530 3531 0.5074148515019951
3544 3545 0.230009948167813
3544 3559 -0.5437798153832473
3545 3546 0.6301100881697073
3545 3560 -0.13576206343940156
3546 3561 -0.11647550893147046
3559 3560 -0.08579687726010947
3560 3561 1.0
3574 3575 -0.8375560751973035
3574 3589 0.5649126432130415
3575 3576 -0.3685489030343117
3575 3590 0.28078398028729196
3576 3591 0.20576277194269493
3589 3590 -1.0
3590 3591 0.9586952881619978
3604 3605 -0.7274539833319889
3604 3619 0.9231448135834602
3605 3606 -0.06761488523433287
3605 3620 -0.8244991793258772
3606 3621 0.1350989203560484
3619 3620 -0.03416404473548509
3620 3621 0.18057601463896364
3634 3635 -0.12942360090397273
3634 3649 0.5160719459631468
3635 3636 -0.48979634875355815
3635 3650 -0.17389430748647175
3636 3651 0.2669310103742562
3649 3650 0.24837410213926694
3650 3651 -0.08163184212012224
3664 3665 -0.33327593094304936
3664 3679 0.45879482350222023
3665 3666 -0.4116948517351288
3665 3680 -0.13885191894920582
3666 3681 0.24484613434988708
3679 3680 0.3715376468703049
3680 3681 -0.17138109048388028
3694 3695 0.36162102519028916
3694 3709 -0.6222868878075624
3695 3696 -0.3707565841999041
3695 3710 0.21116675988096614
3696 3711 -0.09734771398182297
3709 3710 -0.21456385273683895
3710 3711 0.5461143833431473
3724 3725 0.23624147944383983
3724 3739 -0.6963386991612923
3725 3726 0.1000448492662596
3725 3740 0.24163087816487305
3726 3741 -1.0
3739 3740 1.0
3740 3741 -0.003575458354165579
3754 3755 -0.4220605128476698
3754 3769 -0.5823168188200566
3755 3756 -0.7925633514178616
3755 3770 -0.5570962877728184
3756 3771 0.7103782140806206
3769 3770 0.3308929143100693
3770 3771 0.26064376399171774
3784 3785 -1.0
3784 3799 0.5231346957674704
3785 3786 -0.523918677260539
3785 3800 0.4634995190975706
3786 3801 -0.343551659166902
3799 3800 0.23606252640053335
3800 3801 1.0
3814 3815 0.3135859338708162
3814 3829 -0.23249891693252225
3815 3816 -0.5938496600814289
3815 3830 -0.0819269249998447
3816 3831 -0.3878792648529278
3829 3830 0.04658424802486944
3830 3831 0.12190182723290904
3844 3845 0.15942600481220504
3844 3859 0.6477330013044842
3845 3846 -0.31666294894073027
3845 3860 0.507375081185827
3846 3861 0.16552867031016605
3859 3860 -0.6738602945236254
3860 3861 0.1551037707622865
3874 3875 -0.362501934003027
3874 3889 0.027786485028700826
3875 3876 0.9843265891754219
3875 3890 0.7977384382486167
3876 3891 -0.027507507465393214
3889 3890 0.12292708060191307
3890 3891 0.035691288720160176
