# 
603 603 2.8269819562807834
604 604 1.3570874043709689
605 605 -0.244206604762829
618 618 -0.9591752573253148
619 619 -0.49612185392045927
620 620 -1.2283825553032057
633 633 -0.34502388499906866
634 634 0.2959645220975945
635 635 -0.9733512477011025
648 648 1.8422051231886496
649 649 0.33098540234302537
650 650 -0.9233589521675473
663 663 0.9136959324817542
664 664 2.101301922772388
665 665 0.71646063063387
678 678 -0.6196049650769156
679 679 0.3319617312566163
680 680 1.1447325981866951
693 693 0.17660829510460588
694 694 1.7214380035761319
695 695 -0.39597504185804416
708 708 0.16919053934023437
709 709 0.05176128629426137
710 710 -0.5692038398175796
723 723 0.20801967812819877
724 724 2.2598014944064704
725 725 0.7436143241003572
738 738 -0.7889229292395883
739 739 1.3313562631625298
740 740 -1.2845141332070242
753 753 0.14010545585008582
754 754 0.5637051692622931
755 755 0.3268433168148346
768 768 -0.5195115981807397
769 769 -0.7189953491613993
770 770 0.6521862476494827
783 783 -0.8115825682815211
784 784 -1.0765467268653377
785 785 0.5829487847704794
798 798 0.6587799434272804
799 799 -1.1259089631086194
800 800 0.44197690837178427
813 813 0.4582618973679248
814 814 0.8215272402647854
815 815 1.5039361270584386
828 828 -1.2394240725175278
829 829 1.241993736562167
830 830 -0.14388764325335954
843 843 -0.5525257846874201
844 844 -1.0287264623524082
845 845 -1.688694201366225
858 858 -1.3756616327268576
859 859 0.04166216215798946
860 860 -1.2088294919450089
873 873 0.22289825961674037
874 874 -0.8870647728797252
875 875 0.7367569491054323
888 888 -1.7654915317521995
889 889 1.0917827701876597
890 890 1.6320295678191477
903 903 -1.208661003095972
904 904 0.7839827189153166
905 905 -0.8288777750751264
918 918 -1.0158200978460068
919 919 0.8624623797713957
920 920 0.027797533592021695
933 933 -0.3898059960003708
934 934 -0.1552395350697303
935 935 -0.4174733867033143
948 948 -0.7620165638274277
949 949 -0.7778290334480573
950 950 -1.1703933368394472
963 963 1.096240418607127
964 964 0.6625562849811398
965 965 -1.6904173523183683
978 978 -1.0071429939494503
979 979 1.7087027139250248
980 980 -0.7418558094854458
993 993 1.3974508408073858
994 994 -0.6034838464408308
995 995 0.24179516168879547
1008 1008 -0.19625577068592542
1009 1009 -1.0657668883825009
1010 1010 0.18420766968286575
1023 1023 -1.7290746066701284
1024 1024 1.5662767015285484
1025 1025 0.3936815461979984
1038 1038 -0.38966504649113004
1039 1039 -1.691780037766249
1040 1040 -1.2795864318084986
1053 1053 -0.6071454254946473
1054 1054 0.8503319666830632
1055 1055 0.8178946914022258
1068 1068 -1.9015327701722857
1069 1069 -1.5509976892828072
1070 1070 0.27274155542948414
1083 1083 0.18966636378453147
1084 1084 0.2381764448111452
1085 1085 -0.967054417720611
1098 1098 -0.2069068900796269
1099 1099 0.25068268692671003
1100 1100 1.5723001228631954
1113 1113 -1.2467954203539062
1114 1114 0.6397046551716356
1115 1115 0.6866628289418595
1128 1128 0.9315013095144797
1129 1129 1.1022379434164526
1130 1130 1.774500772154479
3364 3364 0.32597906206489585
3365 3365 0.3191796730845106
3366 3366 0.4437231162116298
3379 3379 -0.1545405353348111
3380 3380 -0.9290086384012065
3381 3381 -0.09226130889869506
3394 3394 1.0096918571727136
3395 3395 -0.47690842955119445
3396 3396 -0.018212603473792197
3409 3409 0.17121046814508972
3410 3410 -1.3519869491670333
3411 3411 0.00320468339943227
3424 3424 -0.19269284079767002
3425 3425 0.4186462137645498
3426 3426 -1.1562662894500757
3439 3439 0.0764291615796927
3440 3440 1.6615475064859653
3441 3441 -0.14900956719601086
3454 3454 -1.5641540388322954
3455 3455 2.063610158279184
3456 3456 -0.04101409317661104
3469 3469 0.34869377965345294
3470 3470 0.3683423189999912
3471 3471 -0.8061058302920873
3484 3484 1.532858028891447
3485 3485 0.9202543298287
3486 3486 -0.5950439663093852
3499 3499 -0.47001111938853
3500 3500 0.6407406324397454
3501 3501 0.5301488734086252
3514 3514 -0.14548487175020047
3515 3515 0.9644247224140421
3516 3516 0.1072840596786672
3529 3529 -0.1786058630879717
3530 3530 -1.2787752935882721
3531 3531 -0.2582482493444854
3544 3544 0.502074560594024
3545 3545 0.021819484029545793
3546 3546 -0.21747966667419574
3559 3559 0.08739566691427492
3560 3560 0.11522416773590519
3561 3561 -0.9175669602835756
3574 3574 0.33045653281448134
3575 3575 0.7981357361611741
3576 3576 -0.9507510273538109
3589 3589 -1.2313069751243213
3590 3590 -2.401977668806579
3591 3591 0.26426745853868006
3604 3604 0.47814331181294806
3605 3605 0.6913519849889582
3606 3606 -1.3537003595744272
3619 3619 -0.5157641146579015
3620 3620 -1.1766871880470984
3621 3621 -0.6079205779659548
3634 3634 0.8954510727640685
3635 3635 1.7097217694621083
3636 3636 0.3966204899412731
3649 3649 -0.7027598905283539
3650 3650 2.0785358139794154
3651 3651 -0.06275359838483524
3664 3664 -0.02209148518125314
3665 3665 1.0717367127953188
3666 3666 0.31187268408054813
3679 3679 0.8538865498768362
3680 3680 -0.8427577790457694
3681 3681 -0.17515095225817376
3694 3694 0.0022988783865619355
3695 3695 -0.21076481484071255
3696 3696 0.6486403415833911
3709 3709 -1.277043771540299
3710 3710 0.5649346132018062
3711 3711 -0.827986209855288
3724 3724 -0.6119413490961074
3725 3725 1.6059867802742034
3726 3726 -0.22002206259026627
3739 3739 -0.38490262151016486
3740 3740 0.3584018052447448
3741 3741 -1.5899519975370888
3754 3754 0.265037702388563
3755 3755 1.7085240813308062
3756 3756 0.6177130461380572
3769 3769 -1.1440238348855916
3770 3770 -0.22817922221497067
3771 3771 -1.3060250466824068
3784 3784 -2.3360851350161473
3785 3785 0.40818622358304946
3786 3786 1.3048749367067474
3799 3799 0.5028236938398697
3800 3800 -0.1982033944860926
3801 3801 0.25040024096646274
3814 3814 -0.7273522237012696
3815 3815 0.32554141751071947
3816 3816 0.132648938780267
3829 3829 -2.1331399722823114
3830 3830 1.3153644940219809
3831 3831 1.874714848260497
3844 3844 1.2388801344143638
3845 3845 0.8546718946200876
3846 3846 1.4432162697066695
3859 3859 -1.063912984248619
3860 3860 0.41912645504442597
3861 3861 0.20590948048813396
3874 3874 0.4806039387473443
3875 3875 0.5832158132741997
3876 3876 -0.22722107201778965
3889 3889 -0.6794407414273013
3890 3890 0.026044491446989303
3891 3891 -0.5033240585974481
603 604 -0.44834886279308905
603 618 -0.5212818319589302
603 3484 -0.06841199752241249
603 3499 -1.0
603 3514 -0.8352731499453553
603 3529 -0.10769120292687465
604 605 1.0
604 619 0.24791705607306985
604 3664 0.19052389514195897
604 3679 -0.22896282383617042
604 3694 0.29678575096876864
604 3709 -0.18770658104119622
605 620 -0.569250296276804
605 3844 -0.2138471169734122
605 3859 0.2917018392547844
605 3874 -0.12257497359786923
605 3889 -0.2827096101161443
618 619 0.07943738913881289
618 3484 0.5483879466777019
618 3499 0.768541124445844
618 3514 -0.10613263361974656
618 3529 -0.7272972749164376
619 620 -0.5113483271341697
619 3664 1.0
619 3679 -0.4627016371186077
619 3694 0.2778898501113
619 3709 -0.5688225029792809
620 3844 -0.10405117056386672
620 3859 0.3663517680666054
620 3874 0.22861380257892908
620 3889 -1.0
633 634 0.15944991409806286
633 648 -0.9278264763880593
633 3424 -0.019363907612237215
633 3439 0.5724339517835176
633 3454 0.20934699099136173
633 3469 -1.0
633 3484 0.5922117187095082
633 3499 0.21120512678224007
633 3514 -0.005439745720032531
633 3529 0.010846184920332284
634 635 0.6627064940038329
634 649 0.12017873100798442
634 3604 -0.29229101897669285
634 3619 -0.06517264032517697
634 3634 -0.28146282189366173
634 3649 -0.7573229534378649
634 3664 -0.6769553477994485
634 3679 0.587471371701853
634 3694 0.695027400628881
634 3709 0.2408546926275956
635 650 0.6013128086418377
635 3784 -0.23059716124042567
635 3799 -0.6718209220035398
635 3814 -0.28396740689326055
635 3829 0.01613152542084427
635 3844 0.027928916815851204
635 3859 0.7414499132728447
635 3874 -0.33249429104106276
635 3889 0.45242204279790776
648 649 -0.2585561072109961
648 3424 -0.563426294615559
648 3439 0.5568399761049463
648 3454 -0.023024872234669126
648 3469 -0.6866508778394737
648 3484 0.49355748565052304
648 3499 -0.8941418699375226
648 3514 -0.32296530016950764
648 3529 -0.7060122001773452
649 650 0.6968872370305383
649 3604 -0.4389605295296267
649 3619 -0.3751175424708409
649 3634 0.6163882208861711
649 3649 0.5001526695207498
649 3664 0.23652867944766454
649 3679 0.5718517698632238
649 3694 0.7995518710331849
649 3709 -0.9887586174591986
650 3784 0.3582146232311738
650 3799 0.44899573361248085
650 3814 -0.13352152291597022
650 3829 0.4785948451680619
650 3844 -0.14131292169949694
650 3859 -0.15446650239758447
650 3874 0.22297298101449037
650 3889 -0.06960076045239894
663 664 0.6998019894260814
663 678 0.287117496965088
663 3424 0.26004211258100124
663 3439 0.17805170861547742
663 3454 -0.3019383284938746
663 3469 -0.6945683470618036
663 3484 0.30018059900021854
663 3499 -0.8870647918295842
664 665 -0.25403314376462083
664 679 -0.217050279374561
664 3604 1.0
664 3619 0.09119260811279445
664 3634 -0.5360658405276819
664 3649 0.05973371697199177
664 3664 0.936339279873168
664 3679 -1.0
664 3514 -0.3941868201135656
664 3529 -0.29897728719637123
665 680 -0.7455863169975557
665 3784 0.021300564144322513
665 3799 -0.37494331694874844
665 3814 -0.18085423413809829
665 3829 0.9587376937909949
665 3844 0.4038150563320668
665 3859 -0.7197131996721488
665 3694 -0.029076951113048106
665 3709 0.3311019021833951
678 679 -0.29884840241574784
678 3424 -0.33760392640368625
678 3439 -0.32532880485806476
678 3454 0.2569609898590888
678 3469 0.4123563215965089
678 3484 -0.4855453562870382
678 3499 0.16161287481482953
679 680 -0.705008156935615
679 3604 -0.039042155136799005
679 3619 -0.6056699527130406
679 3634 -0.5561064368918857
679 3649 -0.41871575109679554
679 3664 0.4427122809384432
679 3679 -1.0
679 3514 -0.07345430312555848
679 3529 -0.22313496593885204
680 3784 -0.8981922271305331
680 3799 0.4997878247774454
680 3814 0.018844741792547144
680 3829 -0.5740200232400976
680 3844 0.45280416035120996
680 3859 0.8875068495180845
680 3694 0.02151822599799553
680 3709 -0.7051900682851586
693 694 0.1333627395875285
693 708 0.4535886191229487
693 3424 -0.4874536489144557
693 3439 0.17736378436252762
693 3454 -0.36373399101995246
693 3469 -0.4325572065251341
693 3484 0.440662303017929
693 3499 0.3082414090653602
693 3364 0.6118078727584092
693 3379 0.05780729965113367
693 3394 0.4032727642280811
693 3409 -0.331229632711056
694 695 0.46506058132812894
694 709 0.0416066389433511
694 3604 -0.18440802046804472
694 3619 0.43415906947460453
694 3634 -0.34531544132722963
694 3649 -0.11238135164884311
694 3664 -0.2002329596651773
694 3679 -0.7780934429856111
694 3514 -0.9147416124651258
694 3529 -0.07961697771116068
694 3544 0.5595306754954107
694 3559 -0.6576138048030019
694 3574 -0.2756027670512013
694 3589 0.3966563608668441
695 710 1.0
695 3784 -0.08622032486250109
695 3799 0.00038664170342036017
695 3814 -0.6577336535072413
695 3829 -0.16843921796815073
695 3844 0.2622217689907184
695 3859 0.6608891924239976
695 3694 0.8111187122609649
695 3709 0.41360545006043553
695 3724 -0.7607697718892429
695 3739 0.5628321209037246
695 3754 -0.27670145361242676
695 3769 0.6624976473972003
708 709 0.017445880272547214
708 3424 0.19750618495904548
708 3439 -0.04745138450630819
708 3454 -0.6036364487162482
708 3469 0.20286138476398652
708 3484 1.0
708 3499 0.252809538279968
708 3364 0.6040677477467379
708 3379 0.5506254293390437
708 3394 0.06157549295553732
708 3409 -0.05499464005796099
709 710 -0.44499935368649063
709 3604 0.0370329534022151
709 3619 -0.3307466954049399
709 3634 -0.5086664330583457
709 3649 1.0
709 3664 0.4954640947820704
709 3679 -0.22972089183190253
709 3514 -0.09491068301351317
709 3529 -0.46547051569458575
709 3544 0.22225333026195854
709 3559 -0.2246755545994391
709 3574 -0.40393279688545125
709 3589 -0.21484835925797563
710 3784 -0.33811828728069515
710 3799 -0.4215958659589539
710 3814 0.3206687716630453
710 3829 0.11321128517520165
710 3844 -0.1465194353026243
710 3859 -0.23937658298867356
710 3694 -0.3049445369491134
710 3709 -0.1314346446378018
710 3724 -0.6366998405118891
710 3739 -0.15210337537733332
710 3754 -0.0028987853155553523
710 3769 0.6528900118088429
723 724 -0.8570243091093932
723 738 -0.14024036700088352
723 3424 0.3833233066707029
723 3439 0.6296498768194071
723 3364 0.04201436540909276
723 3379 -1.0
723 3394 -0.6291510313399831
723 3409 0.327248505649295
724 725 0.8484865552215971
724 739 0.18152246451382875
724 3604 -0.10847023049386018
724 3619 0.24692250966032062
724 3454 -0.21809165043089113
724 3469 -0.6426321586159713
724 3484 0.26143893090972464
724 3499 -0.21789189312445062
724 3514 0.21865428577506796
724 3529 0.4845269170966329
724 3544 1.0
724 3559 -0.5822284093208696
724 3574 1.0
724 3589 -0.8054681016716545
725 740 0.11438905590924811
725 3784 0.48697037229321527
725 3799 1.0
725 3634 -0.6715701793833726
725 3649 -0.5915226799175944
725 3664 0.4938674714486363
725 3679 0.3176270713856473
725 3694 0.3814356851089339
725 3709 -1.0
725 3724 0.08265737889211125
725 3739 0.22730610956461186
725 3754 -0.7481164108962007
725 3769 -0.48077144120847465
738 739 -0.02868984163699374
738 3424 -1.0
738 3439 0.16213042879669698
738 3364 -0.9892982439447722
738 3379 0.40522006253753295
738 3394 -0.08947042205814952
738 3409 -0.5040566160918166
739 740 0.8547775428090668
739 3604 0.4126807659224346
739 3619 -0.18081741578527685
739 3454 0.02685283287376737
739 3469 -0.06554383451584357
739 3484 0.4121080208270364
739 3499 -0.4788715149571181
739 3514 -0.1521075792517698
739 3529 -0.8173286896855011
739 3544 0.2259633939665653
739 3559 0.21437242783654042
739 3574 0.3242611445799742
739 3589 -0.2705032793274529
740 3784 0.5508861718869724
740 3799 -0.09471724124093465
740 3634 0.43238993790211355
740 3649 0.689881329814912
740 3664 -0.36360157380770103
740 3679 0.3434543551087334
740 3694 -0.1110437795821967
740 3709 -0.3695941656597173
740 3724 -0.393879667785808
740 3739 -0.3767896827144293
740 3754 -0.3663033733719431
740 3769 0.323635330577093
753 754 0.479875705432772
753 768 1.0
753 3424 0.19838964879477325
753 3439 0.4784967783984913
753 3364 0.4841393031276126
753 3379 -1.0
753 3394 -0.6306511933748851
753 3409 -0.07039796957059301
754 755 -0.3055138462364806
754 769 -0.6180617589088276
754 3604 -0.29139589583686665
754 3619 0.4035122273177873
754 3454 -0.12645772705459354
754 3469 0.6113663502296303
754 3485 -0.12471714905721182
754 3500 0.22346980681995596
754 3515 -0.3038512913030867
754 3530 -0.11298658680843339
754 3544 0.5682482729901362
754 3559 0.019929954743142766
754 3574 -0.4932140611373226
754 3589 0.6118577067250036
755 770 -0.13751841317018842
755 3784 -0.3642548803118158
755 3799 -0.1922928341214984
755 3634 -0.708789310624684
755 3649 0.6531606605935212
755 3665 0.44575689719004497
755 3680 -0.059699773569773844
755 3695 -0.10676743746189607
755 3710 -0.6478492033976478
755 3724 0.47118944267993673
755 3739 0.25264242213452437
755 3754 0.16277806281202375
755 3769 -0.01609802111532742
768 769 -0.2340073835260127
768 3424 -0.017391272994948054
768 3439 -0.2578259999862564
768 3364 -0.9161075648455185
768 3379 0.20187653477370016
768 3394 0.18791483219724459
768 3409 0.2931257024525045
769 770 0.12863476756278852
769 3604 0.06876516837792195
769 3619 0.33460095685967367
769 3454 -0.31199043484426303
769 3469 -0.037958708195023935
769 3485 -0.46585216281230946
769 3500 -0.19289139173843686
769 3515 -0.4830082136648077
769 3530 -0.8501749091047837
769 3544 -0.1536024586146617
769 3559 0.7233515311184807
769 3574 -0.9526789684467427
769 3589 -0.42956031962499286
770 3784 0.13603250764773556
770 3799 -0.448640853531681
770 3634 -0.4165712232750107
770 3649 0.19864142686802966
770 3665 1.0
770 3680 0.10288953546066289
770 3695 -0.8797081771238698
770 3710 1.0
770 3724 0.05256904702983359
770 3739 -0.09247930254646271
770 3754 0.4406038782548616
770 3769 -0.5256229382015399
783 784 0.22682666158600312
783 798 -0.36618862521873163
783 3424 0.36490551321102743
783 3439 0.3386402925789536
783 3454 0.5549474482148232
783 3469 0.0026115605287850663
783 3485 0.780098187604864
783 3500 -0.24927538931563104
783 3515 0.06309654493027464
783 3530 0.1472038088023451
783 3544 -0.5748747217437831
783 3559 -0.37077015875310415
783 3394 -0.9017046292577059
783 3409 -0.4352811915109405
784 785 -0.35167742983086697
784 799 0.6265211442116398
784 3604 -0.19004773109263684
784 3619 0.16502371617039677
784 3634 0.2987607891312895
784 3649 0.7621821901096821
784 3665 0.028210411817078576
784 3680 -0.8534518721028804
784 3695 0.17724297940848835
784 3710 -0.17248167713703197
784 3724 0.32103427674779855
784 3739 -0.4417965259699892
784 3574 0.3845854465483824
784 3589 -0.3015022805938925
785 800 -0.31909811355050927
785 3784 -0.25523219349748355
785 3799 0.20896766899340305
785 3814 -0.3820231798373604
785 3829 0.46780585082801657
785 3845 -0.5584925328037688
785 3860 0.24263538832786785
785 3875 0.38911430293447746
785 3890 1.0
785 3754 -0.7495323664465284
785 3769 -0.06998890909868775
798 799 -0.29614780701602267
798 3424 -0.10585705660865091
798 3439 -0.08954957320176724
798 3454 0.2996696639491945
798 3469 -0.6656016155329764
798 3485 0.9374083768734439
798 3500 -0.3694098148546266
798 3515 0.1820690773179756
798 3530 0.57213664570614
798 3544 0.02031374518601084
798 3559 -0.20888160201075595
798 3394 0.6708383555147617
798 3409 0.5615796105419015
799 800 -0.49407133554915567
799 3604 -0.4530269392382621
799 3619 0.5204794837830387
799 3634 0.2391375791462914
799 3649 -0.056925143709066366
799 3665 -0.3260008323471925
799 3680 0.08074033664422958
799 3695 -0.4672656623071094
799 3710 0.19026246675447064
799 3724 -0.19906606778739497
799 3739 0.2171673231842255
799 3574 -0.39863824656828306
799 3589 -0.4126982407336118
800 3784 0.18782378790379434
800 3799 -0.3771101129710635
800 3814 -0.3129507803017169
800 3829 0.04180981484771548
800 3845 -0.3397009589830991
800 3860 0.053328939626596225
800 3875 -0.2314686551108008
800 3890 -0.1525333700485754
800 3754 0.552774576920369
800 3769 -0.6000381346494178
813 814 -0.4151041773935529
813 828 -0.23428154771644066
813 3425 0.12078090639351
813 3440 -0.3278111241027054
813 3455 0.022554670801312536
813 3470 0.09295774860634612
813 3485 -0.4603088282392601
813 3500 -0.8924641459023523
813 3515 -1.0
813 3530 -0.001498335553226098
813 3544 -9.441971963716106e-05
813 3559 -0.7812862719168046
813 3394 -0.41637894819351406
813 3409 -0.4816307066307959
814 815 -0.2538676125021675
814 829 0.061310791619059724
814 3605 0.22351467996480684
814 3620 0.4094899676408244
814 3635 0.23118567651236596
814 3650 -0.018062574964003753
814 3665 -0.554094646102744
814 3680 0.07908222297496079
814 3695 0.41181875079779917
814 3710 0.6154995953295542
814 3724 -0.07937900163361913
814 3739 0.6235981378205113
814 3574 0.4391806865910626
814 3589 0.6735951815953053
815 830 -0.28067499795482626
815 3785 -0.728234472130815
815 3800 -0.14025839334298962
815 3815 0.09127639817766328
815 3830 0.16490582011890692
815 3845 -0.84300012964188
815 3860 -0.16394716099473083
815 3875 -0.36610536550092065
815 3890 0.2369213216056339
815 3754 0.06626394051749
815 3769 0.2642369761814954
828 829 0.6017376668409558
828 3425 0.5076902165438485
828 3440 0.5241467643566303
828 3455 0.03441329471531769
828 3470 0.5728226804407742
828 3485 -0.6327248318605263
828 3500 0.33033976284233635
828 3515 -0.42201122981160194
828 3530 0.22700125819061606
828 3544 -0.3128584867811114
828 3559 0.2786359184577266
828 3394 -0.6477055120550055
828 3409 0.38032251691055863
829 830 0.06371113785840662
829 3605 0.5849248513780577
829 3620 -0.28909726151375337
829 3635 -1.0
829 3650 0.08644704611267166
829 3665 0.2944463511235521
829 3680 -0.40504308524885546
829 3695 -1.0
829 3710 -0.25866671110064
829 3724 0.5354269209631847
829 3739 -0.07017899280489398
829 3574 0.23574771585850746
829 3589 0.2925216272931129
830 3785 0.16400201411050125
830 3800 -0.2892749948631639
830 3815 -0.5260686339410743
830 3830 0.051695244581265794
830 3845 -0.4676984492426321
830 3860 0.1894917685766231
830 3875 -0.5220080943848797
830 3890 0.40022540629389386
830 3754 -0.28801085207870697
830 3769 -0.19319853215010144
843 844 0.3118446180532112
843 858 0.5383902380875163
843 3425 -1.0
843 3440 0.9346484643193779
843 3455 0.011315432109769503
843 3470 -0.20235667993942988
843 3485 -0.22499100952245912
843 3500 0.31028229953197745
843 3364 0.7298132551700156
843 3379 -0.3837558476631864
843 3394 -0.030120637038072738
843 3409 0.02623108971162095
844 845 -0.11962911962363124
844 859 -0.7146444033390673
844 3605 0.07838280447692016
844 3620 -0.9601742742224284
844 3635 0.934430796650518
844 3650 -0.10939358296529954
844 3665 1.0
844 3680 0.44941774545096264
844 3515 -0.21284284553835556
844 3530 0.7754675483377168
844 3544 -0.019363830627268933
844 3559 0.9915449722136087
844 3574 0.0778267971276005
844 3589 -0.0327661069615388
845 860 0.5376299499058688
845 3785 -0.24050467958118954
845 3800 -1.0
845 3815 0.40358091226578247
845 3830 0.4909831816983606
845 3845 -0.4627599289219881
845 3860 0.3231916999733751
845 3695 0.5672466970179431
845 3710 0.4175014402890102
845 3724 0.04225226961511337
845 3739 0.4163235121492782
845 3754 0.6164030881844039
845 3769 -0.93898696840081
858 859 0.45121732623059946
858 3425 -0.47363762274545307
858 3440 0.14893772174687905
858 3455 0.9355204069656352
858 3470 -0.47730652646468
858 3485 0.7185660772556378
858 3500 -0.23772735095557462
858 3364 0.3243270611340946
858 3379 -0.744554967041494
858 3394 0.5260196636459159
858 3409 0.4235528153027067
859 860 0.10582841776597482
859 3605 0.0467481494244145
859 3620 0.49439855281284206
859 3635 0.5805195310125525
859 3650 0.11272475885587865
859 3665 -0.9740072448131344
859 3680 -0.474114696269859
859 3515 -0.6624869289092409
859 3530 -0.5201062192602609
859 3544 -0.26620052676998257
859 3559 -0.034128749192567906
859 3574 -1.0
859 3589 -0.27589695296333616
860 3785 -0.05853315788120392
860 3800 0.24501326759495898
860 3815 -0.64361208921447
860 3830 -0.16796959240891907
860 3845 -0.13823194161958097
860 3860 0.0308297381855413
860 3695 0.02302287745297482
860 3710 -0.5639245741706937
860 3724 -0.07964839996414466
860 3739 0.2916614388153401
860 3754 -0.4421107055102996
860 3769 0.6275613910632022
873 874 -0.11319847083020469
873 888 0.589626499976289
873 3425 -1.0
873 3440 0.5038323078010315
873 3455 -0.213860598796991
873 3470 -0.5456825917051503
873 3485 0.019910616520390098
873 3500 -0.18943845850149038
873 3365 -0.4472120467298947
873 3380 -0.26603628149656666
873 3395 0.20069930557727533
873 3410 0.15598491192565522
874 875 0.5339203808672164
874 889 0.528944740342533
874 3605 -0.6452106419718099
874 3620 0.6091148682810769
874 3635 -1.0
874 3650 0.14570559772502115
874 3665 0.30490351426044743
874 3680 0.637965805140081
874 3515 -0.28265428842262735
874 3530 -0.39442605227852423
874 3545 0.14041114998881288
874 3560 -1.0
874 3575 -0.5691416554825968
874 3590 -0.37440238821243027
875 890 0.3613019475470874
875 3785 -0.6899746455256232
875 3800 0.1125254696580108
875 3815 -0.1625721915487085
875 3830 -0.9709442759482894
875 3845 -0.0040369906062758506
875 3860 -0.43305193865553093
875 3695 -0.2632384458256658
875 3710 -0.1608787308731516
875 3725 0.5137400377188919
875 3740 0.3313490980995389
875 3755 0.34273943789035505
875 3770 -0.7912410971517653
888 889 0.4177981973509907
888 3425 0.8349662894304359
888 3440 -0.26263742139340274
888 3455 0.5080942045585347
888 3470 0.5187019276933748
888 3485 0.8459286700146105
888 3500 0.07978813733350461
888 3365 0.33744214735548417
888 3380 0.7721701955043722
888 3395 -0.5792443365752936
888 3410 -0.37325723366775504
889 890 0.293688425177329
889 3605 -0.23464456076387882
889 3620 -0.7889047284431934
889 3635 -0.9108498385308478
889 3650 0.921063273787125
889 3665 0.8178735936753178
889 3680 -0.31568979244315865
889 3515 -0.39680454560066036
889 3530 -0.40592186770031446
889 3545 0.34632875741346153
889 3560 -0.12785165568855444
889 3575 -0.2137627288754637
889 3590 -0.3967334712041575
890 3785 0.1514467341287662
890 3800 0.02093632311578141
890 3815 0.3034376999988383
890 3830 -0.5245449649400118
890 3845 0.20940123229755034
890 3860 0.33347279064709706
890 3695 -1.0
890 3710 0.1053141206557775
890 3725 0.053517376675430196
890 3740 -0.05810831742643049
890 3755 -1.0
890 3770 -0.22586287906630093
903 904 -0.4008193172192871
903 918 0.7028686951276684
903 3425 -0.08706294452143444
903 3440 0.14011557402557548
903 3365 0.1270063083093348
903 3380 0.10399625914873858
903 3395 -0.4018696386860657
903 3410 0.7342249642689949
904 905 -0.5628495516969916
904 919 -0.8145933793583604
904 3605 -0.19895240980735804
904 3620 -0.5631548112153938
904 3455 0.5008115314424508
904 3470 -0.17109879031279326
904 3485 -0.5445308058402336
904 3500 0.27652898444729823
904 3515 0.5710120013768033
904 3530 -0.7325674720917156
904 3545 -0.17495231010861287
904 3560 -0.31684493119661505
904 3575 0.2310183704293512
904 3590 -0.5145427899799428
905 920 0.20537351291395653
905 3785 0.37259648296984305
905 3800 -0.5260112456556197
905 3635 0.024786486621058847
905 3650 0.7060871746899983
905 3665 0.23816090119415448
905 3680 0.07077004220408198
905 3695 -0.8343780054839577
905 3710 0.9749205112352305
905 3725 -0.5593071796569838
905 3740 0.522751616075586
905 3755 0.45632643394079625
905 3770 -0.7483784422047738
918 919 -0.653807770162046
918 3425 -0.42138492150212853
918 3440 -0.13388220756521374
918 3365 0.01947166095594907
918 3380 -1.0
918 3395 0.2613436997881458
918 3410 -0.04245800057425122
919 920 -0.308706285422108
919 3605 0.15359757479812422
919 3620 -0.2503327116359508
919 3455 0.18447122697957352
919 3470 -0.20479956239077032
919 3485 -0.42147821899225674
919 3500 0.44149327008113404
919 3515 -0.5025821851996972
919 3530 -0.7728214180711125
919 3545 0.42997929500037996
919 3560 -0.008543845163288316
919 3575 -0.13998040149247046
919 3590 -0.32359564096294885
920 3785 0.07391822657305519
920 3800 0.11553256102302913
920 3635 0.49941342156307844
920 3650 -0.07088956029632583
920 3665 0.29312806703530647
920 3680 -0.49427699874546244
920 3695 -0.08830872735546494
920 3710 1.0
920 3725 0.18326731969191268
920 3740 0.05595685184701752
920 3755 0.2371625329412448
920 3770 0.0337403221526338
933 934 0.0015203109740493262
933 948 -0.46531176914770106
933 3425 0.13360152218998936
933 3440 -0.36481757851468943
933 3365 -0.7414720406811425
933 3380 0.6884073532711403
933 3395 0.27147623647126323
933 3410 -0.32646621455783065
934 935 -0.9157657410958474
934 949 0.10368906319436848
934 3605 -0.6811891709510235
934 3620 -0.32295520249835225
934 3455 -0.10046187211017057
934 3470 -0.3168767128133346
934 3486 -0.06194539393597687
934 3501 -0.7809695147845915
934 3516 -0.20096671419199882
934 3531 0.2588603142924991
934 3545 -0.15507008696644192
934 3560 -0.12819956961532095
934 3575 -0.24628860965363
934 3590 0.7902213829530873
935 950 -0.3646068006828527
935 3785 -0.07943505582907553
935 3800 0.14607759572332074
935 3635 0.655100117635548
935 3650 -0.48706756842747795
935 3666 -0.16234272041228356
935 3681 -0.5391374796647268
935 3696 -0.0569083309690404
935 3711 0.6713342777981677
935 3725 -0.5659331402563897
935 3740 0.6693724449715629
935 3755 0.5059520810235845
935 3770 -0.7391336176687296
948 949 0.5659247493687455
948 3425 0.1927854495309563
948 3440 0.34722350597747587
948 3365 -0.3716650011117604
948 3380 -0.05744315528724752
948 3395 0.4375618302206743
948 3410 -0.12019171438994448
949 950 -0.47944948940742377
949 3605 0.09235803962862055
949 3620 -1.0
949 3455 -0.09148386739636183
949 3470 -0.13025951051787132
949 3486 -0.4837256028709123
949 3501 -0.1876797119302357
949 3516 -0.4401154850516759
949 3531 -0.12939081837332433
949 3545 0.6406729130308507
949 3560 0.15982547497449473
949 3575 0.49192706057129965
949 3590 0.73123806208964
950 3785 -0.9078999629840215
950 3800 0.3958473016787337
950 3635 -0.554836794043033
950 3650 0.6009941800498215
950 3666 -0.3017574340487926
950 3681 -0.4889262519882924
950 3696 -0.30231309334485307
950 3711 -0.4495111292437381
950 3725 0.4297465352259754
950 3740 0.04107935588783426
950 3755 -0.6466358602220076
950 3770 -0.07747442500291742
963 964 0.38462492956128747
963 978 -0.27126188933356904
963 3425 -0.20727387344291567
963 3440 -0.4761484566029933
963 3455 -0.7130963670405945
963 3470 0.2361971679156588
963 3486 -0.721617659273213
963 3501 -0.0012143548209162113
963 3516 0.03995556167296313
963 3531 -1.0
963 3545 -0.3627616228023881
963 3560 0.33673027237682307
963 3395 -0.24559229079618838
963 3410 -0.7280214183636647
964 965 -0.20282447789828054
964 979 -0.18209319499504878
964 3605 -0.4951165358085414
964 3620 0.3820885258391564
964 3635 0.4504302170099398
964 3650 0.29714099524058907
964 3666 -0.08258867339537213
964 3681 -0.6175528469832309
964 3696 0.12759612744970436
964 3711 -0.2383534882539856
964 3725 -0.04058159775772569
964 3740 -0.29731217992764924
964 3575 0.6719282894301567
964 3590 0.15593238860883718
965 980 0.060882198984920664
965 3785 -0.1478347724966073
965 3800 -0.49923182931918836
965 3815 -0.15829845013038124
965 3830 0.3798516738042846
965 3846 0.5409372180319145
965 3861 1.0
965 3876 -0.3071267896969058
965 3891 -0.7805618294364864
965 3755 0.30484409286015146
965 3770 -0.000369283759018479
978 979 -0.25527651355249953
978 3425 0.5521033005427655
978 3440 0.30119953255522686
978 3455 0.8361123573683817
978 3470 -0.5607723020334687
978 3486 -0.9380909151823296
978 3501 0.3038391707350339
978 3516 -0.46493061591554163
978 3531 0.14197566899858985
978 3545 -0.8127032783098891
978 3560 0.15822313503222835
978 3395 -0.14142050702839723
978 3410 0.8535497367415371
979 980 -0.2421637843239053
979 3605 0.1974019651527095
979 3620 0.056186293284054584
979 3635 0.06666982943155546
979 3650 0.19964256924668589
979 3666 -0.24235981303246332
979 3681 0.3861078107672905
979 3696 0.370333999933563
979 3711 -0.580745819430913
979 3725 -0.38760210232098297
979 3740 0.04281660453724756
979 3575 0.16548472988767104
979 3590 -0.06804879264984588
980 3785 0.8211697688427718
980 3800 -0.5896192732153435
980 3815 -0.4495565740533414
980 3830 -0.39708456880445425
980 3846 -0.10925222844742905
980 3861 -1.0
980 3876 -0.10368601223532194
980 3891 -0.6977364803772461
980 3755 -0.5379915666930685
980 3770 0.7427150909866255
993 994 0.989035281816312
993 1008 0.36124139738230343
993 3426 -0.08904214468059407
993 3441 -0.27041909806190667
993 3456 0.16563368508062087
993 3471 0.2997853055795981
993 3486 0.6860619089661308
993 3501 -0.16751538237979968
993 3516 -0.31902094914266726
993 3531 0.3035679912363136
993 3545 -0.41796651459096346
993 3560 -0.27219975871180246
993 3395 0.15937035918328615
993 3410 0.8323207082647454
994 995 -0.2709631211116314
994 1009 -0.06812325010622237
994 3606 -0.27978676629177573
994 3621 0.6093361414438416
994 3636 -0.20570605207600892
994 3651 -0.1780454800595223
994 3666 -0.34517399891548745
994 3681 0.5225199820403892
994 3696 0.4007964861973959
994 3711 0.16515206661804022
994 3725 -0.5677434354865607
994 3740 -0.15620667977761424
994 3575 0.7415108905918139
994 3590 0.5926050506805361
995 1010 -0.28048883250800527
995 3786 0.69449462258951
995 3801 -0.6678420977895694
995 3816 0.8873525774028205
995 3831 0.4614416873959172
995 3846 0.164581887158334
995 3861 -0.05590703001907008
995 3876 -0.5143791201543162
995 3891 -0.6035421426386558
995 3755 -0.6564158630257347
995 3770 0.4311673701625768
1008 1009 -0.3206614202310651
1008 3426 -0.05217295863398589
1008 3441 -0.253460302460281
1008 3456 0.4111888391503413
1008 3471 0.13044767066909863
1008 3486 -0.2741503865522853
1008 3501 -0.15013880107383676
1008 3516 -0.04724926764089695
1008 3531 -0.15969028306981425
1008 3545 0.22543154342429153
1008 3560 -0.20082471536362248
1008 3395 -0.47249784083925817
1008 3410 -0.23464645766799408
1009 1010 -0.4262252733226172
1009 3606 -0.17696357598525517
1009 3621 -0.048880108628166004
1009 3636 0.5754401436090723
1009 3651 -0.3261037358783057
1009 3666 -0.6412372145132499
1009 3681 -0.938046268827621
1009 3696 0.23998225949374397
1009 3711 0.3341889769487071
1009 3725 0.38386234329072805
1009 3740 0.18625379048810556
1009 3575 -0.6142048086129034
1009 3590 -0.10935437019878418
1010 3786 -0.12386672146056761
1010 3801 0.41794415350765907
1010 3816 -0.07025810828079207
1010 3831 -0.2648582156191811
1010 3846 -0.9308785028880167
1010 3861 -0.489620359932603
1010 3876 -0.5502266387952893
1010 3891 0.7078064472289025
1010 3755 -0.11445929332796931
1010 3770 0.4307856307381964
1023 1024 0.01802577833518595
1023 1038 -0.46566348103119104
1023 3426 -0.2353610862846586
1023 3441 0.5611334698887646
1023 3456 -0.16428827208565233
1023 3471 0.42407009133577267
1023 3486 0.039447288557821494
1023 3501 0.13429986117091403
1023 3365 -0.4541959467343564
1023 3380 -0.08870082374102396
1023 3395 0.17364909583638444
1023 3410 0.3510420087821396
1024 1025 -0.08535329537891695
1024 1039 0.019004477633830008
1024 3606 -0.09582543173543392
1024 3621 0.25101033056631833
1024 3636 -0.4177503304611454
1024 3651 -0.3421212761834229
1024 3666 -0.24183337804483723
1024 3681 0.529194825857368
1024 3516 -0.4714962144467952
1024 3531 -0.485195968044268
1024 3545 -0.19207721173987632
1024 3560 0.5074471290922468
1024 3575 -0.15969822246923648
1024 3590 -0.09930829155252438
1025 1040 -0.39856402198411117
1025 3786 0.35510589057130293
1025 3801 -0.02267504262569678
1025 3816 0.5105359666513182
1025 3831 -0.0900814524086281
1025 3846 0.6448553198413225
1025 3861 0.7643014720485239
1025 3696 0.49029384879021964
1025 3711 -1.0
1025 3725 0.5787744541029023
1025 3740 0.4629317748869665
1025 3755 -1.0
1025 3770 -0.22491806195823003
1038 1039 -0.24234885630013991
1038 3426 0.012244084679794438
1038 3441 0.27800508853763173
1038 3456 1.0
1038 3471 0.8802789982859497
1038 3486 0.2237144200164316
1038 3501 -0.280663275846978
1038 3365 -0.08408516727400632
1038 3380 -0.007705251265561427
1038 3395 -0.4597765523625816
1038 3410 -0.39042016384806766
1039 1040 0.09079851731877644
1039 3606 0.2005254580168139
1039 3621 0.21576321789267133
1039 3636 -0.22581828091773243
1039 3651 -0.23578801984876258
1039 3666 -0.24968031361853738
1039 3681 0.0641054116043077
1039 3516 -0.3219023595877758
1039 3531 0.7116560868751853
1039 3545 0.5024923718900631
1039 3560 0.34014635703322377
1039 3575 0.30468849818216615
1039 3590 0.9503627731667939
1040 3786 0.070913257892031
1040 3801 1.0
1040 3816 -0.13149956907622584
1040 3831 0.26447146909832886
1040 3846 0.31965460193791745
1040 3861 -0.03345635325283455
1040 3696 0.3468908590597669
1040 3711 0.5185995160581527
1040 3725 -0.6792508945042591
1040 3740 0.9412403773209611
1040 3755 -0.512305106328071
1040 3770 -0.1747783972192907
1053 1054 -0.5820134397688692
1053 1068 0.5187175148177038
1053 3426 -0.09273047484383305
1053 3441 -1.0
1053 3456 -1.0
1053 3471 -0.820886998593614
1053 3486 -0.16406217966513917
1053 3501 0.4338625964729907
1053 3366 -0.09134676074081735
1053 3381 -0.04177285702354707
1053 3396 -0.516667145353731
1053 3411 0.57562833286068
1054 1055 0.3105357880613958
1054 1069 -0.5567338400664881
1054 3606 0.7922387469435239
1054 3621 -0.4827684633101009
1054 3636 -0.5451810636496831
1054 3651 -0.6582700290473681
1054 3666 -0.477544319142917
1054 3681 -0.6707401737552188
1054 3516 -0.984081902349751
1054 3531 0.8008849951777164
1054 3546 0.4811747205652443
1054 3561 -0.5626709192728235
1054 3576 -0.6659744768054064
1054 3591 0.5518080755161744
1055 1070 0.5666110313454981
1055 3786 -0.5710866833183641
1055 3801 0.4374169421102921
1055 3816 -0.055234628836343364
1055 3831 0.9701150985527585
1055 3846 -0.7422716987402537
1055 3861 0.6084357851048625
1055 3696 -0.6082121357513113
1055 3711 -0.07723029283725164
1055 3726 -0.1982171157464667
1055 3741 -0.3379891032381038
1055 3756 -0.1540043113755026
1055 3771 0.14927826115723378
1068 1069 0.8462089043097223
1068 3426 0.025379872867838018
1068 3441 -0.059277847919659725
1068 3456 -0.03514155578007239
1068 3471 -0.5347776834795168
1068 3486 0.007535775419545071
1068 3501 -0.1592761018585403
1068 3366 -0.3718808303459251
1068 3381 0.11003276507203816
1068 3396 -0.02218209851975474
1068 3411 -0.2718853137295053
1069 1070 0.021049228923010397
1069 3606 -0.7867152113929904
1069 3621 0.31490224729064054
1069 3636 -0.30825975460684524
1069 3651 1.0
1069 3666 -0.20378119621724863
1069 3681 0.3855089144868961
1069 3516 0.521589108803755
1069 3531 -0.9286880557476007
1069 3546 0.30871102403562645
1069 3561 -0.17760782711234366
1069 3576 -0.9555079651100763
1069 3591 0.477291984133863
1070 3786 0.43131342540074014
1070 3801 0.2874224200065846
1070 3816 -0.1152290854470386
1070 3831 0.6633173754488564
1070 3846 -0.16774356348076466
1070 3861 1.0
1070 3696 0.45789158596747503
1070 3711 0.661488182401304
1070 3726 -0.9742669611785498
1070 3741 -0.45807794164201254
1070 3756 -0.2760393121571483
1070 3771 0.48868512205259296
1083 1084 -0.3959301311362826
1083 1098 0.9323141606847987
1083 3426 -0.22823132749285036
1083 3441 0.3753143808437732
1083 3366 0.017245733240409733
1083 3381 0.6282304721650968
1083 3396 -0.2230580710142591
1083 3411 0.3604253005721399
1084 1085 0.09921507184447374
1084 1099 -0.4625186542451205
1084 3606 0.26939007654544483
1084 3621 0.1583616768569344
1084 3456 -0.024262266295994053
1084 3471 -0.7898848107773637
1084 3486 -1.0
1084 3501 0.28277735572622836
1084 3516 0.7067294400652733
1084 3531 -0.4406972181622114
1084 3546 0.748645963730183
1084 3561 0.22948713420841962
1084 3576 0.7170874012086395
1084 3591 -0.24704847281043693
1085 1100 0.10753643994223368
1085 3786 0.005671057348529539
1085 3801 -0.46246057834573506
1085 3636 -0.42204436653772953
1085 3651 0.09916537200108415
1085 3666 0.07030339455573131
1085 3681 0.46324106168549367
1085 3696 -0.00599084588349317
1085 3711 -0.3668540409086327
1085 3726 -0.18639885044156992
1085 3741 0.13629460169206253
1085 3756 0.5108729104782004
1085 3771 0.08304305629069979
1098 1099 0.2615754559564283
1098 3426 -0.3828521810307059
1098 3441 0.6856618104875943
1098 3366 0.3305424131060139
1098 3381 0.3226580381691413
1098 3396 1.0
1098 3411 -0.014413642094390099
1099 1100 0.4270527501153417
1099 3606 1.0
1099 3621 0.4492726626384728
1099 3456 0.1083308204993249
1099 3471 0.9327220809221258
1099 3486 -0.16422425968359206
1099 3501 0.35566859665447104
1099 3516 -1.0
1099 3531 -0.4382187623739656
1099 3546 -0.5151319127502083
1099 3561 0.17059808484751632
1099 3576 -0.5471218051320546
1099 3591 -0.99616304603992
1100 3786 -0.48953319607988993
1100 3801 0.30126298031893195
1100 3636 -0.07145079503305497
1100 3651 0.14900963177582843
1100 3666 -0.12175482954890543
1100 3681 0.21073436282908875
1100 3696 0.36681557339249016
1100 3711 -0.21438606770253568
1100 3726 -0.2213262989436258
1100 3741 0.6392713057745786
1100 3756 0.0449911924413908
1100 3771 0.2331874379107458
1113 1114 -0.5577256340576445
1113 1128 0.19619126095787964
1113 3426 -0.23159813526382803
1113 3441 -1.0
1113 3366 0.8835434475569067
1113 3381 -0.25802483232222767
1113 3396 -0.33753226972110306
1113 3411 0.18294773847255366
1114 1115 -0.30297916748567805
1114 1129 0.2190606996936378
1114 3606 0.4473669005911259
1114 3621 -0.20289167774224476
1114 3456 -0.647009361086342
1114 3471 0.5016866083505463
1114 3546 0.5473805560043212
1114 3561 0.8811949547278086
1114 3576 0.7623886907501769
1114 3591 -0.1372224687256449
1115 1130 0.16957905309419238
1115 3786 0.14778279378935555
1115 3801 0.2895896275137739
1115 3636 0.016501212155630825
1115 3651 0.11144102266755952
1115 3726 0.5245737227778315
1115 3741 -0.15402067729603328
1115 3756 -0.4684816285897644
1115 3771 -0.07804632541399106
1128 1129 -0.46139530161602516
1128 3426 0.1658656741572002
1128 3441 0.4154632916679588
1128 3366 -0.5573528299694542
1128 3381 0.6456680871352771
1128 3396 0.7273609743331012
1128 3411 0.234862996788484
1129 1130 0.31919909582792005
1129 3606 -0.3450999997784461
1129 3621 -0.5140438202401455
1129 3456 -0.22698113628799538
1129 3471 0.4747944353960402
1129 3546 0.34746089791756607
1129 3561 0.618439705086833
1129 3576 0.7060303801627181
1129 3591 -0.502249218852033
1130 3786 -0.1013707071627076
1130 3801 0.7158541254064422
1130 3636 0.16931854184876458
1130 3651 -0.3528773332040702
1130 3726 -0.8861130795480965
1130 3741 0.15062032180908314
1130 3756 -0.0016647662528251556
1130 3771 0.11306997757466095
3364 3365 -0.9440451782415735
3364 3379 -0.012248526709462363
3365 3366 0.15762334967162814
3365 3380 0.11766764717985843
3366 3381 0.49968957128556246
3379 3380 0.8911666643618891
3380 3381 -0.6654844566706332
3394 3395 -0.08913405668977749
3394 3409 -0.18350433920931356
3395 3396 -0.20094348608289067
3395 3410 -0.3042059216663176
3396 3411 0.22870210192984952
3409 3410 0.10721034387089823
3410 3411 -0.06784587231097754
3424 3425 -0.06292181865900036
3424 3439 0.3774113506719186
3425 3426 -0.4426684570825415
3425 3440 1.0
3426 3441 0.11005461967624551
3439 3440 -0.8592279476452421
3440 3441 -0.9558977694122247
3454 3455 0.19699710377956822
3454 3469 0.17753736921610536
3455 3456 -0.2547874926386063
3455 3470 0.3553696495410159
3456 3471 0.20418007737279648
3469 3470 -0.12905610576943716
3470 3471 -0.3677882020008321
3484 3485 -0.5741925396878927
3484 3499 -0.3502007882897485
3485 3486 -0.23011015094196643
3485 3500 0.3821993656410391
3486 3501 -1.0
3499 3500 0.5470779606239949
3500 3501 -0.25515685483262357
3514 3515 -0.12206955230682617
3514 3529 0.17115611500306951
3515 3516 -0.826690151802087
3515 3530 -0.5985017480022629
3516 3531 -0.7212325495436526
3529 3530 0.29685157574924165
3530 3531 0.11046378063547962
3544 3545 0.26109811194557736
3544 3559 -0.4967904343776478
3545 3546 -0.42613717034369714
3545 3560 0.4910400095764303
3546 3561 0.18066967679567172
3559 3560 -1.0
3560 3561 0.2601678144603683
3574 3575 1.0
3574 3589 0.41701365659243794
3575 3576 -0.37014632076757387
3575 3590 -0.3528786018143594
3576 3591 0.405538347585131
3589 3590 -0.2359095569305336
3590 3591 0.05422147660951663
3604 3605 -0.8087039004791736
3604 3619 -0.4649027941292391
3605 3606 0.8685189750463028
3605 3620 0.38489805654319464
3606 3621 0.12897791332135553
3619 3620 -0.10824772096110416
3620 3621 0.33524988813802115
3634 3635 -0.8531662518925285
3634 3649 -0.16171537377570303
3635 3636 0.18628891411227744
3635 3650 -0.0984891256767705
3636 3651 0.018073373274907205
3649 3650 -0.7594038397918321
3650 3651 0.387632029335804
3664 3665 0.3878088935313439
3664 3679 -0.2476834394518648
3665 3666 0.45014814620431826
3665 3680 -0.8595828718147016
3666 3681 0.0239704177173492
3679 3680 0.33545505709597123
3680 3681 0.29481767880583987
3694 3695 0.1220450914004624
3694 3709 -0.178609591612949
3695 3696 -0.008283549821739527
3695 3710 -0.05764248694204306
3696 3711 0.24484846093692747
3709 3710 0.2677478095481636
3710 3711 -0.04705090326831338
3724 3725 -0.016324003461592403
3724 3739 -0.414753136727303
3725 3726 -0.8961743514176952
3725 3740 -0.603971216567803
3726 3741 -0.11277316822995993
3739 3740 -0.5260310565015529
3740 3741 -0.4167973724566481
3754 3755 -0.3146779762217737
3754 3769 -0.315945476366333
3755 3756 0.2784308624633383
3755 3770 -0.5179740553865428
3756 3771 -0.10211494468512058
3769 3770 -0.8183374108051775
3770 3771 0.24378281086392015
3784 3785 0.29660289056351
3784 3799 -0.5963218203289061
3785 3786 0.1109637986546302
3785 3800 -0.3287371578074991
3786 3801 0.11583162901238606
3799 3800 -0.024865159100146073
3800 3801 0.11670138436333456
3814 3815 -0.46527928358450515
3814 3829 -0.4247716440638928
3815 3816 0.38887943866281643
3815 3830 -0.17835051374730987
3816 3831 -0.3447268843509535
3829 3830 0.09161246075484439
3830 3831 0.14954445457287294
3844 3845 -0.6514949180920233
3844 3859 -0.06451363762090215
3845 3846 1.0
3845 3860 -0.025354134811649
3846 3861 0.6062699436814027
3859 3860 -0.2036569653551307
3860 3861 -0.2250287211989149
3874 3875 -0.5096771962884168
3874 3889 -0.01005291614693711
3875 3876 -0.48437407921303904
3875 3890 -0.21927211323182885
3876 3891 -0.48235483922276434
3889 3890 0.19590153155539483
3890 3891 0.03064055888241508
