# 
603 603 -0.685104186539132
604 604 0.2293693566430475
605 605 -0.15451190278533272
618 618 -1.3474296009596494
619 619 -0.3686173505935642
620 620 0.2513035492307915
633 633 -1.0690938023488668
634 634 -0.4215051996592219
635 635 0.5033790933903665
648 648 0.8952969254043569
649 649 1.9257516703060986
650 650 0.5126808064165088
663 663 1.0389679503547207
664 664 -1.9324888581627184
665 665 -1.3469652619299797
678 678 -0.938137029736213
679 679 -0.8220779757178877
680 680 1.1227962459428658
693 693 0.30361695413274525
694 694 0.24172250238016443
695 695 0.3358137713441552
708 708 0.6726937038133831
709 709 -1.1226984620174485
710 710 -0.5435480880470392
723 723 -0.100607938742333
724 724 0.29095254745750954
725 725 0.4096430287016191
738 738 2.2676344031707494
739 739 -0.07021735635014381
740 740 -0.9536017363908822
753 753 0.2933870971311128
754 754 -0.0986010302188311
755 755 0.35461872200973665
768 768 -0.4460253591054499
769 769 1.3606022425372195
770 770 -0.3028482325037164
783 783 -0.40466800656608387
784 784 0.16065622811265173
785 785 -2.7596131944231095
798 798 0.08251916468677035
799 799 -2.5114615343647997
800 800 -0.02203090319619228
813 813 1.0042901987774009
814 814 1.50611772813907
815 815 0.5487767806529502
828 828 -0.8549351551074078
829 829 0.5945297778394373
830 830 -0.5164549163073173
843 843 0.11030364024822747
844 844 0.2777608876722299
845 845 -0.61590095526772
858 858 -0.6318520042562474
859 859 0.9529759599902994
860 860 1.007654537873786
873 873 0.9439666578147063
874 874 0.35778711746817504
875 875 0.9310421170588543
888 888 1.2411935189275607
889 889 0.029426928997298454
890 890 -2.0376612215991994
903 903 -0.042511430489548425
904 904 -1.058015578386724
905 905 -1.12064752141987
918 918 1.1836304123506434
919 919 -0.6078424717132801
920 920 -0.396243173874804
933 933 -0.7523770809153446
934 934 0.558129742066429
935 935 0.6205097023135984
948 948 0.5338211711143491
949 949 -1.0537294989926378
950 950 -0.7472260832946666
963 963 0.38042545432261576
964 964 -0.6599002185946113
965 965 -0.2579934536102815
978 978 -0.7861739052006989
979 979 -0.6779029916536146
980 980 0.5822031442802946
993 993 0.5562637942671087
994 994 0.7515372433335528
995 995 -1.3181404435692856
1008 1008 0.3124192223663388
1009 1009 -0.2589979522483317
1010 1010 -2.170425281741916
1023 1023 0.48931894482043026
1024 1024 -0.6508318707679748
1025 1025 0.5936393149538527
1038 1038 0.7016205566188832
1039 1039 0.5185327480382091
1040 1040 0.37197391693029985
1053 1053 -0.3111962920117004
1054 1054 0.20761101690830155
1055 1055 1.595403283123906
1068 1068 0.08950091401393702
1069 1069 0.6990471199855914
1070 1070 -1.2133342206611077
1083 1083 0.7836635543887828
1084 1084 0.15780779634051773
1085 1085 0.521142520701815
1098 1098 -0.3659580298394489
1099 1099 -0.73754242930849
1100 1100 0.0810301546072351
1113 1113 0.49495241116643374
1114 1114 -0.6062029259047735
1115 1115 0.12942148797285466
1128 1128 -0.9256145619347246
1129 1129 -1.1714765154774236
1130 1130 -1.6841698165380925
3364 3364 -1.9527611190382173
3365 3365 -0.440246929062696
3366 3366 -1.2261694019639955
3379 3379 -1.2799437937749643
3380 3380 0.3157995856614389
3381 3381 1.1179857680674339
3394 3394 -0.23874867518342888
3395 3395 0.998087102534708
3396 3396 1.0367064808868653
3409 3409 -0.6315539897848329
3410 3410 -0.9571321379750637
3411 3411 1.5073934638018476
3424 3424 1.026548049193222
3425 3425 -0.5559755481198445
3426 3426 0.7656139732584027
3439 3439 -1.035509701747
3440 3440 -2.113706636512815
3441 3441 1.7807252565688807
3454 3454 0.640174192126739
3455 3455 1.5170862022103213
3456 3456 -0.9488952762871311
3469 3469 -0.7911448409112852
3470 3470 -0.8498807909120416
3471 3471 -0.845606969739261
3484 3484 -1.2741754134113366
3485 3485 0.13717388604635514
3486 3486 -0.19278557427856471
3499 3499 -0.9424588745008385
3500 3500 -1.1091543196276583
3501 3501 -0.9139652337414635
3514 3514 0.3460040373258982
3515 3515 0.8379404661661749
3516 3516 -1.5921352744849422
3529 3529 0.04910462037483566
3530 3530 -0.21637057954043548
3531 3531 0.3668712549019743
3544 3544 -1.172168043982973
3545 3545 -0.6805459739695957
3546 3546 -0.5997901442662651
3559 3559 -0.45177371594146826
3560 3560 -1.1658471222620843
3561 3561 -0.5230802415731812
3574 3574 -0.5102352093923573
3575 3575 0.11836240539657586
3576 3576 0.4337808200959983
3589 3589 -0.2902200348237356
3590 3590 0.7799171649138575
3591 3591 0.284320399659508
3604 3604 0.3028475323916025
3605 3605 0.34194706989802287
3606 3606 1.4004376190615706
3619 3619 1.6548452277231005
3620 3620 -1.5749320906466204
3621 3621 -0.44745153181707753
3634 3634 0.9946998886371523
3635 3635 -0.7566905625308423
3636 3636 1.300697090199223
3649 3649 1.948081777789989
3650 3650 0.634515398665467
3651 3651 -0.3006867933922909
3664 3664 -1.4310041272259517
3665 3665 0.34613528352442957
3666 3666 -0.8285088304228627
3679 3679 -0.4121857490453069
3680 3680 -0.6099741720352305
3681 3681 0.9606856012565406
3694 3694 0.2655758837126104
3695 3695 0.3950954374190816
3696 3696 1.5433011581124936
3709 3709 0.9844366402322235
3710 3710 0.7556644011449299
3711 3711 -0.2002140532103469
3724 3724 0.8729210438390297
3725 3725 -0.04823543681427302
3726 3726 0.1275216373414445
3739 3739 -0.4841620302523275
3740 3740 1.2300340809036925
3741 3741 -0.976902894929689
3754 3754 -0.17277030287289533
3755 3755 1.237894872778338
3756 3756 -0.6297291433044577
3769 3769 -0.18771456473918427
3770 3770 1.0911153303505468
3771 3771 0.4972937863575823
3784 3784 1.2048047762324707
3785 3785 1.430212818060619
3786 3786 -0.25701382430902486
3799 3799 0.0924730980310598
3800 3800 0.5092732465777412
3801 3801 -1.494809101066007
3814 3814 0.23519720063347105
3815 3815 -0.233098221544801
3816 3816 2.155720803721267
3829 3829 0.3309390563485231
3830 3830 1.0105182804306947
3831 3831 0.6385531244858206
3844 3844 0.13509521939443087
3845 3845 1.1525134487163828
3846 3846 -0.4418025412234947
3859 3859 0.35869297046889237
3860 3860 1.7030211269083049
3861 3861 -0.0635617795955725
3874 3874 -0.6999799155230896
3875 3875 0.29885038309947337
3876 3876 0.7795603402542969
3889 3889 -0.3452937924723742
3890 3890 -0.5565363713387607
3891 3891 -1.0882339995625954
603 604 -0.3537914630017445
603 618 -0.3652190418211509
603 3484 0.10004566148358947
603 3499 -0.19828473991087853
603 3514 0.03996661095506023
603 3529 -0.6209709777658065
604 605 0.9076506772611436
604 619 0.08759941395841256
604 3664 0.048868808602244074
604 3679 -0.09765696747290493
604 3694 0.10929204573889177
604 3709 0.42194036440217314
605 620 0.3201667075899314
605 3844 -0.16773376350772295
605 3859 0.6084713245941366
605 3874 -0.6149246441558703
605 3889 -0.5026179712627035
618 619 -0.7148487795017768
618 3484 0.6064550434277394
618 3499 0.4473615749486223
618 3514 0.0646287871536664
618 3529 -0.8799499759679155
619 620 -0.44278533014772986
619 3664 0.06785308074358001
619 3679 0.6923575678533037
619 3694 0.12869464471098074
619 3709 -0.19471828981579542
620 3844 0.7430030420780195
620 3859 0.33642370100682506
620 3874 -0.4922935554127706
620 3889 -1.0
633 634 -0.2345015889066035
633 648 -0.2787158648483556
633 3424 0.7524939523984497
633 3439 -0.4971739140379776
633 3454 0.519642960389045
633 3469 0.4291260910995136
633 3484 -0.10347442853651237
633 3499 0.841501369182181
633 3514 0.24924323072590726
633 3529 -0.5411227950369847
634 635 0.6311125235823162
634 649 1.0
634 3604 -0.5873768549263135
634 3619 1.0
634 3634 0.988085844440218
634 3649 -1.0
634 3664 -0.20368205961484034
634 3679 0.048289775874391774
634 3694 -0.6038514345055048
634 3709 -0.6497986264021813
635 650 -1.0
635 3784 0.37046040626519
635 3799 -0.7632429911231433
635 3814 -0.703612715113513
635 3829 -0.3738037667656746
635 3844 0.7462160641769459
635 3859 0.13322964178686672
635 3874 -0.1260961366880803
635 3889 -0.41770947113588525
648 649 -0.14509226644002918
648 3424 0.41638079210186574
648 3439 0.565600542934281
648 3454 -0.6152900945420987
648 3469 0.38559570902942586
648 3484 0.9843930617549594
648 3499 -0.4345840874504513
648 3514 0.24867942154922465
648 3529 0.7585633262009503
649 650 0.35065678603496936
649 3604 0.7712120768725245
649 3619 -0.47472088957415143
649 3634 -0.15641040396297207
649 3649 0.11874131618500572
649 3664 0.09724066964256872
649 3679 -0.37885791444678923
649 3694 -0.3631501158234955
649 3709 -0.06526799359116169
650 3784 -0.2688330974404804
650 3799 -0.029302739229255338
650 3814 0.8726209089516038
650 3829 -0.9546699332242972
650 3844 0.33156405665009064
650 3859 -0.018955242909188576
650 3874 -0.5010158436416736
650 3889 -0.3025078586083653
663 664 0.22372409494974527
663 678 0.17574944066509662
663 3424 -0.1492431670579415
663 3439 0.032692030432086024
663 3454 -0.1735436125871095
663 3469 -0.4123159796604278
663 3484 -0.6707941188527043
663 3499 -0.5717851279148869
664 665 0.37434424609173905
664 679 0.3679069775116088
664 3604 0.11660471786558882
664 3619 -0.3764704133670923
664 3634 0.079221946981113
664 3649 0.43401967366653604
664 3664 0.6910513363781355
664 3679 -0.8255807593559621
664 3514 1.0
664 3529 -0.014192802103323259
665 680 -0.8745268947396577
665 3784 0.39231015857751256
665 3799 0.9586462440833051
665 3814 0.6794036641462515
665 3829 0.6971204806986111
665 3844 0.1455227061722237
665 3859 -0.3947502283085582
665 3694 -0.42123973282983174
665 3709 -0.007510585570571481
678 679 -0.1284246465806884
678 3424 0.05066369831882714
678 3439 0.4373348570531149
678 3454 -0.2848375277111313
678 3469 -0.4506669859677
678 3484 0.17186178963310778
678 3499 0.14235594080008293
679 680 0.264861341350472
679 3604 -0.4849586902338339
679 3619 0.07889303835285547
679 3634 -0.12192133260752853
679 3649 0.06514146199604474
679 3664 0.2521071913579454
679 3679 -0.09301525488280675
679 3514 -0.567288758968998
679 3529 0.0006820976579240063
680 3784 0.020170823522813266
680 3799 0.17564415546436843
680 3814 0.5238821768828684
680 3829 -0.748786648716651
680 3844 0.27961013044151206
680 3859 0.6789106550475095
680 3694 0.17203433948316935
680 3709 -0.05487270820347751
693 694 -1.0
693 708 -0.13459834017731775
693 3424 0.7421213913820351
693 3439 -0.09474403202920523
693 3454 0.010035065546139423
693 3469 0.09245830439926812
693 3484 0.18442067825481487
693 3499 -0.1457423285227015
693 3364 -0.6797756084318907
693 3379 -0.39330302812009577
693 3394 -0.4856279434173908
693 3409 -0.01737405613046933
694 695 0.3687903081735429
694 709 -0.20225394989722575
694 3604 0.007146205037796544
694 3619 -0.17611833762500617
694 3634 -0.3703349397063908
694 3649 -0.8798074111667716
694 3664 -0.44133895187540967
694 3679 0.7070513429965076
694 3514 -0.10167714498438242
694 3529 -0.24428674234171627
694 3544 -0.4836041683961751
694 3559 -0.9798394139671551
694 3574 0.8997231760546118
694 3589 0.47754071356132105
695 710 0.3933203450864181
695 3784 0.07899091851816513
695 3799 -0.19425489603606066
695 3814 -0.1606036734280565
695 3829 -0.1305244838118655
695 3844 -0.601009162047641
695 3859 0.2977492935455111
695 3694 -0.14454284317398003
695 3709 0.1479937737002028
695 3724 0.4592939072043492
695 3739 0.4886739979084613
695 3754 -0.5001167856831856
695 3769 -0.03005612058776978
708 709 0.14978106774389705
708 3424 0.4570048763303058
708 3439 -0.05510687041510787
708 3454 -0.5634991231634426
708 3469 -0.13150712839971182
708 3484 -0.2358469168485315
708 3499 -0.9822605669637436
708 3364 -0.18895916538949142
708 3379 -0.23624696126040823
708 3394 -0.11792379364585397
708 3409 -0.06773721554213469
709 710 -0.6521669551053144
709 3604 -0.1670651847586399
709 3619 0.26965722410730053
709 3634 -0.2599244063113234
709 3649 -0.36348239148527584
709 3664 -0.38129940098525894
709 3679 -0.5127400546565402
709 3514 -1.0
709 3529 -0.11103535469020118
709 3544 0.28068302400652007
709 3559 0.27010915725837814
709 3574 0.44274139118672295
709 3589 -0.41823655324627224
710 3784 0.15080998088936642
710 3799 0.12639491844083298
710 3814 -0.4176949897238297
710 3829 0.12025233304669093
710 3844 0.3178554170101224
710 3859 -0.5379558903617957
710 3694 0.20890037871275563
710 3709 0.0068362809158118735
710 3724 -0.1362617216282164
710 3739 0.3336410988181529
710 3754 -0.12697428452927606
710 3769 -0.9783824763361306
723 724 -0.3661029375513966
723 738 0.541252202106101
723 3424 -0.33364216648593303
723 3439 0.18914742996221917
723 3364 0.13983640263971728
723 3379 0.12209493735913665
723 3394 0.09914645974226839
723 3409 -0.21672183812400608
724 725 0.48055990741692206
724 739 -0.486850829895136
724 3604 -0.7388316486486282
724 3619 -0.3082501027481479
724 3454 0.0757030917657845
724 3469 -0.269177984638923
724 3484 0.420499570570412
724 3499 -0.8250309314194905
724 3514 0.9947996874622512
724 3529 -0.08745056261551054
724 3544 -0.00446959874765118
724 3559 0.18982738089917145
724 3574 0.14870620034969714
724 3589 0.6140387183123008
725 740 -1.0
725 3784 -0.04979765056882439
725 3799 -0.18485023223654284
725 3634 -0.4425651727765141
725 3649 0.16850873938369992
725 3664 -0.2152340425710357
725 3679 0.8776726823498054
725 3694 -0.10120470431347009
725 3709 -1.0
725 3724 0.03060357383362698
725 3739 0.7378193248979447
725 3754 0.21953845320861798
725 3769 0.5761989183059538
738 739 0.3168919697379277
738 3424 0.007307368699199948
738 3439 0.22846588496553724
738 3364 0.5817431717280708
738 3379 -0.6961155700405105
738 3394 0.802536252316237
738 3409 -0.266186127224069
739 740 0.47320944018367705
739 3604 0.20912724719218018
739 3619 0.11298165565896731
739 3454 -0.11273854536289298
739 3469 0.26341370336738007
739 3484 0.6018896531879195
739 3499 0.13845987359480844
739 3514 -0.46387306524526095
739 3529 0.36820191260532503
739 3544 -0.2169747507140377
739 3559 -0.13165019375743534
739 3574 0.039658750214781796
739 3589 0.2923479851587624
740 3784 -0.03991088039603038
740 3799 -0.022866616394099988
740 3634 -0.15902098764424993
740 3649 0.46954114593990287
740 3664 -0.501938622776532
740 3679 0.43917994333001825
740 3694 0.6667893624565362
740 3709 -0.17239284286227172
740 3724 0.6976223623163059
740 3739 0.2936669254931121
740 3754 0.018840508277269144
740 3769 0.6096631233383655
753 754 0.5535174167762966
753 768 0.20797675567879226
753 3424 0.16312287397106667
753 3439 0.04845445397265823
753 3364 -0.14835827481076697
753 3379 -0.3545975437176912
753 3394 0.1898435862120174
753 3409 -0.12545712210739618
754 755 -0.0357539772285661
754 769 0.39408627281365044
754 3604 0.8132415480969833
754 3619 0.3457383195542611
754 3454 -0.7252794511236124
754 3469 0.04622335488736313
754 3485 0.3126866288812449
754 3500 0.862925988358381
754 3515 0.5604662129946953
754 3530 0.16993820534562817
754 3544 0.821044451118344
754 3559 -0.5855034908079115
754 3574 -0.056884608806310244
754 3589 -0.19553523559435687
755 770 0.36274412207894946
755 3784 -0.653037488270786
755 3799 -0.15850202956118556
755 3634 1.0
755 3649 0.10085852456399626
755 3665 -0.5980047583637675
755 3680 -0.8835584745226397
755 3695 0.3360662563794303
755 3710 -0.21754772375566866
755 3724 -0.37285851950584653
755 3739 0.5958839175321563
755 3754 -0.3686223563289166
755 3769 -0.41127057419217794
768 769 0.30664749391335283
768 3424 0.4476249296195685
768 3439 0.3603913600266617
768 3364 -0.2692329278252092
768 3379 -0.2674393232597055
768 3394 0.6455471170162627
768 3409 -0.2567565017524033
769 770 -0.02012753287102514
769 3604 0.4777067119731489
769 3619 -0.1622858559200133
769 3454 0.2821396637993291
769 3469 0.2470209787691806
769 3485 -0.5927808842012989
769 3500 0.5024521075059653
769 3515 -0.3059502918879372
769 3530 0.9420876665580505
769 3544 0.006479967368381707
769 3559 -0.4990900436626621
769 3574 -0.7902531095109129
769 3589 -0.3572031477841736
770 3784 0.8422564552308697
770 3799 0.5052925919971606
770 3634 -0.7180190606346427
770 3649 0.061995671457321926
770 3665 0.06369045230459078
770 3680 -1.0
770 3695 -0.10637913525097403
770 3710 -0.6387241496522288
770 3724 0.3688788212270746
770 3739 -0.5376696800169436
770 3754 0.06757418358800972
770 3769 -0.2009461288995194
783 784 -0.2857839266353082
783 798 -0.21460906279350628
783 3424 0.2351286858181547
783 3439 -0.9866861196068861
783 3454 0.44206532898406525
783 3469 -0.5394000766809172
783 3485 -0.5001198486574907
783 3500 0.2844339515923683
783 3515 -0.5192423260452017
783 3530 1.0
783 3544 -0.07057427022047624
783 3559 -0.4008608264996414
783 3394 -0.6597582913547494
783 3409 0.08898502278319977
784 785 -0.39021179295469766
784 799 -0.7839100787198298
784 3604 0.3629566337941401
784 3619 0.3399627634918315
784 3634 -0.5807439412408912
784 3649 -0.005475657161315047
784 3665 0.04789004838464063
784 3680 -0.19923747671840564
784 3695 0.055377570000316255
784 3710 0.08335188336322602
784 3724 0.04059554380627343
784 3739 0.017369903887579273
784 3574 0.6073391111085712
784 3589 0.2511690375278468
785 800 -0.024655606072432494
785 3784 0.5156103446023776
785 3799 0.15067609808522137
785 3814 0.30235987000862696
785 3829 -0.15711591572236364
785 3845 0.11349401030132183
785 3860 -1.0
785 3875 -0.1232807758249904
785 3890 0.8211650774024091
785 3754 -0.11787708388527986
785 3769 -0.38394949040924475
798 799 -0.03587189925143972
798 3424 0.2797945699904117
798 3439 0.16053627904590118
798 3454 -0.2955422575334102
798 3469 0.7693792177048664
798 3485 -0.7473086365852379
798 3500 -0.08845293123051112
798 3515 -0.8727618450004192
798 3530 0.5699407501007857
798 3544 -0.3095938857778041
798 3559 0.07296615952878428
798 3394 0.4153782264186875
798 3409 -0.2741877296680702
799 800 -0.26555708387019955
799 3604 0.6174762717727764
799 3619 0.5075739318216561
799 3634 -0.34633771219220705
799 3649 1.0
799 3665 0.026755995728119562
799 3680 -0.8516313032245699
799 3695 0.5518155310367489
799 3710 0.12305580155798608
799 3724 0.05868290387343563
799 3739 -0.3624848598968018
799 3574 -0.3973936991519458
799 3589 0.0423930448292932
800 3784 0.5915931393030079
800 3799 0.4850209384931787
800 3814 -0.27033543988675424
800 3829 0.3419701535147672
800 3845 0.28351241816237155
800 3860 -0.3566210589385515
800 3875 0.6828614045765129
800 3890 0.0926417666009793
800 3754 0.4495056691177225
800 3769 -0.2769019387115832
813 814 -0.9832900871959742
813 828 0.14039343221710077
813 3425 -0.4411201030729207
813 3440 0.8836792070783751
813 3455 0.9279630314237999
813 3470 1.0
813 3485 -0.04990442049277921
813 3500 0.9653799959058865
813 3515 0.5791564823723313
813 3530 -0.14653499620008972
813 3544 -0.20463897061909564
813 3559 -0.26758709276525805
813 3394 0.8814448874628015
813 3409 -0.13182296021605805
814 815 0.3551497988692621
814 829 0.8245035451588355
814 3605 0.435555443300664
814 3620 -0.01195705948935571
814 3635 -0.22283938519318966
814 3650 -1.0
814 3665 0.04680778658650896
814 3680 -0.13083617458645694
814 3695 -0.23415085729994356
814 3710 0.2191963136376332
814 3724 -0.10342353776313694
814 3739 -0.5879788206057154
814 3574 0.11314646741442798
814 3589 -0.23791409842732827
815 830 -0.8013208991021001
815 3785 -0.2365291227259048
815 3800 -0.29834172233591716
815 3815 0.2945718392838857
815 3830 0.6352272762393613
815 3845 -0.10676861274669086
815 3860 1.0
815 3875 -0.0849422909647422
815 3890 -0.7177378626088908
815 3754 0.3794140732941229
815 3769 -0.04221411314268668
828 829 0.09884861980187304
828 3425 -0.0017292590031123926
828 3440 0.6979045587514257
828 3455 -0.6357782793595045
828 3470 -0.49343699419211373
828 3485 -0.46428417370513764
828 3500 0.18227612354049544
828 3515 0.0820103456655695
828 3530 0.10602521986179099
828 3544 -0.24483106467448362
828 3559 0.4124419609067174
828 3394 0.5533456152024927
828 3409 -0.34290493970265273
829 830 0.30553242569468486
829 3605 0.10487215728298314
829 3620 -1.0
829 3635 0.04254075026282076
829 3650 0.10336918059832628
829 3665 0.17175701563663523
829 3680 0.3270304788653598
829 3695 -0.4170024327074309
829 3710 0.45467391647184724
829 3724 -0.23295062022893992
829 3739 -0.3180966973293278
829 3574 0.15926934635949888
829 3589 -0.6600617321569634
830 3785 -0.1915074648260135
830 3800 -0.2723578737880996
830 3815 0.558132245830203
830 3830 0.46262882657173365
830 3845 0.22365228443946925
830 3860 -0.5699150335650814
830 3875 -1.0
830 3890 0.2648259218043296
830 3754 -0.7465732339755909
830 3769 -0.3064290574886064
843 844 0.7530392536464953
843 858 -0.008139801689587504
843 3425 0.239847969147029
843 3440 0.49987029686671447
843 3455 0.39546613940527714
843 3470 0.42704969583482
843 3485 -0.5377987821431379
843 3500 -0.501209025293395
843 3364 0.5546989166938053
843 3379 0.20516394450264508
843 3394 0.09564951533596254
843 3409 -0.4574087003282549
844 845 -0.6784723378282708
844 859 0.44694890644122426
844 3605 0.5127863317211773
844 3620 -0.5431638071568397
844 3635 0.031097842007705576
844 3650 -0.5048051654596303
844 3665 0.09036353735183007
844 3680 0.30658108811502055
844 3515 -0.10360785505559389
844 3530 0.28426438606989296
844 3544 0.5296232668514994
844 3559 0.23468779662614933
844 3574 -0.5161702459985307
844 3589 0.730574614127211
845 860 -0.010473798455331536
845 3785 -0.13976143390496434
845 3800 0.44811716294142007
845 3815 0.05760616646654474
845 3830 -0.5629469389088742
845 3845 -0.04193476730805637
845 3860 0.5029390476413242
845 3695 -0.34246511679541386
845 3710 -0.21841075610617808
845 3724 0.4253033207703278
845 3739 -0.32378463611341146
845 3754 -0.4423393171684101
845 3769 -0.663009574090002
858 859 0.3354398446538093
858 3425 -0.874784531363882
858 3440 0.16357609054963038
858 3455 0.12980081408734095
858 3470 0.5958765278315141
858 3485 -0.13799222645965634
858 3500 0.24086054323532846
858 3364 -0.4435667352635141
858 3379 -0.08835553758949664
858 3394 0.6447152271475759
858 3409 0.6173268060450724
859 860 0.31335051761311483
859 3605 -0.14109850634899324
859 3620 -1.0
859 3635 -0.8922180526332046
859 3650 -0.016268044581519016
859 3665 -0.224256286637602
859 3680 0.4207648175806637
859 3515 0.0007937216862092533
859 3530 -0.42713234645994524
859 3544 0.5286458963705062
859 3559 -0.19487968918375329
859 3574 0.011412870232662594
859 3589 0.858317700666313
860 3785 -1.0
860 3800 0.258045897979948
860 3815 0.7728243495625579
860 3830 0.18000937714013324
860 3845 -0.18534608541757605
860 3860 -0.623404182031821
860 3695 0.03690596057089093
860 3710 -0.5568465857052729
860 3724 0.6237478514120088
860 3739 -0.46262787171537395
860 3754 0.26438253015013335
860 3769 0.0019580477821420014
873 874 -0.139274618254298
873 888 -0.014270772958517081
873 3425 -0.5236811641282195
873 3440 -0.39450101290112677
873 3455 0.4209570111269529
873 3470 0.1897736433189889
873 3485 -0.6835962571431758
873 3500 0.20180018390749488
873 3365 -0.5290405176465135
873 3380 -0.04872688327100623
873 3395 -0.4695001439312471
873 3410 0.6198269286452069
874 875 -0.636560488400174
874 889 0.996946472926653
874 3605 0.2576067732681964
874 3620 -0.27210647451706443
874 3635 0.49240357489310216
874 3650 0.5048026025925215
874 3665 0.3221721911316974
874 3680 -0.32110195974960615
874 3515 1.0
874 3530 0.6913534251685283
874 3545 0.23302985319309172
874 3560 -0.5361078584886848
874 3575 -1.0
874 3590 0.08407449069959097
875 890 0.5189781140828867
875 3785 -0.3024696042293043
875 3800 -0.9648245313223793
875 3815 0.5491049424700989
875 3830 0.23956123864929296
875 3845 -0.169728757938366
875 3860 0.16914060917481444
875 3695 0.10667822234107546
875 3710 1.0
875 3725 0.41787568337660685
875 3740 0.3327763714505385
875 3755 -0.5879412113909501
875 3770 -1.0
888 889 -0.5940700542203114
888 3425 -0.09047060262734523
888 3440 -0.6130940695661748
888 3455 0.21502490605341765
888 3470 -1.0
888 3485 -0.05862750871165757
888 3500 -0.04978410433203923
888 3365 0.11106066248727633
888 3380 0.5004933792558192
888 3395 -0.4143685784824834
888 3410 -0.8301881689163325
889 890 0.5388487312390777
889 3605 0.772727563034604
889 3620 0.4782570733408568
889 3635 -0.16183275893277596
889 3650 0.09607211315958007
889 3665 0.0572258499351217
889 3680 0.5629266570844812
889 3515 0.49675580189379054
889 3530 0.13209985171061833
889 3545 -0.9701972855740242
889 3560 -0.013316323790476205
889 3575 -0.19432849155020732
889 3590 -0.1592741916249555
890 3785 -0.22544388557913156
890 3800 -0.10450434853954262
890 3815 0.2211575289757171
890 3830 0.8659527282644085
890 3845 0.051053363605926536
890 3860 -0.26379277049456584
890 3695 0.27951256896272925
890 3710 -0.5680657876852767
890 3725 0.19221690817838577
890 3740 0.5013423081333293
890 3755 0.8343413182319189
890 3770 0.6267165999584113
903 904 0.6784151782615331
903 918 0.38978490021004364
903 3425 -0.2967634253779911
903 3440 -0.4561478653313745
903 3365 -0.13859316232097374
903 3380 0.0058534031918005
903 3395 0.8860987917226106
903 3410 -0.8419315163990602
904 905 -0.18629720404489772
904 919 -0.2940130630347888
904 3605 -0.6369340612295143
904 3620 0.31558669035544346
904 3455 0.43039029474022283
904 3470 -0.5827598337562148
904 3485 -0.03654607750276937
904 3500 -0.5574423596934577
904 3515 -0.426324851936941
904 3530 -0.42344646184855345
904 3545 -0.22102881610756736
904 3560 0.04472682842162949
904 3575 -0.3088516408679189
904 3590 0.23578559816734937
905 920 0.35755973559927484
905 3785 0.6838298691483614
905 3800 0.31150561081278433
905 3635 -1.0
905 3650 0.1145459518452306
905 3665 0.9501814476898474
905 3680 -0.5689938131273283
905 3695 -0.23918145068159435
905 3710 -0.6538846521167326
905 3725 -0.3215756246756238
905 3740 0.09969092312955016
905 3755 0.08810363765452313
905 3770 -0.2769137022186037
918 919 1.0
918 3425 -0.3243916898894992
918 3440 0.2506063579219355
918 3365 -0.09614966205029733
918 3380 -0.7672645170709358
918 3395 -0.7302699162500991
918 3410 -0.2207595346062202
919 920 -0.35627391411012443
919 3605 -0.041613787088942394
919 3620 -0.050158439908037124
919 3455 0.0508366669343754
919 3470 1.0
919 3485 1.0
919 3500 -0.21018524930972526
919 3515 -0.18945832024770035
919 3530 0.3854549139167176
919 3545 -0.6230006045017008
919 3560 -0.024452649629670635
919 3575 -0.08442432797048
919 3590 -1.0
920 3785 -0.6320982258684344
920 3800 -0.33620398015768355
920 3635 -0.3228472996239583
920 3650 0.49498249322052684
920 3665 -0.05325586092569197
920 3680 -0.3619616649328407
920 3695 0.22929505896988972
920 3710 0.6301676104159148
920 3725 0.06288405928885535
920 3740 -0.6733021650127317
920 3755 0.6075958252691515
920 3770 0.3958929136747774
933 934 -0.9436586275591987
933 948 0.2386521752793015
933 3425 0.5547164088938914
933 3440 0.624892247751446
933 3365 0.12512816908504093
933 3380 -0.008329082334974742
933 3395 0.6723266057957382
933 3410 0.717403366014235
934 935 -0.28782599637754086
934 949 -0.12487463689480757
934 3605 -0.1744572109331255
934 3620 0.0012609059911705578
934 3455 0.2708129344535278
934 3470 0.40034297333106633
934 3486 0.08283943501784623
934 3501 0.7540262523872651
934 3516 0.5040744714336732
934 3531 0.7472716083052882
934 3545 -0.0007293892390589707
934 3560 -0.13177374497727154
934 3575 -0.12471964539161248
934 3590 0.5392859842956602
935 950 -0.0880676413786153
935 3785 -0.806696440049194
935 3800 -0.0855616704657009
935 3635 -0.25058688241935895
935 3650 -0.19747679784077937
935 3666 0.6544762101555307
935 3681 0.4033554609710798
935 3696 -0.7161942063824467
935 3711 -0.04337304017051955
935 3725 1.0
935 3740 -0.25918732024248575
935 3755 0.1363152753663896
935 3770 -0.08747934060620866
948 949 0.2905732173553589
948 3425 0.06850546020135656
948 3440 -0.4263992383425404
948 3365 -0.28595632725825987
948 3380 0.16183708738938996
948 3395 0.4702729384024461
948 3410 0.1889728017092761
949 950 0.9301780393502285
949 3605 1.0
949 3620 0.4964392797173764
949 3455 -0.15684130294727905
949 3470 -0.0491406614573367
949 3486 1.0
949 3501 0.17085152126712003
949 3516 0.25795004231310553
949 3531 -0.37542222247950674
949 3545 -0.8678745012774218
949 3560 0.17227901592629155
949 3575 -0.7444003347850967
949 3590 0.12052965841668667
950 3785 0.3348585311801151
950 3800 -0.12052401707133924
950 3635 0.41005773003719415
950 3650 -0.03913873302587626
950 3666 -0.027288565202558412
950 3681 0.14979579721327477
950 3696 0.6280963071997837
950 3711 -0.32915503658314227
950 3725 -0.648254449803006
950 3740 -0.015980138134617697
950 3755 -0.3365292025455115
950 3770 -0.5121899517486802
963 964 -0.6257062315566077
963 978 1.0
963 3425 -0.4021298156518269
963 3440 0.10459307331394886
963 3455 -0.4443159895677138
963 3470 -0.30748241993783304
963 3486 -0.2962274619912741
963 3501 -0.32600746600303415
963 3516 -0.4096032837267991
963 3531 0.4850906154359187
963 3545 -0.604916157186791
963 3560 0.578126369140445
963 3395 0.10970846637351643
963 3410 -0.5959890477390946
964 965 0.906657634968584
964 979 -1.0
964 3605 -1.0
964 3620 0.44629304106077106
964 3635 -0.45470327278644573
964 3650 -0.664168156192419
964 3666 -0.8724230070942174
964 3681 -0.3337915445740148
964 3696 -0.32812047772654956
964 3711 1.0
964 3725 -0.733301081302352
964 3740 0.4288167454840541
964 3575 0.46029652277746536
964 3590 0.16866660634773395
965 980 0.8311251227072439
965 3785 0.6311514189061342
965 3800 -0.19810561474100807
965 3815 0.04429801835771697
965 3830 -0.10903673445381176
965 3846 -0.4126679693715651
965 3861 -0.47632465574473193
965 3876 -0.539315249552149
965 3891 0.09525153782687
965 3755 0.3844460522333735
965 3770 -0.09033609087155846
978 979 0.2162778569430729
978 3425 -0.6873812292989303
978 3440 0.5943739535123773
978 3455 -0.43580509683268176
978 3470 -0.12127812276501028
978 3486 -0.34511603341565633
978 3501 -0.8933968155382382
978 3516 1.0
978 3531 -0.09615243884560992
978 3545 0.8396232377625042
978 3560 -0.3884901120203376
978 3395 0.4144414171190451
978 3410 0.5082783783321796
979 980 0.5460815473966172
979 3605 -0.16138594649846702
979 3620 0.05420703595923171
979 3635 0.4527268781121162
979 3650 -0.12253721996228359
979 3666 0.008152500495313327
979 3681 -0.5170381780331461
979 3696 -0.4407487640361119
979 3711 0.42681080558633117
979 3725 0.7685221163743803
979 3740 -0.37016009007118605
979 3575 -0.5533525178170785
979 3590 -0.5823756862345396
980 3785 -0.31465825717779
980 3800 1.0
980 3815 -0.05385345068268645
980 3830 0.5497415715030124
980 3846 -0.011847546482538612
980 3861 0.7522769719508828
980 3876 0.5903413018729909
980 3891 -0.7413767891510356
980 3755 -0.35416744652878573
980 3770 -0.3580710046097459
993 994 0.5119440053453855
993 1008 -0.4504012752302551
993 3426 0.2641993625253294
993 3441 -0.3985947303964437
993 3456 -0.18266808623963474
993 3471 0.38565153662358254
993 3486 0.6352233223883518
993 3501 0.16409486285839922
993 3516 0.35937853926964675
993 3531 -0.1699543361795602
993 3545 -0.42330616976097524
993 3560 0.1326498205366491
993 3395 -0.5370248899449309
993 3410 -0.8089431221265454
994 995 0.4894397761292199
994 1009 -0.2557252485316303
994 3606 0.3692334441899767
994 3621 -0.4378589646348581
994 3636 -0.7733349257950488
994 3651 0.8172325610635125
994 3666 0.18584927935485732
994 3681 1.0
994 3696 -0.4386784134264771
994 3711 1.0
994 3725 0.02817359482004081
994 3740 0.21625187882726568
994 3575 0.7052688300174306
994 3590 0.16730183595484663
995 1010 0.9950630137812013
995 3786 0.4453685183084535
995 3801 -0.15172968522055352
995 3816 0.9878758986340349
995 3831 0.450561117712436
995 3846 -0.41292527706481086
995 3861 0.2920399866370379
995 3876 -0.5180380646808349
995 3891 -0.18159783270742663
995 3755 -0.027164769799811972
995 3770 0.48263636330556386
1008 1009 0.7198358073784153
1008 3426 -0.7999080270485497
1008 3441 -0.28002157398134153
1008 3456 -0.14989449882861897
1008 3471 0.4602032548918058
1008 3486 0.24334775982109003
1008 3501 0.15610268171559788
1008 3516 0.6581815205339887
1008 3531 -0.5420100997834826
1008 3545 -0.17530530625984567
1008 3560 -0.3668428688827914
1008 3395 -1.0
1008 3410 -0.13251028771832232
1009 1010 -0.17333788742676906
1009 3606 -0.5826110633443518
1009 3621 -0.2525772746869089
1009 3636 0.12669199642256235
1009 3651 -0.5388638590687422
1009 3666 -0.22136485737593542
1009 3681 0.06713917783633294
1009 3696 -0.055233897041413786
1009 3711 -0.35332327313410045
1009 3725 -0.46623144469455974
1009 3740 -0.2756509354290376
1009 3575 -0.2632657797891265
1009 3590 -0.7306410109955134
1010 3786 -0.49589475911054665
1010 3801 0.496487074741057
1010 3816 1.0
1010 3831 0.2900030694277373
1010 3846 0.6616092942540025
1010 3861 1.0
1010 3876 0.2460725521427383
1010 3891 0.36900249341457575
1010 3755 1.0
1010 3770 0.49104358707764184
1023 1024 0.5592470145053908
1023 1038 -0.17325373393526153
1023 3426 0.5184956889386785
1023 3441 0.9021129259526508
1023 3456 0.1314741491598526
1023 3471 0.037813771861322086
1023 3486 0.5090531945459559
1023 3501 -0.2275923133352435
1023 3365 -0.2842651455788743
1023 3380 -0.07867134170236564
1023 3395 0.043213602372112046
1023 3410 -0.18975753205345375
1024 1025 0.661748830465173
1024 1039 -0.9318380436554823
1024 3606 -0.5740379024225637
1024 3621 -0.32565896108735803
1024 3636 -0.2846615877233817
1024 3651 0.8398232453949481
1024 3666 0.8979736231361871
1024 3681 0.30026761366374033
1024 3516 0.19053556612002337
1024 3531 -0.5978792660831066
1024 3545 0.5307354530671132
1024 3560 -0.6657544402559491
1024 3575 0.4801834542412309
1024 3590 -0.33129393789116457
1025 1040 0.06925935903619818
1025 3786 0.14726499484412306
1025 3801 -0.6225630562084665
1025 3816 -0.14751265854712373
1025 3831 0.16716147549917437
1025 3846 -0.2027115195866267
1025 3861 -0.5836638860472566
1025 3696 -0.1274599803751059
1025 3711 0.2575806833884738
1025 3725 0.07740365867867811
1025 3740 0.002554071239942743
1025 3755 0.11449672576412014
1025 3770 0.1819606846889833
1038 1039 0.15599075857990344
1038 3426 0.35046932639899486
1038 3441 0.9494917831602281
1038 3456 -0.6371809042233287
1038 3471 -1.0
1038 3486 -0.19125784820737643
1038 3501 -0.2545442416911945
1038 3365 0.4141267803150836
1038 3380 -0.48570874304077816
1038 3395 0.5758737557116588
1038 3410 0.3015263995590871
1039 1040 -0.21799095220247897
1039 3606 0.1465596052300847
1039 3621 -0.20565516072489795
1039 3636 0.1063048944920423
1039 3651 -0.3883280022523602
1039 3666 -0.1175110748443012
1039 3681 -0.12748679308433739
1039 3516 -0.8852274278300509
1039 3531 1.0
1039 3545 0.02513178853587117
1039 3560 -0.5939787859996295
1039 3575 -0.16778155604107067
1039 3590 -0.5195850179146408
1040 3786 0.5165949725566188
1040 3801 -0.39590803234941646
1040 3816 0.4778466124378031
1040 3831 0.41748249588564146
1040 3846 -0.13985351053640016
1040 3861 -0.7144876412983545
1040 3696 -0.6776987955833459
1040 3711 -0.12352102493236468
1040 3725 0.3596013765482277
1040 3740 0.03277620729475469
1040 3755 -0.43837910680928677
1040 3770 0.5455771602124532
1053 1054 -0.16551551118859203
1053 1068 0.2612522185018818
1053 3426 -0.47751996622503434
1053 3441 -0.2364684730859674
1053 3456 0.10798245542322474
1053 3471 0.44304934962575415
1053 3486 -0.4222678216675676
1053 3501 -0.2498669633030989
1053 3366 -0.23500624561162053
1053 3381 -0.11260253754893168
1053 3396 0.6824197084875002
1053 3411 -0.886803919527864
1054 1055 0.06148021589336427
1054 1069 0.08052592271133348
1054 3606 -0.22569029902596663
1054 3621 0.7026012659214397
1054 3636 0.576364546105478
1054 3651 -0.03730313632224203
1054 3666 0.362933621258784
1054 3681 0.34422437812536605
1054 3516 0.6769371643426633
1054 3531 -0.5249219340755461
1054 3546 -0.31078685835752384
1054 3561 0.014509157511097458
1054 3576 0.4475410608554695
1054 3591 0.22356826306598082
1055 1070 0.4275069825301321
1055 3786 -0.7061338951016963
1055 3801 0.6710193895971563
1055 3816 -0.48591960851913574
1055 3831 0.5760275216601061
1055 3846 -1.0
1055 3861 -0.8738090133593166
1055 3696 -0.11555560073106977
1055 3711 0.8700920690453031
1055 3726 0.23201058126504978
1055 3741 -0.06495745350968667
1055 3756 0.48599087747582065
1055 3771 -0.32691433930143793
1068 1069 0.18037904143621822
1068 3426 -0.3828779295792382
1068 3441 0.8879998173723591
1068 3456 -0.48818826791260606
1068 3471 -0.26172506688697755
1068 3486 -0.09461271607716214
1068 3501 0.06557754704305706
1068 3366 0.2859966530544878
1068 3381 -0.18156676940941238
1068 3396 0.14191321126
1068 3411 0.6042839533280927
1069 1070 0.9340472455682299
1069 3606 -0.14146448759110442
1069 3621 0.27684064614247106
1069 3636 0.5594237767319804
1069 3651 0.7807115849886758
1069 3666 -0.9637160481040641
1069 3681 0.24100639691810302
1069 3516 -0.6685006679965101
1069 3531 -0.06268104230790447
1069 3546 -1.0
1069 3561 -0.45807760936358033
1069 3576 -0.11837509997371808
1069 3591 0.3217133095597866
1070 3786 -0.0017575782723035795
1070 3801 -0.2739852569866609
1070 3816 -0.18965671796055597
1070 3831 -0.12597715637316523
1070 3846 1.0
1070 3861 -0.3419214821971404
1070 3696 -0.141466805355291
1070 3711 0.23192744980868546
1070 3726 -0.2728216450229828
1070 3741 0.08396109024036107
1070 3756 -0.08381438964407836
1070 3771 0.5849771855754087
1083 1084 0.44712644577538485
1083 1098 -0.5359433683657153
1083 3426 0.24247769781669418
1083 3441 -0.7281635349395321
1083 3366 -0.5585319493572802
1083 3381 0.000530960905438207
1083 3396 -1.0
1083 3411 -0.34880824282785977
1084 1085 -0.051813234156564955
1084 1099 -0.4023868297253294
1084 3606 0.413026520780779
1084 3621 0.8971876240307536
1084 3456 -0.5119206056080639
1084 3471 0.1545649074088482
1084 3486 0.37857187306594187
1084 3501 0.4123535395999528
1084 3516 -0.7780930491801326
1084 3531 0.386505031761734
1084 3546 0.512913337324899
1084 3561 -0.5331990623504783
1084 3576 0.6180417087523336
1084 3591 -0.7563413556847911
1085 1100 -0.1697718273136189
1085 3786 -0.41883438101405174
1085 3801 -0.17882671933026367
1085 3636 -0.31197926610071886
1085 3651 -0.29766406651903293
1085 3666 0.05362652338208292
1085 3681 -0.655408230911824
1085 3696 0.14575526728864802
1085 3711 0.5949967610272809
1085 3726 0.22519026372726936
1085 3741 0.41899791937579134
1085 3756 -0.13866737537958998
1085 3771 -0.18374615502966676
1098 1099 0.391023600254692
1098 3426 -0.7051288398706856
1098 3441 -0.5774989205849715
1098 3366 -0.29919111255391717
1098 3381 0.9347998706831855
1098 3396 0.4165588792910325
1098 3411 0.7109344093971484
1099 1100 0.2567086365794587
1099 3606 -0.20210319862953002
1099 3621 0.08403971234174788
1099 3456 -0.42267972243293134
1099 3471 0.39322731769652053
1099 3486 -0.3845595053010915
1099 3501 -1.0
1099 3516 -0.08892198301580542
1099 3531 0.752377945593621
1099 3546 0.8117745129182593
1099 3561 0.2662255965000933
1099 3576 0.34117115166336887
1099 3591 0.4017881957486973
1100 3786 0.2183188488980062
1100 3801 -0.024758119329895932
1100 3636 0.14337325563383221
1100 3651 -1.0
1100 3666 0.12692880835912101
1100 3681 -0.7696927544849208
1100 3696 0.1728112698578712
1100 3711 0.15278921379906274
1100 3726 -0.1336616185090726
1100 3741 0.19977637098137802
1100 3756 -0.21585604813800563
1100 3771 -0.11270962594091602
1113 1114 0.05110949850653249
1113 1128 -0.22860317589993756
1113 3426 -0.24042240702682044
1113 3441 0.15133495781858364
1113 3366 -0.43118576263286296
1113 3381 0.23306480635110055
1113 3396 0.709326657850041
1113 3411 -0.5680936697154433
1114 1115 -0.4518033499535458
1114 1129 -0.20139550502530193
1114 3606 0.5096809936204348
1114 3621 0.6332408409195166
1114 3456 0.30743283600370863
1114 3471 -0.059801687558427165
1114 3546 0.6319382613036295
1114 3561 0.20207752414065727
1114 3576 0.4706260355977111
1114 3591 -0.20782365612668946
1115 1130 0.8662958968597166
1115 3786 0.6856484284080602
1115 3801 -0.05998328833096246
1115 3636 0.29061539618716076
1115 3651 -0.09142992332901641
1115 3726 -0.7691298042477832
1115 3741 -0.09949471815672578
1115 3756 0.7539765869564058
1115 3771 -0.18072032936645496
1128 1129 -0.15936603993172127
1128 3426 0.40157062135870464
1128 3441 -0.5879112486841734
1128 3366 -0.9054293188387493
1128 3381 -0.8394441513798828
1128 3396 0.19056010517424443
1128 3411 -0.6409246242760364
1129 1130 -0.2748964477038621
1129 3606 -0.5365829574402478
1129 3621 1.0
1129 3456 0.9544197340149578
1129 3471 0.039560453549932414
1129 3546 -0.20086865785091781
1129 3561 0.7266432997041053
1129 3576 -1.0
1129 3591 0.12956192339066447
1130 3786 -0.9691080490913835
1130 3801 1.0
1130 3636 0.7349312666205936
1130 3651 -0.2687168508017602
1130 3726 0.5599505837124383
1130 3741 -0.6616634469302366
1130 3756 -0.4703564600734538
1130 3771 0.03362511908914865
3364 3365 -0.17220031186931387
3364 3379 -0.2638224846713663
3365 3366 0.16668311875787406
3365 3380 -0.23055918593041447
3366 3381 -0.7371015335313605
3379 3380 1.0
3380 3381 0.8695352872071087
3394 3395 0.36045481654443756
3394 3409 0.2599927965962722
3395 3396 0.2682997621562579
3395 3410 0.20988046439217434
3396 3411 0.053159506958768046
3409 3410 -0.05656116572770221
3410 3411 0.11008380585800222
3424 3425 0.8554503082639496
3424 3439 0.7400211587194204
3425 3426 -0.0933288506564639
3425 3440 0.23091659679670887
3426 3441 0.12266994525863584
3439 3440 0.02339008580704487
3440 3441 -0.509898332850624
3454 3455 -0.6048706106602709
3454 3469 0.0799582750572883
3455 3456 0.6440485782523164
3455 3470 -0.009290226650952678
3456 3471 -0.03020351646403669
3469 3470 0.7505414892052846
3470 3471 -1.0
3484 3485 1.0
3484 3499 -0.26762199744332826
3485 3486 -0.66615623158747
3485 3500 -0.5893880161081008
3486 3501 0.11590218366378212
3499 3500 -0.18082420732725515
3500 3501 0.4176952867683197
3514 3515 -0.06973766129011316
3514 3529 -0.26400403012129703
3515 3516 -0.11638878719936456
3515 3530 0.06943500142469493
3516 3531 -0.5365251693554001
3529 3530 0.11619317819647493
3530 3531 0.7806606358821804
3544 3545 0.0303138345385876
3544 3559 -0.35537548093038906
3545 3546 -0.28838199920091734
3545 3560 -0.5249920292584956
3546 3561 -0.14210536949057684
3559 3560 0.13041035960295397
3560 3561 0.2504637750592605
3574 3575 -0.4520884920522298
3574 3589 0.23485990090669073
3575 3576 0.11631780989543537
3575 3590 -0.14153531443727266
3576 3591 0.10799607546702436
3589 3590 0.552386618998507
3590 3591 -0.6231091731576319
3604 3605 0.5661460120020526
3604 3619 -0.45211468025447654
3605 3606 -0.06853038887380763
3605 3620 -0.23989742505724457
3606 3621 0.9284309961459847
3619 3620 -0.17466921460313797
3620 3621 0.746499356857492
3634 3635 -0.11897862894649146
3634 3649 0.7795781040870158
3635 3636 -0.16005248018045168
3635 3650 0.6949192942207919
3636 3651 -0.619061218119084
3649 3650 0.3996430471970339
3650 3651 -0.5533396309664742
3664 3665 -0.4898705732286042
3664 3679 0.3471157799964648
3665 3666 -0.5396553681758901
3665 3680 -0.2533365806402543
3666 3681 0.0366559505158082
3679 3680 -0.10209793302371536
3680 3681 -0.11646042577309627
3694 3695 0.2791228050821139
3694 3709 -0.6560378709244145
3695 3696 -0.682702223504302
3695 3710 0.2833345709634563
3696 3711 -0.31569865109054446
3709 3710 -0.6126680471920936
3710 3711 0.8097408877665945
3724 3725 0.8391436406643943
3724 3739 -0.8704186204472251
3725 3726 -0.13093061423437066
3725 3740 1.0
3726 3741 -0.4361338533980667
3739 3740 -0.2688890935011329
3740 3741 0.19861612163185594
3754 3755 -0.0358739943075103
3754 3769 0.3768838615517585
3755 3756 0.135000969914507
3755 3770 -0.8715094406927161
3756 3771 -0.1481629711189153
3769 3770 0.05720417294044197
3770 3771 0.5016387922060221
3784 3785 -0.3376206475831804
3784 3799 0.004144354454415657
3785 3786 0.5305917069061691
3785 3800 -0.6324146363854511
3786 3801 0.3107610188541153
3799 3800 0.5889964278538942
3800 3801 0.8198196356488656
3814 3815 -0.4249204281815202
3814 3829 -0.06858421215882611
3815 3816 -0.16598252270197297
3815 3830 -0.06366246724304883
3816 3831 0.10783545918743019
3829 3830 0.3806052768546772
3830 3831 0.4710532892912441
3844 3845 0.483046305314193
3844 3859 -0.546097356980953
3845 3846 -0.08228687950118319
3845 3860 0.020974788611915686
3846 3861 0.3027390570407569
3859 3860 0.9916047091138573
3860 3861 -0.04075655614368522
3874 3875 -0.3653400919371499
3874 3889 -0.2785676092092255
3875 3876 -0.14179689861573805
3875 3890 0.8592072709468277
3876 3891 -0.3741160800364125
3889 3890 0.7610400900937487
3890 3891 -0.09143820313663097
