# 
603 603 -1.016337505494724
604 604 -2.028963005014041
605 605 0.10814243447691471
618 618 1.0200756495879513
619 619 -0.32363982715697787
620 620 1.6577364378910147
633 633 0.49126517961386207
634 634 -0.49619145009710114
635 635 1.4124847284108506
648 648 0.7329339675358236
649 649 0.931302271056934
650 650 -1.4849807753189217
663 663 0.8767537058678149
664 664 -0.7385238857016428
665 665 -1.342940518585677
678 678 -1.9377404734004198
679 679 0.9078134291657484
680 680 -0.47480767054468687
693 693 0.03765027221060525
694 694 -0.5367255621354081
695 695 -1.3601080697745114
708 708 -0.6819431663921457
709 709 0.595580477138679
710 710 -0.42401655435033303
723 723 -0.288453606797901
724 724 0.27079100997402084
725 725 -0.40952360211389044
738 738 2.2794268696338564
739 739 1.087009882214634
740 740 -0.7379540810249836
753 753 0.21573216736983902
754 754 0.1497558260757253
755 755 0.5952673203689288
768 768 -0.11054402806711804
769 769 -0.3743314334541987
770 770 1.0664072514010419
783 783 -0.002101747008022329
784 784 1.281526457545093
785 785 1.0539213152198914
798 798 0.7710437530584374
799 799 -0.29725146833755267
800 800 0.22394183327391032
813 813 0.6469722649635317
814 814 -0.042461437388545895
815 815 1.6660117066250546
828 828 -0.6985282415238335
829 829 -0.5391483135439864
830 830 0.041680499291231424
843 843 -0.3066821653509053
844 844 1.2341720025223966
845 845 0.1766571433467938
858 858 0.5397032369072288
859 859 -2.2663517334708785
860 860 -1.2512855956800526
873 873 0.2236580824853257
874 874 -1.0088285348766894
875 875 0.45721829464753594
888 888 0.7648546269575408
889 889 2.2428307902495606
890 890 3.0703723337984767
903 903 0.25894822298266623
904 904 0.44686926668854127
905 905 -1.2453525645577703
918 918 0.12219524365788578
919 919 0.21567089839812786
920 920 0.5477851526614963
933 933 0.6407285068339366
934 934 1.2664626036184747
935 935 -0.9771641167334277
948 948 1.3507941162683024
949 949 -0.43340888934822774
950 950 0.42727716198262905
963 963 0.21121139601699426
964 964 -0.008173638804500854
965 965 -0.48700251633753455
978 978 0.30536861183089764
979 979 0.21436675167179822
980 980 -1.3128203246888015
993 993 -0.2693033100128635
994 994 -0.8117087621869093
995 995 -0.47018393841753314
1008 1008 0.8118767058033373
1009 1009 0.6485080902304943
1010 1010 0.1437888494786786
1023 1023 1.5628421309295084
1024 1024 1.7421431232274611
1025 1025 -1.127499482381243
1038 1038 0.594276978932928
1039 1039 0.6822512598519621
1040 1040 0.03930611722021
1053 1053 0.4849010934282566
1054 1054 -0.22276192864658323
1055 1055 -2.004292949427424
1068 1068 -0.584472597130222
1069 1069 1.10237399974993
1070 1070 -0.053863396958342656
1083 1083 -0.23954684155942182
1084 1084 0.6797871670273845
1085 1085 1.797386700966334
1098 1098 -1.0281552842412522
1099 1099 1.3122826573271171
1100 1100 0.15773053529464878
1113 1113 -1.7078924717245185
1114 1114 1.6873792925785356
1115 1115 -0.6216396929519198
1128 1128 -0.9245470897637996
1129 1129 -2.7463669156325143
1130 1130 -1.5816332674885842
3364 3364 -1.7020242672248087
3365 3365 -0.12308759405901695
3366 3366 1.6816746694522369
3379 3379 0.5045694902961156
3380 3380 -0.7380739587331089
3381 3381 -1.3135112856515296
3394 3394 1.5041034641520752
3395 3395 0.956053874606151
3396 3396 -0.05436007093693337
3409 3409 0.108665817292151
3410 3410 0.8151397623278563
3411 3411 0.29140551642192714
3424 3424 0.6193780545033998
3425 3425 -0.5369348914990388
3426 3426 0.08749704100491554
3439 3439 -0.3875809819496248
3440 3440 0.14932884243270428
3441 3441 -0.8174398721066181
3454 3454 2.426990604167505
3455 3455 0.35644144310740933
3456 3456 -0.49885906402569735
3469 3469 -1.4854708347881491
3470 3470 0.25800306838618375
3471 3471 -0.9370691242602206
3484 3484 -0.8057844379156579
3485 3485 -1.0724059238783386
3486 3486 -1.328442975832872
3499 3499 0.33740886243629803
3500 3500 -0.18638190684988015
3501 3501 1.4146977695180898
3514 3514 0.5333543663344948
3515 3515 -0.4142484039029219
3516 3516 1.8331310857581646
3529 3529 -1.5892694338052589
3530 3530 1.635806371491241
3531 3531 0.377432773214102
3544 3544 0.15201167324776965
3545 3545 -0.6869788764060162
3546 3546 -0.3067975917434223
3559 3559 -0.9660514626466687
3560 3560 0.40087709650489894
3561 3561 1.5805557789602471
3574 3574 0.15604876331742212
3575 3575 -0.19960211830694424
3576 3576 1.2453803319580345
3589 3589 -0.46659709070951605
3590 3590 0.4647449038614097
3591 3591 -0.12778247204479523
3604 3604 0.013929642863553414
3605 3605 0.45553999135354645
3606 3606 -0.8968038216402431
3619 3619 1.4223698890585912
3620 3620 -0.5303501256967442
3621 3621 1.543108541100529
3634 3634 0.2321336345470174
3635 3635 -0.8520676025303018
3636 3636 0.6012617525850261
3649 3649 -0.3635737909454724
3650 3650 0.7496952584557272
3651 3651 0.1603238049380124
3664 3664 -1.2238605542216934
3665 3665 -0.12234054429866151
3666 3666 0.09326245863069987
3679 3679 -0.958313190753769
3680 3680 -0.11931060195923558
3681 3681 -1.0804215210445696
3694 3694 -0.3121095400859872
3695 3695 0.9889088831048706
3696 3696 0.4800288384365276
3709 3709 -0.7363484190026072
3710 3710 1.857564119763883
3711 3711 0.9645727960486631
3724 3724 -1.637925091854915
3725 3725 0.5194601614845971
3726 3726 -0.18042833717103732
3739 3739 -0.08823840496292805
3740 3740 0.41392266908771713
3741 3741 -0.13806541069168332
3754 3754 -0.685326146089734
3755 3755 0.7822408577710727
3756 3756 -1.1676678206783382
3769 3769 1.5578517464826658
3770 3770 0.07731521346580575
3771 3771 1.1673570515573508
3784 3784 0.4700693962074658
3785 3785 1.894772342139385
3786 3786 -0.06497963359511112
3799 3799 0.22889868651772322
3800 3800 0.8958321922143061
3801 3801 -0.15141482318882246
3814 3814 0.7341537694380798
3815 3815 -0.5177271190146209
3816 3816 0.30885817893034456
3829 3829 0.02627331642796405
3830 3830 -0.7158203096153479
3831 3831 1.9388478368130073
3844 3844 1.906224700660743
3845 3845 0.18614960323677998
3846 3846 0.24825768007060098
3859 3859 0.2567504320960304
3860 3860 0.28160258934166355
3861 3861 1.4116567737710648
3874 3874 -0.8003399969802839
3875 3875 -1.2210779692293572
3876 3876 -0.12006760951689079
3889 3889 -0.18082156717155426
3890 3890 1.2162932567991214
3891 3891 0.9242065346064956
603 604 -0.9112532148310553
603 618 0.36100803399918374
603 3484 -0.18982917124102544
603 3499 0.2274929702505075
603 3514 0.13154537574669944
603 3529 1.0
604 605 -0.03640053431075674
604 619 0.05922229195113657
604 3664 0.40288596825872486
604 3679 -0.3969387018699378
604 3694 0.0697947744716972
604 3709 -0.33059646250278235
605 620 0.11438356318177047
605 3844 -0.41578999043897213
605 3859 -0.3952933683996175
605 3874 -0.161124715088278
605 3889 0.3340156483445005
618 619 -0.3670861905564912
618 3484 0.10021328220083475
618 3499 0.5008577510775568
618 3514 -0.34673201551825594
618 3529 -0.2551298397664461
619 620 -0.2949361187561894
619 3664 -0.8508282231711662
619 3679 -0.18131938948320053
619 3694 0.041862217664892676
619 3709 -0.39692670309988715
620 3844 0.25824785822066143
620 3859 0.17750727672024572
620 3874 -0.8557711279743376
620 3889 -1.0
633 634 -0.06701695860781817
633 648 0.23228314917230572
633 3424 -0.1898180179480367
633 3439 -0.2448065255737452
633 3454 0.08445907380017759
633 3469 -0.08845533711257147
633 3484 0.17650339947074548
633 3499 -0.7475927920889182
633 3514 0.14577237245963126
633 3529 -0.1225773125053855
634 635 -0.1408996898517892
634 649 0.8041953279347762
634 3604 -0.41046468401740743
634 3619 0.7845894004057393
634 3634 -0.8607580163669146
634 3649 -0.8886965305116539
634 3664 0.3254206081039786
634 3679 0.48236274775610055
634 3694 -0.1000084512490695
634 3709 0.18232005960880007
635 650 0.03174274379697513
635 3784 0.2704170302343236
635 3799 -0.9969283161648664
635 3814 0.27323341158025743
635 3829 -0.8445501530710855
635 3844 0.9566497355987854
635 3859 -0.10460812721061633
635 3874 -0.010349075834974365
635 3889 -0.1593562428460014
648 649 -0.773840503561424
648 3424 -0.02811139339470846
648 3439 0.1373757390642672
648 3454 -0.24420051621609407
648 3469 -0.1978885934610203
648 3484 -0.6904549566518604
648 3499 1.0
648 3514 0.04256198100668797
648 3529 -0.6640513601444173
649 650 0.032696124098342175
649 3604 0.16276198960438185
649 3619 0.3642856743469879
649 3634 0.1138783068931863
649 3649 -0.2070758077738558
649 3664 0.3488669829403312
649 3679 0.86465748221978
649 3694 -0.9380351247782202
649 3709 -0.21404670569563125
650 3784 -0.16622032003655268
650 3799 0.9391418874169603
650 3814 -0.7977123461715063
650 3829 -0.510261290781063
650 3844 -0.6292965289252094
650 3859 -0.3498226390705498
650 3874 0.1539322666830854
650 3889 0.1329006474698982
663 664 -0.144587473132643
663 678 0.24639118659678075
663 3424 -0.7377744307553116
663 3439 1.0
663 3454 0.1019752824825837
663 3469 -0.044448358479436394
663 3484 0.3215215405073569
663 3499 0.2741444060082026
664 665 -0.8474403057294655
664 679 0.3107608951906486
664 3604 -0.6647413877715084
664 3619 -0.5569374018466443
664 3634 -0.7122445018168669
664 3649 -0.5898771822547297
664 3664 0.2299588066752804
664 3679 -0.358122689050369
664 3514 0.060881085706300075
664 3529 -0.12448388080088663
665 680 -0.48311053686351746
665 3784 0.05270188603074558
665 3799 0.16152565544356604
665 3814 -0.3240545921114676
665 3829 -0.5729991261100774
665 3844 0.44018255969699793
665 3859 -0.27643437012698113
665 3694 -0.6606164635305507
665 3709 0.6700327921652146
678 679 -0.2674111876029091
678 3424 -0.5353938972770782
678 3439 -0.584686824391635
678 3454 0.778332272201957
678 3469 -0.3013853329391455
678 3484 -0.500857074854128
678 3499 0.2417961817698048
679 680 0.5411987228066489
679 3604 -0.8742981578914328
679 3619 -0.029225097233171717
679 3634 0.40328155086518847
679 3649 0.20723947821892785
679 3664 -0.16106995176542035
679 3679 -0.5091272345235023
679 3514 0.2502561369184493
679 3529 -0.3302774422346955
680 3784 -0.3989443271727713
680 3799 -0.13531879412678782
680 3814 0.031013685666450953
680 3829 -0.4499710326343618
680 3844 -0.7120869886200838
680 3859 -0.43057548101711485
680 3694 0.4285123245693755
680 3709 0.5192851065692715
693 694 -0.6330790367109742
693 708 0.23098823448705003
693 3424 0.2173299749955381
693 3439 -0.1106066448130038
693 3454 -1.0
693 3469 0.147477643087125
693 3484 -0.4691639206071712
693 3499 0.3778264850903066
693 3364 -0.7062675403714206
693 3379 0.23859473356291933
693 3394 -0.11142228494009121
693 3409 0.7481165737645711
694 695 -0.2832158979864303
694 709 0.10938652149298295
694 3604 -0.14865336098489168
694 3619 0.33332116662853994
694 3634 0.4204385419887703
694 3649 -0.4363244492159903
694 3664 0.4831108791228204
694 3679 -0.0025221695635403328
694 3514 0.9159267526479496
694 3529 -0.39841622686643735
694 3544 0.3012931350694779
694 3559 -0.6746503718415795
694 3574 -0.11425506587667202
694 3589 -1.0
695 710 -0.2533633730877853
695 3784 -1.0
695 3799 0.09722490571293528
695 3814 -0.16005041342203952
695 3829 -0.4651546442294185
695 3844 -0.31443032046212605
695 3859 0.7736326227267661
695 3694 0.2616199962841111
695 3709 0.35566400690579536
695 3724 -0.13973305411493028
695 3739 0.10480862985376016
695 3754 0.05726507637922647
695 3769 0.6672222222951044
708 709 -0.05617174122366049
708 3424 -0.5781244184342055
708 3439 -0.10720396196934341
708 3454 0.6335150821301297
708 3469 0.5555211981234499
708 3484 0.5601258347288424
708 3499 0.5500230110292703
708 3364 0.1936354960452834
708 3379 0.3383773016149867
708 3394 -0.42996945988450525
708 3409 -0.06416534009154794
709 710 0.28535509563181766
709 3604 0.36975634579794187
709 3619 -1.0
709 3634 0.38747352457620376
709 3649 0.7375253343815906
709 3664 -0.397901703310831
709 3679 -0.7201292533160106
709 3514 -0.0931640174888158
709 3529 -0.6896611109529356
709 3544 0.6322551475260154
709 3559 0.4121289356428117
709 3574 0.32570398403024664
709 3589 0.17278424149553115
710 3784 -0.2876623968843025
710 3799 0.48950226473221686
710 3814 -0.06947859650265581
710 3829 -0.07713234661871748
710 3844 0.1653055839135072
710 3859 -0.22292968414986328
710 3694 1.0
710 3709 0.5438198409706136
710 3724 0.1939438672063836
710 3739 0.07124977637118043
710 3754 -0.33147214731236085
710 3769 -0.6352002809357571
723 724 -0.08654061292171099
723 738 0.43239621437339
723 3424 1.0
723 3439 -0.7312800576928022
723 3364 0.3522969230765998
723 3379 -0.040607294874358046
723 3394 0.30550014243127827
723 3409 -0.5683547209426847
724 725 0.02751771300511879
724 739 0.2453912531464874
724 3604 0.13161731402085794
724 3619 -0.42723470963124704
724 3454 0.08483507582020426
724 3469 -0.8804807759573422
724 3484 -0.5106312712926696
724 3499 0.3240735133179886
724 3514 -0.5046781578907539
724 3529 -0.0828266592436953
724 3544 -0.2918087124509905
724 3559 0.04287459635201816
724 3574 0.37217566589294315
724 3589 -0.0295790540770758
725 740 0.2900897296230148
725 3784 0.29695872277011287
725 3799 -0.5331142716540568
725 3634 0.1658013107201854
725 3649 -0.3040321577154575
725 3664 0.6623794176950585
725 3679 -0.19573147261292234
725 3694 -0.17789619449561406
725 3709 -0.6411796578932258
725 3724 0.6766708168975879
725 3739 0.14238858747116742
725 3754 -0.6445633670899985
725 3769 -0.4934813032484635
738 739 0.4401765888601448
738 3424 0.19988522038507334
738 3439 -0.5985710025724198
738 3364 -0.35341780063962247
738 3379 -0.15842287577366204
738 3394 0.01033336182733448
738 3409 0.3987051869974388
739 740 -0.41107203595103314
739 3604 0.06193763150530494
739 3619 -0.7747806281298931
739 3454 -0.6665875101276088
739 3469 -1.0
739 3484 -0.06527306001147855
739 3499 0.13186925646420883
739 3514 0.8300204372449778
739 3529 0.5656800447265357
739 3544 -0.18839934510228773
739 3559 -0.532105807178829
739 3574 0.7839369131475633
739 3589 0.400966513926985
740 3784 0.10736956750819181
740 3799 0.4178640802951286
740 3634 0.8796797321954903
740 3649 -0.36788955049211564
740 3664 -1.0
740 3679 0.4924499864293232
740 3694 -0.6446651387918898
740 3709 0.1308673378446023
740 3724 -0.020850242006586594
740 3739 0.31660043426663376
740 3754 0.40922692134143596
740 3769 -0.03826984979875426
753 754 -0.31054794248650996
753 768 0.6052015097916091
753 3424 -0.21919517319301673
753 3439 -0.3874640832497147
753 3364 -0.43291289429773055
753 3379 0.9347589435469025
753 3394 0.2504150117043657
753 3409 -0.4989971694533493
754 755 -0.35414047103728746
754 769 -0.2414392566510607
754 3604 0.9151443181865628
754 3619 -0.22073761194093086
754 3454 0.9625750712466005
754 3469 -0.8737696960554431
754 3485 -0.3507484248330977
754 3500 0.32333627170232637
754 3515 -0.4149723946409692
754 3530 0.19150543077682933
754 3544 0.29345157228050917
754 3559 -0.40127276802919687
754 3574 0.003194182811498058
754 3589 -0.20933252984519557
755 770 -0.1640211985956637
755 3784 -0.6847768328159077
755 3799 -0.6982358073435555
755 3634 -0.847659465627827
755 3649 0.24168499107105654
755 3665 1.0
755 3680 0.17331585879385952
755 3695 0.6081775646955628
755 3710 0.5832426075175525
755 3724 0.9323980859782602
755 3739 -0.04115842705992377
755 3754 0.17400670364795875
755 3769 0.41822562126040674
768 769 -0.24978561731437843
768 3424 -0.24786766254423356
768 3439 -0.8692505619685813
768 3364 0.40560589489180876
768 3379 -0.5397784116960057
768 3394 -0.15116959216324583
768 3409 -0.3583990364028065
769 770 0.8131277732753229
769 3604 -0.43338274394023857
769 3619 -0.4540533856574095
769 3454 0.2705618168834588
769 3469 0.003630800908418672
769 3485 0.3182689927821993
769 3500 -0.011851362194097666
769 3515 -0.19394624093689308
769 3530 -1.0
769 3544 -0.013164166541925875
769 3559 0.4110215084403723
769 3574 -0.30325620592308866
769 3589 -0.09109912071548132
770 3784 0.4599705849076055
770 3799 -0.8985121290514978
770 3634 -0.8869421888901501
770 3649 0.9700223794538914
770 3665 -0.3733727405883255
770 3680 0.4166273300873392
770 3695 -0.24796272233994138
770 3710 -0.20090648655263912
770 3724 0.6381276718545389
770 3739 1.0
770 3754 0.627333478022137
770 3769 0.1235015794587273
783 784 -0.7426545257159582
783 798 -0.13719256739688915
783 3424 0.021726468510524035
783 3439 -0.007274752921592584
783 3454 -0.6817003306028107
783 3469 -0.04506880903789809
783 3485 0.758253360583752
783 3500 -0.33915163223909695
783 3515 0.29488089921915583
783 3530 -0.13605782599008864
783 3544 0.7865597064841181
783 3559 0.23535201128156222
783 3394 0.5493277975903823
783 3409 -0.4536145654048478
784 785 0.6605898080655646
784 799 0.009719764133695161
784 3604 0.4741356661271321
784 3619 0.3860443443343109
784 3634 0.731421462670355
784 3649 -0.7981655372833342
784 3665 0.92750552369001
784 3680 0.5231825770520596
784 3695 -0.8305227848580018
784 3710 -0.2465331917621097
784 3724 -0.017142999465946558
784 3739 -0.5644462198432733
784 3574 -0.5556043046096709
784 3589 -0.11146140905107745
785 800 0.20439284081085762
785 3784 -1.0
785 3799 0.07008545525424716
785 3814 -0.09560309489170903
785 3829 -0.05214862607112724
785 3845 0.4509611115451633
785 3860 1.0
785 3875 -0.25752430773618573
785 3890 -0.07783907375252187
785 3754 -0.44023429242796247
785 3769 0.7438574787963127
798 799 -0.23092483430230953
798 3424 -0.514821532126359
798 3439 -0.24210119912329778
798 3454 0.4867935889047671
798 3469 0.3758742938135622
798 3485 -0.2291474852925414
798 3500 -0.43040915597234247
798 3515 0.08013762790728543
798 3530 0.2438062632126127
798 3544 0.23110303896059284
798 3559 0.27710246246480436
798 3394 0.2976213549820061
798 3409 -0.06585396683149834
799 800 -0.2742568438820053
799 3604 0.24243065282443602
799 3619 0.30962886291574376
799 3634 1.0
799 3649 0.0300461478527623
799 3665 -1.0
799 3680 -0.20210455633751917
799 3695 -0.808845820859929
799 3710 0.5554508785786871
799 3724 -0.041809417389304
799 3739 -0.1200623803694552
799 3574 0.03385686525287372
799 3589 0.13418356619977345
800 3784 -0.06396783954051001
800 3799 0.09528993620095892
800 3814 0.6236669618641228
800 3829 0.5385951036018211
800 3845 0.4268572928104786
800 3860 -0.0649091888609555
800 3875 -0.25168252028876953
800 3890 -0.040682772687416845
800 3754 0.2443515070281882
800 3769 0.28547765213513276
813 814 0.5211359562338836
813 828 0.2154489131332291
813 3425 0.5501777394591648
813 3440 -0.08144675701966063
813 3455 0.6549070004287872
813 3470 -0.2750813593319059
813 3485 0.9624272804541326
813 3500 -0.9157585951630707
813 3515 0.15875977450421364
813 3530 0.05394100447985966
813 3544 0.200448642625351
813 3559 0.659815477610862
813 3394 -0.4617784932924962
813 3409 0.017726594952804976
814 815 0.7376162009631949
814 829 -0.6691778786998045
814 3605 -0.8084908257986546
814 3620 0.14438264109317478
814 3635 0.6865687711990053
814 3650 0.5934042343495372
814 3665 -0.6821380104163369
814 3680 0.7706838801333487
814 3695 0.06172328004526815
814 3710 -0.2562398097332435
814 3724 0.20885997792150487
814 3739 -0.23534659479003087
814 3574 0.02664214955615033
814 3589 -0.3237012591963965
815 830 0.8031260207589108
815 3785 -0.43690695818191516
815 3800 1.0
815 3815 -0.29796906476650636
815 3830 -0.020132402820538173
815 3845 -0.7386778330051618
815 3860 -0.0857094375058771
815 3875 -0.6616738914126095
815 3890 -0.37211931601124676
815 3754 -0.9418722357952802
815 3769 -0.4644282916936166
828 829 0.22298140351194312
828 3425 -1.0
828 3440 -1.0
828 3455 -1.0
828 3470 -0.4993707557000712
828 3485 -0.9667774311845767
828 3500 -0.6652143122633611
828 3515 0.31739704852067985
828 3530 0.7051543988078356
828 3544 0.4839602454073926
828 3559 0.37421317578256286
828 3394 0.5454629012837696
828 3409 0.6105418758593957
829 830 0.8982057771970704
829 3605 -0.049220413903663614
829 3620 0.1269309534294051
829 3635 -0.2141472718972464
829 3650 -0.7323513924652759
829 3665 -0.015713458889901704
829 3680 0.5112442173163915
829 3695 -0.24398438863876015
829 3710 -0.7578439620662178
829 3724 0.09511474815988338
829 3739 -0.8454131481298622
829 3574 -0.8307906582488878
829 3589 -0.007065552087202033
830 3785 -0.7806094480156919
830 3800 0.26641487960249455
830 3815 0.2892959884624496
830 3830 -0.6962647208489816
830 3845 0.49954930769331213
830 3860 -0.8105796898567396
830 3875 0.164478310835213
830 3890 -0.7222731581381208
830 3754 -0.3909128356511593
830 3769 0.7460676030972897
843 844 -0.16853655261379688
843 858 0.29118295051649884
843 3425 0.10778676959863555
843 3440 -0.388599810111053
843 3455 -0.08502104812675702
843 3470 0.33559641146703645
843 3485 -1.0
843 3500 0.17289536548250325
843 3364 0.12396020165247645
843 3379 0.2765056835718801
843 3394 -0.00910474602539478
843 3409 0.35235363909195483
844 845 -0.1645330708437902
844 859 0.9929624316478016
844 3605 0.14077629825349156
844 3620 0.20806037805144356
844 3635 -0.28837567575276407
844 3650 0.5787906946198771
844 3665 -0.7811518256393691
844 3680 -0.14477349341789864
844 3515 -0.6596954970606944
844 3530 0.5991729867301161
844 3544 -0.15259431519232317
844 3559 -0.08694079190898395
844 3574 -0.45028205547600014
844 3589 0.48339604438696604
845 860 0.35160840568203494
845 3785 0.39303171504298245
845 3800 0.6752528061671882
845 3815 -0.3571012060370353
845 3830 0.9221635508258453
845 3845 -0.3348897646481826
845 3860 -0.2709412948998291
845 3695 -0.23365021887783974
845 3710 -0.8357417218504898
845 3724 -0.07240838109959215
845 3739 1.0
845 3754 0.07609847504432789
845 3769 -0.30668900661446524
858 859 -0.3093827808349014
858 3425 -0.451384465334356
858 3440 0.07979101911597611
858 3455 0.08380198976889261
858 3470 -0.27872595290761615
858 3485 0.4914148590967598
858 3500 -0.8762076476616272
858 3364 -0.46847661411035113
858 3379 -0.2574451769263648
858 3394 -0.28017711466362516
858 3409 -0.11857648449425168
859 860 0.19418173232351293
859 3605 -1.0
859 3620 -0.3865775781635443
859 3635 0.03732156030400346
859 3650 -0.06807188806083059
859 3665 0.7852097278156444
859 3680 -0.22856414165325256
859 3515 -0.07759810807663042
859 3530 0.16507176361401277
859 3544 -1.0
859 3559 -0.2261234860551163
859 3574 -0.03967666241539262
859 3589 -0.3313372317727633
860 3785 0.18260642518448883
860 3800 0.09363299492172501
860 3815 -0.8274886380694295
860 3830 -0.3858382492679667
860 3845 0.1835935457414669
860 3860 -0.45774402840070866
860 3695 0.06729596609213777
860 3710 0.07188887350064684
860 3724 -0.511607286014049
860 3739 0.6207564458001485
860 3754 0.2768195856542592
860 3769 -0.21793366156050617
873 874 0.837602066033265
873 888 0.5882141861822247
873 3425 0.21265853471966953
873 3440 -0.11786677581653299
873 3455 0.23931136168298048
873 3470 -0.642349967390317
873 3485 0.04205464380872136
873 3500 0.13518115416063012
873 3365 -0.3548459018105817
873 3380 0.7426956266800148
873 3395 -0.6045403285599629
873 3410 0.00011064269760958451
874 875 0.170739716325221
874 889 0.2947491162394726
874 3605 -0.8622790806678856
874 3620 0.4962639769509051
874 3635 0.26419063144802757
874 3650 -0.7951690067298128
874 3665 0.1332664229091599
874 3680 0.19814722774755777
874 3515 0.2928745946386362
874 3530 0.40430302716363464
874 3545 -0.2187106095136508
874 3560 -0.44054695423524964
874 3575 0.7235861009006499
874 3590 0.0812945599103428
875 890 -0.6508274007249198
875 3785 0.1509359139396293
875 3800 -0.3064824257826309
875 3815 -0.503229402968859
875 3830 0.9162474921659135
875 3845 0.7159758121832162
875 3860 0.31079264676855606
875 3695 -0.39687831255707595
875 3710 0.6404360484791767
875 3725 -0.33378893811499
875 3740 -0.2138008905286209
875 3755 0.4719731599356928
875 3770 0.3883667277904568
888 889 -0.5614012838320548
888 3425 0.11181349460551157
888 3440 -0.29959296673213487
888 3455 0.698957016646021
888 3470 1.0
888 3485 -0.15836697780319206
888 3500 0.3616478527792123
888 3365 0.6304079793567675
888 3380 0.48564102059295633
888 3395 -0.016024564467251944
888 3410 0.26664062856835546
889 890 -0.6672340905904391
889 3605 -0.23757136199091816
889 3620 -0.4238914277236998
889 3635 -0.34576481838653844
889 3650 0.6248686594570642
889 3665 0.4141712829631645
889 3680 0.5161959569313858
889 3515 1.0
889 3530 0.0860067256241451
889 3545 -0.002477106097790569
889 3560 -0.9728414662280493
889 3575 -0.6392470989836676
889 3590 -0.4423980799210909
890 3785 0.38370794468528463
890 3800 0.08509170241030997
890 3815 0.3318001136687939
890 3830 -0.1603808156952838
890 3845 -0.25796675921169276
890 3860 0.605977603917121
890 3695 0.38159114808356
890 3710 0.497972632222677
890 3725 1.0
890 3740 -0.01718793014955794
890 3755 0.06449892147007859
890 3770 0.5702023600576599
903 904 -0.21430021811591252
903 918 0.8170119924821556
903 3425 -0.4802524138351052
903 3440 0.3258117844972246
903 3365 -0.07711688183528236
903 3380 0.48666707408252746
903 3395 0.5244734716207833
903 3410 0.35305118807916186
904 905 0.4775344875602512
904 919 -0.5076348463631415
904 3605 -0.1091312712823739
904 3620 -0.6383850808524674
904 3455 -0.05827356928172842
904 3470 -0.3467857969530922
904 3485 0.2573559518379116
904 3500 0.4509820353156842
904 3515 -0.49513452612672554
904 3530 -0.1542883179779733
904 3545 -0.24332942302529875
904 3560 0.7934262136876805
904 3575 -0.1408686391706727
904 3590 -0.41251688083779725
905 920 -0.0885014123876797
905 3785 -0.636631747540392
905 3800 -0.8931032871120734
905 3635 0.3033947617689074
905 3650 -0.06398393652267738
905 3665 -0.1933887943782382
905 3680 0.5975126230815211
905 3695 0.4285458218407397
905 3710 1.0
905 3725 0.18805131964843033
905 3740 0.22041935652072397
905 3755 1.0
905 3770 0.5514098058745422
918 919 -0.6006194284640131
918 3425 0.30234973725418024
918 3440 -0.7525764720820178
918 3365 -0.30993498764281385
918 3380 -0.44135263129668334
918 3395 0.392100862989468
918 3410 0.18084690494155903
919 920 0.01694504219991466
919 3605 0.004078380458655741
919 3620 -0.2804375670179024
919 3455 1.0
919 3470 0.767643991502372
919 3485 1.0
919 3500 0.4624115147025796
919 3515 0.652502392870332
919 3530 0.1661456036080781
919 3545 -0.24413187849342838
919 3560 0.6752761586983582
919 3575 0.221642360666909
919 3590 0.25442031302358353
920 3785 -0.09678338704906209
920 3800 0.41940592598261534
920 3635 0.3364554901392192
920 3650 -0.5432540868829429
920 3665 1.0
920 3680 0.5954859674465709
920 3695 -0.043136105658789545
920 3710 -0.03501856261704078
920 3725 -0.0836031496915368
920 3740 0.7144223393775697
920 3755 0.46924493319196814
920 3770 0.6576439816004477
933 934 -0.3888588484817034
933 948 -0.4263853925679526
933 3425 0.2810763487350105
933 3440 -0.09238657284419176
933 3365 0.10463129937153928
933 3380 0.8008616265621795
933 3395 -1.0
933 3410 0.30933839683979125
934 935 0.38926778994900746
934 949 -0.2955788886603962
934 3605 -0.04968124414209408
934 3620 0.863371727485452
934 3455 -0.2788742133546815
934 3470 0.5785880245659172
934 3486 -0.05661045331525196
934 3501 -0.043780519981737334
934 3516 0.1940438349766914
934 3531 0.99604680772176
934 3545 -0.005194913586254586
934 3560 0.41441938609146994
934 3575 -0.06091265859949328
934 3590 -0.11526946566812986
935 950 0.08809722935448605
935 3785 0.45935876969030753
935 3800 0.020641852907605066
935 3635 -0.40435675292868234
935 3650 0.1045944833214752
935 3666 0.41184080426558534
935 3681 -0.3065026375582317
935 3696 -0.03488591896217941
935 3711 0.05545194556360043
935 3725 0.5377940442107585
935 3740 0.36215589655618213
935 3755 0.09304589549642255
935 3770 0.16324390744412393
948 949 -0.03694945365048779
948 3425 0.33082741245068126
948 3440 0.01200302369124077
948 3365 -0.3261775095465647
948 3380 0.8233331709274768
948 3395 0.1855682710607268
948 3410 -0.15319172072072038
949 950 0.4144391303374938
949 3605 -0.31291485240719125
949 3620 0.32464286046252205
949 3455 -0.0003910621283172021
949 3470 -0.13893680731621866
949 3486 0.05490886051980964
949 3501 0.3763085129895358
949 3516 1.0
949 3531 0.28901943152899107
949 3545 0.30587243043353723
949 3560 -0.5078052555690767
949 3575 0.5502365813715128
949 3590 -0.9373861369270976
950 3785 -0.3192464329170826
950 3800 -0.7119537489513642
950 3635 -0.25621642639732756
950 3650 -0.3455084420781295
950 3666 0.2739168697210438
950 3681 -0.7336327877924873
950 3696 0.17223948943076442
950 3711 0.7426152256562976
950 3725 -0.6032152869447727
950 3740 -0.7226602101625174
950 3755 1.0
950 3770 -0.08305068185622129
963 964 0.6731672665256563
963 978 -0.05949177705562089
963 3425 -0.18512741729671603
963 3440 -0.08887028316005455
963 3455 0.4281237808061292
963 3470 -0.17769648052278755
963 3486 0.5566781494036981
963 3501 0.1493135902367448
963 3516 -0.13857250313542815
963 3531 0.5546594502705474
963 3545 -0.757782816395675
963 3560 0.1449211854278904
963 3395 0.22962019804560632
963 3410 0.0783835215871669
964 965 -0.6869039659484015
964 979 -0.3745414403774713
964 3605 0.487324355625342
964 3620 1.0
964 3635 0.6066712276555396
964 3650 0.04962504039877496
964 3666 0.3935125179199579
964 3681 -0.2604311072036408
964 3696 -0.4108994869922743
964 3711 -0.12775631590525252
964 3725 0.3882662907561475
964 3740 0.5928595592164043
964 3575 0.007119671679951574
964 3590 -0.10042462017070251
965 980 0.3670335127759416
965 3785 0.3250611567810313
965 3800 -0.03338559038490615
965 3815 -0.360484007991007
965 3830 0.18543141720693054
965 3846 0.5939985000909616
965 3861 0.6526594191918056
965 3876 0.48922733884057734
965 3891 -0.42496684702999865
965 3755 0.168587875445121
965 3770 -0.14818348039417426
978 979 -0.23913039491203017
978 3425 0.3840726779776437
978 3440 -0.09978163581173428
978 3455 -1.0
978 3470 1.0
978 3486 0.2563683398700949
978 3501 0.011157166339714865
978 3516 -0.15122822945714007
978 3531 0.0461009128319335
978 3545 -0.062000761553147286
978 3560 -0.3685156883058892
978 3395 0.17993726555804965
978 3410 -0.4317153113638394
979 980 0.46241782794701447
979 3605 -0.6062915026878019
979 3620 -0.37920639759353275
979 3635 -0.7866564451899367
979 3650 -1.0
979 3666 -0.3310796750691992
979 3681 0.22401898282820012
979 3696 0.2251996395892911
979 3711 -0.27620039393048423
979 3725 0.10808158237157746
979 3740 0.5286719087578006
979 3575 -0.46888906667733316
979 3590 0.48142186125637015
980 3785 0.4098564497084025
980 3800 -1.0
980 3815 -0.4368512260223918
980 3830 0.26400853483916753
980 3846 0.56455898971073
980 3861 0.2855644623259166
980 3876 0.7251615807875729
980 3891 -0.4729298355573536
980 3755 -0.17955184755859996
980 3770 0.17484316479962056
993 994 0.44693111982721695
993 1008 -0.2501342210111074
993 3426 0.9883121249264415
993 3441 -1.0
993 3456 0.2171318869231937
993 3471 0.5345933683027093
993 3486 -0.22065118677188442
993 3501 0.8085348812936427
993 3516 -0.6956721516282351
993 3531 0.32715197911269744
993 3545 -0.6490244506661278
993 3560 0.026019316079664158
993 3395 -0.5500916835248082
993 3410 -0.17890114860281828
994 995 -0.3854216480286049
994 1009 -0.5915663527732893
994 3606 -0.12391445230790606
994 3621 0.3571319412296668
994 3636 0.38664164827443404
994 3651 -0.9971481892176699
994 3666 0.15320157789537164
994 3681 -0.30015390138148235
994 3696 -0.12469420506155962
994 3711 0.14370793604652748
994 3725 0.06904952951649525
994 3740 -0.04920446189812985
994 3575 -0.26215419910225135
994 3590 0.8075888445851629
995 1010 -0.8488770064292963
995 3786 -0.5293790415811777
995 3801 0.3687180599562147
995 3816 -0.9790231598136119
995 3831 0.4686435296712903
995 3846 0.3838335223569053
995 3861 -0.39792595826869814
995 3876 -0.31811922631932404
995 3891 0.11524411645060872
995 3755 1.0
995 3770 -1.0
1008 1009 -0.08854344187656073
1008 3426 0.22835903671058055
1008 3441 0.2890927325235322
1008 3456 0.2833013414931419
1008 3471 -0.12983813941481806
1008 3486 -0.4046028466950948
1008 3501 0.4171787381038021
1008 3516 -1.0
1008 3531 -0.5485789901889224
1008 3545 0.31285894145544063
1008 3560 -0.11017028264914601
1008 3395 0.6533394357400798
1008 3410 -0.03077892333752999
1009 1010 0.37813436902301373
1009 3606 0.11383040708320558
1009 3621 0.3882997959693053
1009 3636 -0.12915758991764234
1009 3651 -0.26994087665350014
1009 3666 0.3449840380628111
1009 3681 -0.35028957832637425
1009 3696 -0.2366899980577143
1009 3711 0.4840852855179833
1009 3725 -0.3974797658300277
1009 3740 0.15148796272656803
1009 3575 0.46086226268974956
1009 3590 -0.49044049463308287
1010 3786 -0.3533709716244521
1010 3801 0.10900163443454394
1010 3816 0.500157385883909
1010 3831 -0.504856520649496
1010 3846 0.4833484984860592
1010 3861 0.47535855102192165
1010 3876 0.1863311037271995
1010 3891 0.1531930008824712
1010 3755 -0.3434212124167472
1010 3770 0.5728642077371985
1023 1024 -0.1432490232992017
1023 1038 0.18103028345661812
1023 3426 -0.12451053444644081
1023 3441 0.16073921290050128
1023 3456 0.39628565686062717
1023 3471 -0.38445928023266673
1023 3486 0.044374991416496014
1023 3501 0.24133185041826247
1023 3365 0.5926604444291185
1023 3380 -0.18505632465711278
1023 3395 -0.03863078315293863
1023 3410 -0.33708579233313424
1024 1025 -0.1858449658007132
1024 1039 0.4347839943651069
1024 3606 0.2806925997238257
1024 3621 -0.5763611143962579
1024 3636 0.15149361118673682
1024 3651 -0.4233627528721772
1024 3666 0.3511763670099017
1024 3681 0.6052279875114311
1024 3516 -0.4541074666954843
1024 3531 0.7693496736710249
1024 3545 -0.005401999443989928
1024 3560 0.453715908482707
1024 3575 0.6841472630044412
1024 3590 -0.2899755989489312
1025 1040 -0.48963000297781356
1025 3786 0.3371788554734907
1025 3801 0.544419414706951
1025 3816 0.746965799151971
1025 3831 0.2846497878923625
1025 3846 -0.974107585679002
1025 3861 0.2689300010942286
1025 3696 0.16979311894585628
1025 3711 -0.0778680484693108
1025 3725 0.7717266347767613
1025 3740 -0.037169302991856265
1025 3755 -0.7182610569389201
1025 3770 -0.15866208077256877
1038 1039 -0.24670117318004195
1038 3426 -1.0
1038 3441 0.027180414491899712
1038 3456 -0.03614299382998908
1038 3471 -0.46942044651230835
1038 3486 -0.16170865277984295
1038 3501 -1.0
1038 3365 0.0890361165107475
1038 3380 -0.018603625449099354
1038 3395 -0.08551777967789682
1038 3410 -0.18411542445828805
1039 1040 0.15913315527276217
1039 3606 -0.005421957389320666
1039 3621 0.08356674536188707
1039 3636 -0.06028553188012785
1039 3651 -0.5551673398976734
1039 3666 -1.0
1039 3681 0.5223856105071779
1039 3516 0.3670211232772076
1039 3531 0.38838372700890994
1039 3545 0.7292601606439955
1039 3560 0.1812049360078666
1039 3575 0.2717795760571923
1039 3590 0.40646634836465273
1040 3786 -0.26949449639389805
1040 3801 -0.535855555521551
1040 3816 0.26565373864223746
1040 3831 0.4252715218835997
1040 3846 -0.6882415215832046
1040 3861 -0.41793604175991783
1040 3696 0.7175148103029065
1040 3711 -0.2279209529584615
1040 3725 0.4490993610293936
1040 3740 0.0722518984333606
1040 3755 1.0
1040 3770 -0.2988402744930162
1053 1054 0.44369471574096403
1053 1068 0.30482108968186933
1053 3426 -0.654734998335604
1053 3441 -0.42261198787646803
1053 3456 0.1806623451644426
1053 3471 0.30463846328663713
1053 3486 0.5091153886478585
1053 3501 0.001263683298293823
1053 3366 0.12813404537227963
1053 3381 0.3272783058708242
1053 3396 0.2910311976357875
1053 3411 -0.2130720308103228
1054 1055 -0.14421377575013705
1054 1069 0.033062277336177594
1054 3606 0.5263183066154493
1054 3621 -1.0
1054 3636 -0.05172705825691742
1054 3651 0.35721514401086446
1054 3666 -0.17412414677786506
1054 3681 0.21803942348597272
1054 3516 0.25775165510438836
1054 3531 -0.7143649614419609
1054 3546 0.5212137983267027
1054 3561 -0.387481325323445
1054 3576 -0.15502968193901207
1054 3591 -0.08763131827651272
1055 1070 0.599789987591648
1055 3786 -0.40754693901836525
1055 3801 0.05191756594531128
1055 3816 0.31529842533910307
1055 3831 0.43725449126243415
1055 3846 -0.2705541730409637
1055 3861 0.10515420134405938
1055 3696 -0.5157718177233165
1055 3711 1.0
1055 3726 0.17107494384484076
1055 3741 -0.15233386930444873
1055 3756 -0.7097787027552238
1055 3771 -0.1631394312193509
1068 1069 0.9159786505832034
1068 3426 -0.11509810855063815
1068 3441 -0.1991781186838343
1068 3456 -0.03239978177093848
1068 3471 0.17987149901998992
1068 3486 0.9150449664645944
1068 3501 -0.44522599905069316
1068 3366 0.31178050453396877
1068 3381 -0.5510589028096329
1068 3396 -0.6744929996806326
1068 3411 0.6876346390317263
1069 1070 -0.5991810704630492
1069 3606 -0.1252168705342273
1069 3621 -0.5900996862936283
1069 3636 0.20218129732269258
1069 3651 -0.00839684855888312
1069 3666 0.21618045055238413
1069 3681 -0.29835225645659935
1069 3516 -0.007142233376974198
1069 3531 -0.31700357656770906
1069 3546 -0.2743726827303981
1069 3561 -0.3737799511328746
1069 3576 -0.6248594762891077
1069 3591 -0.4165398697142172
1070 3786 0.03756870058412705
1070 3801 0.8502734886487399
1070 3816 -0.1592864829512596
1070 3831 -0.020883943691101407
1070 3846 0.09047975823551767
1070 3861 -0.05830488115043648
1070 3696 -0.3124290243790984
1070 3711 -0.744075605292817
1070 3726 0.4273733983490078
1070 3741 0.05310141971057118
1070 3756 -0.6134807057165422
1070 3771 -0.5993943430432369
1083 1084 0.4617033479499192
1083 1098 -0.21357560861349745
1083 3426 -0.3638189197099806
1083 3441 0.7493149085569472
1083 3366 0.14583793169341044
1083 3381 -0.06732732106224758
1083 3396 -0.21117036612567378
1083 3411 0.3346821233936272
1084 1085 -1.0
1084 1099 0.23661480328466594
1084 3606 1.0
1084 3621 0.5872744011884304
1084 3456 0.7497851222079944
1084 3471 0.4833636480657972
1084 3486 -0.6879587738678578
1084 3501 -0.16101553573024763
1084 3516 -0.7582025151687843
1084 3531 -0.5237832232558823
1084 3546 -0.10834691342920097
1084 3561 -0.5055820246063293
1084 3576 -0.1945004545821078
1084 3591 -0.055008650791951975
1085 1100 -0.11856953984890015
1085 3786 -0.2588890935739788
1085 3801 0.16999435665119936
1085 3636 0.4836250547112293
1085 3651 0.37076854616340293
1085 3666 -0.22575052373401255
1085 3681 0.18700015326185798
1085 3696 0.41481262112422734
1085 3711 0.3043557420853342
1085 3726 -0.15260610974080654
1085 3741 1.0
1085 3756 0.07611287259332161
1085 3771 0.14428738540682065
1098 1099 -0.09300597536401238
1098 3426 0.6567621404331073
1098 3441 0.26820268136301373
1098 3366 -0.7914679246621577
1098 3381 0.3034134245847305
1098 3396 -0.2869267168936199
1098 3411 0.1613215013851907
1099 1100 0.8947668040393957
1099 3606 -0.1027164680652824
1099 3621 0.059113135456812224
1099 3456 0.8676980847581753
1099 3471 0.26095463525450685
1099 3486 -0.02548899109087116
1099 3501 -0.28539201997012603
1099 3516 0.3832334506048266
1099 3531 -0.5081106498730664
1099 3546 -0.41401437912880135
1099 3561 -0.09655463343984018
1099 3576 0.0943645743543025
1099 3591 -0.692809959342772
1100 3786 -0.18656393041824254
1100 3801 0.5415615851761001
1100 3636 1.0
1100 3651 0.04274221097205805
1100 3666 -1.0
1100 3681 -0.740033629565035
1100 3696 -0.2808218618469025
1100 3711 0.02373718823716842
1100 3726 1.0
1100 3741 -0.6611332069922102
1100 3756 0.47042391122439425
1100 3771 0.595150310695041
1113 1114 1.0
1113 1128 0.5138397492363044
1113 3426 0.46618821987734116
1113 3441 0.41111224988217576
1113 3366 0.7480536478820489
1113 3381 -0.46443355820046023
1113 3396 -0.15965463295019777
1113 3411 -0.3401881870491937
1114 1115 0.44008887511585404
1114 1129 0.4025570465931275
1114 3606 -0.5915640148252281
1114 3621 0.2544610438856638
1114 3456 -0.5683277295297321
1114 3471 -0.9277308429408282
1114 3546 -0.16447794286469625
1114 3561 -0.06300641857339137
1114 3576 -0.6643300805205922
1114 3591 0.13044226117572877
1115 1130 0.8954736874680982
1115 3786 -0.4429593166890057
1115 3801 0.3777581996786246
1115 3636 -0.3268783189039466
1115 3651 0.2888049416315878
1115 3726 -0.16488915904543477
1115 3741 0.6771562368206956
1115 3756 -0.20944535069281905
1115 3771 0.38264351006769565
1128 1129 0.16441882396238838
1128 3426 0.7728534362125046
1128 3441 0.08807865651815804
1128 3366 0.7111010677336487
1128 3381 0.3381192260784478
1128 3396 -0.40557549833820067
1128 3411 0.29461661739056116
1129 1130 -0.8048278445300149
1129 3606 -0.8341489874263672
1129 3621 0.3588071697099873
1129 3456 0.47923155352584773
1129 3471 -0.6243580432976332
1129 3546 0.2740679466163417
1129 3561 1.0
1129 3576 -0.6709638151506019
1129 3591 0.06840609837805289
1130 3786 -0.8356693439595914
1130 3801 -0.01032141607848087
1130 3636 0.4123702796344372
1130 3651 0.549883379867
1130 3726 0.9696723426676921
1130 3741 0.6474934483937521
1130 3756 -0.14051844248237128
1130 3771 -0.5286070639768771
3364 3365 0.19572241574033944
3364 3379 0.9304001599702711
3365 3366 0.8767253229218712
3365 3380 0.10139459189886227
3366 3381 0.3245771280047091
3379 3380 -0.621168679190969
3380 3381 0.30735265574243537
3394 3395 0.2557793578895384
3394 3409 -0.5589007687007517
3395 3396 0.11092095153281638
3395 3410 0.1921218288008393
3396 3411 -0.11179445823316612
3409 3410 0.033956628700742106
3410 3411 0.8464266215328837
3424 3425 -0.124622589357671
3424 3439 0.3179958473688972
3425 3426 -0.04783688383273046
3425 3440 -0.5738090029387679
3426 3441 -0.6219664989784607
3439 3440 0.16991630581346162
3440 3441 -0.06312465132467124
3454 3455 -0.5175466448888095
3454 3469 -0.3155754648551244
3455 3456 -1.0
3455 3470 0.7979475329864512
3456 3471 -0.024237268019381718
3469 3470 -0.11842407917614953
3470 3471 0.12551570488499703
3484 3485 -0.7979729552533957
3484 3499 -0.6813270277643191
3485 3486 0.18499846502166564
3485 3500 0.28283302344210326
3486 3501 -0.3725922762693513
3499 3500 -0.5194287360999957
3500 3501 -0.16969074017815738
3514 3515 1.0
3514 3529 -0.6255019848707261
3515 3516 0.4524427640038803
3515 3530 0.5149636625669092
3516 3531 0.6621436896815407
3529 3530 -0.6097976428763684
3530 3531 0.19386858391448242
3544 3545 0.47539339978582645
3544 3559 -0.40900291837041536
3545 3546 -0.29657766269754554
3545 3560 -0.3030190312167932
3546 3561 -0.1529296575976155
3559 3560 0.176642168440118
3560 3561 0.573849574396816
3574 3575 -1.0
3574 3589 0.49153732464751143
3575 3576 -0.10831889077605038
3575 3590 0.5204975042880711
3576 3591 0.7076262766249382
3589 3590 -0.22590340600500544
3590 3591 -0.2763793837158955
3604 3605 -0.02603101992210984
3604 3619 -0.10860162014409284
3605 3606 0.005986924277515434
3605 3620 0.9650823082934636
3606 3621 0.373814352487465
3619 3620 0.27187842963121117
3620 3621 0.18001131425227665
3634 3635 -0.12718778099789277
3634 3649 0.8765616362101214
3635 3636 0.26871172831512957
3635 3650 0.9852219070926048
3636 3651 0.052381541680845405
3649 3650 0.1739824064868148
3650 3651 -0.52554033712411
3664 3665 -0.49266748788947384
3664 3679 -0.5208323225153388
3665 3666 -0.610510300821514
3665 3680 -0.2334069398982246
3666 3681 0.6154812523787808
3679 3680 0.11660833702172518
3680 3681 -0.39605957993865676
3694 3695 -0.7478379733216677
3694 3709 0.21509903107841655
3695 3696 -0.5383830482498466
3695 3710 -1.0
3696 3711 0.48424077419455985
3709 3710 0.7432581780374694
3710 3711 0.04270209270205873
3724 3725 0.6914115962351494
3724 3739 -0.1260864352198469
3725 3726 0.6030163955666706
3725 3740 -0.2197891352717125
3726 3741 -0.3895839228638338
3739 3740 0.10207850857940352
3740 3741 0.42740777037214767
3754 3755 -0.7319673752782317
3754 3769 -0.036540613854861036
3755 3756 0.22477571700254728
3755 3770 0.44541873573633195
3756 3771 -0.2514131791081935
3769 3770 0.5522354091979501
3770 3771 0.014845209503685897
3784 3785 0.6389868953716517
3784 3799 0.6301886696065669
3785 3786 -0.4836906120130247
3785 3800 0.19395250702369407
3786 3801 0.20277847369917956
3799 3800 0.3022758130256233
3800 3801 -0.29299409896287704
3814 3815 -0.3126410588369808
3814 3829 0.19030713514902373
3815 3816 -0.26505411107502636
3815 3830 0.3696691569873072
3816 3831 -1.0
3829 3830 0.7992119006635406
3830 3831 0.1252122409999127
3844 3845 -0.28674769859724025
3844 3859 1.0
3845 3846 0.6189551322302537
3845 3860 0.26248103979777504
3846 3861 -0.9003439168368074
3859 3860 0.22517128966049432
3860 3861 -0.3605576360280619
3874 3875 -0.09557165018270061
3874 3889 -0.1136997226830175
3875 3876 -0.07067760243776577
3875 3890 -0.10055894199293999
3876 3891 0.35206138439513923
3889 3890 0.4293267687043442
3890 3891 -0.6534149124688104
