# 
603 603 -0.7992642487215058
604 604 -0.6691942998076601
605 605 0.3272998317073291
618 618 -0.575268139910127
619 619 -0.8049508330634141
620 620 -0.034026679845581824
633 633 1.3018436707384378
634 634 -1.362107987351349
635 635 -0.6930701175166855
648 648 -0.7580935259535097
649 649 1.659158832441615
650 650 -0.7869956260316714
663 663 -0.37519952595486905
664 664 0.2717683537435329
665 665 1.5324084872193602
678 678 0.40896385563677395
679 679 -0.21929128601752776
680 680 0.5928781201469102
693 693 -1.3269942102124357
694 694 -2.6322009185421056
695 695 -0.9923829217341111
708 708 -0.16437174638405613
709 709 -0.3990981022791361
710 710 1.9511327166836385
723 723 0.37711660264220215
724 724 -0.8212045574693234
725 725 0.6774951557647096
738 738 -1.0679598373390329
739 739 0.7433672110451693
740 740 0.4206718729293208
753 753 1.062541778719222
754 754 0.06406333505018699
755 755 0.8592157877659964
768 768 1.6225342997731116
769 769 -0.13766539181723542
770 770 -0.7540858890098872
783 783 -1.7004107373835569
784 784 0.8378537354281931
785 785 0.24293783939859745
798 798 2.37128288105994
799 799 -0.14420866095818605
800 800 0.45910012180290016
813 813 -0.8334742292281717
814 814 -0.41505032644559303
815 815 0.00518470351192711
828 828 -1.3517243842776399
829 829 0.03174334052080357
830 830 0.9957283516246863
843 843 0.10918539281540972
844 844 -0.6866051575251967
845 845 -2.0243579904962465
858 858 -0.1463011701031577
859 859 -0.5885951153330765
860 860 1.0052361923054354
873 873 -0.05016667109778582
874 874 0.8772151707969342
875 875 0.39121327291783203
888 888 1.6797370230087458
889 889 0.5235604703936519
890 890 -1.1795546702420807
903 903 -0.634320996147599
904 904 0.643269311126665
905 905 -0.8749555171885653
918 918 -0.2714775217317309
919 919 0.0814323925640215
920 920 1.583638130273891
933 933 0.3016428385654259
934 934 0.3901115394474885
935 935 -0.857401015870158
948 948 -0.7026982276989804
949 949 0.9009100995736288
950 950 -0.9688993598532173
963 963 1.1362459987815374
964 964 -0.7913653606745901
965 965 0.7790560282286376
978 978 -1.534566652871571
979 979 -1.5683151271376559
980 980 0.07773050534774477
993 993 -0.2514697691142136
994 994 -2.5587220615004256
995 995 1.1102926642771611
1008 1008 0.09983525500153456
1009 1009 -0.40107731065287694
1010 1010 2.9501858073597957
1023 1023 -0.7183012399581572
1024 1024 0.04448359687873355
1025 1025 -0.4189129723602802
1038 1038 2.1606194842898314
1039 1039 -0.7272602497976216
1040 1040 -0.5725992385541634
1053 1053 -1.7279598383313575
1054 1054 -1.9009506776035217
1055 1055 0.2342153119126296
1068 1068 -0.3301924554127784
1069 1069 1.191153685243175
1070 1070 0.19636855500911746
1083 1083 -1.1141393085684015
1084 1084 0.4577821254784176
1085 1085 0.01993533785421493
1098 1098 -0.1769129547839506
1099 1099 0.15040753850836586
1100 1100 0.09866337132628841
1113 1113 0.9399133742358021
1114 1114 -0.3116340378686316
1115 1115 0.20384033434540846
1128 1128 0.09010141360345666
1129 1129 2.126029585908629
1130 1130 -0.3387360669839925
3364 3364 -1.5909569702191553
3365 3365 0.4235590092931539
3366 3366 0.26681753486011023
3379 3379 0.3475205892578633
3380 3380 -0.8890004876139915
3381 3381 0.5882023861072971
3394 3394 0.11329145633926144
3395 3395 -1.0045758398751787
3396 3396 1.5869851601345708
3409 3409 -0.3738248271404779
3410 3410 1.7723509622341247
3411 3411 -0.9457999425195251
3424 3424 0.13492410966972818
3425 3425 -0.8757603749743215
3426 3426 -1.126715645542555
3439 3439 1.7898503621658906
3440 3440 0.38826966083898207
3441 3441 -0.16759367191189667
3454 3454 -0.14837037578493267
3455 3455 -0.7168840058410568
3456 3456 1.321760278368328
3469 3469 -0.1269932224741304
3470 3470 0.018141836496296793
3471 3471 2.5198393463194164
3484 3484 0.6363787756901573
3485 3485 -1.9501429355895958
3486 3486 0.08954909087579124
3499 3499 0.9646442285936185
3500 3500 1.000390182891766
3501 3501 0.034069166465569733
3514 3514 -1.4596391446203003
3515 3515 0.15490264248085028
3516 3516 -0.05224337234446455
3529 3529 -0.12324691337215264
3530 3530 0.41757204643489715
3531 3531 1.0618828994369218
3544 3544 -0.9511911947957773
3545 3545 -1.328842917888127
3546 3546 -1.3464688072664872
3559 3559 -0.6072439661974203
3560 3560 0.8424112301006628
3561 3561 0.9677973510247985
3574 3574 -0.47287880273414584
3575 3575 1.2986810354819764
3576 3576 -0.7867928800024847
3589 3589 -1.9037055965630005
3590 3590 0.6297393832569228
3591 3591 1.1672651007886876
3604 3604 -0.19028124476009356
3605 3605 -1.3194225260599266
3606 3606 -1.2550080069643827
3619 3619 0.5426509016064771
3620 3620 0.576996833346297
3621 3621 0.745717619580742
3634 3634 1.2337859808665639
3635 3635 0.032092470987817125
3636 3636 -0.9590628509923913
3649 3649 1.5437300376500893
3650 3650 -0.4603905276730769
3651 3651 2.3266793674416166
3664 3664 -0.20222984703964852
3665 3665 0.6499338499881792
3666 3666 -1.1214514180192432
3679 3679 -0.22170708475908982
3680 3680 -1.2712230400106732
3681 3681 -0.3247519077170224
3694 3694 0.13846516457273667
3695 3695 -2.9536946216293125
3696 3696 1.5379937085513693
3709 3709 1.2857661360783643
3710 3710 0.4162222699766485
3711 3711 0.7749743676460406
3724 3724 -0.0776187625497993
3725 3725 0.5156046200802591
3726 3726 0.07178492645264034
3739 3739 -1.161066843201554
3740 3740 0.17627244372236556
3741 3741 0.741774296699515
3754 3754 -0.25286137045477336
3755 3755 -0.020897569827453964
3756 3756 -0.021001433390835433
3769 3769 -1.4388098498153001
3770 3770 -1.4285654371114493
3771 3771 0.2877772499979008
3784 3784 -1.2920054620849621
3785 3785 0.3818353298041646
3786 3786 1.9043214898830982
3799 3799 -0.433663676826807
3800 3800 0.9363953730921175
3801 3801 -2.696914053705513
3814 3814 -0.055187118252666506
3815 3815 -0.8257963900001838
3816 3816 0.1882584736553323
3829 3829 -1.0092196989062596
3830 3830 0.49342507207042385
3831 3831 0.37165628917449484
3844 3844 -0.8521198774205809
3845 3845 -0.10228016171369256
3846 3846 2.046019024100841
3859 3859 -0.06406823397559258
3860 3860 -0.5359565375397182
3861 3861 -0.2760683761348392
3874 3874 -0.30462193767430573
3875 3875 -1.3366524933771264
3876 3876 -0.09516578594637012
3889 3889 -0.8436211319368592
3890 3890 -0.45407809642705527
3891 3891 -1.3695925764426695
603 604 -0.014333354313430776
603 618 0.16660496145112114
603 3484 -0.8273177747384048
603 3499 0.31383702514121864
603 3514 0.41857311595776936
603 3529 -0.18191624709241594
604 605 -0.9551983878895972
604 619 -0.546916188281726
604 3664 -0.34476389907950566
604 3679 0.6997697497868672
604 3694 -0.2575035330739165
604 3709 0.2264549544433467
605 620 0.22804396514338288
605 3844 -0.4805611445002835
605 3859 0.517441324320121
605 3874 -0.31730758281607524
605 3889 0.572378942560129
618 619 -0.8126215927647675
618 3484 -0.04444993216097126
618 3499 -0.36327032993433567
618 3514 0.39325202259451236
618 3529 0.42879954454918545
619 620 -0.2301507097248354
619 3664 -0.37162962247418024
619 3679 -0.07425469508304834
619 3694 -0.5056603229526683
619 3709 0.1850693535738678
620 3844 -0.7863998295268568
620 3859 -0.7771258492791168
620 3874 0.01229597785162698
620 3889 -0.21179233622270777
633 634 -1.0
633 648 -0.6079492244384715
633 3424 -0.012636540728071511
633 3439 -0.5328073861620981
633 3454 0.14175793235784132
633 3469 -0.680636666033411
633 3484 0.5642792872006299
633 3499 0.042408791620912954
633 3514 0.41010533651051045
633 3529 -0.9288605892416056
634 635 -1.0
634 649 -0.20267377799752415
634 3604 -0.6393584134467685
634 3619 0.17909570404051062
634 3634 0.5346447524169406
634 3649 0.25097395682414
634 3664 -0.4239922456578919
634 3679 0.7129789987731983
634 3694 -0.6287777909969731
634 3709 1.0
635 650 -0.24122438518292244
635 3784 -0.17160385607750483
635 3799 -0.2074063739057018
635 3814 0.29358796128271897
635 3829 0.6418784439602601
635 3844 1.0
635 3859 0.19106440130905858
635 3874 0.8298966095954488
635 3889 0.24097846589617195
648 649 0.12720050927049542
648 3424 -0.3664972651915176
648 3439 -0.061460265108
648 3454 0.03012022907520688
648 3469 -0.14799315541266353
648 3484 -0.7975344021871719
648 3499 0.21957285260838197
648 3514 0.17783752975368972
648 3529 -0.03727778854831588
649 650 0.1459499610190982
649 3604 -0.14755079012448233
649 3619 0.7602359544170884
649 3634 -0.3981235326065679
649 3649 0.15453252388346592
649 3664 -0.6634402256537649
649 3679 -0.5423925532360564
649 3694 0.27463241174075587
649 3709 -0.19731559019162462
650 3784 0.02957073794395797
650 3799 0.32290045364500763
650 3814 -0.5073693081480826
650 3829 -0.589610343568244
650 3844 -0.3800272631164894
650 3859 0.3815327726325014
650 3874 0.2419371801587263
650 3889 0.4743531369343743
663 664 1.0
663 678 0.5128695049248745
663 3424 -0.16002113101667056
663 3439 0.1137456278951985
663 3454 0.17509723817380024
663 3469 0.17661183328122962
663 3484 -0.06477677811872208
663 3499 -0.31651295232687077
664 665 1.0
664 679 0.7820757816289597
664 3604 -0.7255993017997162
664 3619 -0.6908525432537753
664 3634 -0.24374822692921572
664 3649 -0.35679641073180185
664 3664 -0.29614859910841607
664 3679 -0.6108992753033817
664 3514 -0.3760562773883011
664 3529 -0.44662997640892044
665 680 0.1332751386438048
665 3784 -0.2950673987857674
665 3799 0.6423499044870863
665 3814 -0.12637583546206385
665 3829 0.7529330321100423
665 3844 -0.4670822234518089
665 3859 -0.5471472430668792
665 3694 -1.0
665 3709 0.19851646945679252
678 679 -0.5974147934046075
678 3424 -0.08486434653134318
678 3439 -0.35428100597217016
678 3454 -0.3491631580723086
678 3469 -0.5666534458013244
678 3484 1.0
678 3499 -0.5065660147345337
679 680 -0.16302780600332836
679 3604 0.45019133634060665
679 3619 0.8047084435798986
679 3634 -0.3667405682151395
679 3649 0.4911458265900011
679 3664 0.051626113212237174
679 3679 -0.31551072228440524
679 3514 -0.08244503105980078
679 3529 0.7277088070325954
680 3784 0.2051294768945316
680 3799 0.23289087748968182
680 3814 -0.7342352762088723
680 3829 0.23931389940440087
680 3844 -0.08864188293335243
680 3859 -0.3222107982432589
680 3694 0.8727745270795192
680 3709 -0.28265801278661945
693 694 -0.013827189589115425
693 708 -0.4992704141133416
693 3424 -1.0
693 3439 -0.011278901199653902
693 3454 0.14328617217466105
693 3469 0.390457156908165
693 3484 -0.7881344933895186
693 3499 0.7474531504590782
693 3364 0.6026179791900697
693 3379 -0.505787575639276
693 3394 0.20295296953043143
693 3409 0.03852677265498081
694 695 0.02893204839351848
694 709 1.0
694 3604 -0.05052404038124911
694 3619 0.17261596329085277
694 3634 0.051785613188883695
694 3649 0.7632549992190735
694 3664 0.22174331970141312
694 3679 -0.6881380503599717
694 3514 0.45287915938253487
694 3529 -0.4092660088372061
694 3544 -0.3582398067113094
694 3559 0.224513127303139
694 3574 0.21380167246536874
694 3589 0.5552484975282708
695 710 -0.039401618363144486
695 3784 -0.7962023511673146
695 3799 -0.430148479606232
695 3814 0.5857847301287251
695 3829 0.5017780263200131
695 3844 0.14269056552397721
695 3859 -0.9919226884531874
695 3694 -0.7447477297196926
695 3709 0.6497197455273538
695 3724 0.5045749760538554
695 3739 0.5632783139746775
695 3754 0.25666795443021595
695 3769 0.18706127433379
708 709 0.7280778029045916
708 3424 0.9930572780942208
708 3439 0.2988123376408011
708 3454 0.3127882840263506
708 3469 0.32945096770363425
708 3484 0.02646431159521334
708 3499 0.8659480877188757
708 3364 0.7844802895089041
708 3379 -1.0
708 3394 1.0
708 3409 -0.0006989491685591244
709 710 -0.07958893923910411
709 3604 0.5477632677865429
709 3619 -0.10802082737577094
709 3634 0.0032870347452809688
709 3649 -0.6129251437190191
709 3664 0.16164391944452577
709 3679 -0.6480789583018607
709 3514 0.4739157346024573
709 3529 0.5753916404366533
709 3544 0.46226951145134654
709 3559 0.11515055885247483
709 3574 1.0
709 3589 -0.7760407506196011
710 3784 0.2157829398894876
710 3799 -0.06771334034503411
710 3814 0.19763651117939565
710 3829 -0.149768733628523
710 3844 0.5550622682013374
710 3859 -0.590378795256176
710 3694 -0.013098302056336398
710 3709 -0.07550308081845297
710 3724 -0.6199762943762112
710 3739 -0.055151410981243126
710 3754 -0.48985972897584973
710 3769 -0.14020904493221548
723 724 0.6485823387918452
723 738 -0.45781168338004447
723 3424 0.16026327586351644
723 3439 -0.3539643381461084
723 3364 -0.1457841583921711
723 3379 0.4174679783572325
723 3394 -0.36377065845308787
723 3409 -0.33670081993642254
724 725 0.21881676339347622
724 739 0.7256831946402995
724 3604 -0.5988163285499918
724 3619 -0.5522050220960467
724 3454 -0.12255185338993728
724 3469 0.13977799471949318
724 3484 0.6117013652696869
724 3499 -0.24537694752401581
724 3514 -0.818685454541425
724 3529 0.697940760534086
724 3544 0.7028462498279192
724 3559 1.0
724 3574 0.07584073717202007
724 3589 -1.0
725 740 0.14176840557220793
725 3784 0.021316719305218636
725 3799 0.19392227923648128
725 3634 0.12565104341373046
725 3649 0.09712476598121532
725 3664 0.6747161849431907
725 3679 -0.3733910139630974
725 3694 0.8386993116270189
725 3709 0.4228795844759735
725 3724 -0.6543081027173352
725 3739 -0.6557699933155521
725 3754 -0.45751823903204825
725 3769 -0.06149454430199249
738 739 -0.5345790125245076
738 3424 0.4205779165216119
738 3439 -0.15761781271643072
738 3364 -0.6093739753671391
738 3379 -0.4044248092981723
738 3394 0.41938283547613947
738 3409 -0.9974276870237925
739 740 0.11861857367746023
739 3604 -0.10417941800942869
739 3619 0.7052457774770016
739 3454 -0.568006936833447
739 3469 0.5961791440206569
739 3484 0.5010852011968427
739 3499 -0.47137292844815426
739 3514 0.5618558243690818
739 3529 0.7671299909812825
739 3544 -0.6026763419535182
739 3559 -0.12647842170695311
739 3574 0.24983431757428748
739 3589 -0.8068089418308618
740 3784 -0.8704290388520375
740 3799 0.3497006278896095
740 3634 -0.45516427943431403
740 3649 0.03678484782347555
740 3664 0.08540539507419333
740 3679 -0.3040237617207838
740 3694 -0.5196375667892688
740 3709 -0.2754288069167669
740 3724 0.6379569767474785
740 3739 0.4401233485115154
740 3754 -0.06934436025084206
740 3769 -0.12629217855310465
753 754 -0.2596174461152796
753 768 0.42854878793047685
753 3424 -0.5445030476948565
753 3439 -0.49576481788444243
753 3364 -0.10434202187573122
753 3379 0.5468323874733337
753 3394 0.7490326133746584
753 3409 0.29026385111503
754 755 -0.6813909584249315
754 769 0.5441804300024553
754 3604 0.05103875849369421
754 3619 -0.9837255695689157
754 3454 -0.3539405872944211
754 3469 -0.7899468064134783
754 3485 0.6626876215658071
754 3500 -0.18507959539657584
754 3515 -1.0
754 3530 0.7313492334268111
754 3544 0.8986981988227357
754 3559 -0.08672442486219455
754 3574 0.2008882171526311
754 3589 0.17595606427217003
755 770 -0.6704290230778193
755 3784 0.046347167853326036
755 3799 -0.5376183479702621
755 3634 -0.656611976436088
755 3649 -0.22022605896316427
755 3665 0.11030022343353414
755 3680 0.3307622823967015
755 3695 -0.9667145460615244
755 3710 0.36327107395636743
755 3724 -0.334477150892139
755 3739 -0.43933086136390936
755 3754 -0.639435838851165
755 3769 0.058495510531911564
768 769 0.02100453933558785
768 3424 -0.7224495132448722
768 3439 0.4958421469342607
768 3364 0.6539997315664369
768 3379 -0.18098572464352922
768 3394 -0.5232919347577508
768 3409 -0.12439595513300877
769 770 -0.9664292823259586
769 3604 -0.49575082007205773
769 3619 -0.1191966473339779
769 3454 -0.5051642634954174
769 3469 1.0
769 3485 0.031074742044645293
769 3500 0.3696403981541806
769 3515 -0.5779594353327291
769 3530 0.8061072105339493
769 3544 1.0
769 3559 1.0
769 3574 0.75382648882375
769 3589 -0.5739906315256648
770 3784 -0.18260280001206253
770 3799 -0.3011968432211493
770 3634 0.2320743741758075
770 3649 0.009588469794188354
770 3665 -0.1670222769838686
770 3680 -0.8775508304298587
770 3695 0.1511466814386117
770 3710 0.548636008859162
770 3724 -0.4175112767513892
770 3739 -0.4875519630915413
770 3754 0.4419117019054184
770 3769 0.27830917288027684
783 784 -0.5360677154023874
783 798 0.04407595722478779
783 3424 -0.1194781074038049
783 3439 0.08885171938880564
783 3454 -0.19081988492615637
783 3469 0.11769420938945557
783 3485 0.07823605612924221
783 3500 -0.15563240298516182
783 3515 -0.08646068956354158
783 3530 0.38052334078566014
783 3544 0.4336759831925655
783 3559 -0.09874962769671855
783 3394 0.6917718507768483
783 3409 0.02260736001292697
784 785 0.06157637850292691
784 799 0.5475986602079376
784 3604 0.8080809466305423
784 3619 0.35767414062872255
784 3634 -0.4331134695318855
784 3649 0.05526619323442095
784 3665 -0.1177244237395217
784 3680 0.7577144766912594
784 3695 -0.7559085535625695
784 3710 0.5811461065587459
784 3724 -0.13274511900435315
784 3739 -0.9148884434072269
784 3574 -0.4605712750761478
784 3589 -0.24771917528346354
785 800 -1.0
785 3784 0.3323210058744556
785 3799 -0.1544222811398563
785 3814 0.5278874796168105
785 3829 0.18582956786000276
785 3845 -0.22730561288764506
785 3860 -0.16930297200737354
785 3875 -0.5590836002625073
785 3890 -0.6617155598500117
785 3754 -0.3273442690882933
785 3769 0.5834431914429868
798 799 0.45140575684230083
798 3424 0.09643413280384189
798 3439 -0.5055404851823234
798 3454 -0.0871249731622005
798 3469 -0.2491440246625628
798 3485 0.5492967431399254
798 3500 -0.43909568331320764
798 3515 0.047988764669805346
798 3530 -0.6401858421686579
798 3544 0.004594474787662442
798 3559 -0.25849108869671844
798 3394 -0.041667514632745345
798 3409 0.5557720895236765
799 800 0.2822342814008034
799 3604 -0.08628422598550173
799 3619 0.8656802778316356
799 3634 0.14220883880815036
799 3649 -0.10355385193136979
799 3665 0.3314927247114308
799 3680 0.4322099004824731
799 3695 -0.9669089371516583
799 3710 -1.0
799 3724 -0.8130329728390316
799 3739 0.18402726419639936
799 3574 0.017861933972652184
799 3589 -0.3875569334149064
800 3784 -0.25914923398630335
800 3799 -0.04385348949445686
800 3814 -0.7706394683246486
800 3829 -0.6354780772485881
800 3845 -0.17843557991016287
800 3860 0.343700340852722
800 3875 0.49956050144330877
800 3890 -0.20168005180887205
800 3754 -0.5761724762285486
800 3769 -0.11783012469962495
813 814 0.3169846746958349
813 828 -0.13126799744222653
813 3425 0.054691148316615
813 3440 0.4798329463254695
813 3455 -0.2538975887934866
813 3470 0.1446540739548792
813 3485 -0.5469816742432918
813 3500 0.5423776955842945
813 3515 0.40351159489909666
813 3530 0.7142275454566721
813 3544 0.3626641727030909
813 3559 -0.7520885313321201
813 3394 0.09870899913748753
813 3409 -1.0
814 815 -1.0
814 829 -0.4396402237290445
814 3605 0.9489165274914959
814 3620 1.0
814 3635 -0.27539036883402856
814 3650 0.3715921496614393
814 3665 0.33503875640207403
814 3680 0.26316829190155794
814 3695 -0.051978698793204055
814 3710 0.013204240468054202
814 3724 -0.5753841774336605
814 3739 0.4278484254541158
814 3574 0.2525956712517659
814 3589 -0.6937988992611277
815 830 0.3743378819512528
815 3785 -0.5542362109313622
815 3800 -0.6778170336665161
815 3815 -0.19308803670245028
815 3830 -0.07907053266298877
815 3845 -0.10847735386343606
815 3860 -0.3878086706227661
815 3875 -0.234627401338775
815 3890 -0.7629110404661009
815 3754 -0.693120110086013
815 3769 -1.0
828 829 -0.12372657772997801
828 3425 0.7776721859850082
828 3440 0.2561781257261089
828 3455 -0.01662317566929158
828 3470 -0.8767423425903195
828 3485 -0.24636934081956283
828 3500 -0.27248548758777524
828 3515 0.12966369811164538
828 3530 -0.08318715568727159
828 3544 0.1648303407061503
828 3559 -0.8574893873817906
828 3394 -0.6445080063263351
828 3409 0.11043619466281401
829 830 0.47044679692805125
829 3605 0.44466348828382446
829 3620 -0.22677802445299536
829 3635 -0.6906053889159532
829 3650 0.636649654458383
829 3665 0.3344874349014401
829 3680 -0.8747526379982956
829 3695 -0.5556454280464211
829 3710 0.30924895517327766
829 3724 -0.3112920618072156
829 3739 0.4855700035093496
829 3574 -0.7410440007255903
829 3589 0.13474288353642966
830 3785 -0.2965218182249631
830 3800 0.2641549452996791
830 3815 -0.16352260436284646
830 3830 -0.879920964067631
830 3845 0.30183084042414215
830 3860 0.4394014548562194
830 3875 -0.36660861060019484
830 3890 0.034939727614729015
830 3754 -0.6105681693106769
830 3769 -0.598751471049182
843 844 -0.6618981082026795
843 858 -1.0
843 3425 -0.14862826476102792
843 3440 0.3761270673090185
843 3455 -0.35116214405339125
843 3470 0.9808170187045664
843 3485 0.02083454772950193
843 3500 -0.67422274460319
843 3364 0.2584581842268431
843 3379 0.09853237918036957
843 3394 -0.3971111797757379
843 3409 -0.37936011252710194
844 845 -0.4217567212614077
844 859 0.11050276470264093
844 3605 -0.08028690535220635
844 3620 -0.45604442183852056
844 3635 -0.7716222346750891
844 3650 -0.21052090515510838
844 3665 0.10863014068889437
844 3680 -0.035722612708854566
844 3515 -0.03675647000834896
844 3530 0.2376127503076736
844 3544 0.024788530845957425
844 3559 0.2580714836365715
844 3574 0.45234459858676923
844 3589 -0.2513360027064475
845 860 0.2998764074940803
845 3785 -0.2177222927706207
845 3800 -0.28567919919497264
845 3815 -0.3892751907952718
845 3830 -0.02800421991927144
845 3845 0.07999959804135476
845 3860 -0.6291933066543235
845 3695 0.4756091479317671
845 3710 -0.08870586802514417
845 3724 0.0396387367084511
845 3739 0.11448073668087133
845 3754 -0.13693121841637976
845 3769 -0.7334931141281933
858 859 -0.6245230692096292
858 3425 -0.18601334554169607
858 3440 -0.20536979288528434
858 3455 -0.6397845058720507
858 3470 -0.34233200292488375
858 3485 -0.3589484065432334
858 3500 -0.48651077791810904
858 3364 -0.7281505293441477
858 3379 0.31192964947357094
858 3394 -0.07138644913329563
858 3409 -0.48099441919045055
859 860 0.23225483139497125
859 3605 0.031025691124409248
859 3620 -1.0
859 3635 0.4869072854021143
859 3650 0.19635958838590797
859 3665 -0.13487606726861456
859 3680 -0.019818072739403086
859 3515 -0.5506370922158738
859 3530 -0.10909413176770079
859 3544 -0.2500560169615082
859 3559 0.099066495007361
859 3574 -0.410358147974995
859 3589 -0.24265898298359495
860 3785 0.9857537204436987
860 3800 0.6606991796333204
860 3815 -0.5361114880777789
860 3830 0.36146497279487855
860 3845 -0.4340784567168986
860 3860 0.7828481056488885
860 3695 0.4610040347697283
860 3710 -0.8785177975962495
860 3724 -0.08425190766895464
860 3739 1.0
860 3754 -0.32464027466371453
860 3769 -0.2081195721975136
873 874 -0.5838626494410899
873 888 -0.12710126601473945
873 3425 0.2256321258606713
873 3440 -0.46965579731569423
873 3455 0.6305839465901139
873 3470 0.17543804199592675
873 3485 -0.9993155460889223
873 3500 0.13644644473088646
873 3365 0.764098409456012
873 3380 -0.5509292614897096
873 3395 0.3403304086004898
873 3410 0.3837141749190567
874 875 0.6615551043659289
874 889 0.3084882616250258
874 3605 -0.5545822264039565
874 3620 0.29838983637140076
874 3635 0.42868896598574946
874 3650 -0.27647716840215797
874 3665 0.39939898656757417
874 3680 -0.22936209427552484
874 3515 1.0
874 3530 -0.2500017064000598
874 3545 -0.28243064979030863
874 3560 0.4430100929639379
874 3575 -0.18984380980536328
874 3590 0.7367697965682216
875 890 -0.9528536681358976
875 3785 0.516310411962886
875 3800 0.5208332955615488
875 3815 -0.21557100137877747
875 3830 -0.6875515354145163
875 3845 0.31623303234665495
875 3860 -0.2646485357466352
875 3695 0.5538905781302456
875 3710 -0.34796006605045326
875 3725 -0.021565344417119964
875 3740 0.009367245852052754
875 3755 0.4600149162730623
875 3770 0.11180566580863255
888 889 -0.19370913222030633
888 3425 0.13345413425942104
888 3440 0.2233327474340247
888 3455 -0.20324353787370333
888 3470 -0.11257426030426378
888 3485 -0.12688237388143836
888 3500 0.39177264963694036
888 3365 -0.13310347070154108
888 3380 0.44986270986794163
888 3395 0.5351142994058953
888 3410 0.05384373594837623
889 890 -0.29544095670088616
889 3605 0.6977453314956984
889 3620 -0.17955931978481465
889 3635 -0.4696281836660695
889 3650 -0.18384895126607
889 3665 0.555212149289329
889 3680 0.6906878668071587
889 3515 0.47896830316062383
889 3530 0.034846297028512795
889 3545 0.24491810288563517
889 3560 -0.28809850702443157
889 3575 -0.12351999021501049
889 3590 -0.5669333015138643
890 3785 -0.2765519454796221
890 3800 -0.02147104309955925
890 3815 0.6035717665586071
890 3830 0.45239569494526977
890 3845 -0.2232457462800245
890 3860 -0.3718440553819342
890 3695 -0.4822094978059522
890 3710 -0.133917059043786
890 3725 0.23381286046136798
890 3740 -0.2197542684319026
890 3755 -0.528997873458711
890 3770 -0.18866965432398772
903 904 -0.28735379896208674
903 918 0.38642837676594183
903 3425 -0.26470113874613027
903 3440 -0.05008530551873631
903 3365 0.42570689318182425
903 3380 0.34023643063494285
903 3395 -0.08475879583915479
903 3410 -0.3713734453235432
904 905 -0.8195090727840211
904 919 0.1673293775789216
904 3605 0.6751587867704538
904 3620 -0.39300948358266374
904 3455 -0.5524971025010293
904 3470 -0.3519221122061169
904 3485 0.4116747015683082
904 3500 -1.0
904 3515 -0.45229639410615224
904 3530 -0.43532004760668636
904 3545 0.6657501288530607
904 3560 0.21109139272838062
904 3575 -0.2970622420042609
904 3590 0.4825681018432352
905 920 -0.5652866477043708
905 3785 0.3751952958131394
905 3800 0.8845903321414197
905 3635 -0.05777377089144941
905 3650 -0.6441482232542264
905 3665 -0.17531191438638385
905 3680 -0.39562518073781516
905 3695 -0.4983801522033816
905 3710 0.08621329086361817
905 3725 -0.36443637720026434
905 3740 -0.2514510975087188
905 3755 -0.08479427319323848
905 3770 0.18584400224097594
918 919 -0.28140465896564865
918 3425 0.7411380938676814
918 3440 0.34228553950607404
918 3365 0.44215723792341427
918 3380 0.056842422578993385
918 3395 -0.45814147214615536
918 3410 -0.31063513139974785
919 920 0.6264631108013746
919 3605 0.3830704045871497
919 3620 -0.4789211182806269
919 3455 0.1140080651484454
919 3470 0.015015741114729364
919 3485 1.0
919 3500 -1.0
919 3515 0.6869798149964285
919 3530 -0.9741952883253459
919 3545 -0.5580794650093384
919 3560 -0.2845705839655008
919 3575 -0.5662688585457941
919 3590 -0.11866461975847067
920 3785 -0.5667190645799333
920 3800 -0.5500728894930232
920 3635 -0.05745163520665255
920 3650 -0.20673044854328165
920 3665 0.5275332981990907
920 3680 -0.6040521803204383
920 3695 -0.25699563027215233
920 3710 -0.3197021681211312
920 3725 0.9244075095928259
920 3740 -0.27281348148460044
920 3755 -0.1763439184384948
920 3770 -0.8989464776908647
933 934 -0.14028384234163557
933 948 -0.2089907312612287
933 3425 0.24920042396643405
933 3440 0.017703806896755356
933 3365 0.9040211493697856
933 3380 -0.045806943129889935
933 3395 0.32529545985968356
933 3410 0.24448089938675444
934 935 -0.4704368819319859
934 949 -0.2841518842575273
934 3605 -0.5332019372096061
934 3620 0.5878683822761492
934 3455 -0.13849622256573788
934 3470 -0.40822590427586536
934 3486 0.5776428759937753
934 3501 0.2616783745577664
934 3516 -0.914721321524247
934 3531 -0.09449205102330793
934 3545 0.4452099767492315
934 3560 -0.671022437291305
934 3575 1.0
934 3590 0.7484838291039608
935 950 -0.20652307852268306
935 3785 -0.4852896312211075
935 3800 -1.0
935 3635 0.7332487296876519
935 3650 -0.21169917295867488
935 3666 -0.3238536714847814
935 3681 -0.3163212988111208
935 3696 -0.34580259585133605
935 3711 0.06750734377094372
935 3725 0.48401558443644715
935 3740 -0.10692092634784714
935 3755 1.0
935 3770 0.2625142470862018
948 949 1.0
948 3425 0.22208486056842378
948 3440 -0.7225254423583711
948 3365 -0.23064283249744302
948 3380 -0.2420599612238025
948 3395 -0.5636671265215574
948 3410 -0.9261712706189247
949 950 -0.9832416816486477
949 3605 -0.6427688108984747
949 3620 0.2606438076154321
949 3455 0.09593643417804039
949 3470 0.20731218636407947
949 3486 0.46440822328782444
949 3501 -0.449486268068467
949 3516 0.4008525133548042
949 3531 0.2433105510070478
949 3545 -0.6160054104744289
949 3560 0.09611064397085399
949 3575 0.7667778921901816
949 3590 0.4392278042783498
950 3785 0.42300945884288466
950 3800 0.4118203693590646
950 3635 -0.0050550392348722994
950 3650 0.36685225771115165
950 3666 -0.3038922556299904
950 3681 -0.6974230939349526
950 3696 0.16864671530020803
950 3711 0.764581812296207
950 3725 -1.0
950 3740 -0.11380233131660634
950 3755 -0.1884187978397912
950 3770 -0.32827011852053023
963 964 0.6987178108385312
963 978 -0.46542939162841773
963 3425 0.11873330307628624
963 3440 0.7960372860805108
963 3455 0.07460968826381344
963 3470 0.6400661464918191
963 3486 -0.16321226452208057
963 3501 -0.47198043778762855
963 3516 -0.4926512301874911
963 3531 -0.0730010846576499
963 3545 -0.04196785636884549
963 3560 0.1063891289921035
963 3395 -0.14495661648454572
963 3410 -0.3482835609663656
964 965 -0.91024869418765
964 979 -0.29268646590893677
964 3605 -0.7995492976311478
964 3620 -0.6383747960008256
964 3635 -0.30680524085141403
964 3650 0.4753776790642507
964 3666 -0.14899818531597667
964 3681 -0.34326373402266247
964 3696 0.6842469764849513
964 3711 0.6176604008497756
964 3725 -0.45204612931455984
964 3740 -0.5424653418573373
964 3575 -0.42090548268175404
964 3590 -1.0
965 980 0.7272669260299697
965 3785 -0.8424704594893898
965 3800 0.08890864104778605
965 3815 0.23791378383676387
965 3830 -0.5326465189961604
965 3846 1.0
965 3861 -0.42951022314111775
965 3876 0.17663534703301287
965 3891 0.2004537046065348
965 3755 0.9089935777253915
965 3770 0.08321273426105417
978 979 0.16689861338928172
978 3425 -0.8601686512837496
978 3440 -0.06409150768738878
978 3455 -0.8557221572955506
978 3470 -0.12552994537939735
978 3486 -0.07141124308477788
978 3501 -0.40635968333490763
978 3516 0.3230877265018491
978 3531 -0.13578459557192815
978 3545 0.3869356241656832
978 3560 -0.19417267298456595
978 3395 -0.14055893666593758
978 3410 1.0
979 980 0.14394829297788217
979 3605 -0.24056338588370457
979 3620 0.7162124037045038
979 3635 -0.10373505129128317
979 3650 0.10885196261009665
979 3666 -0.19234043224039302
979 3681 -0.43481519228344157
979 3696 -0.5371476568742563
979 3711 -0.12430379268829708
979 3725 -0.20912247175537466
979 3740 0.9813749300662593
979 3575 -1.0
979 3590 0.18557733261543188
980 3785 0.2730978938354511
980 3800 0.43842831702377943
980 3815 0.6451625821730463
980 3830 -0.15257295674941984
980 3846 0.357170894306418
980 3861 -0.6626388188535687
980 3876 -1.0
980 3891 -1.0
980 3755 1.0
980 3770 -0.4687697485050885
993 994 -0.08756567752311932
993 1008 0.32775493090850094
993 3426 0.18864264951654572
993 3441 -0.17973956042413416
993 3456 0.13295351283605397
993 3471 -0.40915209510601025
993 3486 -1.0
993 3501 0.9471840099215255
993 3516 -0.13939345527715039
993 3531 0.5883316074428745
993 3545 0.18668586069072032
993 3560 -0.9681707283816158
993 3395 -0.4718142566736582
993 3410 0.10572704552133394
994 995 -0.053052432375167366
994 1009 0.4589880161913458
994 3606 0.1523935899042597
994 3621 0.30655794970103367
994 3636 -0.941536040298603
994 3651 0.538684169180195
994 3666 1.0
994 3681 -0.3852596668507503
994 3696 0.022413973544430945
994 3711 -0.7965010247455543
994 3725 -0.8825399140774657
994 3740 -0.6053992130411362
994 3575 -1.0
994 3590 -0.20987809436418067
995 1010 -0.3781057244897291
995 3786 -0.3278534077491632
995 3801 -0.4815953373858432
995 3816 0.335003422002455
995 3831 -0.4510149017528881
995 3846 0.17603202037536564
995 3861 0.2350703292596998
995 3876 -0.7227233412990602
995 3891 0.7141372320744541
995 3755 -0.36800996929496643
995 3770 -0.16123686309295288
1008 1009 0.3918886689455127
1008 3426 -0.4885392892931762
1008 3441 0.19893961697788817
1008 3456 -0.14237660466337757
1008 3471 0.1705661942567262
1008 3486 0.5060555854065585
1008 3501 -0.5657457154450911
1008 3516 -0.9889459321972938
1008 3531 -0.13483028874637737
1008 3545 -0.2385133636748593
1008 3560 -0.2637865130649513
1008 3395 -0.027513589284540837
1008 3410 0.3904168250684569
1009 1010 -0.4041512684389593
1009 3606 0.05855230558677149
1009 3621 0.6466282864896807
1009 3636 -0.40276857067352506
1009 3651 -0.18908434988811673
1009 3666 0.4580319226035256
1009 3681 -0.2968501432733801
1009 3696 -0.4285666512339828
1009 3711 0.2975890267480724
1009 3725 0.09895704067335213
1009 3740 0.4029604829296657
1009 3575 1.0
1009 3590 0.19340081368812512
1010 3786 -0.8456145821855193
1010 3801 0.017153139307037074
1010 3816 -0.49591634323505995
1010 3831 -0.24419541967585623
1010 3846 -0.2993472322090223
1010 3861 -1.0
1010 3876 -0.6673818435713712
1010 3891 -0.7601106190701632
1010 3755 -0.4137705383210714
1010 3770 -0.28989776053281935
1023 1024 -0.5581214709914628
1023 1038 -0.05055303438361214
1023 3426 -0.18329131802798276
1023 3441 -0.2861103847800589
1023 3456 -0.07404273561933536
1023 3471 -0.4576281228397621
1023 3486 -1.0
1023 3501 0.4822657759952239
1023 3365 0.1226182639370515
1023 3380 -1.0
1023 3395 0.11301470720214454
1023 3410 0.06567496041617861
1024 1025 -0.2609158329960245
1024 1039 0.1746129512064969
1024 3606 -0.010023737855928711
1024 3621 -0.07060321903207067
1024 3636 0.15393702960924235
1024 3651 0.651569276860109
1024 3666 0.28171107099208137
1024 3681 0.8533403838701045
1024 3516 0.45692289833634264
1024 3531 0.14593945980114467
1024 3545 0.39309640141509744
1024 3560 0.6624801659795273
1024 3575 0.953315899572054
1024 3590 0.1566525321381838
1025 1040 -0.4155477903873512
1025 3786 -0.4405390976264732
1025 3801 0.9453182097260532
1025 3816 0.5916318052775936
1025 3831 0.3959822727418125
1025 3846 0.7310620973248715
1025 3861 -0.8122246737976894
1025 3696 0.3213019012585452
1025 3711 0.32320637173788197
1025 3725 0.4152620990272074
1025 3740 -0.484576929248746
1025 3755 -0.42838130840410704
1025 3770 -0.30227170600352526
1038 1039 0.4218419552286687
1038 3426 0.1620805788009026
1038 3441 -0.9567210402990575
1038 3456 0.3272188456086596
1038 3471 -0.36492974154412633
1038 3486 -0.24504257034872576
1038 3501 0.22162621397679522
1038 3365 0.19204967509180912
1038 3380 0.09392254325717617
1038 3395 -0.2631240631421701
1038 3410 0.3020808440586859
1039 1040 0.6498345901199902
1039 3606 -0.5041287948731866
1039 3621 -0.5069958428224469
1039 3636 0.3456485909847855
1039 3651 0.8470142525985113
1039 3666 0.3856537806539538
1039 3681 0.18382084178928357
1039 3516 -0.3273021223507199
1039 3531 -0.37102362373503023
1039 3545 0.6418367661995952
1039 3560 -0.26161002074568307
1039 3575 -0.9675580717819768
1039 3590 -0.5176854041183565
1040 3786 -0.026778545431544724
1040 3801 -0.5664541311863612
1040 3816 0.10222651154260542
1040 3831 -0.15006854446725784
1040 3846 0.4528133770663152
1040 3861 0.6997604299093131
1040 3696 -0.4661469427697836
1040 3711 0.9345712697801479
1040 3725 0.35334315020475265
1040 3740 -0.1514388164865615
1040 3755 -0.21575682943629104
1040 3770 -0.19463529286765624
1053 1054 -0.08605532647293941
1053 1068 -0.11705028482618518
1053 3426 0.09815014591295486
1053 3441 0.3060028437409805
1053 3456 0.8150556747316452
1053 3471 0.5110191107969181
1053 3486 0.18755916415586946
1053 3501 -0.3506912524017155
1053 3366 -0.5961022443336584
1053 3381 0.03633445635866835
1053 3396 0.7740407749141807
1053 3411 -0.08688780717584572
1054 1055 -0.6155861952002656
1054 1069 -0.1639184642406136
1054 3606 -0.36457794918412345
1054 3621 0.2164373168552846
1054 3636 -0.6386958215890858
1054 3651 0.04508587598765407
1054 3666 -0.5296287495064843
1054 3681 0.0007562492160889434
1054 3516 -0.49042602373690714
1054 3531 -0.12414220068735765
1054 3546 -0.41282379090306387
1054 3561 -0.3977535327940809
1054 3576 -0.565041607084237
1054 3591 0.8260144770725342
1055 1070 -0.3518173548368525
1055 3786 0.15741048634799845
1055 3801 -0.8660441525100543
1055 3816 0.6161410220376479
1055 3831 -0.07198017500107937
1055 3846 -0.11482950752058564
1055 3861 -0.1977748543980092
1055 3696 -0.5135251820778649
1055 3711 -0.8275648446517418
1055 3726 -0.15097883642717994
1055 3741 0.2435381891329233
1055 3756 0.8279587900631038
1055 3771 0.15676204785920714
1068 1069 1.0
1068 3426 -0.07477596364661292
1068 3441 -0.8221292056342145
1068 3456 -0.11181418660854364
1068 3471 0.1990503527608783
1068 3486 0.6783851331379971
1068 3501 0.2934165206439895
1068 3366 -0.47322675196435154
1068 3381 -0.6134137865361621
1068 3396 -0.8192073328354144
1068 3411 -0.6593364210828097
1069 1070 0.518492208222342
1069 3606 -0.4722160220503746
1069 3621 0.34460807775877944
1069 3636 0.30334049098855326
1069 3651 0.04541604341140015
1069 3666 0.34852535395990913
1069 3681 -0.8680817622675647
1069 3516 -0.5511238303140468
1069 3531 -0.5057912334932912
1069 3546 0.7733010752019197
1069 3561 0.010774203401782048
1069 3576 0.7422922449163791
1069 3591 -0.4239887403618723
1070 3786 -0.13857872720937658
1070 3801 -0.3053801098856921
1070 3816 0.15098873809295546
1070 3831 0.39341262214510897
1070 3846 -0.18604168953414735
1070 3861 -1.0
1070 3696 -0.7353477854565298
1070 3711 -0.19210092993631267
1070 3726 0.5972335416684699
1070 3741 -0.08620341227434783
1070 3756 0.7697980887406399
1070 3771 -0.1641325529144476
1083 1084 0.11616640752608862
1083 1098 -0.19530173039471405
1083 3426 0.06994857068722607
1083 3441 0.07890546609075239
1083 3366 -0.21409607012273843
1083 3381 -0.23684846114961053
1083 3396 0.4604360594795866
1083 3411 0.5360771698428197
1084 1085 0.5982087990293492
1084 1099 0.8992682048672594
1084 3606 -0.5979006678765069
1084 3621 -0.5151575439554812
1084 3456 0.7592097352289114
1084 3471 -0.6442296087920767
1084 3486 -0.2742784224593421
1084 3501 0.4946097322223855
1084 3516 -0.4308736298051614
1084 3531 0.3368310522817733
1084 3546 -0.27751251332439436
1084 3561 -0.18214623429278984
1084 3576 -0.3598430176747303
1084 3591 1.0
1085 1100 -0.5966517964437597
1085 3786 -0.5443267495067853
1085 3801 -0.026615966060115695
1085 3636 -0.2894849942700798
1085 3651 0.09425177036286606
1085 3666 -0.20375418739031165
1085 3681 0.07298561657835571
1085 3696 0.9163108162365959
1085 3711 -0.7338774290482231
1085 3726 -0.026962883329446616
1085 3741 -0.07618217410988683
1085 3756 -0.19426730933038622
1085 3771 -0.15253706301870093
1098 1099 -0.42858816500405356
1098 3426 0.9963636306632051
1098 3441 -0.2910969566699204
1098 3366 -0.05531159770060052
1098 3381 0.017766742485343098
1098 3396 -0.38916596537859305
1098 3411 0.12295638543324461
1099 1100 0.47377314526215275
1099 3606 0.061134452363061274
1099 3621 -0.00543892347907941
1099 3456 0.07021818160012935
1099 3471 0.0004296781309048967
1099 3486 0.2537569398696638
1099 3501 -0.7290505684755937
1099 3516 -0.1810381432724346
1099 3531 -0.21675269562717067
1099 3546 0.18636471725144496
1099 3561 -0.26707127278979464
1099 3576 -0.7272221122735539
1099 3591 0.9020328307396365
1100 3786 0.22576016898012072
1100 3801 -0.032724677838319616
1100 3636 -0.209139696451488
1100 3651 -0.2729226703431984
1100 3666 0.7346052132139922
1100 3681 0.5714723889104275
1100 3696 0.5628654543275117
1100 3711 0.1607611297411487
1100 3726 0.3851411221805281
1100 3741 0.8887270679305315
1100 3756 0.2839405034476783
1100 3771 1.0
1113 1114 0.08169790964547785
1113 1128 0.6461497642290264
1113 3426 0.5273363731226443
1113 3441 0.683990830423041
1113 3366 -0.3535877579646572
1113 3381 -0.795082032997993
1113 3396 -0.28670768845883315
1113 3411 -0.41610451589971426
1114 1115 0.45193689533814296
1114 1129 -0.6420945189309933
1114 3606 0.3454656268397363
1114 3621 0.11818410075033593
1114 3456 -1.0
1114 3471 -0.09850257802985747
1114 3546 -0.18183527053613188
1114 3561 0.22781564760184536
1114 3576 0.011015223531983986
1114 3591 -1.0
1115 1130 0.08177316373229751
1115 3786 -0.6315562539569284
1115 3801 -0.38470320611201514
1115 3636 -0.5032840223604933
1115 3651 0.36337946744413
1115 3726 0.4593043864682404
1115 3741 -0.05884552724447504
1115 3756 -0.0384602311901705
1115 3771 0.06027243743019884
1128 1129 -0.48856111971188115
1128 3426 0.005048997549921843
1128 3441 -0.20419623620934718
1128 3366 -0.4588747005399455
1128 3381 -0.08235622144138953
1128 3396 -0.19969739922808288
1128 3411 -0.14754704863074392
1129 1130 0.371029308359778
1129 3606 0.34472206337534733
1129 3621 0.2951501990441934
1129 3456 0.9124417494956035
1129 3471 0.8869007771637993
1129 3546 -0.24617642104923085
1129 3561 -0.27048480226017413
1129 3576 0.1534101846428864
1129 3591 -0.3289834923763194
1130 3786 0.5257909470106916
1130 3801 -0.0049452939041812315
1130 3636 0.4016481400987215
1130 3651 0.05456317318094257
1130 3726 0.3017046942064669
1130 3741 0.19793672687952205
1130 3756 -0.12089505678049901
1130 3771 0.07090395055721053
3364 3365 -0.1869977981706504
3364 3379 -0.7652778630270156
3365 3366 -1.0
3365 3380 0.13637387663363112
3366 3381 -0.20966623766002856
3379 3380 -0.2722853473927703
3380 3381 0.03064554087314976
3394 3395 -0.18022526816503198
3394 3409 -0.07521438966602768
3395 3396 0.18325482195751072
3395 3410 0.32691214763401344
3396 3411 -0.21025313934429957
3409 3410 -0.5135814390850564
3410 3411 -0.07881722158618082
3424 3425 -0.37939771447783116
3424 3439 0.6668090227606936
3425 3426 -0.06981940757506976
3425 3440 -0.39302964005133123
3426 3441 0.21867517759411134
3439 3440 0.007466559251802386
3440 3441 -0.20451675908366615
3454 3455 0.12408136083220957
3454 3469 0.20732297875151798
3455 3456 -0.4949090422793396
3455 3470 0.5035140035185766
3456 3471 0.745430283346861
3469 3470 -0.6465489371046808
3470 3471 -0.5976741776458928
3484 3485 -0.4086594511564249
3484 3499 0.6736479548295137
3485 3486 0.7897990249009996
3485 3500 -0.6155729786507956
3486 3501 -0.09321400598183444
3499 3500 0.5720446198560892
3500 3501 0.2382653196135893
3514 3515 0.8454752042100266
3514 3529 0.6383535480839032
3515 3516 0.6076081784799141
3515 3530 -0.33205554274084786
3516 3531 -0.5455537189918847
3529 3530 0.08784147098197478
3530 3531 0.7636893389223236
3544 3545 0.7985413926039228
3544 3559 -0.7480014334914183
3545 3546 -0.590706742473018
3545 3560 -0.4293929348458797
3546 3561 -0.16652369779813886
3559 3560 -0.374224750319918
3560 3561 0.2914748563042514
3574 3575 -0.05769303329850903
3574 3589 1.0
3575 3576 0.39109544292546405
3575 3590 -0.016367561206016155
3576 3591 -0.03065480280678295
3589 3590 -1.0
3590 3591 -0.11976890667109785
3604 3605 -0.7331061067812079
3604 3619 0.11154233633602474
3605 3606 -0.17099368963539285
3605 3620 0.3541722856834777
3606 3621 -0.4561956452765906
3619 3620 -0.12425261162517522
3620 3621 0.439508108434852
3634 3635 -0.21464493097004692
3634 3649 0.06929888216380685
3635 3636 -0.14776147624915062
3635 3650 -0.3539082942170843
3636 3651 -1.0
3649 3650 -0.5057597979497461
3650 3651 -0.04799459756132421
3664 3665 0.09511883529400987
3664 3679 -0.7988945279659591
3665 3666 -0.3975297298420421
3665 3680 -0.7575618753521977
3666 3681 -1.0
3679 3680 -0.1752896349527757
3680 3681 -0.44433842641835347
3694 3695 -0.42329167502040577
3694 3709 -0.6753208729761279
3695 3696 -0.20098564141217393
3695 3710 -0.7345129274562665
3696 3711 0.8134109797520975
3709 3710 -0.5808238208837508
3710 3711 0.4582707938494848
3724 3725 -0.5875417665091563
3724 3739 0.2978774319709024
3725 3726 -0.030017662511705876
3725 3740 0.2500066392323257
3726 3741 -0.5077158188079308
3739 3740 -0.27531860383089746
3740 3741 0.7121944488730697
3754 3755 1.0
3754 3769 0.26570142181526063
3755 3756 1.0
3755 3770 0.11879460349048934
3756 3771 -0.19402195306308173
3769 3770 0.0963816315471757
3770 3771 0.6317227499861098
3784 3785 -0.17463112244334048
3784 3799 -0.19285896192777197
3785 3786 0.7559629800882199
3785 3800 0.6201533763940303
3786 3801 0.3376390106819368
3799 3800 0.14979441535907145
3800 3801 -0.6731148279199036
3814 3815 0.055937588179836045
3814 3829 -0.5517022931562859
3815 3816 0.25385399327122676
3815 3830 -0.43717479473729015
3816 3831 0.10931459320190179
3829 3830 0.13024991768074926
3830 3831 -0.521762754635061
3844 3845 0.13676221684757794
3844 3859 -0.5060908997848302
3845 3846 -0.23178531806947875
3845 3860 -0.0813401300963745
3846 3861 0.5834489444730152
3859 3860 0.25491193986866795
3860 3861 0.2509797152691664
3874 3875 -0.5695980523767613
3874 3889 -0.9033623481882759
3875 3876 -0.4914700974288495
3875 3890 0.5942813354496105
3876 3891 -0.00630322955528533
3889 3890 -0.5515585878479026
3890 3891 0.35037894547012177
