# 
603 603 0.4325729861293289
604 604 0.05235145349687928
605 605 0.09480948689598208
618 618 0.5628716014759171
619 619 -0.669994699603599
620 620 -0.7195267263008486
633 633 1.5108435918423841
634 634 -0.7769656254324059
635 635 -1.5244937208902447
648 648 1.0563046524178734
649 649 0.6703749060825208
650 650 0.769178332942801
663 663 -2.1276381497386287
664 664 1.7841266444329786
665 665 0.4884641163795589
678 678 -1.1626350034357777
679 679 1.260911794347884
680 680 0.45902325272409983
693 693 0.5085084045054349
694 694 0.5395377119028603
695 695 -0.7607136077380304
708 708 -0.753558098101975
709 709 -0.15993514860568764
710 710 1.9141848642163897
723 723 2.991072060894936
724 724 -0.41695219931122457
725 725 0.3696196613899122
738 738 1.6620351269991263
739 739 -0.9465622668841313
740 740 -0.04544744205195986
753 753 3.190033260734758
754 754 -0.7824507316353541
755 755 0.2877935318869608
768 768 1.398624681173336
769 769 0.7997644856685204
770 770 -0.8068539480074906
783 783 -0.7833017777045316
784 784 0.5117056793393204
785 785 -0.9820351354412682
798 798 0.286139564023776
799 799 1.1065602970920114
800 800 0.7327191966538689
813 813 0.756142812159211
814 814 1.75906128639929
815 815 0.0549290682867911
828 828 -1.0173428601561223
829 829 -0.32635515607223625
830 830 -0.31568831803655784
843 843 -2.0684946961982096
844 844 -1.2392173991903845
845 845 -0.4490635373203088
858 858 1.7986931104645456
859 859 -0.09803488719006039
860 860 1.6989943089185175
873 873 -0.8955206896825707
874 874 -0.7211101659513092
875 875 1.7269116048783262
888 888 -1.0135662255027518
889 889 -0.131745996609501
890 890 -1.4270288692387039
903 903 1.184940070975753
904 904 0.9938037011656023
905 905 0.5947280632378249
918 918 0.118793191220856
919 919 -1.1449719739141522
920 920 0.10048543408626723
933 933 0.3917193325334912
934 934 1.3494516694179337
935 935 -0.15270050246844544
948 948 -0.02532915383463751
949 949 -0.519827927459838
950 950 -1.5689188605352435
963 963 0.1763107834330138
964 964 -0.2263742426407226
965 965 -0.6460752923666033
978 978 -0.5567253076623508
979 979 1.6635064989053452
980 980 0.8243671314728909
993 993 -1.8660517335932345
994 994 0.7713171772233786
995 995 0.813529214726288
1008 1008 0.2546317541294111
1009 1009 0.46503156024016956
1010 1010 -0.46799605184413307
1023 1023 -0.995173973419441
1024 1024 -0.924590362631097
1025 1025 0.025750842019370203
1038 1038 2.0116830098152048
1039 1039 0.1140126505453331
1040 1040 1.6165363477670711
1053 1053 -1.1871374857458412
1054 1054 1.3759971252951362
1055 1055 0.35554174018103624
1068 1068 -0.5181505931647532
1069 1069 0.3036480962311285
1070 1070 2.1029871027844136
1083 1083 0.6982372183272509
1084 1084 -2.400387558787511
1085 1085 0.8526374422147546
1098 1098 0.8094218391265937
1099 1099 1.2179009076728742
1100 1100 1.3302234310355547
1113 1113 -0.9187303744055859
1114 1114 0.13777573532607026
1115 1115 0.9555158272755727
1128 1128 -0.2509165739862879
1129 1129 0.6985535223560445
1130 1130 -1.1539777517421224
3364 3364 -0.33118315509287277
3365 3365 -2.378740337550185
3366 3366 -0.17867307596882948
3379 3379 0.36997327057159013
3380 3380 -1.4492999171402339
3381 3381 0.679905122478631
3394 3394 -1.2860185195551763
3395 3395 -1.0299564668560932
3396 3396 0.8875516075255497
3409 3409 -0.6629537076399749
3410 3410 2.7463353322182815
3411 3411 -2.1480011661861496
3424 3424 1.3724075431956044
3425 3425 -1.8306164480602158
3426 3426 -0.03383365016740743
3439 3439 1.0884013792921736
3440 3440 0.2293278506274447
3441 3441 -0.8162420698668091
3454 3454 0.6947922802493136
3455 3455 1.1002660800217254
3456 3456 0.7274287386577274
3469 3469 1.4077270083055515
3470 3470 -0.5966248315855731
3471 3471 0.5682903975246292
3484 3484 -0.14362386338337393
3485 3485 -1.8457770005921887
3486 3486 0.23867532430463456
3499 3499 -0.9164038058266355
3500 3500 -2.2043902887551514
3501 3501 1.0999907774721405
3514 3514 0.7256940933733163
3515 3515 -0.3353271481591097
3516 3516 1.4686528802477061
3529 3529 1.4249264218020161
3530 3530 -2.730258284708957
3531 3531 0.13953239187206443
3544 3544 1.0709297623341751
3545 3545 -0.8523960120741204
3546 3546 1.2713011630450106
3559 3559 -2.224328145738077
3560 3560 1.136355862172094
3561 3561 0.4133461843240117
3574 3574 2.6341252986569907
3575 3575 0.0337142098014458
3576 3576 1.4507694683080774
3589 3589 -2.5680004935429417
3590 3590 -0.3775183272020463
3591 3591 -0.1350743523006346
3604 3604 -0.8793236391925653
3605 3605 0.6603478898788475
3606 3606 -0.14547943423989718
3619 3619 -0.6714684330211393
3620 3620 0.46721882603581194
3621 3621 0.2722174553089045
3634 3634 2.3837057526895196
3635 3635 0.3253369715631905
3636 3636 0.3434115290136064
3649 3649 -1.4645926345115645
3650 3650 -0.35241145370250293
3651 3651 0.6807177761905289
3664 3664 0.7226423177966353
3665 3665 -0.41059590979859556
3666 3666 0.08840781608477373
3679 3679 -0.023131891481020645
3680 3680 1.9959782204100174
3681 3681 0.06385386818787314
3694 3694 0.9988860066720627
3695 3695 -0.8603435707309458
3696 3696 1.7840634605078989
3709 3709 1.4830949476191877
3710 3710 -0.9120315986636449
3711 3711 0.7108150073110597
3724 3724 0.2464399304341576
3725 3725 -0.6684694252427034
3726 3726 -1.9617767520113634
3739 3739 0.16223866231455
3740 3740 -0.462487281885767
3741 3741 1.1797317434795398
3754 3754 -0.18832524442165421
3755 3755 1.425836617449777
3756 3756 -0.5327514271168378
3769 3769 -0.5522464604702434
3770 3770 -0.910845976827059
3771 3771 -0.796007103515432
3784 3784 -0.5944095881885114
3785 3785 1.6367059593311895
3786 3786 -0.22056661383401485
3799 3799 -1.125601404316187
3800 3800 -0.5667093004473527
3801 3801 0.2078668736658968
3814 3814 0.5271204421889244
3815 3815 0.2539047601475384
3816 3816 0.2721449608583185
3829 3829 0.8907756974841528
3830 3830 0.6739421229123947
3831 3831 0.05791072002158878
3844 3844 0.570796181098854
3845 3845 -1.0220178354441738
3846 3846 1.2445119933066084
3859 3859 0.02274222247547886
3860 3860 0.17611548089663034
3861 3861 -0.4201365525023475
3874 3874 -1.9988445185634696
3875 3875 -0.2629047364748221
3876 3876 -3.2201257782569987
3889 3889 0.9399973101412928
3890 3890 -1.1405739130791688
3891 3891 -0.2261029115273748
603 604 -0.5147830153614271
603 618 0.5450552137089393
603 3484 0.5531579887735819
603 3499 1.0
603 3514 0.7502066633846737
603 3529 -0.4512764597453989
604 605 0.3474569638673867
604 619 -0.43839333106794465
604 3664 -0.12955871506845512
604 3679 -0.38666075057502264
604 3694 -0.2823786125879951
604 3709 0.003590400123143333
605 620 0.3751632151024552
605 3844 -0.8890299695232257
605 3859 -0.6565706769543118
605 3874 0.9249815529914105
605 3889 -0.6663812295077506
618 619 -0.7398339700362603
618 3484 0.2468535781497897
618 3499 -0.0808444784975339
618 3514 -0.3073990056512687
618 3529 -0.008642230630022287
619 620 -0.06599331899204249
619 3664 0.8422137193636328
619 3679 0.06254127135400364
619 3694 0.2956568519551225
619 3709 0.38773723664256665
620 3844 0.8415654913679874
620 3859 0.5016588662132585
620 3874 0.2559228550309389
620 3889 0.0656698564123032
633 634 0.06361868503844924
633 648 -0.3578498419963441
633 3424 -0.3652881170405826
633 3439 -0.3022107398509778
633 3454 -0.45275002464956926
633 3469 -0.5461215803397015
633 3484 -0.08073862423368525
633 3499 0.1849213619404839
633 3514 0.82950585455411
633 3529 -0.5199013993682939
634 635 0.9664337459289246
634 649 -0.3862258227934065
634 3604 -0.8407733605603056
634 3619 -0.40997559104560727
634 3634 0.08086556665175565
634 3649 -0.025998057802651405
634 3664 -0.17356999402437803
634 3679 -0.26247216632448545
634 3694 -0.18460329983258258
634 3709 0.4010805884853676
635 650 0.6120186926544089
635 3784 0.8526957456755756
635 3799 -0.47189042090773553
635 3814 -0.288423578683449
635 3829 -0.8834727682474764
635 3844 -0.2321833777643348
635 3859 0.554235434945274
635 3874 0.567231010146809
635 3889 0.6918969463828165
648 649 -1.0
648 3424 0.05852338313550885
648 3439 0.21795637911619786
648 3454 -0.8867900982136654
648 3469 0.4661314138373625
648 3484 0.023182009096674807
648 3499 0.2446490924238222
648 3514 -0.4507000086514804
648 3529 -0.23171720885458771
649 650 0.2557868143418164
649 3604 -1.0
649 3619 -0.08158041546539928
649 3634 -0.12849660160156745
649 3649 -0.8149430613653971
649 3664 0.28701809603254586
649 3679 -0.903126399245096
649 3694 -0.8100782575631194
649 3709 0.03247796299581867
650 3784 -0.4441818471990675
650 3799 0.32981917107220776
650 3814 -0.5721876237933943
650 3829 1.0
650 3844 0.451826832372583
650 3859 0.5820262088778526
650 3874 0.02638922798708663
650 3889 0.2563128949876351
663 664 0.3098327541253893
663 678 -0.41187612055504463
663 3424 0.172602762362859
663 3439 -0.18913400621136406
663 3454 0.5659256560283886
663 3469 0.5913372744299416
663 3484 0.025427179760110385
663 3499 -0.5478316221209699
664 665 -0.11197701982517304
664 679 0.8091185375387414
664 3604 0.581876205971521
664 3619 -0.3908837706954524
664 3634 0.2758645085584787
664 3649 -0.6232072254850087
664 3664 -0.5235737733638867
664 3679 1.0
664 3514 -0.7059273011677918
664 3529 0.2784717719197344
665 680 -0.586216509659003
665 3784 -0.6494059474518171
665 3799 -0.14853841033685894
665 3814 0.4394428255724667
665 3829 0.5305254235849288
665 3844 -0.168136910327322
665 3859 -0.30241536783195144
665 3694 -0.11011863901315894
665 3709 -0.6450848341377073
678 679 -0.3100294375156773
678 3424 0.28060883732311587
678 3439 -0.9668264079933481
678 3454 -0.44010174032288363
678 3469 0.05789581441550822
678 3484 -1.0
678 3499 -0.05388132119161062
679 680 0.8727447622401976
679 3604 0.5963690598315959
679 3619 -0.5855332838831574
679 3634 0.6144621021040287
679 3649 -0.5559689221126868
679 3664 -0.4792780370482337
679 3679 -0.6627014689570323
679 3514 0.07426369489859733
679 3529 -0.6149119961941563
680 3784 0.13454878121900446
680 3799 -0.6460261280119981
680 3814 -0.021062757468758412
680 3829 -0.060461820886075116
680 3844 -0.0988222638711494
680 3859 0.4353137301082854
680 3694 -0.6366904261401699
680 3709 0.2316961534242597
693 694 -0.6981442567601315
693 708 0.570750884787134
693 3424 -0.2049702779110549
693 3439 -0.2144877585255494
693 3454 -0.26462836491979064
693 3469 -0.6855631080605264
693 3484 -0.2972970524668645
693 3499 0.02794417377422401
693 3364 0.4807287549610537
693 3379 0.5770606174709696
693 3394 -1.0
693 3409 -0.12374196440043521
694 695 -0.5445440726446327
694 709 0.6067490588865188
694 3604 0.2038545185485158
694 3619 0.16930521937410256
694 3634 -0.3449566567841291
694 3649 0.6083586920174422
694 3664 0.7386671718425394
694 3679 0.07052587873887768
694 3514 -0.10694468078927699
694 3529 -0.43990018089196475
694 3544 0.4119831034081116
694 3559 1.0
694 3574 0.12048373813305263
694 3589 0.2920965197794788
695 710 0.04738181005958424
695 3784 -0.014459534535988422
695 3799 -0.10464629594665943
695 3814 -0.5387658354632707
695 3829 -0.6889075873837762
695 3844 -0.23566308333901323
695 3859 0.16398807139065713
695 3694 -0.024402072326863023
695 3709 -0.2653598603931519
695 3724 -0.13089712657822664
695 3739 -0.08268420230187216
695 3754 -0.40181404360115197
695 3769 -0.3619970927868729
708 709 0.5899458698191714
708 3424 1.0
708 3439 -0.7182177713423195
708 3454 0.34284228330718314
708 3469 -0.085218379910959
708 3484 0.38202689574608667
708 3499 0.30175066436179077
708 3364 0.044783024557840403
708 3379 0.10879612367092745
708 3394 0.23836573990776636
708 3409 -0.7654276774170062
709 710 -0.8430075969317466
709 3604 0.08760428321621203
709 3619 0.6743766832730149
709 3634 0.33902741238430606
709 3649 -0.7709976828282348
709 3664 0.022553888156050243
709 3679 0.2228286502769163
709 3514 -0.08512032263713355
709 3529 0.3880778546657087
709 3544 0.24701767441982955
709 3559 -0.024184356575559028
709 3574 0.05037620870846316
709 3589 0.3723222940322734
710 3784 -0.18307871711997842
710 3799 0.5348249689693763
710 3814 0.18032603731800387
710 3829 0.21399535827836325
710 3844 -0.5913444246477872
710 3859 0.5346324991726732
710 3694 0.39637175933537017
710 3709 0.6885475921628214
710 3724 -0.08293833311801606
710 3739 -0.2083204301732811
710 3754 0.08771755601011566
710 3769 -0.5537378126973919
723 724 0.6483611233872192
723 738 -0.17050532001599444
723 3424 0.09147328808510669
723 3439 -0.26808225041264594
723 3364 0.11532450595477753
723 3379 0.7125429788841493
723 3394 -0.3507966578407328
723 3409 -0.06758143315475358
724 725 -0.039657894039995964
724 739 0.06403830406388002
724 3604 -0.22061337218626575
724 3619 -0.741048920250111
724 3454 -0.58315042478123
724 3469 0.41082714105014206
724 3484 -0.5917919869709936
724 3499 1.0
724 3514 -0.39042377839488346
724 3529 -0.01840905775371868
724 3544 0.48404150540876373
724 3559 -0.813440362907042
724 3574 1.0
724 3589 -0.3001434865390134
725 740 -0.09869934158084234
725 3784 -0.6247578830384164
725 3799 0.36780463447230144
725 3634 0.7568371072622184
725 3649 -0.3967799409624276
725 3664 0.23035879868393683
725 3679 0.22622945427815433
725 3694 0.28143341402239885
725 3709 -1.0
725 3724 -0.008762651415326781
725 3739 -1.0
725 3754 -0.5449830554683239
725 3769 0.6285365564929132
738 739 -0.6775179810034675
738 3424 1.0
738 3439 -0.04894320195785219
738 3364 -0.3736445196905916
738 3379 0.039258986193455477
738 3394 -0.45448101492193893
738 3409 0.006467672257217522
739 740 0.0772460664980785
739 3604 0.6002382948032688
739 3619 0.5850804754749055
739 3454 0.956622332255363
739 3469 -0.4666575973425477
739 3484 0.12208620604624355
739 3499 -0.12833079445711726
739 3514 -0.966602522946637
739 3529 -0.041853515949589665
739 3544 -0.20371079235212086
739 3559 -0.44279698515181115
739 3574 -0.6023266794325944
739 3589 -0.39410698986735315
740 3784 -0.006398611183066652
740 3799 0.19647516816892757
740 3634 0.004934067469442488
740 3649 0.7904351295267609
740 3664 -0.17705489720743617
740 3679 -0.014207120190031258
740 3694 0.24223206548064205
740 3709 0.17324795159829753
740 3724 0.10212396422413471
740 3739 -0.00919443014653025
740 3754 0.21118226427637043
740 3769 0.07268556164371362
753 754 0.252640119194623
753 768 0.7499615051724592
753 3424 -0.756077942773789
753 3439 0.39955166587608265
753 3364 -1.0
753 3379 -0.8920564144457744
753 3394 -1.0
753 3409 0.5331860517722931
754 755 0.8646767529481394
754 769 1.0
754 3604 0.17140259547893216
754 3619 -0.2952526373604003
754 3454 1.0
754 3469 0.3749476473083191
754 3485 0.26650655791892125
754 3500 0.5120979239438362
754 3515 -0.3520163800840934
754 3530 0.22466805509190502
754 3544 0.33868998295474534
754 3559 0.06890267590563647
754 3574 0.29477603163207355
754 3589 0.08870784973157861
755 770 0.061923539814502326
755 3784 -0.8464518522930526
755 3799 0.5017531168087318
755 3634 0.7180476237523381
755 3649 -0.15771379403031296
755 3665 0.23382292887183342
755 3680 0.12681722971808057
755 3695 0.48664928579188144
755 3710 -0.3592936100402685
755 3724 -0.31681903364283054
755 3739 -0.7259996831655748
755 3754 0.4437877920430641
755 3769 0.9287940717555032
768 769 -1.0
768 3424 -0.697133119911457
768 3439 0.05652588176483075
768 3364 -0.4449035732028353
768 3379 0.1251032986771331
768 3394 -0.32568597195691296
768 3409 0.2749226044728558
769 770 -0.6029481397963188
769 3604 -0.34948490264288834
769 3619 -0.33112100805130334
769 3454 -0.00636348013748367
769 3469 0.4982897424041516
769 3485 -0.5817444705000064
769 3500 -0.14060084251082136
769 3515 0.23700781174525767
769 3530 -0.24749201852573358
769 3544 0.49604015849661204
769 3559 -0.3153564468137242
769 3574 -0.44011989371039045
769 3589 0.07071145557540048
770 3784 -0.19403420635130939
770 3799 -0.25108958936224823
770 3634 0.3971172491134791
770 3649 0.3689943053405135
770 3665 0.3669042804636403
770 3680 -0.542653202734806
770 3695 0.15734985323790593
770 3710 0.8950459406366525
770 3724 -0.7032798163945045
770 3739 0.7906602299406451
770 3754 -0.23864337702233596
770 3769 -0.39111579562912135
783 784 -0.0030249512951260552
783 798 0.6165743424710234
783 3424 -0.35192847906164565
783 3439 0.8405989951676627
783 3454 0.5415191134729305
783 3469 -0.5105333632723738
783 3485 -0.6599867387519227
783 3500 0.5604572220894806
783 3515 -0.30327142014662206
783 3530 -0.49464259772086666
783 3544 0.46953054755070545
783 3559 -0.07423107092031588
783 3394 0.5341799679962268
783 3409 0.4775656082026736
784 785 -0.645295314124124
784 799 0.9059553668754085
784 3604 -0.019780515238658883
784 3619 0.48204511046966725
784 3634 0.7188272905821778
784 3649 -0.15179253045784952
784 3665 0.648853504577781
784 3680 -0.18786889701470072
784 3695 0.0782978191270975
784 3710 0.8150251894022551
784 3724 -0.028255652134520717
784 3739 0.16427373602500261
784 3574 0.04197338443803058
784 3589 0.7109563965442768
785 800 -0.5536676115449793
785 3784 -0.07471903661373099
785 3799 0.4456050177636845
785 3814 -0.2830541967726921
785 3829 0.4715740629451045
785 3845 -0.19646791997843466
785 3860 0.3879902070460072
785 3875 0.4011624268742614
785 3890 -0.6391803056534416
785 3754 0.02572351704269067
785 3769 0.22548227912488103
798 799 -0.0494193887339836
798 3424 0.2035477188720132
798 3439 -0.7237879837917577
798 3454 0.6075611900447491
798 3469 0.4903238563739261
798 3485 0.2517032331874998
798 3500 0.5504540746936998
798 3515 -0.379055109194463
798 3530 0.060162529482289256
798 3544 -1.0
798 3559 0.15679537379602346
798 3394 -0.04189221351168504
798 3409 -0.12797532102193884
799 800 -0.3726756387560677
799 3604 0.14820303232430462
799 3619 0.26995829469177424
799 3634 0.2756209870986404
799 3649 -0.3435607027754685
799 3665 -0.7404293537606011
799 3680 -0.1557392597083211
799 3695 0.05854038490299308
799 3710 0.29951874054270167
799 3724 -0.17042662398868075
799 3739 -0.5325933935542045
799 3574 0.4055332963508282
799 3589 0.12784429397921387
800 3784 0.21885092687756863
800 3799 0.006005631680759593
800 3814 0.1751637842849633
800 3829 -0.07446092822479464
800 3845 0.11975092191922213
800 3860 0.6344965686102415
800 3875 -0.016529068448691623
800 3890 0.027876325172010448
800 3754 -0.1026145383748184
800 3769 0.2804006788988807
813 814 -0.06695672414702887
813 828 -0.7263398905040439
813 3425 0.11797110751640297
813 3440 0.4133760654419696
813 3455 0.06462008474325878
813 3470 0.4274490723005013
813 3485 0.4003212251829261
813 3500 -0.8588679091729087
813 3515 0.8099245082027617
813 3530 -0.7167693859324238
813 3544 -0.380087047524356
813 3559 0.011902205853139928
813 3394 -0.14308477912845152
813 3409 0.024391624296365638
814 815 0.45836309488941984
814 829 0.008910727633194638
814 3605 -0.9773247596913736
814 3620 0.22110575297555723
814 3635 0.14289606390685214
814 3650 0.5910001435195373
814 3665 0.28541912620212984
814 3680 0.12890392376008242
814 3695 0.461197419519067
814 3710 -0.9156262654816208
814 3724 -0.28409802895367425
814 3739 0.38578585545574806
814 3574 0.2972940667308876
814 3589 -0.5579587116221106
815 830 0.10248283499176185
815 3785 -0.29292226349419787
815 3800 0.2832649222731739
815 3815 0.41889453527126425
815 3830 0.26920735364843934
815 3845 0.17196838690939667
815 3860 -0.49397668387496724
815 3875 0.3955039587333799
815 3890 0.48772244990106467
815 3754 -0.1364909389271482
815 3769 -0.28981082942068076
828 829 0.0619486037634228
828 3425 -0.2860888908289823
828 3440 -1.0
828 3455 -1.0
828 3470 0.3962268337675611
828 3485 -0.9695059302082001
828 3500 0.7903959274653827
828 3515 -0.2838994513655282
828 3530 0.16652718914919248
828 3544 0.041202208632381984
828 3559 -0.2989629061766962
828 3394 0.06711155164594408
828 3409 -0.14221375240619952
829 830 -0.9249003136442515
829 3605 -0.9297838159726182
829 3620 0.8034936946352718
829 3635 0.8012597612678735
829 3650 0.8327049617802107
829 3665 0.508676036678926
829 3680 -0.8472735454406833
829 3695 0.9446979076410379
829 3710 -0.3661347792429959
829 3724 -0.19475461646619255
829 3739 1.0
829 3574 0.21829141240524613
829 3589 -0.338802043745594
830 3785 -0.24344497425241693
830 3800 0.4426737010074461
830 3815 -0.11185804916638194
830 3830 -0.29002264356646773
830 3845 -0.08625639845024001
830 3860 -0.14561864445288822
830 3875 0.2904351680519068
830 3890 0.2836416753642194
830 3754 0.4664501338909319
830 3769 0.7409563241486419
843 844 -0.15013326052936746
843 858 -0.3012717996971161
843 3425 0.5445207566196101
843 3440 0.7236823916570301
843 3455 -0.38850782494034836
843 3470 0.8304034136081596
843 3485 -0.5890429278410999
843 3500 0.6584081723171131
843 3364 0.398370196165127
843 3379 -0.19316506862045307
843 3394 0.2197086037835679
843 3409 0.6043447474111415
844 845 0.10161662986818613
844 859 -0.14278400927141258
844 3605 -0.22222517109525708
844 3620 -0.6347852931693566
844 3635 0.04568575749394331
844 3650 -0.13771315436806833
844 3665 0.5627163580223097
844 3680 -0.040741742241889714
844 3515 0.6473220739705666
844 3530 0.6380967784743515
844 3544 0.05905107643460054
844 3559 0.38520484899886315
844 3574 0.15392208827810944
844 3589 0.14550363691259544
845 860 -0.5895355233215466
845 3785 0.23944282201973457
845 3800 0.1870896707676686
845 3815 -0.5103689608607485
845 3830 0.16600716646699823
845 3845 0.10223636388772138
845 3860 -0.5333788537428942
845 3695 -0.7050676770092187
845 3710 0.1800351082291097
845 3724 0.03997293596037108
845 3739 0.2556422466986935
845 3754 0.055000208841455754
845 3769 -0.3595903865041268
858 859 0.03343600395658906
858 3425 -0.48423494002275547
858 3440 -0.4647491880682971
858 3455 -0.7751604917789314
858 3470 -0.3029429247895428
858 3485 -0.1719241617150932
858 3500 -0.21746670942331725
858 3364 0.8621839806083988
858 3379 -0.6095574002978202
858 3394 0.040191060795778444
858 3409 -1.0
859 860 -0.505675243504456
859 3605 -0.45197436818880904
859 3620 -0.6393871084949064
859 3635 -0.27860894186842594
859 3650 0.36385017473379067
859 3665 0.7820461999354177
859 3680 -0.49622298376762836
859 3515 -0.11474710928575753
859 3530 -0.5022303017435928
859 3544 0.3669566812540728
859 3559 0.1785682507869185
859 3574 -0.09045427670253962
859 3589 0.23479978918013408
860 3785 -0.4274309669180854
860 3800 0.22164505221266229
860 3815 -0.06477573762328388
860 3830 -0.14646078700290266
860 3845 0.05126647966438536
860 3860 0.1564405444585053
860 3695 0.07783902398478974
860 3710 -0.03663406329354482
860 3724 -0.375194507601331
860 3739 -1.0
860 3754 -0.13490942244652257
860 3769 0.8715301153465264
873 874 0.4452075922271747
873 888 -0.4333502019527435
873 3425 0.288621647588074
873 3440 0.3488991561916404
873 3455 -0.2855821741034095
873 3470 0.08259539322680787
873 3485 0.44103465048092694
873 3500 -0.3291186069462913
873 3365 -0.1240520231394539
873 3380 -0.6090112537275085
873 3395 -0.1805958245515566
873 3410 -0.5563732204636458
874 875 -0.3223050238642547
874 889 0.022081444980448766
874 3605 -0.00028718022748396233
874 3620 0.35249952843817633
874 3635 0.725250219151225
874 3650 0.3211624444106307
874 3665 1.0
874 3680 -1.0
874 3515 -0.19965336091254957
874 3530 -0.4209676114438283
874 3545 -0.5555503017791297
874 3560 0.06984298428814764
874 3575 -0.8526491891248127
874 3590 -0.14905114023813942
875 890 -0.07757797811352489
875 3785 0.3998865503662429
875 3800 -0.21934299904687374
875 3815 -0.7467218671166457
875 3830 0.596680692972942
875 3845 0.37447905064119535
875 3860 0.41626243391157824
875 3695 -0.6377541291241601
875 3710 0.12905769690899319
875 3725 -1.0
875 3740 0.1287379345534479
875 3755 0.17174960057284658
875 3770 0.34206196356289187
888 889 -0.7489838827649821
888 3425 -0.12379144314330627
888 3440 -0.1969630620373936
888 3455 0.039364746911226725
888 3470 -0.24531650995407667
888 3485 -0.32713656970160626
888 3500 0.9255143793756868
888 3365 -0.9951489752670194
888 3380 -0.11971876112530438
888 3395 0.019199985548039995
888 3410 -0.3959346521819169
889 890 -0.19165465963983358
889 3605 0.9245860272092274
889 3620 0.32382235170019974
889 3635 -0.5680643051504974
889 3650 -0.07605863672962028
889 3665 0.8354117162300676
889 3680 -0.9683095326024176
889 3515 -0.6322768903150683
889 3530 -0.6171385279148479
889 3545 0.3599991443431352
889 3560 -0.8642833391630711
889 3575 0.17419815294250152
889 3590 -0.18877587345976538
890 3785 -0.010102762526468339
890 3800 -0.17364350003586637
890 3815 -0.19167987414203652
890 3830 -0.12322808428966096
890 3845 -0.8536009661440448
890 3860 0.03324214449891709
890 3695 -0.19094325154618325
890 3710 0.5707609957153666
890 3725 -0.3637467703665851
890 3740 0.5322606162109319
890 3755 -0.2962148612114184
890 3770 -0.9532486272704599
903 904 0.8128050475033636
903 918 0.41280615425035083
903 3425 -0.7649764286328766
903 3440 0.15002709188088093
903 3365 0.4262293243931933
903 3380 -0.7224686316794653
903 3395 -0.8132597145546405
903 3410 -0.016877429373224128
904 905 0.42111248866796774
904 919 0.43523948061538564
904 3605 1.0
904 3620 -0.7488131215946596
904 3455 -1.0
904 3470 -0.05760995111465011
904 3485 -0.15950508781388384
904 3500 -0.5459664536559825
904 3515 0.27797003337476733
904 3530 0.1264093155733872
904 3545 0.20948507359507257
904 3560 -0.8671179411687189
904 3575 0.08216935939989593
904 3590 -0.3477276001783507
905 920 -0.7812192010857356
905 3785 0.4745907940825069
905 3800 -0.03335539379668257
905 3635 0.5647561078662079
905 3650 -0.13876150846936097
905 3665 0.6129746631224486
905 3680 -0.3882418111881354
905 3695 -0.014295462191370248
905 3710 -0.6346956653924433
905 3725 -0.5714122216126585
905 3740 -0.2834085740432492
905 3755 0.34566045975363247
905 3770 -0.296066197027147
918 919 -0.619081941457556
918 3425 -0.04540009512100301
918 3440 -0.29847547983784367
918 3365 0.7297402104161109
918 3380 0.703118402927279
918 3395 -0.34132904420600046
918 3410 0.2865503456430975
919 920 0.104871057055006
919 3605 0.9519168090162569
919 3620 0.42474462074279073
919 3455 0.22370383125474397
919 3470 0.17525872390216604
919 3485 0.44225787911678527
919 3500 0.7409608641842008
919 3515 -0.5198398657088567
919 3530 -0.08850989343853333
919 3545 -0.27092751663950715
919 3560 -1.0
919 3575 -0.9064204710734006
919 3590 0.2064532814728678
920 3785 -0.282133093304431
920 3800 0.4049178115640769
920 3635 -0.5027812165035838
920 3650 -0.2979056817999604
920 3665 0.0009899856795002545
920 3680 -0.23518004147387037
920 3695 -0.2304141568932218
920 3710 -0.07047170873380626
920 3725 0.2963113438796354
920 3740 0.6882661149801117
920 3755 0.5321028124531718
920 3770 -0.36294546883758977
933 934 0.6120605074414567
933 948 1.0
933 3425 -0.3676144395502584
933 3440 -0.6273847747892817
933 3365 -0.22095533353359864
933 3380 -0.3259849668510181
933 3395 -0.21173246795698147
933 3410 0.014153673789016054
934 935 0.096052185173908
934 949 0.43345105174662657
934 3605 0.17180449189339106
934 3620 -0.263518735335488
934 3455 0.12734031972089935
934 3470 0.515277461245906
934 3486 0.7069557664915097
934 3501 -0.09993792739883116
934 3516 0.9854224604284629
934 3531 -0.5292024870541188
934 3545 -0.28244990276544685
934 3560 -0.4806550179394051
934 3575 -0.23013079782344187
934 3590 -0.33793111379743074
935 950 0.4144623829027015
935 3785 0.04571193413321373
935 3800 -0.08654991648337003
935 3635 1.0
935 3650 0.3774010298106242
935 3666 0.52960102341688
935 3681 -0.8626690750787595
935 3696 0.9045251215609491
935 3711 0.36301349219401113
935 3725 -0.07565931927872706
935 3740 0.36208835082742186
935 3755 0.4999054509229852
935 3770 0.13431180119995625
948 949 -0.10334775845706018
948 3425 -0.8398140115073509
948 3440 -0.24155365653736022
948 3365 0.2556997178112007
948 3380 -0.09537572538883522
948 3395 -0.4259715212416744
948 3410 -0.5514741011574039
949 950 -0.05098875261063744
949 3605 0.5428974938801273
949 3620 0.1038170098335536
949 3455 -0.3688321221406596
949 3470 1.0
949 3486 -0.23890445646977335
949 3501 0.7895665736395474
949 3516 -1.0
949 3531 0.21792914553256906
949 3545 -0.19778309848719344
949 3560 0.33057571616245723
949 3575 0.5044018832791508
949 3590 0.2639995731702328
950 3785 0.01699240864606154
950 3800 -0.25923339523237254
950 3635 -0.4035692409360341
950 3650 -0.11834696056175502
950 3666 0.0653676238374253
950 3681 0.5963775674709137
950 3696 0.486058301027653
950 3711 0.22981226584223388
950 3725 -0.05696610025669038
950 3740 -0.26307110858211974
950 3755 0.13513305117917496
950 3770 -0.9423053534521936
963 964 0.2552805049079159
963 978 -0.027802315459628673
963 3425 -0.6629224223282324
963 3440 -0.22967155996236818
963 3455 -0.10241164077916005
963 3470 0.161716887078467
963 3486 0.14403283943212367
963 3501 -0.01579785810787168
963 3516 -0.08147508369532462
963 3531 0.5044887187841166
963 3545 0.4384332814049189
963 3560 -0.8530149346064584
963 3395 0.26333558803409846
963 3410 -1.0
964 965 0.2960505074074469
964 979 0.19432847399055775
964 3605 0.022890298456662232
964 3620 0.7431286612497667
964 3635 0.06506241422858168
964 3650 0.49514033291377607
964 3666 -0.8135563775390305
964 3681 -0.5384105305905217
964 3696 0.4207440147430276
964 3711 -0.01911502119388297
964 3725 0.4601020219772784
964 3740 0.16183074934760566
964 3575 -0.2747757923906602
964 3590 0.8507921742506424
965 980 0.420041750096901
965 3785 -0.2451838387076779
965 3800 0.24858117193952237
965 3815 -0.29582334736986815
965 3830 -0.28306776805082434
965 3846 -0.6816069008781476
965 3861 -0.11891007568841865
965 3876 -0.4861651531577491
965 3891 0.20472611298320748
965 3755 0.7774983443744102
965 3770 -0.32069059638106084
978 979 -0.135934580382128
978 3425 -0.1244468266390635
978 3440 0.04211686466340086
978 3455 -0.2717985704813196
978 3470 0.38181896664938253
978 3486 -0.08882109594217996
978 3501 -0.6215973917475911
978 3516 -0.21372933096568314
978 3531 -0.14640654690854119
978 3545 0.6418869806790414
978 3560 0.35216995232907206
978 3395 -0.5398273991747226
978 3410 0.4706132015616126
979 980 -0.1043137047584784
979 3605 0.558296013770154
979 3620 -0.6693964081707434
979 3635 -0.15118481959820745
979 3650 0.7405488593001497
979 3666 0.4542895202538815
979 3681 0.26236281208075746
979 3696 -1.0
979 3711 -0.2462723673675396
979 3725 0.21240398603283517
979 3740 -0.6149551883520448
979 3575 -0.17084311558161844
979 3590 0.21333689860162156
980 3785 0.3980092423801242
980 3800 -0.3885093975572864
980 3815 0.30720190846353185
980 3830 0.3891737822309705
980 3846 -0.29372619042990783
980 3861 0.2525021227155737
980 3876 -0.3642057389719065
980 3891 0.5910169269665417
980 3755 0.20195973031476586
980 3770 0.5420069506951215
993 994 0.5610113280596931
993 1008 0.5079575742521629
993 3426 0.13728461887120066
993 3441 0.06681026203768133
993 3456 -0.7578385098470289
993 3471 0.290718501604408
993 3486 -0.7540866609745606
993 3501 0.8006706419586151
993 3516 -0.046705390421789394
993 3531 0.28134211518629887
993 3545 -0.017564023227264112
993 3560 -0.4407007817614627
993 3395 -0.8174123927636193
993 3410 1.0
994 995 0.2551716321568782
994 1009 -1.0
994 3606 -0.06277671926300579
994 3621 0.8357936921999174
994 3636 0.5359383339780863
994 3651 -0.9414705145551236
994 3666 -0.24600599378471547
994 3681 -0.12317669312261384
994 3696 -0.18221017562076006
994 3711 -0.40238394767008684
994 3725 -0.2526861262381584
994 3740 0.05505322904259559
994 3575 0.12125397583439426
994 3590 -0.8844006248728784
995 1010 -0.2963353499050608
995 3786 0.17847978546905208
995 3801 0.2845956073919882
995 3816 0.18729668333046087
995 3831 0.6069314977180946
995 3846 0.5218347536658424
995 3861 0.9409628034590037
995 3876 -0.11272036053358794
995 3891 -0.36333467186366547
995 3755 0.4140897887661587
995 3770 0.2629573126420767
1008 1009 0.27195622988143625
1008 3426 0.39167182457779226
1008 3441 0.6058058919161231
1008 3456 -0.7605406757544069
1008 3471 0.35669942047920566
1008 3486 -0.21940725381874746
1008 3501 -0.19652075662547427
1008 3516 -0.24264896654266901
1008 3531 0.21911307379781156
1008 3545 0.1357588373152704
1008 3560 -0.035445571035414014
1008 3395 -0.06926549900529357
1008 3410 -0.3139887098864884
1009 1010 0.030900437306886852
1009 3606 0.4266300023626663
1009 3621 -0.15371943808444494
1009 3636 0.27822574306336234
1009 3651 0.004835347886084778
1009 3666 -0.418446806694112
1009 3681 0.42202053293818925
1009 3696 -0.6627520700212213
1009 3711 0.8216291329412998
1009 3725 0.2737574005692685
1009 3740 -0.6016306999859687
1009 3575 0.26517914595581715
1009 3590 0.4519777747948771
1010 3786 0.45008497077895204
1010 3801 0.16725133648906895
1010 3816 0.6760419720950274
1010 3831 -0.3381402023199297
1010 3846 0.1193538175748326
1010 3861 -0.7934029632190814
1010 3876 0.15597191167146376
1010 3891 0.5115695931157985
1010 3755 0.18250394149058285
1010 3770 -0.47508900004532545
1023 1024 0.26849422578132526
1023 1038 -0.14359541994963604
1023 3426 0.41896904580948996
1023 3441 0.8478766252579537
1023 3456 0.301181044978853
1023 3471 -0.251837755710548
1023 3486 0.06374680545551314
1023 3501 -0.4175291183932227
1023 3365 0.23480475154440134
1023 3380 -0.3127483972078168
1023 3395 0.12368182716145384
1023 3410 -0.3457014450663056
1024 1025 0.5895998718626424
1024 1039 -0.3523575553443382
1024 3606 0.40622294665718667
1024 3621 -0.6617792963640831
1024 3636 -0.2533587059176297
1024 3651 -0.418908004895314
1024 3666 0.1639036463679654
1024 3681 0.28546571454753233
1024 3516 0.004515864150333137
1024 3531 0.7448875993928359
1024 3545 0.1372880980161969
1024 3560 -0.23196820617165517
1024 3575 0.23275754100077475
1024 3590 -0.09830860803973472
1025 1040 0.5528164560960123
1025 3786 0.8372826972999661
1025 3801 0.38062615743507655
1025 3816 0.3352973444228565
1025 3831 0.37826695516309716
1025 3846 -0.2526487317436146
1025 3861 -0.6379912114713059
1025 3696 0.03959336436929528
1025 3711 0.22684619468373324
1025 3725 0.6196267869214358
1025 3740 0.1369075291363668
1025 3755 -0.6388846535420657
1025 3770 0.0348385370691774
1038 1039 0.4548619327333
1038 3426 0.20219880781266628
1038 3441 0.19573708224232989
1038 3456 -0.09248789184639897
1038 3471 -0.45899076396945243
1038 3486 0.1726450444106206
1038 3501 -0.23731956884089045
1038 3365 0.2858587443404732
1038 3380 -0.8199785097459059
1038 3395 -0.4671709763097288
1038 3410 -0.0024194552547878827
1039 1040 -0.1537813863806216
1039 3606 -0.812958833905065
1039 3621 -0.1150647051259809
1039 3636 0.48957593090306145
1039 3651 -1.0
1039 3666 0.06680035490132662
1039 3681 -1.0
1039 3516 0.7644679073396
1039 3531 -0.5897875811024207
1039 3545 -1.0
1039 3560 0.7890532043206726
1039 3575 -0.11861021844571877
1039 3590 0.2523272577919681
1040 3786 0.3600844794956101
1040 3801 0.16815012989200445
1040 3816 0.28005027210605005
1040 3831 0.4576822380195256
1040 3846 0.8393518306061968
1040 3861 -0.13094917161624192
1040 3696 -0.1410645615970243
1040 3711 -0.05602111224905
1040 3725 0.403506638978494
1040 3740 0.284124418906232
1040 3755 -0.1613914426226041
1040 3770 -0.558019714672605
1053 1054 -0.018109240664157825
1053 1068 0.6171372379519215
1053 3426 0.1634406918690614
1053 3441 0.2634337866538876
1053 3456 -0.10652749436772696
1053 3471 -0.41723855501926294
1053 3486 -0.2583786284617541
1053 3501 -0.27419697948657173
1053 3366 0.7613173841857825
1053 3381 0.12979826170118455
1053 3396 -0.00040719214109402173
1053 3411 -0.21173830001004387
1054 1055 0.756548107886951
1054 1069 -0.341365363590377
1054 3606 -0.7249281591891866
1054 3621 -0.014995091831797204
1054 3636 0.5174719553708546
1054 3651 0.2590045877364907
1054 3666 0.8479958501493283
1054 3681 0.1615269401979269
1054 3516 0.46040880610804646
1054 3531 0.12350286282285848
1054 3546 -0.17980632522347842
1054 3561 -1.0
1054 3576 -0.4635337236163639
1054 3591 -0.09005110064542998
1055 1070 -0.09460782982215697
1055 3786 0.9085526815828702
1055 3801 -0.4339806724148444
1055 3816 -0.41935514501971993
1055 3831 -0.3517439913210496
1055 3846 0.7262831767455702
1055 3861 -1.0
1055 3696 -0.0813343294755061
1055 3711 0.770307273169956
1055 3726 0.8481487885653082
1055 3741 0.13093181174019772
1055 3756 -0.06820514846239883
1055 3771 0.22220734221713526
1068 1069 0.26108122718517834
1068 3426 -0.423547831104951
1068 3441 -1.0
1068 3456 -0.2433670904715326
1068 3471 -0.37386215971421966
1068 3486 0.3126189157785235
1068 3501 -0.20376042380056864
1068 3366 0.20032531956681793
1068 3381 0.6208244987725153
1068 3396 -0.29425149467917855
1068 3411 -0.1719829505458092
1069 1070 0.9566460742280757
1069 3606 -0.614268797779402
1069 3621 -0.2556044590577261
1069 3636 0.6445899074052577
1069 3651 -0.29102190405290457
1069 3666 0.013098787250532954
1069 3681 0.7807299715328538
1069 3516 -0.011336979377025156
1069 3531 -0.4470040363632715
1069 3546 -0.10067271483954376
1069 3561 0.19152249149573794
1069 3576 0.33501131127858624
1069 3591 -0.3537439717425824
1070 3786 -0.03846014344023998
1070 3801 -0.6681984581612387
1070 3816 -0.15253029502717838
1070 3831 -0.16634137208477906
1070 3846 -0.3985639452780661
1070 3861 -0.4161838453416527
1070 3696 -0.12007873463933993
1070 3711 -0.9360344568776541
1070 3726 -1.0
1070 3741 0.32668405169558407
1070 3756 0.1315891281794537
1070 3771 -0.5002766004982135
1083 1084 -0.2736317948631936
1083 1098 0.3475925350183
1083 3426 -0.9307388080088101
1083 3441 0.2963552849350142
1083 3366 -0.5060150448036718
1083 3381 0.7504090322630994
1083 3396 0.07800192179161206
1083 3411 0.018128315873454513
1084 1085 0.139476045157436
1084 1099 0.06447662168084296
1084 3606 -0.2751002058562098
1084 3621 0.8076630764557982
1084 3456 0.25176454823218813
1084 3471 -0.12045419288867264
1084 3486 -0.0804128411339338
1084 3501 0.1402205588523702
1084 3516 0.6452642565070956
1084 3531 -0.5324024088454535
1084 3546 0.029075407205047494
1084 3561 0.13171989536410666
1084 3576 -0.3786563403465523
1084 3591 0.2266264212556445
1085 1100 -0.1609587725469549
1085 3786 0.4667810949211689
1085 3801 -0.036906265286123646
1085 3636 0.15332418499264866
1085 3651 1.0
1085 3666 0.4117171975968722
1085 3681 0.2986077004145085
1085 3696 -0.13421201040766448
1085 3711 0.17622123858067723
1085 3726 -0.22867097982892937
1085 3741 0.3625891087149231
1085 3756 -0.28908144562179333
1085 3771 -0.4139426593887954
1098 1099 -0.42808574544623507
1098 3426 -0.44929736609413995
1098 3441 0.1365932562437928
1098 3366 -0.15965262774736544
1098 3381 -0.2789276221297003
1098 3396 0.27785787306427767
1098 3411 0.5399049511455785
1099 1100 0.2351521691698725
1099 3606 0.320985010066151
1099 3621 0.5550221439176295
1099 3456 0.279642526493431
1099 3471 0.34095884592787995
1099 3486 0.6029480283439967
1099 3501 0.16134496945806168
1099 3516 -0.5052911323703817
1099 3531 -0.2039900036715693
1099 3546 1.0
1099 3561 -0.2751816936888771
1099 3576 -0.8619321857099899
1099 3591 -0.4141131488380876
1100 3786 0.42413363491758554
1100 3801 0.17891286517815955
1100 3636 -0.07568602629173622
1100 3651 -0.0069987004328722745
1100 3666 -0.20262430887754887
1100 3681 0.0422827314369174
1100 3696 0.01642929264379077
1100 3711 0.2998406660882731
1100 3726 0.11121815919314802
1100 3741 0.37450589435703935
1100 3756 -0.0889327775505873
1100 3771 -0.3048464429359576
1113 1114 -0.029638615221201484
1113 1128 -0.13786496955554553
1113 3426 0.13893179256274513
1113 3441 -0.4119447698810622
1113 3366 0.3545641749478254
1113 3381 0.3814485242396144
1113 3396 0.3657837448227762
1113 3411 -0.22008583078727376
1114 1115 -0.8708442595202058
1114 1129 -0.6372478160178392
1114 3606 -0.3435822707067748
1114 3621 0.3972491081271544
1114 3456 0.28813513821129144
1114 3471 0.8329388754110905
1114 3546 0.16258975795048086
1114 3561 0.4446307744104393
1114 3576 -0.40789235166189597
1114 3591 0.12587196120952868
1115 1130 0.18819505872583286
1115 3786 0.25421464052364867
1115 3801 0.13544098313226377
1115 3636 -0.45693967318230355
1115 3651 0.3335252430636447
1115 3726 -0.1997440413586802
1115 3741 -0.3753726080335508
1115 3756 -0.22212784064347194
1115 3771 0.41927382681485026
1128 1129 -0.34667176914261266
1128 3426 0.33232308791749915
1128 3441 -0.7901392465733
1128 3366 0.012180001612819725
1128 3381 0.1396006496784725
1128 3396 0.6835635071667706
1128 3411 -0.0034125602385622453
1129 1130 -0.30430091087174466
1129 3606 0.6528329443174848
1129 3621 -0.42485386821475074
1129 3456 -1.0
1129 3471 -0.2936414481506482
1129 3546 0.264808985240193
1129 3561 -1.0
1129 3576 0.021228610263094683
1129 3591 0.13019396803513694
1130 3786 -0.07323690550381325
1130 3801 -0.05177301820147216
1130 3636 1.0
1130 3651 -0.5107490422187038
1130 3726 -0.22290807339626442
1130 3741 0.10309314712092335
1130 3756 -0.2407486994816868
1130 3771 -0.6711622280517142
3364 3365 -0.19049001093175927
3364 3379 -0.3788960507749607
3365 3366 -0.4136191722826372
3365 3380 -0.2927166076274531
3366 3381 1.0
3379 3380 -0.07392371164823452
3380 3381 0.16500480654916924
3394 3395 -0.414803667707769
3394 3409 -0.06519797376586062
3395 3396 -0.5261239433642276
3395 3410 0.31281233722197965
3396 3411 0.2882827680551296
3409 3410 -0.2766409730365806
3410 3411 -0.49265348941308207
3424 3425 0.24445131733780667
3424 3439 -0.1846582879173364
3425 3426 0.9575142605891359
3425 3440 0.44230095584243806
3426 3441 -0.3784855355930508
3439 3440 -0.27886290923823814
3440 3441 -0.2603024768634384
3454 3455 -0.44845776510011714
3454 3469 -0.050076944980622325
3455 3456 1.0
3455 3470 0.42046362453063163
3456 3471 0.5557398007582768
3469 3470 -1.0
3470 3471 -0.5978872580511345
3484 3485 -0.8558920965500715
3484 3499 0.45190232863344737
3485 3486 -0.2792760940689045
3485 3500 0.42756871763338444
3486 3501 -0.35253056653580045
3499 3500 0.3935117822776992
3500 3501 -0.453011258500216
3514 3515 -0.587725271551768
3514 3529 0.4072927661226644
3515 3516 -0.765345291559617
3515 3530 0.13251708740639567
3516 3531 -0.5576574154431047
3529 3530 0.14974422414959923
3530 3531 -0.13880267008515096
3544 3545 0.14057699008962327
3544 3559 -0.44776832759108526
3545 3546 -0.21336874263875902
3545 3560 -0.6574009911920765
3546 3561 0.31421337288101964
3559 3560 -0.3370007801030776
3560 3561 0.964521115412708
3574 3575 0.1702730250062455
3574 3589 0.1496969636883109
3575 3576 -0.07834202875593224
3575 3590 0.5925973831219037
3576 3591 -0.1963896255739555
3589 3590 0.5677457510194787
3590 3591 -0.34251576680975787
3604 3605 0.7835049374333448
3604 3619 0.5281343617068781
3605 3606 -0.536397837925754
3605 3620 -0.1428530292461865
3606 3621 -0.6015291885897428
3619 3620 0.08570674631412335
3620 3621 1.0
3634 3635 -0.21502872154847166
3634 3649 0.007527359330455313
3635 3636 -0.9159258728653287
3635 3650 -0.6031941025842693
3636 3651 0.47458941349647965
3649 3650 0.5931078499906772
3650 3651 -0.3877938020070846
3664 3665 1.0
3664 3679 -0.5175231693687901
3665 3666 -0.14734284006740409
3665 3680 0.12427570851656808
3666 3681 0.5461819760757514
3679 3680 -0.21949064658206685
3680 3681 0.29178774283981684
3694 3695 -0.4866085116333799
3694 3709 0.4845090630663675
3695 3696 0.3045960357461938
3695 3710 0.11664483206952822
3696 3711 0.3266741279586161
3709 3710 0.17484338515743542
3710 3711 -0.12142793577824229
3724 3725 0.812218053049058
3724 3739 -0.8066848041032739
3725 3726 -0.1343313754865787
3725 3740 0.2072742645665749
3726 3741 1.0
3739 3740 0.1991415260512456
3740 3741 -0.12399642107086985
3754 3755 -0.4546785950248137
3754 3769 -0.26560638289462896
3755 3756 -0.6454992143789775
3755 3770 -0.5839284537501046
3756 3771 0.45116705289413817
3769 3770 -0.6535781816719123
3770 3771 0.28514548180580673
3784 3785 -0.15647379104494705
3784 3799 -0.2711109415379963
3785 3786 -0.7242262410403537
3785 3800 -0.019831695007819568
3786 3801 0.33764573484217425
3799 3800 -0.5503433137848892
3800 3801 0.531300360301709
3814 3815 -0.2100207310914516
3814 3829 -0.00697940678366327
3815 3816 -0.5090154649082683
3815 3830 -0.4486457020724767
3816 3831 -0.07020595568270582
3829 3830 -0.13523488631286257
3830 3831 -0.16477696283354334
3844 3845 0.15340806119136222
3844 3859 -0.2711022245987302
3845 3846 0.6474901820796634
3845 3860 0.03587970487033279
3846 3861 0.12300306163110253
3859 3860 0.22851224716503288
3860 3861 -0.05060491533251441
3874 3875 -0.13711927536477503
3874 3889 -0.1277454394883426
3875 3876 -0.7232041154289556
3875 3890 -0.32271996270736997
3876 3891 -0.344329168823281
3889 3890 0.8095035807106842
3890 3891 -0.18689038521438167
