# 
603 603 0.7159839791507834
604 604 -1.0067257048203873
605 605 0.24926526714789293
618 618 -0.5209246561317907
619 619 -0.359138489929946
620 620 -0.9863113243879917
633 633 -0.9828638015045135
634 634 1.693268636602285
635 635 0.31955020439652304
648 648 0.8033149589880174
649 649 0.5555505493556264
650 650 1.3942606874917858
663 663 -1.8884350639462297
664 664 -0.20397487073064519
665 665 0.31570332626530545
678 678 0.5130985964295895
679 679 -0.9006114612704285
680 680 -0.1382317351210425
693 693 -0.05514927622708201
694 694 -0.4660558291898792
695 695 -1.7574378471207839
708 708 0.14441154386513586
709 709 1.3133317772885584
710 710 1.3607942705754317
723 723 0.4728724529415628
724 724 1.2518902912415653
725 725 0.22486546997314388
738 738 0.08259784181532663
739 739 -0.010821538413776796
740 740 -1.0276449980056437
753 753 -1.9303150489978114
754 754 -1.5269379219505528
755 755 -1.3886433269790863
768 768 -1.3179882997601313
769 769 -0.5659072797146437
770 770 0.33857173679508884
783 783 0.5783545622569749
784 784 1.9168556341073433
785 785 0.8094319710067407
798 798 0.7545122056498978
799 799 -0.9490550270859659
800 800 -0.36964688975322685
813 813 1.6202060632657884
814 814 -1.0751336741672919
815 815 2.3321262098148043
828 828 0.6802752489102547
829 829 1.3648259789494925
830 830 0.34758372736105414
843 843 -0.48882577277569933
844 844 0.2677877603482916
845 845 1.3952655536661558
858 858 -0.4220234156219044
859 859 0.039849135824227666
860 860 1.3973895978183302
873 873 -0.3748641672190827
874 874 -2.0466988928022514
875 875 -0.32932093823171765
888 888 -1.8185167036354577
889 889 -1.1569958504937405
890 890 -0.5967950199500218
903 903 -0.5116285540457244
904 904 -0.8184625348819342
905 905 -0.7824230065428109
918 918 0.5573788121750786
919 919 -0.7587922405766594
920 920 -1.0349048380293138
933 933 0.16789536537577018
934 934 -0.6792624540584885
935 935 -0.0870324060766196
948 948 -1.8153253752335266
949 949 1.2870195052092557
950 950 -0.5064169981000012
963 963 1.1871870283788755
964 964 0.19534892739804144
965 965 0.5580510792521235
978 978 -1.7699239932967372
979 979 2.25450927129946
980 980 -0.5203182307397698
993 993 1.5519900090207723
994 994 -0.526317473826937
995 995 0.757336716254015
1008 1008 0.789115463899388
1009 1009 -0.1906151966137036
1010 1010 2.1334671653185078
1023 1023 1.4626893921891728
1024 1024 0.19564840010155193
1025 1025 -0.284810256887932
1038 1038 -1.2792115358998464
1039 1039 1.2132342315109417
1040 1040 -1.436576284603739
1053 1053 -0.5797284300624355
1054 1054 -1.8688852291244553
1055 1055 -0.016283201533819833
1068 1068 -1.750850201101133
1069 1069 0.06906289540320334
1070 1070 -0.24305232019748457
1083 1083 0.41412170529571585
1084 1084 -0.1750243210078438
1085 1085 0.7987586344726931
1098 1098 0.17407530802118365
1099 1099 -0.26098280945233665
1100 1100 -0.8036550714499524
1113 1113 -0.97184745994265
1114 1114 0.9165728098221764
1115 1115 -1.0638832793156379
1128 1128 -0.05542168751378661
1129 1129 -0.23510441236490007
1130 1130 1.5198977077331977
3364 3364 0.6389608178011085
3365 3365 0.09294334840240447
3366 3366 0.9880758263716674
3379 3379 0.05063864322650986
3380 3380 -0.7274769173357496
3381 3381 -0.9765537478786138
3394 3394 0.2301649876579808
3395 3395 0.9190615889109551
3396 3396 0.8148284257348088
3409 3409 -0.45089706560896875
3410 3410 -0.14686087952196278
3411 3411 -1.1341870773758687
3424 3424 1.8408180552830264
3425 3425 0.010580895429227279
3426 3426 -0.2621148005287315
3439 3439 2.0193218918784295
3440 3440 -0.33868263598602505
3441 3441 0.9372367541401139
3454 3454 0.6752878739691569
3455 3455 0.03909646945010008
3456 3456 0.48039789025676244
3469 3469 -0.36639588013065644
3470 3470 -0.0004538406119728567
3471 3471 -1.5578408783468873
3484 3484 -0.14697266135849796
3485 3485 1.3843560210894061
3486 3486 -1.2511228375321073
3499 3499 -0.028054415625077416
3500 3500 -0.22119453600709194
3501 3501 -0.35758359230834397
3514 3514 2.2549825414792424
3515 3515 -2.2112542272061737
3516 3516 0.9276096023585781
3529 3529 -1.7903491550110533
3530 3530 -1.2063507677689136
3531 3531 -0.5738720626614642
3544 3544 -0.6090795026170811
3545 3545 -1.7997292074284001
3546 3546 0.2651136629709323
3559 3559 0.20013541335879823
3560 3560 0.9655036265232866
3561 3561 -0.19125168810134066
3574 3574 1.297899775560829
3575 3575 0.6519087465176706
3576 3576 0.9269107808914141
3589 3589 -0.5464345779139351
3590 3590 -0.04794475294376703
3591 3591 1.467194545207743
3604 3604 1.7667873882600826
3605 3605 0.04577529216258952
3606 3606 -1.9071659533505527
3619 3619 -0.36433415619649273
3620 3620 -0.5807464530643826
3621 3621 0.6421812069172792
3634 3634 -0.12209477610212144
3635 3635 0.1416107550826636
3636 3636 -0.2501102200977954
3649 3649 0.6134848303010586
3650 3650 -1.1835796758497805
3651 3651 -1.7820868500453508
3664 3664 0.8694739114850143
3665 3665 -0.768346689334955
3666 3666 0.46809244875385053
3679 3679 0.8679921247196325
3680 3680 0.9117778204164791
3681 3681 -1.510652460111666
3694 3694 1.2557519206711867
3695 3695 -1.951043727487335
3696 3696 -2.060208532408929
3709 3709 -0.6582049314111614
3710 3710 0.439394027072632
3711 3711 -1.8818341755574202
3724 3724 0.6857100661512612
3725 3725 -0.36712471982789735
3726 3726 1.552365298108045
3739 3739 -1.3277346423398986
3740 3740 1.6118600166001762
3741 3741 -1.2662118880631537
3754 3754 -0.2424192078278744
3755 3755 0.001241899192558886
3756 3756 2.410321876139918
3769 3769 0.4175272714048205
3770 3770 -0.07678834992516527
3771 3771 0.7256826509436158
3784 3784 0.03368968397086324
3785 3785 0.6183407507679759
3786 3786 -0.9960253598868609
3799 3799 0.8114031519029055
3800 3800 0.554171059164604
3801 3801 0.17802050635491323
3814 3814 0.6182048786933191
3815 3815 1.3250712332095338
3816 3816 -0.8128049574238876
3829 3829 -0.684290469199306
3830 3830 -0.5809008367890715
3831 3831 1.0892894504961244
3844 3844 -0.9628972051942921
3845 3845 -1.1476508309319748
3846 3846 0.7068065330370958
3859 3859 -1.5867257467037976
3860 3860 -0.05292660855151995
3861 3861 1.297809017905542
3874 3874 -0.33603681018599596
3875 3875 -1.2094638247038567
3876 3876 -1.0815391300559782
3889 3889 -1.106917454811184
3890 3890 -1.5037051046865053
3891 3891 -0.9172439357883064
603 604 -0.9310518179948973
603 618 0.22590582639850645
603 3484 0.5194036018198185
603 3499 0.13873189224228202
603 3514 -0.7326389020987913
603 3529 0.5859225652544223
604 605 -0.36805320585666834
604 619 -1.0
604 3664 -0.2619612878392533
604 3679 -0.044469701698010004
604 3694 -0.07322662798839763
604 3709 0.6188836508067243
605 620 0.7553698485525844
605 3844 -0.7208683582208214
605 3859 0.3266597143232498
605 3874 0.2680967992508669
605 3889 -0.17844326982227687
618 619 0.02438811073267223
618 3484 -0.08714758477130778
618 3499 0.11942861621362749
618 3514 0.781493048489864
618 3529 0.000524196841343356
619 620 -0.6603453096152601
619 3664 0.4978067116644525
619 3679 -0.4112000493785142
619 3694 -0.4028022427407443
619 3709 -0.005404199361430656
620 3844 0.2198865740345999
620 3859 -0.026758775697865826
620 3874 0.024412629068223224
620 3889 0.15802061742396256
633 634 1.0
633 648 0.2296214875942409
633 3424 0.2882498688313131
633 3439 -0.33696691823435265
633 3454 -0.061919696226137994
633 3469 0.13272084367721387
633 3484 0.08996670028302717
633 3499 0.4795193805246871
633 3514 0.5126015991138806
633 3529 -0.5248251165471892
634 635 0.09189231126695056
634 649 -0.6326434103713902
634 3604 -0.4967000981362613
634 3619 0.029178544297367184
634 3634 -0.1256900625513849
634 3649 0.09333049941852804
634 3664 -0.4430892633130594
634 3679 0.31148827648895505
634 3694 -0.012433951588204267
634 3709 -0.19553148856578056
635 650 0.03163970956752532
635 3784 -0.5962330000323193
635 3799 0.08946781542180772
635 3814 0.2579418461200649
635 3829 0.8608456738347078
635 3844 -0.2119430917583037
635 3859 -0.2815489301437462
635 3874 0.09259170566996122
635 3889 -0.08031827121700623
648 649 -0.83462088351563
648 3424 -0.08806035920028343
648 3439 -0.03725633939450113
648 3454 -0.38579422962713444
648 3469 0.17538695490702236
648 3484 0.30655759731800314
648 3499 -0.3151477069963772
648 3514 -0.05094505651900325
648 3529 0.6049776800704799
649 650 0.06231796194373862
649 3604 -0.09715980227760164
649 3619 -0.10000896688295922
649 3634 -0.014232007675566092
649 3649 0.7615473598526052
649 3664 0.11302580096499186
649 3679 0.1414314242619528
649 3694 -0.12371884897680745
649 3709 -0.2729057880574749
650 3784 0.7405791295147647
650 3799 0.13698051228482658
650 3814 -0.19493579387711035
650 3829 0.6333726237109688
650 3844 0.5905260069021327
650 3859 0.3462336907474601
650 3874 -0.12999891706441347
650 3889 0.13989178060809127
663 664 0.6320370379763044
663 678 0.18390777072439082
663 3424 -0.8892077671993021
663 3439 0.21245871180042447
663 3454 -0.4502610629186411
663 3469 0.8035870877223625
663 3484 0.037037051251135676
663 3499 -0.5111762171622956
664 665 -0.5262730255175331
664 679 -1.0
664 3604 -0.1436079038816401
664 3619 0.4278093129590199
664 3634 -1.0
664 3649 0.6365337635988096
664 3664 -0.38553817511114763
664 3679 -0.3301114707215522
664 3514 0.4179306688592582
664 3529 -0.8780393516258276
665 680 0.3146501041029512
665 3784 0.7236388418155635
665 3799 0.12809516697935558
665 3814 -0.27618902317119876
665 3829 -0.4849821059929783
665 3844 -0.18260703899051337
665 3859 0.5775966679776986
665 3694 0.26878696999668983
665 3709 0.09056936230005387
678 679 0.7419846162840626
678 3424 -0.6436494631855714
678 3439 0.3337335139338138
678 3454 -0.12611642807107945
678 3469 0.22173783799065924
678 3484 0.6393999684821992
678 3499 0.9228080483253517
679 680 0.16497075634366884
679 3604 0.413823782529753
679 3619 0.6812444281110165
679 3634 0.64903122368667
679 3649 -0.35075408403294184
679 3664 0.5978940318799049
679 3679 0.053748930543339055
679 3514 -0.2577081869830136
679 3529 -0.8269144469254354
680 3784 0.7404640625089648
680 3799 0.2516259021619206
680 3814 -0.4713040895923222
680 3829 0.07224250775595689
680 3844 0.35237987019093825
680 3859 -0.2580717838554586
680 3694 0.22347439016941556
680 3709 0.3706268746955367
693 694 -0.25268064130340967
693 708 0.5093967654968977
693 3424 -0.11774415917638832
693 3439 0.5502784592460048
693 3454 0.1917771417751712
693 3469 0.4387071231473417
693 3484 -0.34691597199152435
693 3499 -0.42535640912150635
693 3364 0.287215038627217
693 3379 1.0
693 3394 0.3965705727682433
693 3409 0.3015652771477035
694 695 0.580105208290448
694 709 -0.520757162377311
694 3604 -0.4590328114671397
694 3619 -0.8894664650865483
694 3634 0.20906772332313056
694 3649 -0.14750130123531421
694 3664 -1.0
694 3679 0.44281731555988363
694 3514 -0.15047104710795486
694 3529 0.051156235375872515
694 3544 -0.9182938846228734
694 3559 0.3916638368269968
694 3574 -0.21162784969773787
694 3589 0.315251115103904
695 710 0.21722298678818314
695 3784 0.15003495591087346
695 3799 -0.20518615455914907
695 3814 0.3789982837125406
695 3829 0.3748807547313197
695 3844 -0.5058874289266043
695 3859 -0.04815260724283025
695 3694 -0.24271915275402617
695 3709 0.6202370433662997
695 3724 0.3831267374439694
695 3739 -0.11943040071132
695 3754 0.07286884783420862
695 3769 -0.5978362833206682
708 709 -0.021742567050618205
708 3424 -0.5868062094339774
708 3439 -0.19893310604738418
708 3454 0.31601848139021044
708 3469 -0.2747786327584534
708 3484 -0.5919144554629783
708 3499 0.2672541162112311
708 3364 -0.3412606297914561
708 3379 -0.692534695932713
708 3394 0.8349062858872305
708 3409 0.02748529751180362
709 710 0.8810011396516723
709 3604 0.5621902026221353
709 3619 0.22002506316676193
709 3634 0.6230597166136169
709 3649 1.0
709 3664 -0.5730978299500218
709 3679 0.6974264738908333
709 3514 -0.49453441700732365
709 3529 -1.0
709 3544 0.09252513373858656
709 3559 0.8852299679940432
709 3574 -0.2691033629896835
709 3589 0.09730627294186656
710 3784 -0.6180393888905394
710 3799 -0.3531255413805773
710 3814 -0.16421733532574984
710 3829 -0.09869806436016648
710 3844 -0.097161522345367
710 3859 0.6565854237962555
710 3694 -0.05398363451902205
710 3709 0.033111054894254255
710 3724 0.3443479477409031
710 3739 0.3845950611491793
710 3754 -0.6211445254589615
710 3769 -0.28538790010175963
723 724 0.6933745976505599
723 738 -0.5586764706464991
723 3424 -0.34267048247246196
723 3439 0.8748058778584427
723 3364 0.11740542858235413
723 3379 -0.08629987782702374
723 3394 -0.10191485006141013
723 3409 0.42345795051890395
724 725 0.1888857515469299
724 739 -0.6435439904981038
724 3604 -0.5406753917210795
724 3619 -0.2933372893536414
724 3454 0.062399061343725304
724 3469 0.20143435850465358
724 3484 0.1702395060835991
724 3499 0.4551892934457414
724 3514 0.29254012669336465
724 3529 0.2577845064042799
724 3544 -0.2667857393204578
724 3559 0.6904372872971921
724 3574 0.06641514045501609
724 3589 -0.43021536303564606
725 740 -0.23389699869500835
725 3784 -1.0
725 3799 -0.37238647316775275
725 3634 0.2990186000969809
725 3649 0.237111965339235
725 3664 -0.7684248521427619
725 3679 -0.26396083507475626
725 3694 0.30898561378779615
725 3709 -0.37999406911481837
725 3724 0.8091750313775143
725 3739 0.36536836528583705
725 3754 0.5635454116939126
725 3769 -0.10152518265298743
738 739 -1.0
738 3424 -0.06177758072688139
738 3439 0.18952575395752136
738 3364 0.08426486643438462
738 3379 -0.7827074684679446
738 3394 -0.31886881173603965
738 3409 0.1662701677084627
739 740 0.03685756012050805
739 3604 -0.5819961035117358
739 3619 0.10281012552147743
739 3454 -0.8841245219220659
739 3469 -0.6311070397564931
739 3484 -0.08222757480961748
739 3499 -1.0
739 3514 -0.017922725911388895
739 3529 -0.34367271684864237
739 3544 -0.6019591297327154
739 3559 -0.9312020951106972
739 3574 -0.30330899236751657
739 3589 0.01820336556815554
740 3784 -0.23524589737145704
740 3799 0.43002037674464816
740 3634 0.9227604571340723
740 3649 0.39379337636258044
740 3664 0.00395973416012085
740 3679 -0.4081572942632893
740 3694 -0.14299272989543063
740 3709 -0.01489498267639062
740 3724 -0.9351384099212025
740 3739 -0.2616639691647703
740 3754 0.3700539893878662
740 3769 -0.07570777420871157
753 754 0.309406018141842
753 768 0.0691553434413359
753 3424 -0.3246337578026405
753 3439 0.21202528220027003
753 3364 -0.1454033382743845
753 3379 -0.10760217059626848
753 3394 0.5488888615684173
753 3409 0.21647502903738902
754 755 -0.20248972435391005
754 769 -0.11282072460337293
754 3604 -0.2344079506121831
754 3619 0.6520941841369297
754 3454 0.15127507765723733
754 3469 0.21234395211393667
754 3485 -0.5472195863903324
754 3500 -0.132636502189523
754 3515 0.19320160523720054
754 3530 0.603823019080209
754 3544 -0.6008168425848761
754 3559 -0.5358623136442929
754 3574 0.10095442521080016
754 3589 -0.7295578844636804
755 770 0.4511604044020016
755 3784 0.48852502611681453
755 3799 -0.05980017280416203
755 3634 0.36936894708832263
755 3649 0.594164119497617
755 3665 -0.23977607108651577
755 3680 0.4352496098524972
755 3695 0.3830743193650402
755 3710 0.15447659756902132
755 3724 0.8314698082552923
755 3739 -0.14732904957171455
755 3754 -0.43522776090931425
755 3769 -0.10458934055257896
768 769 0.4373601368699429
768 3424 -0.511311860861019
768 3439 -0.6401414116789287
768 3364 0.5649699835925257
768 3379 0.4261877712892667
768 3394 1.0
768 3409 0.44729233703117066
769 770 -0.11946569260378231
769 3604 0.4376708597834222
769 3619 0.8898002229634699
769 3454 -0.2008854789763333
769 3469 0.4323585981996712
769 3485 0.4339769302841242
769 3500 0.14634802778630207
769 3515 0.08604899567258656
769 3530 -0.578273088149556
769 3544 0.9813493096607062
769 3559 -0.22951101290101683
769 3574 0.5702473047870829
769 3589 -0.39492419199589746
770 3784 0.0030240955287896844
770 3799 -0.3440825927476064
770 3634 -0.030057865738364657
770 3649 -0.29083129543628317
770 3665 -0.3950954763311487
770 3680 -0.1116670517097543
770 3695 0.2870341310113733
770 3710 0.39128886210775604
770 3724 0.2112808482279664
770 3739 -0.1473854255516284
770 3754 0.21718073820542738
770 3769 -0.28349529520138084
783 784 -0.4041521769930099
783 798 -1.0
783 3424 0.1290823901626345
783 3439 1.0
783 3454 -0.12395533656350309
783 3469 0.782360981593357
783 3485 -0.2886309559095545
783 3500 0.20253044456062866
783 3515 -0.534925347492055
783 3530 0.26371345796565604
783 3544 -0.2684263165509923
783 3559 0.5994251477281859
783 3394 -0.31633292611257674
783 3409 -0.9267560909801534
784 785 0.23553781532114196
784 799 -0.28151378443970276
784 3604 -0.3986722889854133
784 3619 0.004082680853949222
784 3634 0.6609022184113102
784 3649 1.0
784 3665 0.49746285679554636
784 3680 -0.11281720549764325
784 3695 0.3349562188289573
784 3710 -0.607803784417938
784 3724 -0.029685981632965753
784 3739 -0.21192349642015695
784 3574 -0.3203304781139841
784 3589 -0.1302979074867857
785 800 0.06368872660347721
785 3784 0.8361934467118537
785 3799 -0.27436750427722506
785 3814 -1.0
785 3829 -0.23717419064972362
785 3845 -0.6836696753931532
785 3860 -0.3309773638918301
785 3875 -0.13544489072212967
785 3890 -1.0
785 3754 0.9349071692109172
785 3769 0.0923845784684667
798 799 0.4438901429932545
798 3424 0.4233801849715527
798 3439 -0.1274334264648766
798 3454 -0.5738739240897631
798 3469 -0.09914074817075882
798 3485 -0.09337871131694964
798 3500 -1.0
798 3515 -0.06472544293054276
798 3530 0.0833862613226549
798 3544 -0.21037449714612114
798 3559 0.2579529740393247
798 3394 -0.16234835729591654
798 3409 0.12022231636034979
799 800 0.42533912178703065
799 3604 1.0
799 3619 -0.09171664372290475
799 3634 -0.2607349788546621
799 3649 -0.5151841222705251
799 3665 -0.001310165163368669
799 3680 0.4625654325579313
799 3695 0.48382304139257065
799 3710 0.13852592956536577
799 3724 -0.1984535011382488
799 3739 0.46127070551463445
799 3574 0.9994298486794874
799 3589 0.8767429429572517
800 3784 0.24107759190942055
800 3799 -0.309080444984869
800 3814 0.04179121096329115
800 3829 0.8579865530949605
800 3845 -0.5639174366097478
800 3860 -0.2057983436272086
800 3875 0.3510136213086479
800 3890 -0.68986253162599
800 3754 0.7956633036895094
800 3769 -0.05242109983884009
813 814 0.10914838960105716
813 828 0.11463508309922098
813 3425 0.43634625459232307
813 3440 -1.0
813 3455 -0.5507049256337432
813 3470 -0.8590712488001164
813 3485 -0.43692602997662755
813 3500 0.4956085699027486
813 3515 0.36976280216589585
813 3530 0.003031844801466951
813 3544 0.7061112264411896
813 3559 0.42907957319828205
813 3394 0.26130051080033134
813 3409 0.18049098652794288
814 815 0.0823193610270411
814 829 -0.14749902521707672
814 3605 0.5773663138773336
814 3620 -0.24838109199277963
814 3635 0.24332373644241265
814 3650 -0.14930907907715066
814 3665 1.0
814 3680 0.19179845190508385
814 3695 0.3311217507405959
814 3710 -0.3417752713253744
814 3724 -0.6195629740979254
814 3739 0.40887270511372936
814 3574 -0.8965895225205471
814 3589 -0.3313191740818558
815 830 0.9394477825641023
815 3785 -0.4347683659173343
815 3800 0.6904602807934324
815 3815 0.8546844403699941
815 3830 0.631597899539566
815 3845 0.37971877387508934
815 3860 1.0
815 3875 0.7700064893372531
815 3890 -0.0046290679456469225
815 3754 -1.0
815 3769 0.7972572242322152
828 829 -0.11315680695239433
828 3425 0.05851139195185375
828 3440 -0.12782766061038284
828 3455 -0.5295012570633001
828 3470 0.07633707545972408
828 3485 0.13215003068790918
828 3500 -0.6960425757830125
828 3515 -0.3415329280383559
828 3530 0.5245576907620222
828 3544 0.12253861618773575
828 3559 -0.8106058973415986
828 3394 -0.07485893816404575
828 3409 -0.5611564550943726
829 830 -0.40746055663618735
829 3605 0.9994382075127899
829 3620 -0.30230890998048343
829 3635 -0.473618396515805
829 3650 0.07142983054489553
829 3665 0.05082251759101336
829 3680 -0.6369210925088259
829 3695 -0.18244500579943723
829 3710 0.5177462403670837
829 3724 -0.8174592426437567
829 3739 0.35608749233497394
829 3574 -0.5004744064636109
829 3589 0.397477339049465
830 3785 -0.27721279440406765
830 3800 -0.6745848978584156
830 3815 0.30150358139880135
830 3830 0.14793580482033822
830 3845 0.06507823586845643
830 3860 -0.10748987949902633
830 3875 -0.6010779398323879
830 3890 1.0
830 3754 -0.22554779744726183
830 3769 0.26489068170258256
843 844 -0.10438426090093524
843 858 0.31966704438894156
843 3425 -0.0829049888066717
843 3440 0.4358378679435187
843 3455 -0.3768823530848302
843 3470 0.10521024509919728
843 3485 -0.47178002738778263
843 3500 0.6726710967094558
843 3364 0.312156265703208
843 3379 -0.16122405683543248
843 3394 0.4867776770098955
843 3409 0.1816438942554872
844 845 0.26887149853689235
844 859 -0.0014440723512302138
844 3605 0.4674095495421528
844 3620 0.42477292964211244
844 3635 0.9805100342516128
844 3650 0.5120762201981538
844 3665 -0.17040957496812706
844 3680 -0.05328379789332325
844 3515 -0.3654108244603135
844 3530 -0.17627209585615267
844 3544 0.22312217899613704
844 3559 -0.3392048050346276
844 3574 -0.34895123952874535
844 3589 -0.00837454878457665
845 860 0.21428580033030933
845 3785 0.11621022579460531
845 3800 0.6962527613632962
845 3815 -0.7720950428957345
845 3830 0.5474933997536862
845 3845 -0.40304811123870077
845 3860 -0.5618340271790129
845 3695 -1.0
845 3710 -0.6600227045633409
845 3724 -0.4556154401253614
845 3739 -0.18341325225200503
845 3754 0.8116466277725943
845 3769 -0.24885282833863145
858 859 -0.442356698135013
858 3425 -0.8993978476622476
858 3440 0.8448127844239118
858 3455 0.5013365273859546
858 3470 0.08815285204447308
858 3485 0.47693905921767527
858 3500 0.11717190038118631
858 3364 -0.16077910380834184
858 3379 -0.28111763136856205
858 3394 0.16501543096101823
858 3409 0.18346646194791325
859 860 0.22394118839969285
859 3605 -0.49858936474146315
859 3620 0.9364408511928698
859 3635 0.4704214502887519
859 3650 1.0
859 3665 0.9411650435224639
859 3680 -0.7277445662514638
859 3515 0.9175757136331266
859 3530 0.07544554461253397
859 3544 0.3887778682839287
859 3559 -0.7559108961474486
859 3574 0.4278887119032035
859 3589 -0.2669696506002005
860 3785 0.03303105985077506
860 3800 0.025689663768570774
860 3815 -0.6059056766875681
860 3830 -0.9527738956607449
860 3845 1.0
860 3860 -0.1776832099200257
860 3695 -0.7828996264071484
860 3710 -0.1516610424946214
860 3724 -0.6883367153587705
860 3739 0.01206959363874105
860 3754 0.7937312130376082
860 3769 -0.7794332232167942
873 874 -0.42640196929418583
873 888 -0.47496980012298967
873 3425 0.8519619499568358
873 3440 -0.024658542114710195
873 3455 0.2038532930220594
873 3470 -0.46611485131767927
873 3485 0.1661698684644196
873 3500 0.13574876404081282
873 3365 0.23245561158188863
873 3380 -0.34838042513063705
873 3395 0.546781213592792
873 3410 0.4040793260325277
874 875 0.2939681370534164
874 889 0.3903838324824166
874 3605 -0.24401548776889023
874 3620 0.6353497284290371
874 3635 0.46520792990360205
874 3650 0.7284719968655025
874 3665 1.0
874 3680 0.20898309959277936
874 3515 -0.16700546154051982
874 3530 -0.40422617687833984
874 3545 -0.020731704934576316
874 3560 -1.0
874 3575 -0.7875485780285448
874 3590 -0.11706362237411008
875 890 -0.2790776566754538
875 3785 -0.10729020710249094
875 3800 -0.05196348162709935
875 3815 -1.0
875 3830 0.2707322644054898
875 3845 0.582697035061565
875 3860 -0.029457152895732672
875 3695 -0.4655779407823906
875 3710 -0.2320655516539963
875 3725 0.33912842820300054
875 3740 -0.3134413158250916
875 3755 0.863367125182975
875 3770 -0.7544053034229912
888 889 0.4543669290113029
888 3425 -0.37156115278963636
888 3440 -1.0
888 3455 -0.47380091796273677
888 3470 0.3604475154320366
888 3485 0.28868287787380453
888 3500 0.305742119681543
888 3365 0.622881286886767
888 3380 0.14858465790251027
888 3395 -0.24134784419287675
888 3410 -0.09379086956637883
889 890 -0.34268818846356924
889 3605 -0.49813849520084763
889 3620 0.3509752778368149
889 3635 0.2098490045328707
889 3650 0.41317972734804753
889 3665 0.6589515158943057
889 3680 -0.2952427223983581
889 3515 0.672148516353777
889 3530 -0.4539927184821581
889 3545 -0.03812948256047215
889 3560 0.7722510028593583
889 3575 -0.34278131778756904
889 3590 -0.6947208347089023
890 3785 0.38146704907643764
890 3800 -0.33054792674236044
890 3815 0.10288748108718462
890 3830 0.4743916460683865
890 3845 0.6019936970522607
890 3860 -0.05226406201507886
890 3695 -0.3815521459419263
890 3710 0.0924109011931798
890 3725 0.08084652352540973
890 3740 0.02494987107437996
890 3755 -0.23908345632665373
890 3770 0.3817572051822521
903 904 -0.1385820267327475
903 918 0.2994826729351861
903 3425 1.0
903 3440 -0.8367271759299844
903 3365 -0.5665665925648268
903 3380 -0.09245454029230385
903 3395 -0.3516315397104447
903 3410 0.055911096973013934
904 905 0.6045000244799164
904 919 0.7072677842063152
904 3605 -0.21058885906249195
904 3620 0.3294890622842059
904 3455 0.2651345565186348
904 3470 -0.321470386909236
904 3485 0.13259291122498207
904 3500 -0.3700903497962123
904 3515 -0.08800505289240389
904 3530 -1.0
904 3545 -0.2504623214786088
904 3560 0.8977922945080895
904 3575 0.08996968610092294
904 3590 -0.20803111648186215
905 920 0.3641446296794986
905 3785 0.4122922876089788
905 3800 0.06099109145847976
905 3635 0.8101314999079283
905 3650 0.4308464845675995
905 3665 0.6196369225358043
905 3680 0.09112932263468503
905 3695 0.2454022109750967
905 3710 -0.6257969039730753
905 3725 -0.12457804639717902
905 3740 -0.5342428087340284
905 3755 -0.2014551698017594
905 3770 0.5401530194327632
918 919 -0.9461553165395248
918 3425 -0.8972372816181283
918 3440 0.11093753034318957
918 3365 -0.6221346357685671
918 3380 -0.6651477118467785
918 3395 0.3200887416887749
918 3410 0.1445358203738458
919 920 0.2611703216492311
919 3605 -0.3134109724826071
919 3620 0.14339838900233842
919 3455 0.42379599866512885
919 3470 -0.6727850876315742
919 3485 -0.16375244024248853
919 3500 0.03392429722020144
919 3515 0.3161260837273772
919 3530 0.7492838412694643
919 3545 0.25111554265569946
919 3560 0.541268240816832
919 3575 -0.19787028988153013
919 3590 -0.6977417119688831
920 3785 0.26185787343540634
920 3800 -1.0
920 3635 0.06072223254992758
920 3650 -0.5109541922322921
920 3665 0.9379523547648609
920 3680 -0.3626849909540957
920 3695 -0.10472362070801884
920 3710 0.5345825021155788
920 3725 0.1970954618963358
920 3740 0.28871369703452
920 3755 0.4263124870270882
920 3770 0.12380253099294736
933 934 -1.0
933 948 -0.46198277020214334
933 3425 -0.09071001068727762
933 3440 0.16978401482072755
933 3365 0.4598021057911452
933 3380 -0.05228890688250992
933 3395 -0.2334555393380651
933 3410 -0.7607173914474656
934 935 0.2665754468615074
934 949 0.7738219219869413
934 3605 0.04453267676247956
934 3620 -0.19928641864009572
934 3455 0.14355901493008244
934 3470 -0.24157923382208704
934 3486 0.2747163518161408
934 3501 -0.6424302972417647
934 3516 0.1406014722991877
934 3531 0.1284593736933372
934 3545 0.0780820971182807
934 3560 0.012831147988123102
934 3575 -0.372575050316452
934 3590 -0.16238373635083686
935 950 0.5398242981628959
935 3785 -0.1646392483572481
935 3800 -1.0
935 3635 -0.3415714209865076
935 3650 0.04890871150497495
935 3666 0.6190333615979857
935 3681 -0.12369190461373167
935 3696 0.021633119996140503
935 3711 0.4004234653868479
935 3725 -0.05559854131778525
935 3740 -0.1012889882827579
935 3755 -0.5083158432340117
935 3770 0.7842182944655516
948 949 0.22796444927401338
948 3425 -0.5670843366765862
948 3440 0.6002315922065155
948 3365 0.033557502254244836
948 3380 -0.4685554967880141
948 3395 -0.6304986028226234
948 3410 0.25875529222329385
949 950 -0.2539984660849455
949 3605 0.38193990726858096
949 3620 -0.09882349313703316
949 3455 0.004305700343822644
949 3470 0.06854901627632996
949 3486 -0.07950803878884856
949 3501 -0.09235901160595952
949 3516 -0.027000205091729533
949 3531 0.4028697166824846
949 3545 0.8078996161810603
949 3560 -0.5224918093138715
949 3575 0.6182098133618233
949 3590 -0.11646769346433472
950 3785 -0.24549458930546494
950 3800 0.4517392857616992
950 3635 0.17895962535525659
950 3650 1.0
950 3666 0.4797097782199541
950 3681 0.313440225191617
950 3696 0.3847041904711702
950 3711 0.29670303211466154
950 3725 -0.3058578141259712
950 3740 0.10816396167894061
950 3755 0.8605401611286126
950 3770 0.41533278586616335
963 964 0.15916060063793985
963 978 0.3152771513632173
963 3425 -0.7343703628389464
963 3440 0.9302669824753322
963 3455 0.08148378134419622
963 3470 0.21999503364262776
963 3486 0.021515008954129444
963 3501 -0.8182565050169325
963 3516 0.7031756390354209
963 3531 -1.0
963 3545 0.029444560572654745
963 3560 -0.549880633283523
963 3395 -0.006282369878740958
963 3410 0.053309918287499446
964 965 -0.12970904406587055
964 979 0.1864977761922192
964 3605 -0.12299092770226323
964 3620 -0.0013432776676468902
964 3635 -0.4438807994227527
964 3650 0.20174101389858898
964 3666 0.6101641100625675
964 3681 -0.13463180679269487
964 3696 -0.9850698139715353
964 3711 -0.1252291234795227
964 3725 -0.18425573520555752
964 3740 0.5655494868378821
964 3575 0.21294876002525787
964 3590 0.944863123508047
965 980 0.20149704346335906
965 3785 0.3081296891329283
965 3800 -0.337913320806787
965 3815 -0.3749973841421568
965 3830 0.6684907195233726
965 3846 0.08707219033253835
965 3861 0.8058500398590049
965 3876 -0.4196410023619462
965 3891 0.2834544504278753
965 3755 -0.22855108670878982
965 3770 1.0
978 979 0.04633467461238972
978 3425 0.1207937863138514
978 3440 0.1474001489802099
978 3455 -0.2745301733337187
978 3470 -0.029773320567444025
978 3486 0.18156068574944004
978 3501 0.26819291543711526
978 3516 -0.25213790297660393
978 3531 0.29820802101594795
978 3545 0.2000808757306548
978 3560 -0.1983821714261741
978 3395 -0.06236748506139903
978 3410 -0.18085063217793598
979 980 -0.41827199477022936
979 3605 -0.12265744333680974
979 3620 0.20532722131705272
979 3635 0.3517513628130711
979 3650 0.156557868624032
979 3666 -0.541150311434732
979 3681 -0.1829261743566479
979 3696 -0.04980508637698096
979 3711 0.05322498099285207
979 3725 0.17933775286101153
979 3740 0.5233829630430651
979 3575 0.10351988999495976
979 3590 -0.3754693230458142
980 3785 -0.11746354565682333
980 3800 0.8278761498575392
980 3815 0.08039665747272136
980 3830 0.3590564187763581
980 3846 -0.263071739467113
980 3861 -0.1549617959475964
980 3876 0.5436502897258016
980 3891 0.6029286446527885
980 3755 0.207053081420263
980 3770 -0.5995567688768441
993 994 0.33518691570678627
993 1008 0.8717785911025613
993 3426 0.18215109125336784
993 3441 -0.5338018578365694
993 3456 -0.20526189574714557
993 3471 -0.18963921517827043
993 3486 0.6303370519607645
993 3501 -0.1981698878327694
993 3516 0.5740803001106183
993 3531 0.1545506668282204
993 3545 -0.11732990005271614
993 3560 -0.38890146492170796
993 3395 0.305252415430751
993 3410 -0.4442929011651971
994 995 -0.1641413225639029
994 1009 -0.0056590447052204135
994 3606 0.36848357550194527
994 3621 0.05509267832671933
994 3636 0.7658564621502182
994 3651 0.6020031933722105
994 3666 0.01786158580411943
994 3681 0.7189957564118333
994 3696 0.1313754862785009
994 3711 0.4798626499018768
994 3725 0.2432415962925033
994 3740 0.19007974735769942
994 3575 0.29437841753534777
994 3590 0.21614889235314405
995 1010 1.0
995 3786 -0.4212564863372602
995 3801 -0.1963784853567914
995 3816 0.834393738205878
995 3831 0.05436129572564106
995 3846 0.04027650787495952
995 3861 0.26563179000055115
995 3876 -0.33732380287818436
995 3891 1.0
995 3755 -0.7373822121972964
995 3770 0.31133630424373115
1008 1009 -0.191199287726288
1008 3426 -0.37560104672859834
1008 3441 0.25087109006899116
1008 3456 0.04605350993337827
1008 3471 0.07536744928540991
1008 3486 0.6668309005436402
1008 3501 -0.04426947456462922
1008 3516 0.4779666999213996
1008 3531 0.2085756235087356
1008 3545 0.702464885254355
1008 3560 0.25705609073565583
1008 3395 -0.3116460723870275
1008 3410 -0.19333684077009522
1009 1010 -0.4116684754032872
1009 3606 -0.009196755262341302
1009 3621 0.01950845931584831
1009 3636 0.5994470866670492
1009 3651 0.22621552603695724
1009 3666 0.15546950903987067
1009 3681 -1.0
1009 3696 -0.8280412861929882
1009 3711 -0.1258608706686812
1009 3725 0.2888744132353589
1009 3740 0.441116933218619
1009 3575 -0.018283593302975007
1009 3590 -0.03824562982225942
1010 3786 0.7056365718051039
1010 3801 -0.14587652186032585
1010 3816 -0.020087732387375202
1010 3831 -0.2983905713290042
1010 3846 -0.36892342972394576
1010 3861 0.46138723573634516
1010 3876 -0.1154673843366883
1010 3891 -0.8598729650538457
1010 3755 0.5183770333474821
1010 3770 0.05211852872447136
1023 1024 0.6754720277458278
1023 1038 -0.4380552999679775
1023 3426 -0.7255741366751586
1023 3441 -0.7062423862827242
1023 3456 0.3281328507219617
1023 3471 -0.22891428357153917
1023 3486 0.3395251994736544
1023 3501 0.691667077544909
1023 3365 -0.2549286127482575
1023 3380 -1.0
1023 3395 0.12998507200689974
1023 3410 0.17327391427911867
1024 1025 0.8171362334928958
1024 1039 -0.9344294079501113
1024 3606 0.6301590531748973
1024 3621 -0.6242567028757645
1024 3636 -0.09867896645484528
1024 3651 0.1730078312298836
1024 3666 0.07959455012471817
1024 3681 0.13958344603840633
1024 3516 0.4339847860243281
1024 3531 0.06691493103562149
1024 3545 -0.77612240084632
1024 3560 0.2340324743783134
1024 3575 0.1666107270640647
1024 3590 0.4896138975629599
1025 1040 0.07923919262764104
1025 3786 0.6891036262734892
1025 3801 -0.4183590859235715
1025 3816 0.08595784844822857
1025 3831 -0.2248326107757571
1025 3846 -0.30053317307656335
1025 3861 -0.3103396619252123
1025 3696 0.5427450467724764
1025 3711 -0.03145934462748673
1025 3725 0.1549317665312328
1025 3740 0.23732886495265546
1025 3755 0.09112967023209313
1025 3770 0.17166127878133078
1038 1039 0.19446861342433236
1038 3426 -0.3838474051106242
1038 3441 -1.0
1038 3456 0.4174743698366748
1038 3471 -0.027470775913139768
1038 3486 -0.21795276091073001
1038 3501 0.7025321646316023
1038 3365 -0.24412159668674302
1038 3380 0.29249858305880894
1038 3395 0.3942800040055843
1038 3410 0.4135883507125512
1039 1040 0.053984309380063614
1039 3606 -1.0
1039 3621 -0.39534644922969525
1039 3636 0.29802750143197043
1039 3651 0.6005924573546169
1039 3666 0.20863299433821145
1039 3681 -0.422243693566899
1039 3516 0.028231948840208552
1039 3531 -0.24526034894488613
1039 3545 -0.006953703416794131
1039 3560 0.3461009029593353
1039 3575 -0.2643487022485854
1039 3590 -0.3419829384521345
1040 3786 -1.0
1040 3801 1.0
1040 3816 -0.4576632230750688
1040 3831 -0.855602401854534
1040 3846 0.2512256301792475
1040 3861 0.2626064494523549
1040 3696 0.4686915425370845
1040 3711 -0.12950377656444642
1040 3725 -0.37629662638095557
1040 3740 0.5583893343211016
1040 3755 0.38367948663065743
1040 3770 -0.6712130120485787
1053 1054 -0.4072729103307358
1053 1068 0.09638285328577176
1053 3426 0.3331856180626129
1053 3441 0.47895731638197164
1053 3456 0.8398225834802728
1053 3471 0.147698234223684
1053 3486 0.1824268892355436
1053 3501 0.37268085550873636
1053 3366 -0.034707894280973206
1053 3381 -0.2434710417544737
1053 3396 -0.28849562020574343
1053 3411 -0.44104696811312744
1054 1055 0.0826662221395658
1054 1069 0.799957511793967
1054 3606 0.23231258592530546
1054 3621 -0.262845217891552
1054 3636 -0.1983183695533516
1054 3651 -0.31730124852660946
1054 3666 -0.4801575365223876
1054 3681 -0.027448551483567323
1054 3516 -0.05786398211577357
1054 3531 0.6281269231080305
1054 3546 -0.2150960540636836
1054 3561 0.7465040770963857
1054 3576 -0.2957478168253994
1054 3591 -0.02774224225874041
1055 1070 0.06393501434245182
1055 3786 -0.23247466909294523
1055 3801 0.24733937838369982
1055 3816 -0.36415072078947586
1055 3831 0.26988996481105576
1055 3846 -0.32085434523029854
1055 3861 0.14085225552859984
1055 3696 1.0
1055 3711 0.5040251196314368
1055 3726 0.183331991166641
1055 3741 -0.3895038608520064
1055 3756 0.08842398158712227
1055 3771 -0.06790191156490279
1068 1069 0.6175504194230999
1068 3426 0.4419185098562705
1068 3441 0.09346111229300079
1068 3456 -0.843118029218647
1068 3471 -0.1565151660272927
1068 3486 -0.21408541843354775
1068 3501 0.6866484870238838
1068 3366 -0.7739762392548969
1068 3381 -0.853621654569269
1068 3396 0.07836164583800916
1068 3411 -0.586740058448294
1069 1070 -0.2630032962251847
1069 3606 0.08761504442297767
1069 3621 -0.7323533784565723
1069 3636 0.40359289781786706
1069 3651 0.3699026738552274
1069 3666 -0.19049329300994425
1069 3681 0.6930244080157053
1069 3516 -0.40254162959521744
1069 3531 -0.15568693808467338
1069 3546 0.9328609188966197
1069 3561 -0.29551440141410745
1069 3576 -0.05751171632056692
1069 3591 0.4388308025571593
1070 3786 -0.32370029590585186
1070 3801 -0.3266087044692451
1070 3816 -0.11786509600737428
1070 3831 0.5099277957187851
1070 3846 0.27547675063009097
1070 3861 -0.3088721845626524
1070 3696 -0.17222785193189072
1070 3711 -0.9717622732613423
1070 3726 0.5823472269872284
1070 3741 0.7542056878607626
1070 3756 0.23066199044309255
1070 3771 -0.32586979007023437
1083 1084 -0.23302650567101701
1083 1098 0.20241793480163756
1083 3426 -0.41863196199580116
1083 3441 0.4853154329230966
1083 3366 0.2594342825486779
1083 3381 -0.20709512645369704
1083 3396 0.62979072002895
1083 3411 0.2133704878162971
1084 1085 0.27093256065750043
1084 1099 0.27489667153989883
1084 3606 -0.23141340585320203
1084 3621 0.08543268397911119
1084 3456 -0.25429271937096376
1084 3471 -0.275131396823509
1084 3486 0.2697664615976737
1084 3501 -0.2532918137690357
1084 3516 0.5358406356357452
1084 3531 -0.3024952072428827
1084 3546 1.0
1084 3561 0.7129598102489558
1084 3576 -1.0
1084 3591 0.9185360637021301
1085 1100 0.41005027218076673
1085 3786 -0.5076092430379756
1085 3801 0.4493704070427307
1085 3636 0.3875781906012068
1085 3651 0.3607642037682863
1085 3666 -0.24284920267739576
1085 3681 -0.18035746319544374
1085 3696 0.4056339838768948
1085 3711 0.825897264859769
1085 3726 -0.3127306421994419
1085 3741 -0.636438206007788
1085 3756 0.3412398485751796
1085 3771 -0.1743795376802086
1098 1099 0.45481135654562976
1098 3426 -0.19131663318997538
1098 3441 0.15176667393865922
1098 3366 -0.36445568241526044
1098 3381 0.2310061928794337
1098 3396 -0.4113273033821765
1098 3411 -0.6521437371253357
1099 1100 0.1300004800218411
1099 3606 0.3062468732496436
1099 3621 0.45859762601501636
1099 3456 -0.20185275310662268
1099 3471 0.35091570480278733
1099 3486 0.5844522605680241
1099 3501 0.4197667200805096
1099 3516 0.708788750515811
1099 3531 -0.764303127300686
1099 3546 0.23222098711409908
1099 3561 -0.9409678949863842
1099 3576 -0.7311141046376077
1099 3591 -0.04158306265615589
1100 3786 0.08521181106662966
1100 3801 1.0
1100 3636 -0.5947947589696269
1100 3651 -0.16365262332114291
1100 3666 -0.10200975906098614
1100 3681 0.13075888243936426
1100 3696 0.04032405169913921
1100 3711 -0.7032490541868668
1100 3726 0.39454147521467553
1100 3741 0.3394249285318992
1100 3756 0.26769945053603594
1100 3771 0.29921462609689253
1113 1114 0.30396403601088273
1113 1128 0.058801313429745254
1113 3426 0.9866444379942857
1113 3441 0.02079970466828367
1113 3366 0.4323189001388418
1113 3381 -0.5798358420173294
1113 3396 1.0
1113 3411 -0.09991271820944064
1114 1115 0.6293155453496387
1114 1129 0.17129021876618297
1114 3606 0.2502429870499944
1114 3621 1.0
1114 3456 0.1575283194305193
1114 3471 -0.12643209253231988
1114 3546 0.3938841822939471
1114 3561 -0.4479292841660464
1114 3576 0.18950793900981677
1114 3591 0.8940135204290587
1115 1130 0.4493675636422372
1115 3786 0.22281131364746215
1115 3801 -0.5591455054916746
1115 3636 -0.1189450800465438
1115 3651 0.2674778077023012
1115 3726 0.1044754705631117
1115 3741 -0.05633970592121316
1115 3756 -0.02576211725246304
1115 3771 0.241562775477847
1128 1129 -0.5566199221593665
1128 3426 0.15463904986502322
1128 3441 0.04148256478860148
1128 3366 -0.4433580490951434
1128 3381 0.3956634757699485
1128 3396 -0.48674604720491
1128 3411 1.0
1129 1130 -0.09469692071339078
1129 3606 0.21076333816481538
1129 3621 -0.09083501920082038
1129 3456 -0.13571061079381197
1129 3471 0.007315911863525952
1129 3546 0.3291339497287714
1129 3561 0.08824774875164144
1129 3576 -0.40588856043137755
1129 3591 -0.025353638125965375
1130 3786 0.7623253701751119
1130 3801 -0.6296464351737147
1130 3636 -0.6925299842069669
1130 3651 -0.20604712495421998
1130 3726 -0.18411459946786982
1130 3741 -0.3076019504082621
1130 3756 0.1196717767687373
1130 3771 0.43235019526988117
3364 3365 0.49756715347545816
3364 3379 -0.5130729367253817
3365 3366 -0.6680716868977727
3365 3380 0.05074358702106166
3366 3381 -0.23431938042871536
3379 3380 0.594595139218911
3380 3381 0.42850540069159326
3394 3395 0.7233210937055713
3394 3409 0.15053424080122388
3395 3396 0.35626991386536866
3395 3410 -0.05626355583233934
3396 3411 -0.1962630904275337
3409 3410 0.2621322024576247
3410 3411 0.2217327605352326
3424 3425 -0.26779623264786995
3424 3439 -0.3798048637771816
3425 3426 -0.1146662920149987
3425 3440 -0.11667671674564095
3426 3441 0.0489060539529948
3439 3440 1.0
3440 3441 0.5007428104373755
3454 3455 -0.21523097076061015
3454 3469 -0.5861742359218314
3455 3456 0.14698745384502931
3455 3470 -0.5664803639000755
3456 3471 -0.49267325183507826
3469 3470 -0.411420922444201
3470 3471 0.04381401033094051
3484 3485 1.0
3484 3499 -0.12329255493152427
3485 3486 -0.03329216449600726
3485 3500 0.46036076821715577
3486 3501 -1.0
3499 3500 -0.450907911773621
3500 3501 0.44545898232225717
3514 3515 -0.7816090980980894
3514 3529 0.08128466464415979
3515 3516 -0.07434316952516833
3515 3530 -0.6561282040251866
3516 3531 -0.5548310206631575
3529 3530 -0.3090639910083002
3530 3531 -0.22400276329378577
3544 3545 0.4827822849270328
3544 3559 -0.737287156242578
3545 3546 0.5307161578424602
3545 3560 0.48322288143001707
3546 3561 -0.20950656884456895
3559 3560 0.4196546946401702
3560 3561 1.0
3574 3575 -0.29532770182683626
3574 3589 -0.1538705626456978
3575 3576 -0.5503921974707899
3575 3590 0.34766005538994
3576 3591 1.0
3589 3590 -0.1772897697887438
3590 3591 -0.6793612602821965
3604 3605 0.010623538673292757
3604 3619 0.013319741295195779
3605 3606 0.8451988584764886
3605 3620 0.6958426404193738
3606 3621 -0.28284029425106677
3619 3620 -0.420165375216916
3620 3621 0.6645489573414736
3634 3635 0.5045459703683687
3634 3649 -0.17738628469010517
3635 3636 0.5295806278181149
3635 3650 -0.6917977793289067
3636 3651 -0.9703178872524677
3649 3650 -0.5938141013687948
3650 3651 -0.4468000063925933
3664 3665 -0.1263344096535636
3664 3679 0.16622086698736288
3665 3666 -0.46941653616258167
3665 3680 0.33466652328808216
3666 3681 -0.09529956243306138
3679 3680 0.5812255716432624
3680 3681 -1.0
3694 3695 -0.7596955162585459
3694 3709 -0.6825354142399755
3695 3696 0.656869704014551
3695 3710 -0.03275652301206772
3696 3711 -0.5990325190884064
3709 3710 -0.9423490529635254
3710 3711 0.004342486821287642
3724 3725 0.13466298119358283
3724 3739 -0.5584645129450481
3725 3726 -0.07088848948165177
3725 3740 -0.4505280649568165
3726 3741 -0.19779155830385267
3739 3740 -0.13291819386858253
3740 3741 0.10483756548221314
3754 3755 -0.17409589652282667
3754 3769 0.23969950746950927
3755 3756 0.9746860368628563
3755 3770 0.45847565133138624
3756 3771 -0.3980115875106735
3769 3770 0.05708788390585204
3770 3771 -0.1353925832461055
3784 3785 0.10534445932831282
3784 3799 0.06481641768677232
3785 3786 -0.5978034280474355
3785 3800 -0.29790528180271164
3786 3801 -0.05729351254550728
3799 3800 -0.07359226554179926
3800 3801 0.4337199968868654
3814 3815 0.6768522886300817
3814 3829 0.0476540654171781
3815 3816 -0.6333997277740472
3815 3830 -0.9949208736126484
3816 3831 1.0
3829 3830 -0.4712105697899015
3830 3831 0.0510432873888927
3844 3845 -0.39174034578551786
3844 3859 -0.6858520796030476
3845 3846 -0.6424975944630923
3845 3860 -0.4935081233030382
3846 3861 -1.0
3859 3860 -0.06436861239017895
3860 3861 0.05158547585587115
3874 3875 1.0
3874 3889 0.34826254887684477
3875 3876 -0.2348129501605761
3875 3890 0.26429254849853745
3876 3891 -0.4675901455497149
3889 3890 1.0
3890 3891 -0.6247534411856377
