# 
603 603 1.8626359500114935
604 604 -0.7890725791476332
605 605 3.489550478520662
618 618 -0.16330760462895536
619 619 0.6121940720779497
620 620 0.5878973649460277
633 633 0.25179588923362245
634 634 -0.23824386117568694
635 635 -0.08796659248803981
648 648 0.7234077131466435
649 649 -1.349347571237868
650 650 -1.5026369742222572
663 663 0.8662520713398262
664 664 -1.2255359704197475
665 665 0.16944061357141946
678 678 -0.15129723852070764
679 679 -2.4534390217843423
680 680 1.6380184693406152
693 693 -0.6829166876317745
694 694 -0.5033785150962659
695 695 -1.413110268793864
708 708 0.4785969067436444
709 709 1.0186115120190746
710 710 -0.37869685294034333
723 723 0.12133283225629304
724 724 -0.3735514240435493
725 725 0.38092235867514485
738 738 0.409230175506106
739 739 0.338207190299406
740 740 -0.9470148324289817
753 753 2.4218773769604307
754 754 -0.25741475497267036
755 755 0.21591979917222634
768 768 -1.6541162242077814
769 769 -0.4542878918094833
770 770 -0.6221639327526264
783 783 0.029106883169699765
784 784 1.992074824913684
785 785 -1.0099961690933237
798 798 -1.3180107438000086
799 799 0.9078148103595829
800 800 2.4991009069566963
813 813 -0.9099286515768144
814 814 2.6192660273711383
815 815 2.2791079479441705
828 828 0.09026753673884333
829 829 2.133165349593116
830 830 0.5938405749197353
843 843 1.4557183270507827
844 844 -1.2801988667570183
845 845 -0.23035959021763375
858 858 0.5287720241132228
859 859 -1.48654333241723
860 860 -2.846042593389321
873 873 0.17861100800585505
874 874 -0.6249522898650194
875 875 0.026162866682729352
888 888 -0.9447423879938825
889 889 -1.128573154786131
890 890 1.5693182573394173
903 903 0.12342510778830193
904 904 -1.439209671380934
905 905 -0.2622312480670433
918 918 -0.14258855802834444
919 919 -0.6582644190407888
920 920 -1.2317010285186911
933 933 -1.3062923503550887
934 934 0.11401106892431646
935 935 -1.052893608357775
948 948 1.1674093119325133
949 949 0.2691601848307786
950 950 0.16018987733055898
963 963 0.7828298295496662
964 964 0.15766111966442245
965 965 -0.30369725493402383
978 978 -1.3057274047076874
979 979 -2.2520796751166188
980 980 1.9765021353913985
993 993 -0.6078070795110624
994 994 0.35399283193968806
995 995 1.3386956138712585
1008 1008 0.7750540751543824
1009 1009 -0.7388664937377878
1010 1010 -1.3186037783620828
1023 1023 0.5396383207387021
1024 1024 0.4658199100454701
1025 1025 -0.49575204316371707
1038 1038 1.1922621619697216
1039 1039 -0.6269661214238056
1040 1040 0.3292278714889415
1053 1053 -1.4262955188873117
1054 1054 0.4914173364531151
1055 1055 0.7960055250036757
1068 1068 -0.3053293590730984
1069 1069 -2.673627725634407
1070 1070 -0.575820685438723
1083 1083 0.7412521450703644
1084 1084 0.45969531531980157
1085 1085 -1.4630868751278383
1098 1098 1.4386154351481941
1099 1099 2.123205613536195
1100 1100 -0.8153062613146295
1113 1113 0.35202508297044827
1114 1114 -0.7869882875623411
1115 1115 -0.7022189128006175
1128 1128 0.6806339592718127
1129 1129 -1.1001340027412738
1130 1130 1.0209317830646343
3364 3364 1.2923784293576377
3365 3365 0.8177056619446034
3366 3366 -0.3691818237940142
3379 3379 0.26976916035922177
3380 3380 -1.4839522537808776
3381 3381 0.07309158162969653
3394 3394 -0.8118383132740076
3395 3395 -1.715700135563358
3396 3396 -0.10003675468859093
3409 3409 0.1090937330524359
3410 3410 -1.0927407693700233
3411 3411 -1.3034886735602063
3424 3424 -0.016457544331707583
3425 3425 -0.3006768125086432
3426 3426 1.0841857015012168
3439 3439 -0.5131944641851786
3440 3440 1.4034737690273558
3441 3441 1.253900679605169
3454 3454 0.6081066962358336
3455 3455 -0.3022960534807763
3456 3456 -1.7667916724875736
3469 3469 0.8805188475990774
3470 3470 -2.007575107119061
3471 3471 1.1511348400313324
3484 3484 -0.762010062418499
3485 3485 -0.7141272440098716
3486 3486 0.6793872034437104
3499 3499 -0.8881169515790858
3500 3500 1.6289940369929448
3501 3501 -0.07462717201562258
3514 3514 -0.31682787917622784
3515 3515 -1.359466541782682
3516 3516 0.608803694632387
3529 3529 0.29831396224457213
3530 3530 0.24396983182061166
3531 3531 -0.622930063934526
3544 3544 1.3781312044129956
3545 3545 0.10399868966929729
3546 3546 0.3347423266827455
3559 3559 -1.1068743995759402
3560 3560 1.4056804198888664
3561 3561 -0.2543213417135017
3574 3574 -1.325207493291687
3575 3575 0.16806946144171997
3576 3576 -0.10120805455946236
3589 3589 -0.616184782174433
3590 3590 -0.3785994363001955
3591 3591 1.5154248921523805
3604 3604 1.8367475299644878
3605 3605 -1.6263085789711382
3606 3606 0.07362418084562736
3619 3619 -1.3278153071918453
3620 3620 -0.08045575196213178
3621 3621 -0.3095030811463664
3634 3634 0.015058507578542489
3635 3635 -1.7280706042949503
3636 3636 -0.7637907370732443
3649 3649 -0.615872781766281
3650 3650 0.6237621361924804
3651 3651 0.9380657757848277
3664 3664 -0.934845771942817
3665 3665 0.5213309518438377
3666 3666 2.778312766097835
3679 3679 -0.4993562250826105
3680 3680 0.02247667414343207
3681 3681 -1.5960260932353956
3694 3694 -1.1040831337094212
3695 3695 -0.47255167283965704
3696 3696 0.3371582057555502
3709 3709 -0.17354638164723357
3710 3710 -0.8350929671348041
3711 3711 -0.783068911112357
3724 3724 -0.25875610228838447
3725 3725 1.6691493236561936
3726 3726 -0.4766480466459998
3739 3739 -0.6338283806636035
3740 3740 -0.029839989308830923
3741 3741 -0.6347587113053181
3754 3754 -0.24373675655423388
3755 3755 0.3205368714336209
3756 3756 0.7778924761880357
3769 3769 -1.0024463070002736
3770 3770 -1.7618047486989896
3771 3771 1.7746370731946473
3784 3784 -2.5983061759639123
3785 3785 1.398553188656337
3786 3786 0.8785642395849225
3799 3799 0.9558607275959423
3800 3800 0.3787888741963151
3801 3801 -0.960808624459243
3814 3814 0.12381265754903904
3815 3815 0.15563194012840564
3816 3816 -0.6365102361207559
3829 3829 -0.2343235135003946
3830 3830 0.4786364360405362
3831 3831 1.496329402611519
3844 3844 0.9209287312315159
3845 3845 -1.5367711041598973
3846 3846 0.13927351724796996
3859 3859 -0.17375442175632197
3860 3860 -1.0946785505703742
3861 3861 0.8453257194010309
3874 3874 -0.8111494073188609
3875 3875 -0.20688924482857043
3876 3876 -0.21967822135954843
3889 3889 1.2607798079341395
3890 3890 0.7700467535173513
3891 3891 0.5061698662300635
603 604 0.4311396885693191
603 618 -0.028561582400045204
603 3484 -0.2904345418501904
603 3499 0.17063552758232856
603 3514 0.2014288005129697
603 3529 0.09865945274318007
604 605 -0.09696592972806017
604 619 0.33146251210275135
604 3664 -0.5599125020383059
604 3679 0.47928580241852975
604 3694 -0.5538870880169614
604 3709 -0.0061367111589497
605 620 -0.18148416153087032
605 3844 -0.019652885170624922
605 3859 -0.6527934409751016
605 3874 0.18724518228109246
605 3889 0.6478227087507665
618 619 -0.49702018640467527
618 3484 0.309163961586022
618 3499 0.9640533867891953
618 3514 -0.13671261806463952
618 3529 -0.47700258407153173
619 620 0.09774947241117692
619 3664 0.14326264306500358
619 3679 0.2509281689245735
619 3694 0.5588473908160163
619 3709 0.2668142847753796
620 3844 0.05180529783641105
620 3859 0.27177650244129625
620 3874 -0.0873410198114203
620 3889 -0.7633705157068366
633 634 -0.20848262762664033
633 648 0.4114090740211165
633 3424 -0.3708774492951792
633 3439 0.018722181491463017
633 3454 -0.4641898437793635
633 3469 0.010895504976417694
633 3484 -0.4711389935310719
633 3499 -0.8556106623365765
633 3514 -0.1387704381678786
633 3529 0.454006624639587
634 635 0.413407237243356
634 649 -0.09203382147261623
634 3604 0.5985793436928031
634 3619 -0.36491618772016265
634 3634 -0.5124177493027927
634 3649 -0.21156838105735895
634 3664 -0.22087631428954943
634 3679 0.3481984858990123
634 3694 0.4440783029228153
634 3709 0.22307853421820334
635 650 -0.29720287924833955
635 3784 -0.1964913634716153
635 3799 -0.17199557437758617
635 3814 -0.4679085061280028
635 3829 -0.6965704396973782
635 3844 1.0
635 3859 0.40802021503117886
635 3874 -0.06519578315161266
635 3889 -0.06763670934687274
648 649 0.043201868792076346
648 3424 0.14597318598383738
648 3439 0.6336385787394542
648 3454 0.6321299710628815
648 3469 -0.10828107801005006
648 3484 0.38134051085385506
648 3499 -0.5837008642451396
648 3514 0.03185197229744745
648 3529 0.2806013617679819
649 650 0.26550805632821034
649 3604 -0.40329885790441933
649 3619 0.17019440985818562
649 3634 -0.02634428381777068
649 3649 -0.004032107518404367
649 3664 0.1822089159616754
649 3679 0.5315018870575983
649 3694 0.13318294514982443
649 3709 -0.4506964655654031
650 3784 0.10101695888647552
650 3799 0.6633550414149827
650 3814 -0.44817245348237844
650 3829 0.12610293892937569
650 3844 0.23602002344594794
650 3859 0.42803636692115704
650 3874 -0.248446560157251
650 3889 0.6203534498259803
663 664 0.4726544112407932
663 678 -0.012161199578492285
663 3424 -0.5612792062643117
663 3439 -0.8217303123179265
663 3454 0.48702776212774934
663 3469 -0.6590612251152718
663 3484 0.14583973608221418
663 3499 0.14241373213245168
664 665 0.14267722391097898
664 679 0.29663662687444514
664 3604 1.0
664 3619 -0.8213905670764925
664 3634 -0.3476842276912639
664 3649 -0.12496882220841192
664 3664 0.8295139749421316
664 3679 0.2286131485882118
664 3514 -0.08889269735508804
664 3529 -0.21323519491929221
665 680 -0.12738375690563417
665 3784 -0.5875775824501618
665 3799 -0.17268522033847497
665 3814 -0.32051826644929604
665 3829 -0.7509927729318802
665 3844 0.5463752534441381
665 3859 0.14753436987194063
665 3694 0.14366911948287783
665 3709 0.928249088289688
678 679 -0.21478255106318525
678 3424 -0.8039823696626772
678 3439 0.4567188751133006
678 3454 0.37426335688171064
678 3469 0.061540000703866775
678 3484 0.23908883813622586
678 3499 -0.41924728002909833
679 680 0.3856679524269874
679 3604 0.2961648790624377
679 3619 -0.040948233834329925
679 3634 -0.027497016273708583
679 3649 -0.09903714637669807
679 3664 0.40901293416434875
679 3679 -0.4348985115833481
679 3514 -0.18265297384500517
679 3529 -0.5939937964708222
680 3784 0.366136740227266
680 3799 -0.6648334125440095
680 3814 0.11055866014272439
680 3829 0.9575007627587959
680 3844 0.37766427467582775
680 3859 -0.028418952028688025
680 3694 1.0
680 3709 -0.5493651664804172
693 694 0.548373223374827
693 708 -0.10297034219169618
693 3424 -0.42797846577850174
693 3439 0.1684887414780002
693 3454 0.5728790220999344
693 3469 -0.029334479134203645
693 3484 0.18303206119771884
693 3499 0.4013011255967031
693 3364 0.9008853363552727
693 3379 -0.47177179655959106
693 3394 -0.06799624258878421
693 3409 -0.31781499566999116
694 695 -0.17226887979790392
694 709 0.560522099885204
694 3604 -0.2345495251364774
694 3619 -0.010537586009254146
694 3634 0.11629319237176264
694 3649 -0.3796247368635727
694 3664 0.29935857920764375
694 3679 0.042586393945214164
694 3514 -0.262604270644038
694 3529 -0.3780124744872503
694 3544 -0.35991060742807646
694 3559 0.22538541362028622
694 3574 0.44255524829823895
694 3589 -0.5529464615614101
695 710 -0.705441719400605
695 3784 0.4413693134327939
695 3799 -0.6906571910424761
695 3814 -0.25676568167322045
695 3829 -0.04272452096336684
695 3844 -0.5127969835326159
695 3859 0.12295949601215267
695 3694 -0.562717570486111
695 3709 -0.25530062034754986
695 3724 -0.25548642838491453
695 3739 0.288609979995325
695 3754 0.32319940797909547
695 3769 -0.5119879937505717
708 709 -0.6577677608325592
708 3424 0.9423969187045448
708 3439 0.9507305305863618
708 3454 0.9604032465396124
708 3469 0.16411070247514564
708 3484 0.3011760971992054
708 3499 -0.3331103104259518
708 3364 0.047888930675642066
708 3379 0.0619183354361337
708 3394 -0.2640695252787845
708 3409 -0.024873603234033863
709 710 0.6172984117488517
709 3604 0.26984435188230094
709 3619 -0.6185528909901338
709 3634 -0.16741601314978163
709 3649 0.050537177217821
709 3664 -0.7800490255505984
709 3679 -0.10654759341661468
709 3514 0.9371668778962173
709 3529 0.4785111336581771
709 3544 0.49033948210269634
709 3559 -0.37492284757846583
709 3574 -0.821898269381992
709 3589 -0.15628779820002078
710 3784 -0.5242768688991107
710 3799 0.5684244605852723
710 3814 -0.7774039438333059
710 3829 -0.3924887318132406
710 3844 0.23320946211217172
710 3859 -0.009488499539144882
710 3694 -0.9355826619563891
710 3709 0.029584594335773644
710 3724 0.15156284743640772
710 3739 0.16643862687431557
710 3754 -0.08692226148412645
710 3769 -0.38035858095121994
723 724 -0.3282327389611373
723 738 -0.11629861175159091
723 3424 0.4712458501127671
723 3439 0.5817613597279976
723 3364 -0.21035822302500695
723 3379 -0.08165794935109738
723 3394 -0.040103947557924687
723 3409 -0.12640156804067393
724 725 -0.4814717631984206
724 739 0.24886024159809553
724 3604 0.00460284635522061
724 3619 0.4225166671078507
724 3454 -0.1400410709055172
724 3469 -0.6511898214837878
724 3484 -0.22808747535740315
724 3499 0.06139308468003264
724 3514 0.44449035616246063
724 3529 0.2706035601121636
724 3544 -0.2150530011817212
724 3559 0.5619415399718202
724 3574 0.06750936100995464
724 3589 -0.6494021973091135
725 740 -0.39617185354015555
725 3784 0.7482519757212484
725 3799 -0.23261573926761708
725 3634 -0.36120992466884033
725 3649 0.3434494887716194
725 3664 0.43466361206767085
725 3679 0.027857900972887793
725 3694 0.6438636712743377
725 3709 -0.6617101640783418
725 3724 0.19564051372445102
725 3739 -0.06813309202611316
725 3754 -0.2427760068401317
725 3769 0.7224382582086648
738 739 -0.49422374334276925
738 3424 0.1753525811367409
738 3439 -0.736091584505027
738 3364 0.5172124467193308
738 3379 0.5873212753105238
738 3394 -0.3140686799725563
738 3409 -0.5034948908838536
739 740 0.11691974273292126
739 3604 0.2565575125960582
739 3619 0.24249139582823595
739 3454 0.6888000908200606
739 3469 -0.22140457234250252
739 3484 0.012270313682759918
739 3499 0.07166425930967604
739 3514 0.5800982803923331
739 3529 -0.1940369104946248
739 3544 0.8257901726267289
739 3559 0.3715124879116504
739 3574 -0.18810047935463697
739 3589 -0.6833570994176472
740 3784 -0.21499217847691643
740 3799 -0.7634353340301022
740 3634 0.2765395088827429
740 3649 -0.4090534375219865
740 3664 0.12125984449187523
740 3679 -0.6605400898138799
740 3694 0.1487987099294974
740 3709 -0.5960311648018177
740 3724 -0.5704797227664726
740 3739 0.35954461588622694
740 3754 -0.023594525828858848
740 3769 0.4242298103815486
753 754 -0.3943753357215393
753 768 0.4675389563965357
753 3424 0.12847994251652844
753 3439 -0.02070439123536648
753 3364 -0.32126950543715704
753 3379 -0.6102567513380871
753 3394 -0.26353948848940373
753 3409 0.3495264727346615
754 755 0.34843131138720873
754 769 -0.6854665751244141
754 3604 0.45137673045002735
754 3619 0.5047584736264453
754 3454 -0.1887434304560272
754 3469 -0.03715870467478463
754 3485 -0.4479351620660232
754 3500 0.4793693841493268
754 3515 0.3203134333185665
754 3530 -0.4384028184100481
754 3544 0.9752387326156631
754 3559 -0.7649882812716917
754 3574 0.10745546244204793
754 3589 -0.08959188239260105
755 770 -0.7546090067531197
755 3784 0.4336419923170745
755 3799 0.31901656539878764
755 3634 -0.40039174524412696
755 3649 0.42910162965577564
755 3665 -0.8624046168623649
755 3680 -0.34221444891273806
755 3695 -0.2599409918693667
755 3710 -0.0021863328919385816
755 3724 0.3509274958948654
755 3739 0.16104879192089763
755 3754 -0.22392996141345606
755 3769 0.14497968479685902
768 769 0.5398964033723718
768 3424 0.20434854578328188
768 3439 -0.32430914680663736
768 3364 0.08013394168755898
768 3379 -0.5737428104729158
768 3394 0.6568334075076316
768 3409 -0.16688897065369854
769 770 -0.0815339153518144
769 3604 -1.0
769 3619 -0.4908374440757739
769 3454 0.05779847246908788
769 3469 -0.42717789292161323
769 3485 0.385471316427377
769 3500 0.9197622953906929
769 3515 -1.0
769 3530 -0.10891493922729795
769 3544 0.424316851439223
769 3559 -0.02722272123990212
769 3574 0.014955308526531118
769 3589 -0.2371179032222066
770 3784 -0.6198771578056983
770 3799 0.024154214741351734
770 3634 0.8654101543126209
770 3649 0.18297716413911355
770 3665 -0.3025881461644027
770 3680 -0.08915456180275863
770 3695 -0.1106059107236177
770 3710 0.48109957076635546
770 3724 0.45007194845662063
770 3739 -0.3073963477848578
770 3754 0.766317861696368
770 3769 -1.0
783 784 -0.03589605280339055
783 798 0.14125849400747595
783 3424 0.49001988381647865
783 3439 0.5061480158617253
783 3454 -0.039530468435450265
783 3469 -0.1406050381049918
783 3485 -0.1546630285447374
783 3500 -0.4793686389761976
783 3515 -0.2230594783058897
783 3530 0.40663815921186647
783 3544 -0.7234238641432077
783 3559 0.2788627110390591
783 3394 0.2226747250791159
783 3409 0.2567040858820747
784 785 0.6569528869999766
784 799 -0.40983406496672425
784 3604 0.086173613226768
784 3619 0.6014485889209542
784 3634 0.48594150915125073
784 3649 0.4497503250090794
784 3665 0.3595000687849791
784 3680 0.4036612676121951
784 3695 0.05922517594845866
784 3710 -0.36674745854266083
784 3724 -1.0
784 3739 -0.6064367896516636
784 3574 -0.11913481260016642
784 3589 0.27566823274019436
785 800 -0.01119597102993533
785 3784 0.8563538029824856
785 3799 0.731996978671233
785 3814 -1.0
785 3829 0.7654071162438717
785 3845 0.43180138025517173
785 3860 0.37117817723083846
785 3875 0.09092721972956845
785 3890 -0.2619440236393
785 3754 0.7768726410208645
785 3769 0.9103056819803564
798 799 0.10633552040951375
798 3424 -0.11073084143521698
798 3439 0.7653711974939226
798 3454 0.40926522626726686
798 3469 -0.5243241419202287
798 3485 -0.23668330084366085
798 3500 0.3845010003257161
798 3515 -0.3893633275283983
798 3530 0.13473021464148652
798 3544 0.035910682252699215
798 3559 0.176379908837528
798 3394 0.6166824992945593
798 3409 -0.5635542999205688
799 800 -0.42442452357831817
799 3604 0.5834867649396399
799 3619 0.9213951525059051
799 3634 0.14262932911959508
799 3649 -0.44589739742092205
799 3665 0.1814956895712289
799 3680 0.2059903793908212
799 3695 0.8105013446817407
799 3710 0.11202487978081059
799 3724 -0.423530760475901
799 3739 0.018610118205565226
799 3574 -0.0902574575254238
799 3589 -0.1576171765970641
800 3784 -0.39357466916798883
800 3799 0.03543609166311494
800 3814 -0.19302890111472798
800 3829 0.7492542247199634
800 3845 -0.40206348230902644
800 3860 0.7976479939034876
800 3875 0.25742166250681353
800 3890 0.6627629744460072
800 3754 0.05974847636392253
800 3769 -0.3770171263021023
813 814 -0.8370549214919165
813 828 0.38359163598687673
813 3425 -0.6546427449589527
813 3440 0.6232381981343409
813 3455 0.23012620461568714
813 3470 -0.40573416278634117
813 3485 -0.32701402878751346
813 3500 -0.6177152794762806
813 3515 0.407085272396455
813 3530 -0.025297200428999
813 3544 -0.12007708108434935
813 3559 -0.20514497916483976
813 3394 -1.0
813 3409 -0.5384878379384841
814 815 -0.5580916151593556
814 829 0.6842512640941224
814 3605 0.044676129860810224
814 3620 0.21008768499843117
814 3635 0.4448189666483874
814 3650 0.16389157715892494
814 3665 -0.15300403045198308
814 3680 0.41971332283690993
814 3695 -0.21969108733170817
814 3710 0.3713141266797054
814 3724 -0.334902648537883
814 3739 0.1408762976993663
814 3574 -0.5724399891633918
814 3589 0.29606797156915005
815 830 -0.0029395582500822033
815 3785 -0.6783015795931755
815 3800 -1.0
815 3815 0.10481240773899528
815 3830 0.0811463012813527
815 3845 0.10832428647058749
815 3860 0.3325794692170592
815 3875 0.45862122005542394
815 3890 0.11896701022790296
815 3754 -0.5270688638791233
815 3769 0.06589090223758146
828 829 -0.2063893424268771
828 3425 0.548399289287033
828 3440 0.13048963188839274
828 3455 0.6183893837774225
828 3470 -0.07492176448595755
828 3485 -0.39169697535958964
828 3500 0.34324151333778713
828 3515 -0.41059026949886973
828 3530 -0.13805535768487276
828 3544 1.0
828 3559 -0.3039014742672297
828 3394 0.32920381761021544
828 3409 -0.27945496864432984
829 830 -0.6928641818833762
829 3605 0.06096888063252893
829 3620 1.0
829 3635 0.732484409857716
829 3650 0.13442064355276787
829 3665 0.08373104615303521
829 3680 -0.24281564208274353
829 3695 -0.27538376436495593
829 3710 -0.34333988443527447
829 3724 0.023097124934750586
829 3739 -0.6360979293031447
829 3574 0.6101789521063479
829 3589 1.0
830 3785 -0.6179767996996952
830 3800 0.1571458495314066
830 3815 0.7183743955360044
830 3830 -1.0
830 3845 0.17350369204706245
830 3860 -0.7333728415600917
830 3875 0.22362075243607457
830 3890 0.015384569411358743
830 3754 0.640653056348115
830 3769 -0.30141080725686775
843 844 1.0
843 858 0.47743756180906044
843 3425 0.13788599887545802
843 3440 0.5245878959940665
843 3455 -0.731234153068545
843 3470 0.25226553978054544
843 3485 0.4601825926274317
843 3500 0.3657412769006294
843 3364 0.8610825114107442
843 3379 -0.3459849494227718
843 3394 0.2411429860610236
843 3409 0.03482681556656728
844 845 1.0
844 859 0.6665137356605475
844 3605 -0.01173626354027526
844 3620 -0.37061913421037823
844 3635 0.5526676186332858
844 3650 -0.3988820655794285
844 3665 -0.6472433111938809
844 3680 0.1656708255037176
844 3515 0.6721814645274653
844 3530 -0.6156804562702692
844 3544 0.21260274758678502
844 3559 -0.20794158513962877
844 3574 -0.4991458986689544
844 3589 0.12818098465788877
845 860 -0.7260128842920215
845 3785 -0.15151738296309283
845 3800 0.2907585482146442
845 3815 0.2747559788033455
845 3830 0.37151920907488273
845 3845 -0.162028490664414
845 3860 -0.3614206211456517
845 3695 0.20593638796436672
845 3710 0.40813698758710704
845 3724 0.448008678897731
845 3739 0.27581778795603645
845 3754 0.35707494249269184
845 3769 0.07349209031483334
858 859 0.7548920720512564
858 3425 1.0
858 3440 0.058556527031753146
858 3455 0.1091492630882956
858 3470 -0.2874341821492804
858 3485 -0.22820110377429642
858 3500 0.10137307886419115
858 3364 0.01869318494881729
858 3379 -0.4968673459705349
858 3394 0.11049623554280454
858 3409 0.24173439359773358
859 860 1.0
859 3605 0.7693432149994306
859 3620 0.08012584978019975
859 3635 -0.15033311280845074
859 3650 -0.3658907978205307
859 3665 -0.1145902032483367
859 3680 0.05877711490700834
859 3515 -0.20961585700224739
859 3530 -0.20396586274496464
859 3544 -0.8445522856378477
859 3559 0.3690990657591759
859 3574 0.36569812805338714
859 3589 0.3924171894074065
860 3785 0.4370796294381221
860 3800 1.0
860 3815 0.651795663551817
860 3830 -0.4992708036410911
860 3845 0.47966472145947875
860 3860 -0.2295647705154998
860 3695 0.6707678277708167
860 3710 0.6706800828020176
860 3724 -0.5488312459663653
860 3739 -0.373743578751848
860 3754 -0.49064686454239215
860 3769 -0.014203349993802695
873 874 -0.1456765178095332
873 888 -0.1880502173499862
873 3425 -0.8074077522399812
873 3440 -0.6859713762512438
873 3455 -0.4234465485446465
873 3470 0.604629320135259
873 3485 0.09296059938688139
873 3500 0.8959492755121217
873 3365 0.3121035764476717
873 3380 0.8573870863798845
873 3395 -0.28003332448387963
873 3410 -0.6368125414746948
874 875 0.1402225740606324
874 889 0.3625946217152101
874 3605 0.6345990045385883
874 3620 0.32116057005269405
874 3635 0.9020948535328821
874 3650 -0.3265263120383913
874 3665 0.8731546038163855
874 3680 0.8060885886914794
874 3515 0.06839981393129446
874 3530 0.5252987504930651
874 3545 0.4070920481609639
874 3560 0.21376389071854712
874 3575 0.2268965219808874
874 3590 -1.0
875 890 -0.28698374050125014
875 3785 -0.025914570169449085
875 3800 -0.20246180753454646
875 3815 0.20811394275197975
875 3830 -0.0016141735919538197
875 3845 -0.16496572180186964
875 3860 0.43035228677144016
875 3695 0.7971281614256612
875 3710 -0.3755543812513602
875 3725 0.029067622022587655
875 3740 0.9415631947440064
875 3755 -0.3707875006834843
875 3770 -0.6373155656820706
888 889 -0.36192005837752483
888 3425 -0.5895478971825514
888 3440 -0.02536874180500648
888 3455 0.16833592476522524
888 3470 0.0500498884978628
888 3485 1.0
888 3500 0.4638878290403661
888 3365 -0.512728464068614
888 3380 0.48836280279281796
888 3395 0.32106602082223684
888 3410 0.37451336333709384
889 890 0.09534494386266787
889 3605 -0.864170247436354
889 3620 -0.25237308034852113
889 3635 0.2698843033866805
889 3650 0.45090404721858557
889 3665 -0.1790250429727319
889 3680 0.18466018149706448
889 3515 0.3402051242649337
889 3530 0.187792449275281
889 3545 -0.0702703887459134
889 3560 -0.0238079124560083
889 3575 0.5240040891044645
889 3590 -0.21391377354870403
890 3785 0.011033154804942952
890 3800 -0.2563705427246627
890 3815 -0.07639635741765753
890 3830 0.4748118600882612
890 3845 -0.0804675247344009
890 3860 -0.1274780107096661
890 3695 -0.40565287418586415
890 3710 -0.07290455019244997
890 3725 0.11301475414133155
890 3740 0.1867799294274277
890 3755 0.3548021192722802
890 3770 -0.0763575177902385
903 904 0.18763562806517572
903 918 -0.39438508243973636
903 3425 -0.10425052954292316
903 3440 0.10538560115407399
903 3365 -0.16293590209233824
903 3380 -0.6175913476149043
903 3395 0.18369709813350923
903 3410 -0.16063344937119112
904 905 0.5767837787866534
904 919 -0.3832544749058118
904 3605 -0.887098316929996
904 3620 0.5401880486045408
904 3455 -0.4852348546483637
904 3470 -0.3322734630745981
904 3485 -0.47081930356400414
904 3500 -1.0
904 3515 -0.5145242100604941
904 3530 0.10542215689958996
904 3545 -0.4177461558488534
904 3560 1.0
904 3575 0.22636136443493332
904 3590 0.4562508525539895
905 920 -0.6327729854611127
905 3785 0.10205031402470348
905 3800 0.3991199190927316
905 3635 0.8499882692902285
905 3650 -0.15416820803669576
905 3665 -0.7282176171058136
905 3680 0.10556194566570183
905 3695 -0.3578806209448251
905 3710 -0.19181663095800477
905 3725 0.30819138125618506
905 3740 -0.11914987598383953
905 3755 -0.3019766519340798
905 3770 -0.6643109290998468
918 919 -0.18555203274401044
918 3425 0.3853498813781877
918 3440 -0.8190126377744048
918 3365 -0.12966992713690942
918 3380 0.7754212179834631
918 3395 -0.18239048536106917
918 3410 0.031050146546250303
919 920 -0.1552955690534223
919 3605 -0.7421737491141177
919 3620 0.21285565649695604
919 3455 -0.5759462973526176
919 3470 1.0
919 3485 0.13965018703328588
919 3500 0.7989060351240606
919 3515 -0.592590149233865
919 3530 0.4381179715478307
919 3545 -0.6388636544445898
919 3560 0.3647447582810037
919 3575 0.45914300007847864
919 3590 -0.45360483933383833
920 3785 -0.16630253649188353
920 3800 0.40123361903573623
920 3635 -0.9708973799927058
920 3650 0.5699358468313623
920 3665 -0.645996924992153
920 3680 0.714426958398145
920 3695 0.7821142945939771
920 3710 0.12167060543046938
920 3725 -0.8725584794565721
920 3740 -0.7336697901094523
920 3755 0.02979888516380825
920 3770 -0.434006735008903
933 934 -0.13167481380248253
933 948 0.35143639455297815
933 3425 -0.3105926499032571
933 3440 0.6153847475701806
933 3365 0.7579224456187555
933 3380 0.03266708350849663
933 3395 -0.3946292046498033
933 3410 0.3364224168647465
934 935 0.13459359597297166
934 949 -0.5508212828628362
934 3605 0.4308403458009898
934 3620 -0.5187769417143445
934 3455 -0.16931967989615293
934 3470 0.47919845122762006
934 3486 -0.06545882088031575
934 3501 0.1754909933745036
934 3516 -0.370845249027199
934 3531 0.6366197690616046
934 3545 -0.018571979391346156
934 3560 -0.11839866552548718
934 3575 -0.7090332750483164
934 3590 -1.0
935 950 1.0
935 3785 0.1101351368039803
935 3800 -0.16953200458157422
935 3635 0.0054940076274637975
935 3650 0.4781546286447391
935 3666 -0.19236519862971066
935 3681 0.5410645219328162
935 3696 -0.4463661333494253
935 3711 0.3369206748902748
935 3725 0.3151251353982259
935 3740 -0.4387045679826305
935 3755 -0.5861884556815753
935 3770 -0.6726239954488487
948 949 0.10964177600175691
948 3425 0.030268058423211487
948 3440 1.0
948 3365 0.3385896673093217
948 3380 0.27082565412832654
948 3395 -0.014957458578637443
948 3410 0.2936535580755384
949 950 0.9721208374356669
949 3605 -1.0
949 3620 -0.12020434847410662
949 3455 -0.14029478803514575
949 3470 -0.5568458706021661
949 3486 0.46150032195995044
949 3501 0.36393893199834776
949 3516 0.5610167884551713
949 3531 -0.33141846830311555
949 3545 0.3188340595367598
949 3560 0.6197111510097764
949 3575 -1.0
949 3590 1.0
950 3785 -0.46863146511127124
950 3800 0.2101754721641928
950 3635 0.13072250669386656
950 3650 -0.70389188264495
950 3666 0.41240233906258106
950 3681 -0.419091567068271
950 3696 -0.30657868883755335
950 3711 0.5860184467515849
950 3725 -0.27177473693797566
950 3740 -1.0
950 3755 -0.664994634396595
950 3770 0.050499123757749
963 964 -0.4437552487587592
963 978 1.0
963 3425 -0.290908614596534
963 3440 0.15301084674717724
963 3455 0.9381490302043792
963 3470 -0.5768588167272725
963 3486 -0.06540324726759886
963 3501 -0.7111723825777039
963 3516 0.2284025053038302
963 3531 -1.0
963 3545 0.42336307987239263
963 3560 0.49256741483030525
963 3395 -0.34249601418700154
963 3410 -0.20383750582108096
964 965 0.31820125224438506
964 979 -0.5100427658927839
964 3605 -0.27748026409038684
964 3620 0.007835022395302958
964 3635 -0.22851969552993578
964 3650 -0.7974821685046747
964 3666 -0.35600966039040577
964 3681 0.25360760783722247
964 3696 0.21325474573056216
964 3711 -0.2317440456037968
964 3725 0.0403087635773075
964 3740 0.684431462988541
964 3575 0.34862670964088843
964 3590 0.30302366475133724
965 980 0.330648211702051
965 3785 -0.18152883726335323
965 3800 -0.8491305265572159
965 3815 -0.354761279412538
965 3830 0.6918464839262696
965 3846 0.35591072278041663
965 3861 0.7318721058892468
965 3876 -0.2376216679729326
965 3891 0.34845863597403737
965 3755 -0.427148867346017
965 3770 -0.19011831880681013
978 979 0.2013455238370661
978 3425 -1.0
978 3440 -0.4664621784939661
978 3455 -0.18492426139070742
978 3470 -0.08702707902446437
978 3486 0.08063794875476896
978 3501 -0.24086950515487388
978 3516 -0.669430942422629
978 3531 0.08067592397492634
978 3545 0.03874949984290523
978 3560 0.08277200596311513
978 3395 -0.3077211395872339
978 3410 0.8161442149925185
979 980 0.20411319556259766
979 3605 0.5752444145330695
979 3620 0.3317129135870398
979 3635 0.653189480783675
979 3650 -0.07864404988458237
979 3666 -0.7061179193955142
979 3681 0.4352891240725183
979 3696 0.6148348558208007
979 3711 -0.20048421990974752
979 3725 0.10414680346668839
979 3740 0.5271186888942165
979 3575 -0.30684348204076284
979 3590 -0.40872667804542673
980 3785 -0.10263214196435444
980 3800 0.7751008217052299
980 3815 0.9455769546927297
980 3830 0.8258562322803132
980 3846 -0.029024787003420666
980 3861 0.9309528152226588
980 3876 -0.19245686542275792
980 3891 -0.4089454372283641
980 3755 0.20314603927681593
980 3770 0.5657791972718343
993 994 0.7903316289792446
993 1008 -0.2936173382909899
993 3426 -0.2664035738182747
993 3441 -0.19663084456699237
993 3456 -0.5364051966736931
993 3471 -0.44969925525659465
993 3486 0.24139531554333268
993 3501 -0.7000065987075335
993 3516 0.5701933794353575
993 3531 -0.4861598832505933
993 3545 0.4762650908936786
993 3560 0.0709551852118926
993 3395 -0.5971307068722889
993 3410 -0.8566142824274083
994 995 -0.17442322528168502
994 1009 0.2092243255159301
994 3606 0.480830016398808
994 3621 1.0
994 3636 0.4670122535862512
994 3651 0.0717424986190446
994 3666 0.6312480410582223
994 3681 -0.058548568181729335
994 3696 0.16791574587277153
994 3711 -0.03798545415414134
994 3725 0.08615328862014104
994 3740 0.23354359171348987
994 3575 -0.17067172763636285
994 3590 -1.0
995 1010 0.39504433954232193
995 3786 -0.48312004283943943
995 3801 1.0
995 3816 0.23163842844988064
995 3831 0.13986916669478483
995 3846 -0.306367849738914
995 3861 -0.6210432513092277
995 3876 1.0
995 3891 -0.2113138814192156
995 3755 0.6551370380331996
995 3770 -0.46506610391754244
1008 1009 0.04580138598324916
1008 3426 -0.6109444224219555
1008 3441 0.4159505543562802
1008 3456 -0.3655007944203189
1008 3471 -0.5138697058725423
1008 3486 -0.8271052802317329
1008 3501 -0.1645092024429443
1008 3516 0.35085053989500153
1008 3531 0.7862403745586793
1008 3545 -0.7808583655844027
1008 3560 0.2672395143994775
1008 3395 0.215406124023951
1008 3410 0.8010675627772205
1009 1010 -0.16113887014326198
1009 3606 -0.31908566263463656
1009 3621 0.31061952247600383
1009 3636 -0.097782347524751
1009 3651 -0.24363918108962723
1009 3666 0.121050811479501
1009 3681 0.3810707136640329
1009 3696 0.7096522735118984
1009 3711 0.3785484225664196
1009 3725 0.25394233521676457
1009 3740 0.5724556670394264
1009 3575 -0.4671462771235033
1009 3590 -0.2190096735813167
1010 3786 0.03822723239211573
1010 3801 0.3260978803715217
1010 3816 0.18366369402769145
1010 3831 0.5595014765061277
1010 3846 -0.7410135064779634
1010 3861 -0.22261351802683502
1010 3876 -0.372049741387114
1010 3891 0.370192016271718
1010 3755 0.7152069385037945
1010 3770 -0.07916212963752786
1023 1024 -0.19397160902894228
1023 1038 0.21245462969170584
1023 3426 0.3842877264626568
1023 3441 -0.8274758287095786
1023 3456 -0.022797614161619933
1023 3471 -0.7098162311621606
1023 3486 -0.18503031739239853
1023 3501 -0.19780176164818103
1023 3365 0.7890148674577498
1023 3380 0.33399129745816264
1023 3395 0.7156955826053416
1023 3410 0.47453510858779907
1024 1025 0.6511907990399398
1024 1039 -0.19504090045910974
1024 3606 -1.0
1024 3621 0.9538236759571954
1024 3636 0.18019452828801782
1024 3651 0.12919841037502997
1024 3666 -0.2989623510562304
1024 3681 0.018872946027240742
1024 3516 0.11914762260586059
1024 3531 -0.08648081261528703
1024 3545 -0.12264970566111257
1024 3560 0.0503154502001891
1024 3575 -0.22652836474231852
1024 3590 0.33614272412355395
1025 1040 0.2524116397038559
1025 3786 -0.2920725736933934
1025 3801 0.5083020907578812
1025 3816 0.6500808839235948
1025 3831 0.6466297405058665
1025 3846 -0.0900689983081238
1025 3861 0.7539150671397217
1025 3696 0.7260986792533509
1025 3711 -0.6348193050101302
1025 3725 -0.5321288267975888
1025 3740 0.6326631941684986
1025 3755 0.33786893645624366
1025 3770 0.14694203914902676
1038 1039 -0.6773712544762027
1038 3426 -0.11563543651981742
1038 3441 -0.37302482084390565
1038 3456 -0.47126020376203576
1038 3471 -0.2650866778913876
1038 3486 0.14961693318328037
1038 3501 -0.18500587382018416
1038 3365 0.9758199178594394
1038 3380 0.2930846444777736
1038 3395 -0.1786452189746729
1038 3410 -0.337447101132396
1039 1040 0.0422456096698271
1039 3606 -0.21652654965966975
1039 3621 -0.04097675721637597
1039 3636 -0.3201277941400905
1039 3651 0.5383943355237143
1039 3666 0.01741952942314061
1039 3681 -0.13641040592961287
1039 3516 0.6961060707098796
1039 3531 0.6622050423587783
1039 3545 0.7395454612555752
1039 3560 0.7146213686222956
1039 3575 0.5708308024292258
1039 3590 0.9277363541348904
1040 3786 0.9052488764967875
1040 3801 0.43356026447723134
1040 3816 -0.43494465227875484
1040 3831 -0.057735038788443487
1040 3846 -0.01240008504985944
1040 3861 -0.7949010237513436
1040 3696 -0.049841753890576046
1040 3711 0.7021583395120016
1040 3725 0.3257658068027995
1040 3740 0.19531900753375286
1040 3755 0.16549840430597484
1040 3770 -0.11831645544344258
1053 1054 -0.6610971969829443
1053 1068 0.34422317100668626
1053 3426 -0.17687637916912338
1053 3441 -0.0005478855440896235
1053 3456 0.1960064527650336
1053 3471 0.4108345309459855
1053 3486 0.08263346652330675
1053 3501 -0.03793338936286895
1053 3366 -0.5097572676051184
1053 3381 0.3511689043277675
1053 3396 0.13597197124334295
1053 3411 -0.3144335273639878
1054 1055 -0.4336413500581722
1054 1069 -0.31152219067866976
1054 3606 -0.3536242586276751
1054 3621 0.24425437628118948
1054 3636 0.39466311393533626
1054 3651 -0.19252797492323145
1054 3666 -0.18161785143796394
1054 3681 -0.21324602954786598
1054 3516 -0.059665470180149456
1054 3531 -0.4412040408321195
1054 3546 0.44830298315412476
1054 3561 -0.011459836636268036
1054 3576 -0.7900886492803733
1054 3591 0.07061314244362045
1055 1070 -0.13086405341728521
1055 3786 -0.4640423817449127
1055 3801 0.18735506532511495
1055 3816 0.3098423273424765
1055 3831 -0.8681417628046666
1055 3846 0.25973031223314436
1055 3861 -0.015957163379225592
1055 3696 0.771394428285851
1055 3711 0.5453586853020649
1055 3726 -0.11330227197932863
1055 3741 0.13299624754730016
1055 3756 0.37119806775914943
1055 3771 0.387326458860683
1068 1069 -0.1584168535967239
1068 3426 0.05078166076231961
1068 3441 -0.18328205273086082
1068 3456 -0.22140437388852546
1068 3471 -0.4489465697926732
1068 3486 -0.09901801095282672
1068 3501 1.0
1068 3366 -0.2990318523721018
1068 3381 -0.3375969503102467
1068 3396 -1.0
1068 3411 -0.4333431633123735
1069 1070 0.07670646450678693
1069 3606 0.7161202815699539
1069 3621 -0.9388055434855971
1069 3636 0.5740407364788364
1069 3651 0.10818265376949249
1069 3666 -0.4112696797912114
1069 3681 0.5731918491429544
1069 3516 -0.1749377604857704
1069 3531 -0.6412718195995871
1069 3546 -0.6593949401637077
1069 3561 0.014424930168744379
1069 3576 -0.35989861658820854
1069 3591 1.0
1070 3786 -0.06073796368428658
1070 3801 -0.3711515161990269
1070 3816 -0.021287340522996516
1070 3831 0.19090238822271885
1070 3846 -0.8038323822810316
1070 3861 -0.7996807651827269
1070 3696 0.5024363447951373
1070 3711 -1.0
1070 3726 -0.21570605872546358
1070 3741 -0.5764036425587293
1070 3756 -0.7665631565573884
1070 3771 0.44561440059182256
1083 1084 0.8654955550541028
1083 1098 -0.2469687574680712
1083 3426 0.019455688173516464
1083 3441 -0.02273020974500448
1083 3366 0.4876905403491072
1083 3381 -0.5382246657368794
1083 3396 0.18845431022801032
1083 3411 -0.5034989975537835
1084 1085 -0.5906987317535841
1084 1099 0.2157076867020522
1084 3606 0.10249856319489191
1084 3621 -0.5307046001544969
1084 3456 0.09367988761217386
1084 3471 -0.04579435658563049
1084 3486 -0.08924163061687712
1084 3501 0.718569687051563
1084 3516 0.5589443835177653
1084 3531 0.12283691799560711
1084 3546 0.04630462472495829
1084 3561 -0.13315722392329402
1084 3576 -0.08324240943623522
1084 3591 0.05723156709923783
1085 1100 -0.6383937695933649
1085 3786 -0.16957347019277497
1085 3801 0.4089208878346519
1085 3636 0.5156538246668795
1085 3651 0.07395166895080617
1085 3666 -0.20727670962814904
1085 3681 0.22237221839757382
1085 3696 -0.41383190673206444
1085 3711 -0.29948751883303787
1085 3726 0.14950441393928937
1085 3741 -0.23459856238912255
1085 3756 -0.36672142909243816
1085 3771 0.07773340001108114
1098 1099 -0.17499810294233828
1098 3426 0.315877197015019
1098 3441 -0.09830270829036278
1098 3366 0.8152940629827982
1098 3381 -0.5326994481683678
1098 3396 -0.04551472840734044
1098 3411 -0.18532608705602344
1099 1100 0.22059524560822386
1099 3606 -0.27546116753372984
1099 3621 -0.9644170374883818
1099 3456 -0.6900421856205461
1099 3471 0.3462804582383816
1099 3486 1.0
1099 3501 0.6834653699736697
1099 3516 -0.081670672076938
1099 3531 -0.11486016570273148
1099 3546 0.14185317717361873
1099 3561 0.3769486744690952
1099 3576 -0.6184607560554592
1099 3591 0.2468575833815009
1100 3786 0.5525523203299595
1100 3801 0.2630848568752853
1100 3636 -0.0774426763625501
1100 3651 -0.4593541989673516
1100 3666 0.009017686804638037
1100 3681 0.7232509111262783
1100 3696 -0.9093503629785081
1100 3711 0.4531456878764889
1100 3726 0.3947441639173047
1100 3741 0.6333677782477368
1100 3756 0.30451726840976806
1100 3771 -0.509555912292995
1113 1114 -0.2935284135830135
1113 1128 -0.012009664552390744
1113 3426 -0.509016995618917
1113 3441 0.09580555485489728
1113 3366 0.6689753738820992
1113 3381 -0.02563999767648706
1113 3396 -0.8063611599005939
1113 3411 -0.34484011999121306
1114 1115 -0.3448472115944709
1114 1129 0.008629820805417599
1114 3606 0.18521237366890736
1114 3621 -0.6945599643869018
1114 3456 0.007720078087337424
1114 3471 -0.357694143166647
1114 3546 -0.23284805053541188
1114 3561 -0.2648377785916785
1114 3576 -0.0505405171388537
1114 3591 -0.7741111295869982
1115 1130 0.04682839443678607
1115 3786 0.043544458547921626
1115 3801 -0.04173812807160042
1115 3636 0.1729576704181679
1115 3651 -0.3264838387231601
1115 3726 -0.14904143554028498
1115 3741 -0.47765624703710824
1115 3756 -0.527090963230377
1115 3771 -0.08913240315862547
1128 1129 -0.10136381904897057
1128 3426 -0.46079884316938774
1128 3441 -0.562776039477488
1128 3366 -0.07792851595299552
1128 3381 0.3215914571853735
1128 3396 0.04684995946884302
1128 3411 0.30196512372994894
1129 1130 0.519017766874946
1129 3606 0.0186572230929874
1129 3621 -0.37234536090994663
1129 3456 -0.031466327040669435
1129 3471 0.06904140207158194
1129 3546 -0.05473409940699529
1129 3561 -0.39371108013727746
1129 3576 -0.2117758078814772
1129 3591 -0.29653358496057325
1130 3786 0.7951069697658041
1130 3801 0.01916061014091716
1130 3636 0.832511734705575
1130 3651 0.015121515184802968
1130 3726 0.06449853884409888
1130 3741 -0.31449894194311057
1130 3756 0.28402342502858263
1130 3771 -1.0
3364 3365 -0.10650167769976546
3364 3379 0.2013153424851353
3365 3366 -0.7211975755128932
3365 3380 -0.01611459271165872
3366 3381 -0.30556011383347864
3379 3380 -1.0
3380 3381 0.6335519416144328
3394 3395 -0.20706181585387132
3394 3409 -0.5276076937691055
3395 3396 0.6134808091350291
3395 3410 0.4926990232442769
3396 3411 -0.695728902904036
3409 3410 -0.585521763732039
3410 3411 0.08559276322093574
3424 3425 0.26874569791588476
3424 3439 0.23658986638454627
3425 3426 -0.04152683847120749
3425 3440 -0.7242214442496
3426 3441 -0.4050705202022972
3439 3440 -0.4268305871225232
3440 3441 1.0
3454 3455 -0.32833660882710997
3454 3469 0.6762537991754343
3455 3456 -0.2540458257962607
3455 3470 0.08665825520149494
3456 3471 -0.47152994968234896
3469 3470 -0.27852637980465517
3470 3471 0.28935192593654707
3484 3485 0.5796509119309606
3484 3499 0.09840780381234995
3485 3486 -0.8702971748636733
3485 3500 -0.08639450502039385
3486 3501 0.7704110271892097
3499 3500 -0.43936117261628055
3500 3501 -0.05210099368636314
3514 3515 0.7882452274217959
3514 3529 0.19702066883299635
3515 3516 0.34353579371671705
3515 3530 0.026849758508810637
3516 3531 -0.4338627785977921
3529 3530 -0.07342649687088251
3530 3531 -0.04860304339966439
3544 3545 0.20806975682432213
3544 3559 -0.383423247970564
3545 3546 -0.18452842723621898
3545 3560 -0.4750006099687089
3546 3561 -0.3346307937606791
3559 3560 -0.1356442910638704
3560 3561 0.5110946951105797
3574 3575 0.46677388448499
3574 3589 -0.10479028500624518
3575 3576 0.372446220324366
3575 3590 -0.39501997758994917
3576 3591 0.24309888917921524
3589 3590 0.017180176990148118
3590 3591 -0.7609409548577075
3604 3605 -0.04540733835302642
3604 3619 0.08972956822068316
3605 3606 0.2241629901996213
3605 3620 -0.8152295026976434
3606 3621 -1.0
3619 3620 0.6652415276864364
3620 3621 0.4392839250132016
3634 3635 0.13823776060921797
3634 3649 0.1283772485300793
3635 3636 0.07729767795213538
3635 3650 -1.0
3636 3651 -1.0
3649 3650 0.5803073695563385
3650 3651 0.045395217277748756
3664 3665 0.07273572890408729
3664 3679 0.2994169151927954
3665 3666 -0.5864004232526945
3665 3680 0.5947128484118128
3666 3681 -0.42031464736443325
3679 3680 0.1581715480151678
3680 3681 -0.0634913742742948
3694 3695 -0.3620471342252043
3694 3709 0.7282021487344666
3695 3696 -0.2684012165334969
3695 3710 -0.7060064832438606
3696 3711 1.0
3709 3710 0.20851432156214167
3710 3711 0.32421997520764284
3724 3725 -0.20343423098612276
3724 3739 -0.24881926477293356
3725 3726 -0.3211846353094033
3725 3740 0.9169527131998777
3726 3741 0.25530234212186254
3739 3740 -0.2969353806744957
3740 3741 -0.4092269058557067
3754 3755 -1.0
3754 3769 -0.7232120361305316
3755 3756 -0.4772804919030714
3755 3770 0.026642954713260256
3756 3771 0.13477050413263317
3769 3770 0.14387245567289464
3770 3771 0.33053906262687677
3784 3785 0.33177458007198163
3784 3799 0.24460315252310508
3785 3786 -0.15226616448495833
3785 3800 -0.7465171898541897
3786 3801 -0.5994951463266354
3799 3800 -0.9974188002707459
3800 3801 0.23825946154715302
3814 3815 -0.02339876183574156
3814 3829 0.28742153347230914
3815 3816 0.10310870891056097
3815 3830 -0.3376291219974272
3816 3831 0.30421755518827037
3829 3830 0.5553884655397517
3830 3831 -0.6628733901802861
3844 3845 -0.9582283564000201
3844 3859 0.09137992893854134
3845 3846 -0.3648423510305165
3845 3860 -0.6212521744625648
3846 3861 -0.005796865762151632
3859 3860 0.7343691380915347
3860 3861 -0.37270609291659645
3874 3875 0.11011265177826082
3874 3889 -0.12072806998883823
3875 3876 -0.4761210204013765
3875 3890 -0.2695764139154407
3876 3891 0.20169718301093595
3889 3890 -0.9591588311297297
3890 3891 -0.5000066244213508
