# 
603 603 -0.8609464415579097
604 604 -0.8685696955177232
605 605 -1.5850103503907191
618 618 -0.22882105106368084
619 619 -2.294382911362957
620 620 0.4162154868202489
633 633 0.3825452952449568
634 634 -0.40977195998774874
635 635 -0.7037932686369223
648 648 -0.5023067235296848
649 649 -0.20987662643846905
650 650 0.5596890708552726
663 663 -0.3490419455816559
664 664 -2.461420763086245
665 665 -1.4315594422044498
678 678 -1.2729123122837576
679 679 0.6725870820483774
680 680 1.494928729646241
693 693 -1.4373439359662186
694 694 1.1120892039292194
695 695 -0.2965918854648203
708 708 0.3766526016217331
709 709 1.2280700855484026
710 710 0.34220072190637996
723 723 -1.313652883067111
724 724 0.4641994812932265
725 725 -0.10655009435860886
738 738 1.0015566894796757
739 739 -0.5610119155149516
740 740 0.26403948469296357
753 753 -1.648513267132742
754 754 0.21998807756460326
755 755 0.320236334730175
768 768 1.279482266662195
769 769 1.76635222173286
770 770 -1.2249968946396121
783 783 -0.6887765456217695
784 784 0.6528898797583625
785 785 0.11301398775463231
798 798 2.66416092643272
799 799 0.3933413799405366
800 800 0.1602633973098447
813 813 -0.20852725073932812
814 814 0.8263391903471848
815 815 -1.24752055036398
828 828 0.2903537937185206
829 829 0.6682757625700474
830 830 0.1346821085123597
843 843 -2.52569782239661
844 844 0.11697030299806907
845 845 0.6768931520509236
858 858 0.5311908347369803
859 859 -0.19960130819827723
860 860 0.722212524158789
873 873 1.6103582420601057
874 874 -0.08656100640088588
875 875 -0.18992114747715924
888 888 0.2752063285512103
889 889 0.305247179043842
890 890 -2.023384054418695
903 903 0.37364507113425505
904 904 0.0688565859242648
905 905 -0.7937761768333208
918 918 -0.4643633187915765
919 919 -2.8118957001649756
920 920 -0.8344473963375422
933 933 -0.5334682724078375
934 934 -0.970558644884095
935 935 0.05030641625341432
948 948 -0.5006112375211093
949 949 -0.30673606601902176
950 950 0.9253421248237689
963 963 -1.1099474821077235
964 964 -1.2795639413215283
965 965 -0.6361926590421246
978 978 1.750531195539183
979 979 0.05811707077912962
980 980 0.7253987410069925
993 993 -0.595026912954139
994 994 0.2976395351019552
995 995 -0.10267016948383687
1008 1008 -0.9659526366752389
1009 1009 -1.031028625592248
1010 1010 0.4277186540894407
1023 1023 -0.23077556818848147
1024 1024 0.7783800808752172
1025 1025 -0.39102073105925944
1038 1038 0.8491174728399478
1039 1039 0.7572441469964512
1040 1040 0.3142146100419541
1053 1053 -0.11569648073808417
1054 1054 -0.3866979284543164
1055 1055 -0.4373018711530493
1068 1068 -0.5637584936867089
1069 1069 -0.9559642367218691
1070 1070 0.1521480234067771
1083 1083 1.8758093279945491
1084 1084 -0.24179620829572074
1085 1085 -0.27696854656462433
1098 1098 0.11589680373375769
1099 1099 0.300002833413608
1100 1100 -0.4004020098645843
1113 1113 -0.5662733557505089
1114 1114 1.88276958606233
1115 1115 -0.27562039193672494
1128 1128 -0.7787843648385298
1129 1129 -1.0882771668833024
1130 1130 -1.3744895661689962
3364 3364 -0.7482726274735626
3365 3365 -0.045580231966816966
3366 3366 1.299435410192074
3379 3379 1.8844367422999697
3380 3380 -0.614799647423913
3381 3381 0.4544930494509369
3394 3394 -1.0929071241208406
3395 3395 -0.4222901156898846
3396 3396 -0.4637528137767739
3409 3409 0.5666823130546097
3410 3410 0.21230502814348873
3411 3411 0.554208121445474
3424 3424 -1.4658642603325824
3425 3425 -0.7442604918986457
3426 3426 1.5124066876644888
3439 3439 -0.7870567674109857
3440 3440 0.8233243745981291
3441 3441 0.3671743474142426
3454 3454 -0.6625892252393839
3455 3455 0.31286971392504426
3456 3456 0.5383515873912906
3469 3469 -0.3017472540552811
3470 3470 0.8661371097745957
3471 3471 0.25121295834468216
3484 3484 0.028803779944213938
3485 3485 1.594954628671229
3486 3486 -1.1275343656476136
3499 3499 -0.36217758922184423
3500 3500 2.345324732198337
3501 3501 0.6428267966002091
3514 3514 -0.3020397416168174
3515 3515 0.39866389021953375
3516 3516 -0.39614320995095176
3529 3529 -0.49863020258909174
3530 3530 -0.821646185029139
3531 3531 -1.8001236810959391
3544 3544 -0.7195686867473718
3545 3545 1.7742032724899106
3546 3546 0.5933041354018543
3559 3559 -0.48406197693901654
3560 3560 1.784187039800438
3561 3561 0.2038972448337634
3574 3574 0.899420798876606
3575 3575 0.984258551009925
3576 3576 -0.052967130072771484
3589 3589 1.344146474983777
3590 3590 1.2363452208360477
3591 3591 0.6041539318936244
3604 3604 0.05449079217829298
3605 3605 0.6693559341492116
3606 3606 0.7029400857968165
3619 3619 -0.32165103094310543
3620 3620 -0.32148604515111945
3621 3621 0.6548198057480294
3634 3634 -0.3264598755246139
3635 3635 1.2805305443884334
3636 3636 -1.0092130454178738
3649 3649 -0.5554177915858172
3650 3650 0.3863128387431591
3651 3651 0.02939586482393225
3664 3664 -0.10075523513433321
3665 3665 -1.0351853425411925
3666 3666 -0.8723121204557411
3679 3679 0.8200680804961757
3680 3680 -0.8021609837462497
3681 3681 -0.03790980741588782
3694 3694 -0.10899110435906842
3695 3695 -0.04796090746817895
3696 3696 -0.4178326831887042
3709 3709 1.5991716973866958
3710 3710 0.3110845902889794
3711 3711 -0.5029835378027687
3724 3724 1.10655715637426
3725 3725 -0.5229606687288586
3726 3726 -0.28837738202325564
3739 3739 0.18193088640532995
3740 3740 -0.40865063945650204
3741 3741 0.9072881948463082
3754 3754 1.159314453090251
3755 3755 -0.0067893401197644575
3756 3756 0.7025996608848136
3769 3769 0.6798292431857313
3770 3770 -0.27117355507775814
3771 3771 -1.4489169638416266
3784 3784 -0.061630700533762246
3785 3785 -1.014611868840322
3786 3786 0.11000767791079988
3799 3799 1.3181940215174432
3800 3800 0.27865696283444336
3801 3801 0.8180290487181838
3814 3814 0.5550622456542033
3815 3815 -1.7304005928792006
3816 3816 -1.8622358173621185
3829 3829 -0.9425274567887756
3830 3830 -0.21074097351130236
3831 3831 1.2562022782786377
3844 3844 2.3346834786838406
3845 3845 1.4751918343266441
3846 3846 -0.47378423750080684
3859 3859 1.1513440505745998
3860 3860 -0.9575201519326114
3861 3861 -0.26686731919899576
3874 3874 -0.21883012178626834
3875 3875 0.2078654467408039
3876 3876 -1.0428706330453061
3889 3889 1.8676008341616204
3890 3890 1.3663305972050472
3891 3891 -1.0542229540401722
603 604 -0.6196427554605837
603 618 0.14361218469947784
603 3484 0.17285661730041052
603 3499 -0.23895022085904566
603 3514 0.1147757478987307
603 3529 0.3206375366947779
604 605 -0.7592787333964554
604 619 1.0
604 3664 0.49210479339778695
604 3679 0.6983015776557558
604 3694 -0.612717747652816
604 3709 -0.7435218771867342
605 620 0.19069025797684833
605 3844 -0.06208372171174038
605 3859 0.11278947295901044
605 3874 0.7723091913017474
605 3889 -0.022604249966061436
618 619 0.07061778253798388
618 3484 0.15424619981579651
618 3499 0.48200010512892955
618 3514 -0.8633109006802282
618 3529 -0.4713788764680338
619 620 -0.7412727735990169
619 3664 -0.14848099183705232
619 3679 -0.412100987418027
619 3694 0.049666586129935374
619 3709 -0.2089456137606987
620 3844 -0.017199177983241824
620 3859 0.3774565882419525
620 3874 0.4456079288238263
620 3889 0.9309010067297095
633 634 0.19645081374078555
633 648 -0.03513874211389713
633 3424 0.4771418629136075
633 3439 -0.1002131404597818
633 3454 -0.2713300794493227
633 3469 -0.3976900380516827
633 3484 -0.017534285518135347
633 3499 0.7531556744599288
633 3514 -0.23138860788539714
633 3529 0.41931922472613864
634 635 -0.6290814276668243
634 649 -1.0
634 3604 -1.0
634 3619 -0.47436286724229043
634 3634 0.3954605214801162
634 3649 -0.10024835025825604
634 3664 -0.2562123201043608
634 3679 -0.6257875788156788
634 3694 0.2024904689153729
634 3709 -0.5142369340173785
635 650 -0.410518119486444
635 3784 -0.408546873428032
635 3799 -0.1782527170050543
635 3814 0.18073531185289743
635 3829 -0.128465609256025
635 3844 -0.2401816554598694
635 3859 1.0
635 3874 -0.060766970417038296
635 3889 0.23088801446750354
648 649 -0.18207669959406994
648 3424 -0.44636072915588804
648 3439 0.32983497950802204
648 3454 -0.2511954097957933
648 3469 -0.39682117695955416
648 3484 -0.07379472228437273
648 3499 0.04952129146464395
648 3514 -0.440386258814941
648 3529 0.40491637003097625
649 650 -0.10791293718162233
649 3604 0.36348414764004644
649 3619 -0.24664334144347488
649 3634 0.6885688032684546
649 3649 0.04778002081853492
649 3664 -0.493743056491291
649 3679 -0.8628221113598683
649 3694 -0.182918026176265
649 3709 0.09520681334668302
650 3784 -0.05734348260665077
650 3799 -0.050931747396651426
650 3814 0.018819112758049327
650 3829 -0.7388016555881837
650 3844 0.4298881477821794
650 3859 -1.0
650 3874 0.30578602567566926
650 3889 0.0007116765714114838
663 664 0.14226853769789458
663 678 0.8641897009831134
663 3424 0.7218682416335138
663 3439 0.6150443092804493
663 3454 0.1687670840110843
663 3469 0.21634417845593457
663 3484 0.028232584275263088
663 3499 0.46987095501323306
664 665 0.3800158284130105
664 679 0.6455003524957436
664 3604 -0.4481302716610775
664 3619 0.3994027827677103
664 3634 -0.0437944909118669
664 3649 0.4765396138527431
664 3664 0.28787898716534494
664 3679 -1.0
664 3514 0.20908151134092368
664 3529 0.21254615693253448
665 680 0.534675067479381
665 3784 -0.33243307637594904
665 3799 -0.5752148966410173
665 3814 -0.18472379817601342
665 3829 0.6385328649157861
665 3844 0.6206592458150587
665 3859 -0.0686994241589357
665 3694 0.5990157154688719
665 3709 0.35817283077334405
678 679 -0.04409416502659584
678 3424 -0.26675520602463954
678 3439 -0.24298133478311143
678 3454 0.2367709610739118
678 3469 -0.5404211419801038
678 3484 -0.9408380612593105
678 3499 0.7571380720440292
679 680 0.09939001369649116
679 3604 0.1412612929515475
679 3619 -0.5175223736312567
679 3634 0.3805379802197888
679 3649 0.28311466352032194
679 3664 -0.3325301151861042
679 3679 -0.13010630589089467
679 3514 1.0
679 3529 -0.023901801750298417
680 3784 -0.416963883878808
680 3799 -0.09253295730591587
680 3814 0.6627746988455027
680 3829 -0.18007669809639584
680 3844 0.24660201187981626
680 3859 -0.5129628386189142
680 3694 0.10898208722050778
680 3709 -0.4635823425496901
693 694 -0.06838939636067283
693 708 0.30581973440112015
693 3424 0.23881110234156158
693 3439 0.2048866834010423
693 3454 0.4681443985199865
693 3469 0.563786691559914
693 3484 0.5971772692951262
693 3499 0.266727448626714
693 3364 -0.12557746336513836
693 3379 0.17759476997844606
693 3394 -0.7052333900200631
693 3409 -0.3818224057312858
694 695 0.2977658097508284
694 709 0.2228537612124343
694 3604 -1.0
694 3619 -0.0461695517196913
694 3634 -0.19304408611833843
694 3649 -0.12717662113564004
694 3664 -0.06419680117307203
694 3679 -0.4325137608317181
694 3514 0.08235783953007265
694 3529 -1.0
694 3544 0.26610850298620903
694 3559 -0.07849397481582777
694 3574 0.03878113099995069
694 3589 0.05214610258057018
695 710 -0.3039076522929236
695 3784 0.39167894887768445
695 3799 0.3518321411066316
695 3814 0.43710293275458106
695 3829 0.5556028262114562
695 3844 0.2908974905783752
695 3859 0.4491120533839641
695 3694 -0.3157800808818702
695 3709 -0.10451654681438305
695 3724 0.1606051868786041
695 3739 0.29483098791688134
695 3754 -0.4730334190217642
695 3769 -0.44708281670526523
708 709 0.07310950925455213
708 3424 0.8522530903479348
708 3439 0.211519976063832
708 3454 -0.016690423736619896
708 3469 0.058696298904741165
708 3484 -0.29079119565006933
708 3499 0.6511398400708042
708 3364 -0.5142570291653137
708 3379 0.7181038522462272
708 3394 0.5510224722809487
708 3409 0.7059800002095032
709 710 1.0
709 3604 -0.19887090919423767
709 3619 -0.012836793117100235
709 3634 0.03445344416412015
709 3649 -0.3712604977429224
709 3664 0.022507343782294086
709 3679 -0.05315279042047586
709 3514 -0.22207689420712212
709 3529 0.18361594049329222
709 3544 -0.10352671913917671
709 3559 0.18226610557667938
709 3574 0.046307458076578635
709 3589 0.3666094611902898
710 3784 0.6363089799832391
710 3799 0.29560435557419384
710 3814 0.07910129346233362
710 3829 -0.4703464787935544
710 3844 0.5064356413655271
710 3859 0.022121695109277677
710 3694 0.7880590950944195
710 3709 -0.2623524445603853
710 3724 -0.3902904904567248
710 3739 0.7959134037700051
710 3754 -0.6719538299974669
710 3769 0.044884582421369716
723 724 -0.17269187357126525
723 738 -0.7362680725676747
723 3424 -0.01600251443761679
723 3439 -0.20240370071332153
723 3364 -0.18394942080597515
723 3379 -0.8979802254597848
723 3394 0.24675805191878272
723 3409 -0.9079399134103275
724 725 0.3395024764149862
724 739 -0.08169939070086503
724 3604 0.39262445537193924
724 3619 0.014924220637148697
724 3454 -0.14199638595848035
724 3469 -0.21511224536144172
724 3484 0.34990518354616434
724 3499 -0.10173390883873544
724 3514 -0.7683346773999712
724 3529 0.5886318841176733
724 3544 0.8531950021636244
724 3559 -0.8915717375016381
724 3574 -0.33504940949644796
724 3589 -0.31468469602549654
725 740 -0.26374579647500235
725 3784 0.27371773226125656
725 3799 -0.04002359048442074
725 3634 0.10645813757990301
725 3649 0.04949607262206702
725 3664 0.38686332975444887
725 3679 0.46998407077177706
725 3694 0.30168185963518007
725 3709 0.3518158163501263
725 3724 -0.16052355522940237
725 3739 -0.1870938036069484
725 3754 0.03953425714623631
725 3769 -1.0
738 739 0.6079906237737148
738 3424 0.010957694662634321
738 3439 -0.11142521579147167
738 3364 -0.20576802862907112
738 3379 -0.11605232472394701
738 3394 -0.019059432954078234
738 3409 0.4829573777470358
739 740 -0.36058369713482685
739 3604 -0.29565403976130195
739 3619 0.368581924197054
739 3454 -0.5094256967752292
739 3469 0.1783374241697756
739 3484 -0.5217823236087247
739 3499 -0.006030626480909723
739 3514 0.6743038265510787
739 3529 0.5631057727162488
739 3544 -0.3820981621207784
739 3559 0.05084631600075389
739 3574 -0.3442260318275824
739 3589 -0.02722990001239729
740 3784 -0.4851706628643988
740 3799 0.15718015860242296
740 3634 0.17230440574513575
740 3649 0.3617764154566262
740 3664 -0.18985535291434752
740 3679 -0.36561977291738745
740 3694 0.26174471325071724
740 3709 0.29090795767283406
740 3724 1.0
740 3739 0.29880868489293605
740 3754 0.07380416172256235
740 3769 -1.0
753 754 -0.6586661213271772
753 768 -0.0696995681044645
753 3424 0.4745835901165784
753 3439 -0.07123430730365948
753 3364 0.5903063761766772
753 3379 0.34212669011886554
753 3394 0.13754669507449543
753 3409 0.18434915073496225
754 755 -0.23429912187187552
754 769 -0.045500038382239594
754 3604 0.33913957599041405
754 3619 0.2743187902514962
754 3454 -0.06176604433092978
754 3469 0.7993182665441694
754 3485 0.1394643639971294
754 3500 -0.5798941754417217
754 3515 0.1373756703725294
754 3530 -0.16504937646888523
754 3544 -0.4499595807978173
754 3559 1.0
754 3574 0.8579308865287048
754 3589 -0.7510992301544421
755 770 -0.07016804800133492
755 3784 -0.5490469226380646
755 3799 0.319845707267123
755 3634 -0.2674345496551188
755 3649 -0.4234873009999625
755 3665 -0.04138070650374167
755 3680 0.04599976039636965
755 3695 -0.8072999183467806
755 3710 0.18578115937245082
755 3724 0.5091911733248794
755 3739 -0.5905103504238413
755 3754 0.23219518181832285
755 3769 -0.3230511003344319
768 769 0.45975806297079913
768 3424 0.09718062595717751
768 3439 -0.4370382340601614
768 3364 0.331025519714663
768 3379 -0.5812736427462603
768 3394 -1.0
768 3409 0.15187620903330623
769 770 -0.19434391944468346
769 3604 -0.2524268201641551
769 3619 -0.80622252109707
769 3454 0.4005123830306508
769 3469 0.37310104441140973
769 3485 -0.5534312235522862
769 3500 0.10057976250883192
769 3515 0.7565069962354629
769 3530 -0.18678207885020862
769 3544 0.6125580238456109
769 3559 -0.03725237241278672
769 3574 0.19392388677446082
769 3589 -1.0
770 3784 -0.19678607761829334
770 3799 0.18520781520646226
770 3634 0.4185064979303255
770 3649 0.7201005280991483
770 3665 0.15882197831206718
770 3680 0.010515585409610558
770 3695 -0.6536873986101781
770 3710 0.498613767663963
770 3724 0.1269329832800016
770 3739 -0.6870395603562913
770 3754 -0.2561354521291068
770 3769 0.3845777715148372
783 784 0.2113337292602436
783 798 0.4918742523690541
783 3424 0.5756546788339811
783 3439 -0.16573923037867802
783 3454 0.8841143026523952
783 3469 0.6591998296882554
783 3485 -0.6386189127449234
783 3500 0.05557930866083125
783 3515 0.12222746078334071
783 3530 0.30635877233936215
783 3544 -0.2941042189729132
783 3559 0.2526097087239679
783 3394 -0.18561036230682362
783 3409 0.2860146012016304
784 785 1.0
784 799 0.46805435729615186
784 3604 0.11642715385114007
784 3619 -0.5648113752465402
784 3634 0.2527086075685581
784 3649 -0.3539989762688924
784 3665 -0.3463560170196414
784 3680 0.09453073799839534
784 3695 -0.6894770593836514
784 3710 0.26598065801471715
784 3724 0.27156480467308336
784 3739 0.366015812127476
784 3574 -0.1987756556046581
784 3589 0.5137888867561646
785 800 -0.7192311745151504
785 3784 0.5265722620073424
785 3799 0.4308000122278677
785 3814 -0.48001488424365296
785 3829 -0.4495333139961343
785 3845 0.21572504080487298
785 3860 -0.620728338947148
785 3875 0.545294029916521
785 3890 -0.30291918578647054
785 3754 -0.5169319113225157
785 3769 -0.07985062464467854
798 799 -0.12425878550444729
798 3424 -0.36100546322344007
798 3439 0.04447631041700058
798 3454 0.6664194245044638
798 3469 0.5043741566413668
798 3485 -0.30651005528473013
798 3500 0.6307314058034661
798 3515 0.3777293644034837
798 3530 0.5401636390564462
798 3544 -0.4715091787628792
798 3559 0.31694404929475245
798 3394 0.7874190579875252
798 3409 -1.0
799 800 0.08255097782698789
799 3604 0.1475262822934071
799 3619 -0.9479219123639848
799 3634 0.11606839459024387
799 3649 -0.08532737425328289
799 3665 0.545985013081904
799 3680 0.306993532659657
799 3695 -0.35987926949602506
799 3710 0.018626112316339902
799 3724 0.20917104445785573
799 3739 -0.4484713201495647
799 3574 -0.3622224344091262
799 3589 -0.12884508377191273
800 3784 -0.1375679344812907
800 3799 -0.42586384066294314
800 3814 0.515017148605656
800 3829 -0.5444075682651599
800 3845 0.20305105583246957
800 3860 0.5277287833815579
800 3875 -1.0
800 3890 0.1801159762962727
800 3754 -0.16645372724214225
800 3769 -0.1390122691675283
813 814 0.19947406505933976
813 828 -0.5264803350792484
813 3425 -0.5454032337950069
813 3440 0.03840309493420156
813 3455 0.5607918045138737
813 3470 -0.09825642092673385
813 3485 0.1402852861571218
813 3500 0.43599460319054806
813 3515 0.027468211547908055
813 3530 0.03426534415038099
813 3544 -0.26278095710911875
813 3559 -0.026725855878633267
813 3394 0.11142225264394715
813 3409 0.3542807013353826
814 815 0.03552680861910647
814 829 0.0839502391307819
814 3605 0.7509713706794447
814 3620 -0.5900866256587519
814 3635 -0.5508061975923072
814 3650 -0.4294745922787224
814 3665 0.06165369869257052
814 3680 -0.1567064932558091
814 3695 0.2708334165414853
814 3710 0.8480908260726546
814 3724 -1.0
814 3739 0.41304476395291695
814 3574 -0.4949222348994487
814 3589 0.23502863905152996
815 830 -0.36197005637218127
815 3785 -1.0
815 3800 0.47026011929867984
815 3815 -0.8023635460674896
815 3830 -0.556554436967073
815 3845 0.6061555251709282
815 3860 0.40224808378405835
815 3875 0.40060870383807246
815 3890 0.11797301965741697
815 3754 0.26013937884386085
815 3769 -1.0
828 829 -0.5324738178631874
828 3425 0.2699887922075652
828 3440 0.33786223064762405
828 3455 -0.036569967197054055
828 3470 1.0
828 3485 0.0029600366533738395
828 3500 0.43427824105403817
828 3515 -0.1775846844191055
828 3530 -0.2330259682249587
828 3544 0.8071863228047981
828 3559 0.2896731052627573
828 3394 -0.6004495801474421
828 3409 0.4872732349021252
829 830 -0.14302153129043982
829 3605 -0.020787352485318277
829 3620 -0.6524050597766234
829 3635 0.09314775111559044
829 3650 -0.947232844840018
829 3665 0.17076065402444787
829 3680 0.5732207154825729
829 3695 -0.43995834186713334
829 3710 -0.7229035522763158
829 3724 -1.0
829 3739 -0.35905950386306607
829 3574 0.4306693375839846
829 3589 -0.5844666351261493
830 3785 0.20473084759006638
830 3800 -0.18441654692014167
830 3815 -0.133513826261512
830 3830 0.39611720684729074
830 3845 0.1733172714163266
830 3860 0.5070725875091605
830 3875 0.1747926461804399
830 3890 0.40333857014551
830 3754 -0.17510395875916412
830 3769 -0.1686857339510327
843 844 -0.3798103994731148
843 858 0.6426179412964655
843 3425 -0.10916703195979979
843 3440 -0.3514686708647479
843 3455 -1.0
843 3470 -0.1714942187754399
843 3485 -0.6480715671690169
843 3500 -0.0499926082845049
843 3364 -0.4490149114024132
843 3379 0.14137230513601806
843 3394 -1.0
843 3409 -0.5502999393418803
844 845 0.4034815005697734
844 859 -0.6476704808559528
844 3605 0.237392962353244
844 3620 0.005798414012696955
844 3635 -0.9339000891558029
844 3650 1.0
844 3665 0.7705397684693328
844 3680 -0.30117861800253415
844 3515 -0.7652092002879131
844 3530 -0.2561098409517731
844 3544 -0.6522414912976113
844 3559 -1.0
844 3574 0.31648025012436987
844 3589 -0.18755597973897975
845 860 -0.6528944699450133
845 3785 0.5600473517077571
845 3800 0.46259697312236175
845 3815 -0.04312010469160518
845 3830 0.00340757034739245
845 3845 0.19489692399605452
845 3860 -0.9518395924849465
845 3695 -0.1824747676636919
845 3710 0.4704041886706427
845 3724 -0.23886146726165944
845 3739 -0.42485517291800057
845 3754 0.7062392453132362
845 3769 0.4005262842766455
858 859 -0.20101011189572307
858 3425 0.22875321037414062
858 3440 -0.9655058665893668
858 3455 0.37158129449142163
858 3470 -0.2705073715842102
858 3485 -0.03541468140724866
858 3500 -0.20125385275516483
858 3364 -0.6129017885993853
858 3379 0.7949263917535279
858 3394 -0.5317350948936777
858 3409 0.07763617322249353
859 860 -0.2410395953414681
859 3605 -0.1966639910519295
859 3620 -0.3323506088677
859 3635 0.885374826985678
859 3650 -0.49280673394675323
859 3665 -0.53889523288792
859 3680 0.47233197129654164
859 3515 0.08125763820763114
859 3530 -0.36848958317072156
859 3544 0.4533597464929902
859 3559 -0.006487580246452999
859 3574 -0.7984675490150431
859 3589 0.5683019742875075
860 3785 0.6430212703517842
860 3800 -0.2087472847653441
860 3815 0.4130988989689621
860 3830 0.5480630384661325
860 3845 -0.49917869743348875
860 3860 0.04080844369933188
860 3695 0.5703647843663828
860 3710 0.5338178299300901
860 3724 -0.07635115902537368
860 3739 -0.9117998199634073
860 3754 -0.4312961194071895
860 3769 0.4365726955527964
873 874 0.24355327367558158
873 888 -0.6039178991787549
873 3425 -0.2922808768353601
873 3440 0.5406811261832355
873 3455 0.7240620507458194
873 3470 -0.34223759369930024
873 3485 0.24951539921165075
873 3500 0.2080068966698842
873 3365 0.20802526292955528
873 3380 -0.6974734156634255
873 3395 0.3018361449055857
873 3410 -0.5170095513532703
874 875 0.4494047253871694
874 889 -0.09400979604256973
874 3605 0.9460846023864758
874 3620 0.035480303016680634
874 3635 0.08454536409769964
874 3650 -0.7158157132455369
874 3665 -0.3467003446311372
874 3680 -1.0
874 3515 0.178074474171948
874 3530 -0.19139640746665953
874 3545 -0.230076037590525
874 3560 -0.5557475168032966
874 3575 0.02019744707505645
874 3590 -0.4060550014884981
875 890 -0.17663744293152406
875 3785 -0.5808680394579396
875 3800 0.4044115831892556
875 3815 -0.16486793341052555
875 3830 0.29762693404116985
875 3845 -0.7152905167986313
875 3860 -0.3180868205322124
875 3695 1.0
875 3710 -0.33025239065996176
875 3725 -0.07858602620431865
875 3740 0.9054198811238067
875 3755 0.2878801854006308
875 3770 -0.7083870062331786
888 889 -0.1615169180669314
888 3425 0.5907162431784092
888 3440 0.9311960528706268
888 3455 0.0997059834174478
888 3470 0.6801936619988281
888 3485 -0.29831052975313743
888 3500 -0.017313074880447518
888 3365 0.6028875729828517
888 3380 1.0
888 3395 -0.08392806404666728
888 3410 0.7952567857443137
889 890 -0.7022701541500299
889 3605 -0.6088520018474979
889 3620 -0.5575639472524163
889 3635 0.17103470712472962
889 3650 0.2865223915140777
889 3665 -0.38777098678019206
889 3680 0.7970766444748896
889 3515 0.18762527163879836
889 3530 0.5241283936836669
889 3545 0.20285364613407642
889 3560 0.5295943736122461
889 3575 -0.4751582515764896
889 3590 -0.23967572742399149
890 3785 -0.1686733023324885
890 3800 -0.133234783573422
890 3815 0.8216747982337859
890 3830 0.41989387559702135
890 3845 0.7993520206491734
890 3860 0.899389160416953
890 3695 -0.6677994165513633
890 3710 0.4358621084498471
890 3725 0.015620782898234119
890 3740 0.33134169779060607
890 3755 -0.4555322879810567
890 3770 0.2260488419150674
903 904 -0.1169779997819868
903 918 -0.05038827088480055
903 3425 0.41664858385599474
903 3440 0.11217548044044805
903 3365 0.27484172223936476
903 3380 0.6142044129381515
903 3395 -0.6785916234717764
903 3410 -0.31836835244586376
904 905 0.4872659734182303
904 919 -0.15549159269431825
904 3605 -0.34949637312165044
904 3620 -0.47688780245121576
904 3455 -0.24237754320843072
904 3470 -0.36818014002362415
904 3485 -0.11157974784800563
904 3500 -0.3330137705886929
904 3515 -0.19891160412926126
904 3530 -0.09126407911013598
904 3545 -0.8015642917702389
904 3560 0.06725440145617592
904 3575 0.019889641160294444
904 3590 -0.35006969279701333
905 920 0.4199031434749647
905 3785 0.19328300417743147
905 3800 -0.3849442438988382
905 3635 1.0
905 3650 -0.47902182199561283
905 3665 -0.0072912099360346655
905 3680 -0.38117878272601324
905 3695 0.18973250325116708
905 3710 0.18620076566566127
905 3725 -0.33503724256778117
905 3740 -0.33482172615184214
905 3755 0.18242137642828776
905 3770 0.45331884354672664
918 919 -0.07433033594765535
918 3425 -0.7830806728165561
918 3440 -0.17613262911920483
918 3365 -0.15169253262691104
918 3380 0.40858058298566535
918 3395 0.31512544410259
918 3410 -1.0
919 920 0.1641215496715203
919 3605 0.394364401528594
919 3620 -0.25610771249494896
919 3455 -0.7237362426936051
919 3470 0.18119277998499717
919 3485 0.2518219365994806
919 3500 1.0
919 3515 0.7121045060326252
919 3530 -0.317848264848352
919 3545 -0.8018069056046956
919 3560 -0.37402677104211923
919 3575 0.28745870805373586
919 3590 0.7814746206167004
920 3785 0.14547240540226597
920 3800 0.16780152162774123
920 3635 -0.06974241978784468
920 3650 0.5400863613788612
920 3665 0.20259190600844296
920 3680 0.4596156038150945
920 3695 0.23124610434940182
920 3710 -0.25553212857500013
920 3725 0.30097770751286207
920 3740 0.33453498760452194
920 3755 -0.41958036479973954
920 3770 0.280460287396498
933 934 0.8568326813366057
933 948 0.41178187629310437
933 3425 -0.1110157706101392
933 3440 -0.36296388572761795
933 3365 0.2652056664556778
933 3380 0.5628716709484822
933 3395 1.0
933 3410 0.2887049622333156
934 935 0.42097309063217664
934 949 -0.5184023925008445
934 3605 0.1444674085065879
934 3620 -0.14421287716391096
934 3455 0.8318998786466261
934 3470 0.380911799221367
934 3486 0.037254598714024235
934 3501 -0.6972727551652492
934 3516 -0.5576344222067678
934 3531 -0.37472833162184266
934 3545 -0.16217112160842323
934 3560 -0.518944097299418
934 3575 -0.22266161945745308
934 3590 -0.6114380454558433
935 950 0.101468336222334
935 3785 -0.324663914560107
935 3800 0.4151968022394486
935 3635 0.09691449634898405
935 3650 -0.39896011562595024
935 3666 -0.5343539724778067
935 3681 -0.6255312983145679
935 3696 0.3057578979821013
935 3711 0.6296469205545587
935 3725 0.3211070828798086
935 3740 0.3625069579622508
935 3755 0.4192214377076122
935 3770 0.1396174700953152
948 949 -0.36566236243077044
948 3425 -0.41099155103573104
948 3440 -0.17751237976395504
948 3365 -0.2926929049950907
948 3380 -0.8851392146210378
948 3395 0.15542226973617757
948 3410 -0.6070046067646743
949 950 0.24196599267538305
949 3605 -0.06137065415706965
949 3620 0.2503566431592888
949 3455 0.46674086117020075
949 3470 -0.03972323439708224
949 3486 0.2903819717717304
949 3501 -0.16076321937401186
949 3516 -0.12219267922213203
949 3531 -0.2948411679279203
949 3545 0.11950534039797295
949 3560 0.6027364051554931
949 3575 -0.4514680693104267
949 3590 -0.3507910305614799
950 3785 0.4709825652090557
950 3800 -0.006649130245560031
950 3635 0.004462519272833367
950 3650 -0.026812762619485085
950 3666 -0.24119663223837642
950 3681 -0.12450140246232444
950 3696 0.44613806616178114
950 3711 -0.1522903195172387
950 3725 -0.21582960332527834
950 3740 -0.23449188141717828
950 3755 -0.9370014031166911
950 3770 -0.17430823806010054
963 964 -0.8224108546206503
963 978 0.18463545529407419
963 3425 0.1490992943794556
963 3440 -0.23794577771181954
963 3455 -0.12044791846187805
963 3470 0.7021975198188364
963 3486 -0.961637322985606
963 3501 0.31009694081181144
963 3516 -0.7182175512389948
963 3531 0.40967247143758667
963 3545 -0.3107458238246631
963 3560 0.9891064363564265
963 3395 0.3843269715448548
963 3410 -0.17282607876734266
964 965 -0.012742344661308386
964 979 0.013490511366739883
964 3605 0.031534058006188234
964 3620 -0.14167598143781066
964 3635 -0.15805625788197378
964 3650 0.2536110697154091
964 3666 -0.057561518841134925
964 3681 -0.3820587452379979
964 3696 0.2825539616537691
964 3711 0.6032245370541894
964 3725 0.12045036358801658
964 3740 -0.6309645818855982
964 3575 -0.00022597654516901046
964 3590 0.1594602370666346
965 980 0.12907274258478835
965 3785 0.11302909418105823
965 3800 -0.028721514144527255
965 3815 -0.29708035782144837
965 3830 -1.0
965 3846 -0.09703457845329562
965 3861 -0.3030833463489185
965 3876 -0.08148682609791855
965 3891 0.41624375758976045
965 3755 -0.5518301499878253
965 3770 0.5500801455854207
978 979 -0.17515382494674858
978 3425 0.2960801138378566
978 3440 -1.0
978 3455 -0.5005898195691008
978 3470 -0.3947197208069736
978 3486 -0.5010550378377813
978 3501 -0.16697542634797521
978 3516 0.11168266464506568
978 3531 -1.0
978 3545 -0.06947957665793257
978 3560 -0.22219693810602067
978 3395 -0.42153502746504967
978 3410 0.4328033472176106
979 980 0.4786099624690906
979 3605 0.16734578642525072
979 3620 0.6368668256110886
979 3635 0.055561444714694624
979 3650 0.2637450676806205
979 3666 -0.013800402820705725
979 3681 0.33871092507233297
979 3696 0.15239031678843667
979 3711 1.0
979 3725 -0.3271630243070107
979 3740 0.37093057255983836
979 3575 -0.06499070729566539
979 3590 0.987404479817257
980 3785 0.6326435523018074
980 3800 0.27600038273283317
980 3815 -0.0745235834740404
980 3830 0.43301148166562603
980 3846 -0.08868612266569888
980 3861 -0.5315718560886795
980 3876 0.8112950297454363
980 3891 0.163677149675195
980 3755 -0.019365986339483103
980 3770 0.09988859639063248
993 994 0.26319157295153317
993 1008 0.1741741951703712
993 3426 0.09777027778618542
993 3441 0.498460330035
993 3456 0.8772036954051529
993 3471 0.1691854325663481
993 3486 0.06451941719904326
993 3501 0.06312889048430576
993 3516 0.5057635209356955
993 3531 -0.18654505027849422
993 3545 0.2920680878861749
993 3560 0.5965424710478671
993 3395 0.2775836497704597
993 3410 -0.17209778549587315
994 995 0.30580414853070925
994 1009 -0.45582516859075217
994 3606 -0.2514319122997728
994 3621 0.9989416404747468
994 3636 -0.3744742779719359
994 3651 -0.02146815014849426
994 3666 -0.489048627926163
994 3681 0.7914917687723151
994 3696 -0.3689356177543828
994 3711 0.11408613655996035
994 3725 0.5759666969059435
994 3740 -0.9614846416195618
994 3575 0.17890004385576988
994 3590 1.0
995 1010 -0.045730236301502435
995 3786 0.8130333936940144
995 3801 -0.8093912586037482
995 3816 0.7184964530620627
995 3831 0.34646168558142654
995 3846 0.2796265204540047
995 3861 0.19186006416890203
995 3876 -0.1404652170671288
995 3891 0.6908107867195061
995 3755 0.28770085930770106
995 3770 0.43908779867917125
1008 1009 1.0
1008 3426 -0.9309871106362595
1008 3441 -0.33935707420201455
1008 3456 0.23220938646120726
1008 3471 -0.07046268650759584
1008 3486 0.4227570681666805
1008 3501 -0.523836462280216
1008 3516 -0.27137368320428773
1008 3531 0.21782250186731375
1008 3545 -1.0
1008 3560 0.7032031379505405
1008 3395 -0.872607207518047
1008 3410 0.6118504850092572
1009 1010 0.054669480803384365
1009 3606 -0.07449283714306353
1009 3621 -0.3665959143585591
1009 3636 0.5389431271699241
1009 3651 0.9009836065181192
1009 3666 -0.5596097956808097
1009 3681 -1.0
1009 3696 -0.26427885855598365
1009 3711 0.2744245533005701
1009 3725 1.0
1009 3740 0.023865833889596556
1009 3575 0.33091201597006953
1009 3590 -0.3021467818832478
1010 3786 -0.26721075971926983
1010 3801 0.908534422203135
1010 3816 -0.5041884393633992
1010 3831 0.22660994657797104
1010 3846 -0.20183978013177833
1010 3861 -0.3299444568146812
1010 3876 0.0719780351316248
1010 3891 0.14213818860534758
1010 3755 -0.7652717164360975
1010 3770 -1.0
1023 1024 -0.3334451425126105
1023 1038 1.0
1023 3426 0.8676355137238938
1023 3441 -0.05530993138800657
1023 3456 0.45499679086202766
1023 3471 0.027181556221480795
1023 3486 -0.6732935341592479
1023 3501 0.04033454185909559
1023 3365 0.28985175823157133
1023 3380 -0.11398803949320803
1023 3395 0.2568631641524903
1023 3410 -0.5709382480180499
1024 1025 0.7893912538369643
1024 1039 0.6542931530941711
1024 3606 -0.537579743144226
1024 3621 0.14046994726467502
1024 3636 -0.35358901812191196
1024 3651 -0.5093987868115574
1024 3666 0.24552238883196673
1024 3681 -0.16292204799678708
1024 3516 -0.11201424342527326
1024 3531 -0.2903049307239847
1024 3545 -0.13625137556627634
1024 3560 -0.23045385490501233
1024 3575 -0.3686556787415399
1024 3590 0.3164456162762063
1025 1040 -0.4443356643048643
1025 3786 -0.4647746746030586
1025 3801 -0.18017036590209215
1025 3816 -0.2704971970129801
1025 3831 -0.1008748438815381
1025 3846 -0.0014845173975186763
1025 3861 -0.09834373425032587
1025 3696 -0.7084024621548506
1025 3711 0.24082178747006783
1025 3725 -0.047230891328142934
1025 3740 -0.9474112318397178
1025 3755 -0.9786123449620271
1025 3770 0.2667085408885467
1038 1039 0.1512631313018538
1038 3426 0.10418258870429489
1038 3441 -0.5433842408101995
1038 3456 0.7358191486801006
1038 3471 -0.7351633734824324
1038 3486 0.365228903920054
1038 3501 -0.6680406983118499
1038 3365 -0.6028154844896919
1038 3380 0.8837840299000402
1038 3395 -0.5932601615720886
1038 3410 -0.17129895445876173
1039 1040 0.9521502787963088
1039 3606 -0.044160530300003775
1039 3621 -0.48451639082440356
1039 3636 0.061183892701020544
1039 3651 0.11395365268233182
1039 3666 0.5038676045617602
1039 3681 -0.26709863206519413
1039 3516 -0.5239505365383251
1039 3531 0.30171901965544357
1039 3545 -0.05231690896889628
1039 3560 -0.2716276183605654
1039 3575 0.5303712677604869
1039 3590 0.8440348251711897
1040 3786 0.9607607940226147
1040 3801 -0.3279345102684153
1040 3816 0.09699361374814498
1040 3831 -0.35570856472489326
1040 3846 -0.7182676601739396
1040 3861 0.2704394549354681
1040 3696 0.734274954257508
1040 3711 0.3430317043092585
1040 3725 0.08017813218912084
1040 3740 0.8567710279390515
1040 3755 0.7562424001330132
1040 3770 -0.3810693369685619
1053 1054 -0.7623323700155845
1053 1068 -0.28866475516810564
1053 3426 0.4095337025553985
1053 3441 0.5649885789159156
1053 3456 0.541302427872733
1053 3471 -0.5401051021303971
1053 3486 -0.46774348569538793
1053 3501 0.3652535072716913
1053 3366 -0.9286574628720575
1053 3381 -0.6228715093246302
1053 3396 0.36686573793369215
1053 3411 -0.1815283980890871
1054 1055 0.02978498833723234
1054 1069 -0.3234029727968791
1054 3606 -0.07657545080182213
1054 3621 0.4597574107488367
1054 3636 -0.24228624746934857
1054 3651 0.5570030427832927
1054 3666 0.17370221041800887
1054 3681 0.6249464890313751
1054 3516 -0.45502324204240413
1054 3531 -0.8447960083506725
1054 3546 -0.343150887676695
1054 3561 0.3090473572241952
1054 3576 -0.2902087227870653
1054 3591 0.8723146966051532
1055 1070 -0.317666043036037
1055 3786 0.14282779729014675
1055 3801 -0.2944233716422606
1055 3816 0.11556849989470552
1055 3831 -0.32459457644184825
1055 3846 0.280159669880759
1055 3861 0.05848436587329008
1055 3696 -0.8732100278365102
1055 3711 -0.6630335683456858
1055 3726 0.5877002821239586
1055 3741 0.04745301084986861
1055 3756 -1.0
1055 3771 0.03003633368009315
1068 1069 -0.16898262140904047
1068 3426 0.10553979219522494
1068 3441 -0.5244369647954775
1068 3456 0.235067401191219
1068 3471 -0.3639042661355931
1068 3486 -0.05709160089287577
1068 3501 0.8042168089371662
1068 3366 -0.7944927774076143
1068 3381 0.07665270345943476
1068 3396 0.1388026137863736
1068 3411 0.17689523005442545
1069 1070 0.37339591546991474
1069 3606 -0.17791302984629348
1069 3621 -0.23005803994019103
1069 3636 0.5832860948557612
1069 3651 0.10623479122088167
1069 3666 -0.6104006685768353
1069 3681 -0.0549418950487333
1069 3516 -0.4952531368052066
1069 3531 -0.3370957285272474
1069 3546 0.3105633618889244
1069 3561 -0.12257300665547476
1069 3576 -0.1597049345251108
1069 3591 0.0025799217472044387
1070 3786 -0.3057952112606692
1070 3801 0.491730021826924
1070 3816 0.02710916988373498
1070 3831 0.1449727402919983
1070 3846 0.14493538380890447
1070 3861 0.02593566113353636
1070 3696 -0.10899860264831694
1070 3711 -0.1788163643640753
1070 3726 0.452301371699776
1070 3741 0.09758695984119539
1070 3756 0.3104992617456524
1070 3771 -0.22906229950536297
1083 1084 0.5281072853144383
1083 1098 -0.40246755142945084
1083 3426 0.46640598144181816
1083 3441 0.0037346980371894558
1083 3366 0.2962923448645963
1083 3381 -0.6444691115109523
1083 3396 0.3376487397193554
1083 3411 -0.23070342451423181
1084 1085 0.37866503927492207
1084 1099 -0.6426138081656058
1084 3606 -0.1048476190063701
1084 3621 0.09600975581128339
1084 3456 -0.34592028627957894
1084 3471 0.10333353415946338
1084 3486 -0.7348425790618031
1084 3501 0.13456202552910865
1084 3516 0.5103801504088171
1084 3531 -0.1733644719084317
1084 3546 -0.24340147072006874
1084 3561 0.1019132723512427
1084 3576 0.16697900786300315
1084 3591 0.656535899757599
1085 1100 -0.1281887895040822
1085 3786 0.767616080666089
1085 3801 0.33241456820367044
1085 3636 0.09283577033837109
1085 3651 1.0
1085 3666 -0.5518872434134127
1085 3681 -0.3595258847366297
1085 3696 -0.6543034926625103
1085 3711 0.11141903097767512
1085 3726 1.0
1085 3741 -0.02191437118468165
1085 3756 -0.4811512866827614
1085 3771 -0.2932369610631374
1098 1099 -0.5036375769010794
1098 3426 0.5694531427944407
1098 3441 -0.7606139266351496
1098 3366 0.12061580634830615
1098 3381 0.3571085393873276
1098 3396 0.224179885161156
1098 3411 -0.30927806958795967
1099 1100 0.2056188672302345
1099 3606 0.23870285923346013
1099 3621 -0.4209814235834835
1099 3456 0.4354427992387916
1099 3471 -0.43986400671249415
1099 3486 0.2540063042595642
1099 3501 -0.07879828035894168
1099 3516 0.4432549291515433
1099 3531 -0.5635603895402819
1099 3546 0.45222807228754075
1099 3561 -0.29647585021014916
1099 3576 -0.24820776732560967
1099 3591 0.04500125175765699
1100 3786 -0.48203409203089304
1100 3801 0.05148970829580272
1100 3636 -0.8001173811568314
1100 3651 -0.11498337876701113
1100 3666 -0.043991033785475774
1100 3681 0.24414054654538134
1100 3696 0.7622132235981309
1100 3711 0.5800811731861033
1100 3726 -0.4293305125299577
1100 3741 0.9569273624740884
1100 3756 0.4689476074968253
1100 3771 -0.2414170615899689
1113 1114 1.0
1113 1128 -0.6012490510489005
1113 3426 0.38915520062559844
1113 3441 0.16864231845457509
1113 3366 0.2102628933110947
1113 3381 0.4086488216626339
1113 3396 0.4480628970317144
1113 3411 -0.21809524413556522
1114 1115 -0.7379903687900103
1114 1129 -0.10012863638131628
1114 3606 -0.4332722037928388
1114 3621 0.7695821496373395
1114 3456 0.4445962731955455
1114 3471 0.1419348824349038
1114 3546 -0.9134653605899831
1114 3561 0.29552163233268935
1114 3576 0.8683856960439907
1114 3591 -0.7093911098884085
1115 1130 0.7126275656298079
1115 3786 -0.02423039982786995
1115 3801 -0.9515733586063015
1115 3636 -0.3053637966024027
1115 3651 -0.7464882494540341
1115 3726 0.0199468565806344
1115 3741 -0.31905171287756784
1115 3756 0.1643041016529884
1115 3771 0.8664468564567882
1128 1129 0.14253577474197995
1128 3426 0.24004929829371685
1128 3441 -0.5490179431025598
1128 3366 0.7285299817575286
1128 3381 -0.04387332355147027
1128 3396 -1.0
1128 3411 0.6161469799431597
1129 1130 -0.4508957637874885
1129 3606 0.06031921197019295
1129 3621 0.3437305602296135
1129 3456 0.5550137684405331
1129 3471 -0.14832983265451216
1129 3546 -0.094092329388402
1129 3561 0.6468506158534093
1129 3576 0.030031106060996918
1129 3591 -0.3742707294271021
1130 3786 0.9357714401635079
1130 3801 0.5522841172653437
1130 3636 0.40362152987252625
1130 3651 -0.3120208771145759
1130 3726 -0.2753149850340739
1130 3741 -0.08311010336548136
1130 3756 0.9555701162202421
1130 3771 0.24208118030346662
3364 3365 -1.0
3364 3379 -0.5599411794773692
3365 3366 0.30156322405879926
3365 3380 -0.05091072580890134
3366 3381 0.14690669042002724
3379 3380 -0.15751138558762745
3380 3381 0.5071381930771793
3394 3395 0.8829449100910428
3394 3409 0.5785858807436294
3395 3396 -0.38027561881257044
3395 3410 0.12612424236392372
3396 3411 0.20658007300248515
3409 3410 0.7911510548861185
3410 3411 0.08351052254918782
3424 3425 -0.6131208027926018
3424 3439 -0.206997834211432
3425 3426 0.4378618733378329
3425 3440 -0.8354260485411612
3426 3441 0.4483169595484762
3439 3440 0.022775972144815
3440 3441 -0.15291079021833817
3454 3455 0.268757985378246
3454 3469 -0.700852416712714
3455 3456 -0.035513384520853335
3455 3470 0.19317851237887998
3456 3471 0.4627863004374667
3469 3470 -0.34640503678686835
3470 3471 -0.19976435932083292
3484 3485 0.3145190358069075
3484 3499 -0.1327691312405758
3485 3486 0.2072636525830248
3485 3500 -0.19306226625532724
3486 3501 0.28522965980465925
3499 3500 -0.08574625919480745
3500 3501 0.4716154758133543
3514 3515 -0.3621737026839395
3514 3529 0.2157554033356665
3515 3516 -0.1826268912623277
3515 3530 -0.33312085715695583
3516 3531 0.08556314133250033
3529 3530 0.7835785468642225
3530 3531 0.023795099640261518
3544 3545 -0.2931092990626271
3544 3559 0.7702426484928498
3545 3546 -0.9719424996243924
3545 3560 -0.07341423233597846
3546 3561 -0.9711320372377897
3559 3560 0.09317053271185365
3560 3561 -0.45733136739393226
3574 3575 0.25650742725531783
3574 3589 -0.9510866473044862
3575 3576 -0.5677956777982691
3575 3590 -0.6652598555368963
3576 3591 -0.6529110001657183
3589 3590 0.035893841860209226
3590 3591 0.24182740740816241
3604 3605 -1.0
3604 3619 0.040482300414795364
3605 3606 0.4338391205140109
3605 3620 0.1582537190322674
3606 3621 -1.0
3619 3620 -0.27700108578267996
3620 3621 -0.322844607415783
3634 3635 -0.14616510703383725
3634 3649 -0.3919572500476397
3635 3636 0.6488184314087854
3635 3650 -0.26794176896042066
3636 3651 0.288896168236921
3649 3650 0.8454287741890981
3650 3651 -0.4436632121612038
3664 3665 -0.14620182156644904
3664 3679 0.038638085074090084
3665 3666 0.35728849876789437
3665 3680 -0.450111793436916
3666 3681 -1.0
3679 3680 0.423457796319136
3680 3681 -0.225503888064815
3694 3695 -0.06628459132698244
3694 3709 -0.013283709656241703
3695 3696 -0.21175257218818533
3695 3710 0.7134640388589155
3696 3711 -0.7027841657009013
3709 3710 -0.12496171732542684
3710 3711 0.8110763018574015
3724 3725 -0.18186204259050356
3724 3739 -0.2438407686252041
3725 3726 -0.6076095776737824
3725 3740 -0.6398538128550554
3726 3741 -0.3842884107489978
3739 3740 0.08919888586772433
3740 3741 -0.5908962784347151
3754 3755 -0.28082838216119044
3754 3769 0.1038237829919161
3755 3756 -0.15315775548791954
3755 3770 -0.7015617873744545
3756 3771 -0.6037382120010165
3769 3770 -0.28316631989101043
3770 3771 -0.32077571106294145
3784 3785 0.804872624199909
3784 3799 -0.3287187585342758
3785 3786 0.015032555427202863
3785 3800 0.5364903258164684
3786 3801 0.4717774526248497
3799 3800 0.588836589683067
3800 3801 -0.2702182424420119
3814 3815 0.7126657483746657
3814 3829 0.32585643220284444
3815 3816 0.8032234961514276
3815 3830 -0.053160901452287045
3816 3831 0.005855474533170868
3829 3830 0.1362949634083824
3830 3831 -0.3418809753910315
3844 3845 -0.3849757061090894
3844 3859 -0.5458796303195182
3845 3846 -0.0771745978721379
3845 3860 0.3951977274121101
3846 3861 -0.21884954493205827
3859 3860 -0.19301945337341836
3860 3861 -0.6817377930266405
3874 3875 0.10159335933585696
3874 3889 0.6691705264303451
3875 3876 -0.7536764795025954
3875 3890 0.89450666011809
3876 3891 -0.01700451566482934
3889 3890 0.06051211318303933
3890 3891 0.0013043102376237004
