# 
603 603 0.35308728911965537
604 604 0.1757156725246203
605 605 1.2935176733246248
618 618 -0.0542405612710445
619 619 0.5017213618170866
620 620 -0.3150706019563124
633 633 0.10617027266606315
634 634 0.8045422681904407
635 635 -0.1121599156752196
648 648 0.06904611104206396
649 649 0.7213248750060361
650 650 0.692616887296088
663 663 -0.20073125893096008
664 664 -0.3211660945499206
665 665 -0.572022785891649
678 678 -0.34431299832272066
679 679 1.2984982819224684
680 680 1.36551766050829
693 693 -0.4827716905485566
694 694 -0.0005528018324136984
695 695 -0.9660769913433347
708 708 0.8835416125116823
709 709 0.9833543278799084
710 710 0.3776608673331543
723 723 0.7755060021296338
724 724 0.09572701879212057
725 725 -0.3746475713402309
738 738 1.0489728395435887
739 739 1.438038486221413
740 740 -0.3886584733874252
753 753 -0.4073881282049406
754 754 0.20238838053201685
755 755 0.07374193384540358
768 768 -0.9819168098609448
769 769 -0.42184968598309686
770 770 0.9532737237893589
783 783 0.36231178545805337
784 784 2.3360022013829744
785 785 -0.8994661085103545
798 798 -0.02272664979653456
799 799 1.0310540515361704
800 800 3.8993906715541233
813 813 0.043384172502328996
814 814 -0.4354409488155721
815 815 -1.421263997114102
828 828 -0.14700402551587896
829 829 1.5345586811992575
830 830 -0.27769524220378056
843 843 0.2539043014912897
844 844 0.9403245243312751
845 845 0.06747895650083165
858 858 -0.6332204087080792
859 859 -0.16030632988486931
860 860 0.10457334121304862
873 873 1.4222776379562674
874 874 -0.3157584449259432
875 875 0.6512687648261921
888 888 0.04493134568934637
889 889 -1.4352495383585053
890 890 1.726337446699726
903 903 -0.13572787376663872
904 904 -1.501175233375949
905 905 -0.030610685873794403
918 918 -0.8241488031140848
919 919 -0.4771351255013735
920 920 -0.32991070090352687
933 933 0.037683985106652385
934 934 -0.8977477059918357
935 935 -0.757798081160762
948 948 -0.04654237925081086
949 949 -1.1008463458892317
950 950 -0.7840528543163567
963 963 -0.6028577849207387
964 964 0.21375128477448233
965 965 -0.667647018796118
978 978 -0.9171981798921789
979 979 -0.30125741357828223
980 980 -0.713500931509725
993 993 1.399067380301003
994 994 -0.5490996283327431
995 995 -1.3699374147253924
1008 1008 -0.14794585188339301
1009 1009 0.6314524062359066
1010 1010 -2.0906728617135584
1023 1023 0.4607479516629167
1024 1024 0.26320626399492636
1025 1025 0.9447321354325416
1038 1038 1.8528364121052063
1039 1039 1.320810960213715
1040 1040 0.5289716532541217
1053 1053 1.9551694432509217
1054 1054 0.4985838726997321
1055 1055 -0.9611696315834395
1068 1068 -0.923549892598641
1069 1069 -0.4026864029801783
1070 1070 -0.5692884761045159
1083 1083 1.6338898560143673
1084 1084 0.4152087215244179
1085 1085 1.0905089537320056
1098 1098 -1.0570528713055727
1099 1099 2.9812833418765057
1100 1100 -0.05878361138473471
1113 1113 1.1632407458594685
1114 1114 0.6817903561142705
1115 1115 -1.0995282226592216
1128 1128 0.9424660084638666
1129 1129 0.48977083307498154
1130 1130 0.9416184524716509
3364 3364 0.33290061739866633
3365 3365 0.33909462351686287
3366 3366 -1.4639544534857374
3379 3379 0.35576083753866233
3380 3380 0.7940785119552268
3381 3381 -1.2879900959775343
3394 3394 1.0098718586829718
3395 3395 0.49533995668104863
3396 3396 -0.6630985632676968
3409 3409 0.2557526273549745
3410 3410 0.8132382904968236
3411 3411 -0.5370084923955843
3424 3424 -0.6805221904572957
3425 3425 0.1806725798632981
3426 3426 0.08680378663490688
3439 3439 0.8788640767216666
3440 3440 -0.3678070514225854
3441 3441 0.2652272477144983
3454 3454 -0.7049897347185826
3455 3455 0.04227716301700904
3456 3456 0.39821056391941845
3469 3469 -0.16063128376845426
3470 3470 0.7954218555251246
3471 3471 -1.3944480145321048
3484 3484 -0.37132823780847907
3485 3485 -2.53164642582988
3486 3486 0.2554663315375439
3499 3499 0.6959197121186149
3500 3500 -0.2034028844350178
3501 3501 1.146656175404632
3514 3514 0.09041278984148016
3515 3515 1.6531469225411581
3516 3516 -0.2647821540199333
3529 3529 0.1871831174861686
3530 3530 0.02186528511559201
3531 3531 -0.349601028181752
3544 3544 0.33054315031296666
3545 3545 -1.0541497927084877
3546 3546 -0.3231428712767555
3559 3559 0.5609186871447098
3560 3560 -0.8941919411472505
3561 3561 0.18277862014341129
3574 3574 -0.8923009828035743
3575 3575 -0.5728151784537177
3576 3576 -0.6936296256483604
3589 3589 -2.411869768198221
3590 3590 -0.6340047832597937
3591 3591 2.1978335407484266
3604 3604 -0.6130237873498071
3605 3605 -1.452458003777162
3606 3606 -0.26291088907729565
3619 3619 0.4164106770689315
3620 3620 0.4919475083222197
3621 3621 -2.3992798437401994
3634 3634 -0.7960813703245977
3635 3635 1.6802754421529125
3636 3636 0.22954140574387527
3649 3649 -0.30622525137067563
3650 3650 -1.0283135600680566
3651 3651 -1.0341876203618032
3664 3664 0.33347532545513725
3665 3665 -0.2723246858521456
3666 3666 1.1828429376053944
3679 3679 -0.45760754353848915
3680 3680 -1.7064564303503524
3681 3681 -2.0492951293012838
3694 3694 0.8084598999459032
3695 3695 0.7343743102793209
3696 3696 -0.10744482256392107
3709 3709 -0.6979261277772019
3710 3710 1.2587446214118756
3711 3711 1.688969681797023
3724 3724 1.313394542833965
3725 3725 -0.9102423353648459
3726 3726 -1.5060444146787981
3739 3739 -0.9445853287100787
3740 3740 -1.7692256580524917
3741 3741 -0.7374049369897961
3754 3754 -0.8969587827738427
3755 3755 -0.4771045338341037
3756 3756 0.9001785112471342
3769 3769 -1.0367610759525148
3770 3770 0.7534062089168577
3771 3771 -0.19357790216877688
3784 3784 -0.26751322056275917
3785 3785 -0.20242650500900403
3786 3786 1.815658590913758
3799 3799 0.15998418820735205
3800 3800 -2.2720725873625565
3801 3801 -0.7417041227809167
3814 3814 0.14344358878143598
3815 3815 -1.7340801739071587
3816 3816 1.9055382828975862
3829 3829 -0.5363971152587651
3830 3830 0.25098791053550096
3831 3831 -0.5611330220563967
3844 3844 -0.10076432826295051
3845 3845 0.6524644964275025
3846 3846 0.4934041041616448
3859 3859 0.5275403836311017
3860 3860 1.9163804654112928
3861 3861 1.874741567557224
3874 3874 -1.064182527716829
3875 3875 1.254541955431379
3876 3876 1.0560115126604457
3889 3889 -1.020790221998576
3890 3890 -0.2549330925548497
3891 3891 0.4138763469242012
603 604 -0.2741186709304109
603 618 0.29799127545459136
603 3484 -1.0
603 3499 0.5173202495312114
603 3514 -0.5725895176750184
603 3529 0.2835831446406936
604 605 -0.6907912725510577
604 619 -0.4298123040886168
604 3664 -0.21056592993549422
604 3679 0.7952895004853718
604 3694 0.1441491356075454
604 3709 0.12350463485375719
605 620 -1.0
605 3844 -0.029878685364323285
605 3859 0.7098872479892404
605 3874 -1.0
605 3889 -0.37806354927845925
618 619 0.007208707694189545
618 3484 0.06291647633667771
618 3499 -0.5898510177135109
618 3514 0.07743182676001358
618 3529 0.6249513263540408
619 620 -0.14734968747822935
619 3664 -0.058060132084505015
619 3679 1.0
619 3694 0.0914393023747253
619 3709 0.41413367349398167
620 3844 0.3525881867010161
620 3859 0.37853462983153885
620 3874 -0.13222387739806235
620 3889 -0.1892196112413029
633 634 -0.10463077304124045
633 648 0.22323803829348282
633 3424 0.12472743892772463
633 3439 -0.05267599100770665
633 3454 0.15077427447547745
633 3469 0.19153405333245888
633 3484 0.6606319151565236
633 3499 0.9228751113499911
633 3514 -0.5080759100894119
633 3529 0.22963641861816067
634 635 -0.18447388599146486
634 649 -0.16465641042383822
634 3604 0.5279159122821329
634 3619 -0.12867749217956959
634 3634 0.2303309409525107
634 3649 0.3545592590173922
634 3664 0.11414883763591949
634 3679 0.9577368123760028
634 3694 -0.28922932499153636
634 3709 0.5925324323312322
635 650 -0.9070853034657987
635 3784 0.32224696473447323
635 3799 0.2660873888494326
635 3814 0.35328059003798495
635 3829 0.21207702491095243
635 3844 -0.42855849031739984
635 3859 0.11792853635082397
635 3874 -0.1492378757864269
635 3889 -0.7568231446956829
648 649 -0.6845811027440302
648 3424 0.6108194907109179
648 3439 -0.8969311617816021
648 3454 -0.08310916003072612
648 3469 -0.11637111452707166
648 3484 -0.03367772577183552
648 3499 -0.4245296461730591
648 3514 -0.11985235447117912
648 3529 -0.8959697566253099
649 650 0.09709433029857922
649 3604 -0.5803159214286826
649 3619 0.4856561946722089
649 3634 0.33446309303609345
649 3649 0.041848951188231905
649 3664 -0.189239594892142
649 3679 0.7820033318261965
649 3694 -0.30714438051585624
649 3709 0.9035141048036877
650 3784 0.30914468294025627
650 3799 0.13502601032691253
650 3814 -0.09458230921520937
650 3829 -0.5651500038451256
650 3844 0.13895152846044231
650 3859 0.6079846519146707
650 3874 0.8325221262791217
650 3889 0.14688078348306782
663 664 0.001216457798017479
663 678 -0.5927395910308285
663 3424 -0.2880600274870913
663 3439 0.16862997955495562
663 3454 0.264914178900795
663 3469 -0.5126459855945303
663 3484 0.7271060069285974
663 3499 0.2705377532623647
664 665 0.921503237813907
664 679 -0.24129213332609173
664 3604 0.4670536101392802
664 3619 -0.12550827615445756
664 3634 -0.4325703943451224
664 3649 -0.24258550894216568
664 3664 0.2618900263709952
664 3679 -0.8108261970239756
664 3514 0.34178544237163366
664 3529 0.18205041548515863
665 680 -0.21866797895558415
665 3784 0.3903818604055333
665 3799 -1.0
665 3814 -0.2541468714670688
665 3829 0.29620195611240235
665 3844 -0.07707621585958428
665 3859 -0.08029785388728086
665 3694 0.6407852321390529
665 3709 -0.10749112051206511
678 679 -0.1061610998916378
678 3424 -0.8317544507463236
678 3439 -1.0
678 3454 0.04194234344327818
678 3469 -0.6383905643735205
678 3484 -0.39063473592621895
678 3499 0.17424499622914347
679 680 -0.7218066488195082
679 3604 -0.5798125008004471
679 3619 1.0
679 3634 -0.3116149199084282
679 3649 -1.0
679 3664 -0.23128247213407285
679 3679 -0.13342225114909378
679 3514 -0.06822982540512079
679 3529 0.3346808038078215
680 3784 -0.29898535236555246
680 3799 0.05570863709950513
680 3814 -0.3350168179932283
680 3829 0.4013873688442627
680 3844 -0.023682014284966184
680 3859 -0.6535042091684988
680 3694 0.9945938697714275
680 3709 0.08135687389501868
693 694 0.49874303911177065
693 708 -0.49648992641733547
693 3424 0.026840562212653036
693 3439 -0.030574510648198775
693 3454 0.07194342653895822
693 3469 -0.01948441860432054
693 3484 -0.17368617319145924
693 3499 -0.5621767086073661
693 3364 -0.516285937998035
693 3379 -0.7296909524916414
693 3394 -0.32076428674184193
693 3409 -0.230197949137731
694 695 -0.023011971069718737
694 709 -0.568545824836435
694 3604 0.4314706068443418
694 3619 0.2581116664658014
694 3634 -0.23933258522492984
694 3649 0.7180193490989472
694 3664 0.09425388509782456
694 3679 -0.6997750253898514
694 3514 0.15881308019253731
694 3529 0.1839480947469932
694 3544 -0.5260429481148039
694 3559 0.7952617610797215
694 3574 -0.01190651368687178
694 3589 -0.8081954134928057
695 710 0.034677074995223316
695 3784 0.28384165594759253
695 3799 -0.9418591454368823
695 3814 0.015560004964865266
695 3829 -0.22498244365007744
695 3844 -0.4033826116393465
695 3859 -0.2858597680979955
695 3694 -0.24662269280009563
695 3709 1.0
695 3724 -1.0
695 3739 -1.0
695 3754 -0.24432268193364584
695 3769 1.0
708 709 -0.4064584298895049
708 3424 -1.0
708 3439 -0.13103520322012033
708 3454 0.7207129047286067
708 3469 0.8420058747740208
708 3484 -1.0
708 3499 0.5359628907608349
708 3364 0.5369594238907117
708 3379 0.2677525146209993
708 3394 0.47973482374061227
708 3409 -1.0
709 710 0.15071075399725678
709 3604 0.32793310107836504
709 3619 -0.32637158611372685
709 3634 0.45304816797548403
709 3649 -0.34187399558758214
709 3664 -0.5692337178933955
709 3679 0.6837057659457828
709 3514 0.15246997758544772
709 3529 -0.6486911347517268
709 3544 -0.16471204728338423
709 3559 0.7384900557626924
709 3574 -0.6044779802707879
709 3589 -0.22391433686401394
710 3784 0.01888670193545093
710 3799 0.4707196416665432
710 3814 -0.026757755875896117
710 3829 0.05890378818486581
710 3844 -0.507320034649031
710 3859 -0.05138547783127167
710 3694 0.21534231818131702
710 3709 0.18351447334076082
710 3724 -0.6684348158623153
710 3739 -0.004000313795004883
710 3754 -0.22966049761461194
710 3769 0.26431587872333
723 724 0.046325362556922836
723 738 -0.15686711052861269
723 3424 -0.13681304743995407
723 3439 0.24361697429011048
723 3364 -0.015436431339232485
723 3379 0.6483863746279965
723 3394 0.15805172420892427
723 3409 -0.8281075675752724
724 725 0.14319982908316037
724 739 0.043925737058352544
724 3604 -0.240001851479153
724 3619 0.3105086649127759
724 3454 0.7262887370906035
724 3469 -0.14985525942189673
724 3484 -0.07038911863238098
724 3499 0.8676115023104544
724 3514 0.015442783201041104
724 3529 -0.5481251601798187
724 3544 0.6062309232406642
724 3559 0.16494181960217352
724 3574 -0.5675779227153493
724 3589 -0.8437521128582262
725 740 -0.5704719554638725
725 3784 -1.0
725 3799 -0.6956399269457322
725 3634 -0.39095416822129975
725 3649 -0.0035159583504406587
725 3664 0.037313303952151745
725 3679 -0.5373732990255089
725 3694 0.02377339170234132
725 3709 -0.47866822564477296
725 3724 0.0493616838254786
725 3739 -0.04837024872895208
725 3754 -0.3569983205215759
725 3769 -0.04842030853875349
738 739 0.6695873291478613
738 3424 -0.4256531379171567
738 3439 -0.25594868195110637
738 3364 0.04348320326635105
738 3379 0.016380508407202506
738 3394 0.21699092329637232
738 3409 -0.09022918210082079
739 740 -0.0020231896370502002
739 3604 -0.5719582502831096
739 3619 0.024100563468937387
739 3454 -0.2359859718989755
739 3469 0.4588744174508486
739 3484 -0.3709155806079235
739 3499 0.3787537916104055
739 3514 -0.6608622970434751
739 3529 -1.0
739 3544 0.45662647432633713
739 3559 0.34556159215537163
739 3574 -0.3247543533308759
739 3589 -0.37016582164897605
740 3784 -0.3750961942767356
740 3799 -0.43009756755637407
740 3634 0.0342271364067977
740 3649 0.15179108805068775
740 3664 0.39286733779150723
740 3679 0.15490249804940115
740 3694 0.14925208371200874
740 3709 -0.3340420604478888
740 3724 -0.559686737110443
740 3739 0.1479723761556684
740 3754 0.10071556463519053
740 3769 1.0
753 754 0.08048810473016281
753 768 -0.09911568813676729
753 3424 1.0
753 3439 -0.741411825789665
753 3364 -0.227544209270291
753 3379 -0.28668345690169367
753 3394 -0.15259434107222405
753 3409 0.21737686002852238
754 755 -0.13393372077525895
754 769 -0.4032374420567126
754 3604 0.24730086416858024
754 3619 -0.34224950391890513
754 3454 -0.1613714771351461
754 3469 0.5261262892154414
754 3485 -0.12551899327838073
754 3500 0.1648607617495065
754 3515 0.2619156347066362
754 3530 1.0
754 3544 -0.9786310883305378
754 3559 0.13524180769867453
754 3574 -1.0
754 3589 0.25519285136941255
755 770 0.27983569912294287
755 3784 0.7995838128393954
755 3799 0.8560864809552116
755 3634 -0.12168240463926258
755 3649 -1.0
755 3665 1.0
755 3680 0.7211632161677073
755 3695 -0.6979485788315399
755 3710 0.08531955329951872
755 3724 0.26272538968594217
755 3739 0.29339937051029835
755 3754 -0.4449221615453304
755 3769 -0.06920953072488241
768 769 0.16660208329793383
768 3424 0.050840075906483664
768 3439 0.43524784037782843
768 3364 0.01395516986362988
768 3379 -0.08333322317869947
768 3394 -0.29065597681287947
768 3409 0.09338552154822602
769 770 -1.0
769 3604 0.012142777391794552
769 3619 0.5537829254774398
769 3454 0.5976582350880058
769 3469 -0.140086636462824
769 3485 -0.039755652215608346
769 3500 -0.5259306844902119
769 3515 0.7600729083449805
769 3530 -0.35520974184383225
769 3544 0.3234603263339536
769 3559 0.0801891450871659
769 3574 0.36311854634675933
769 3589 -0.3319224501981385
770 3784 -0.39173119266179884
770 3799 -0.6271681113230512
770 3634 0.20875059001172688
770 3649 -0.3780616218787416
770 3665 -0.1374222096869472
770 3680 -0.2935194698845758
770 3695 0.01978751360038408
770 3710 -0.08490781519905352
770 3724 -0.47001051283729955
770 3739 -0.5508301017188915
770 3754 -0.25696570258019336
770 3769 0.9415715976715322
783 784 -0.2980308067613383
783 798 -0.10997339776982354
783 3424 0.43255124797436556
783 3439 -0.4545532496280152
783 3454 0.30826781832065786
783 3469 0.04661694646702797
783 3485 -0.49617529706425195
783 3500 0.2981103594754401
783 3515 0.9306927031997385
783 3530 -0.26635195760616637
783 3544 0.42931786073788214
783 3559 -1.0
783 3394 -0.4270481644804016
783 3409 -0.5495199615766054
784 785 0.4203890750790988
784 799 0.6126268192995454
784 3604 0.44330098489469105
784 3619 0.6503765031488332
784 3634 0.3230634160579923
784 3649 -0.03837651389805931
784 3665 -0.2898051295249207
784 3680 0.04362776123074866
784 3695 0.26240675168618427
784 3710 -0.29713937045291483
784 3724 -0.8082999850311797
784 3739 0.17674813385991278
784 3574 -0.5907195605881932
784 3589 0.6035373883746028
785 800 0.003514095620668183
785 3784 0.20802024319775336
785 3799 0.508823825779068
785 3814 -0.2976894634716363
785 3829 -0.15041531240451608
785 3845 0.19125225184147016
785 3860 -0.008811067564385993
785 3875 0.019674536084979995
785 3890 0.7367274843921391
785 3754 0.45246811458379055
785 3769 0.7380556942223283
798 799 -0.2331311603152325
798 3424 0.027614213519101965
798 3439 -0.030334579674787563
798 3454 -0.32199065606552774
798 3469 -0.05740526257802459
798 3485 -0.8691870699808446
798 3500 0.27501352212226826
798 3515 0.02945550090749736
798 3530 -0.7971979776853663
798 3544 0.41428332785638067
798 3559 -0.17894680960043868
798 3394 -0.44409522862452877
798 3409 -0.3157991406595225
799 800 -0.09629968062935984
799 3604 -0.047331422790467016
799 3619 1.0
799 3634 0.0028083749603062197
799 3649 -0.2139682393613761
799 3665 -0.1462156398198865
799 3680 0.08163769454549409
799 3695 -0.43884405944460303
799 3710 -0.2006808799604553
799 3724 -0.26304634686870043
799 3739 -0.1997704445899994
799 3574 0.5452812955045825
799 3589 0.2997500433252907
800 3784 0.08675765524031323
800 3799 0.22589716964643936
800 3814 -1.0
800 3829 0.39247445309913187
800 3845 -0.8196608702516384
800 3860 -0.3433220135164772
800 3875 0.3104200276933427
800 3890 0.9375493650176453
800 3754 -0.7686245280351959
800 3769 -0.5212572581418291
813 814 -0.6377293243742017
813 828 0.06811614270735347
813 3425 0.006192090114591598
813 3440 0.306325806863335
813 3455 -1.0
813 3470 -0.6272903547301246
813 3485 -0.3388920885741094
813 3500 -0.9810683069847178
813 3515 -0.06120430612045035
813 3530 0.06877189593546673
813 3544 0.638290020224835
813 3559 -0.0608777016218011
813 3394 0.9635710149387835
813 3409 -0.5889795099204166
814 815 -0.3158763357436826
814 829 -0.5583672293575853
814 3605 -0.9887962852632554
814 3620 -0.46647992392300724
814 3635 0.4531663114683866
814 3650 -0.38019335414267663
814 3665 0.48429540367994744
814 3680 0.18435700448438883
814 3695 -0.5445387930673865
814 3710 0.26424036287549485
814 3724 -0.3582079155553702
814 3739 0.39633322113376956
814 3574 -0.05019041208962773
814 3589 0.7362417507056694
815 830 0.2317083765970391
815 3785 0.2918425305059763
815 3800 0.4043387525687015
815 3815 -0.20850118427401795
815 3830 0.6580796165536263
815 3845 0.15678530949815467
815 3860 -0.05996209282585611
815 3875 0.4777290254689828
815 3890 -0.5710686520621273
815 3754 -0.8490213380514273
815 3769 -0.20088404192908105
828 829 -0.25177362311853696
828 3425 0.07362738028741007
828 3440 -0.0726958694438348
828 3455 -0.23707389215091798
828 3470 0.1321054644344338
828 3485 -0.09862433472098103
828 3500 -0.10571549015000163
828 3515 -0.380088179855438
828 3530 0.7953355444272844
828 3544 -0.6950377223590242
828 3559 0.5565158041924352
828 3394 -0.05821233523796289
828 3409 -0.42768568716551253
829 830 -0.1676057131493614
829 3605 0.3313621385788573
829 3620 -0.1641760077205383
829 3635 0.38537377879450313
829 3650 1.0
829 3665 -0.11820314704076205
829 3680 0.7506974643811556
829 3695 1.0
829 3710 0.5682807170743123
829 3724 -0.8277743124205766
829 3739 0.33335379027005124
829 3574 0.5558610762630914
829 3589 0.5613545291013726
830 3785 0.7323530496870304
830 3800 0.09765190657301855
830 3815 -0.17777280722745104
830 3830 1.0
830 3845 0.13498946162780057
830 3860 -0.309389117833586
830 3875 -0.10117807525719853
830 3890 -0.039718442141917075
830 3754 -0.02862780650453955
830 3769 0.22904689537403083
843 844 -0.047867155521038006
843 858 0.5851258493376664
843 3425 -0.026970252605196306
843 3440 -0.051874475039008716
843 3455 0.6010717704741013
843 3470 -0.06491820231560091
843 3485 0.05821356180058444
843 3500 -0.3972164973322442
843 3364 0.49149614609365094
843 3379 -0.31686881767152564
843 3394 -0.43864116413716514
843 3409 -0.566353990863321
844 845 0.6447555841287808
844 859 0.1971892926098662
844 3605 0.2842843411592961
844 3620 1.0
844 3635 -0.22452808023864984
844 3650 -0.771498077383449
844 3665 0.016225621323961093
844 3680 0.20715223032650779
844 3515 0.09833940957251805
844 3530 0.5633697183451636
844 3544 -0.12111142101929948
844 3559 -0.13521777876182164
844 3574 -0.20733280016960784
844 3589 -0.7297367113043277
845 860 -0.14075841884266316
845 3785 -0.3089595218620989
845 3800 0.6295847043859243
845 3815 0.13275863848379496
845 3830 -0.37719920470346785
845 3845 -0.385382643984394
845 3860 0.27190568146831695
845 3695 -0.05277735730589213
845 3710 0.93239270778245
845 3724 -0.07315485606537625
845 3739 -1.0
845 3754 0.2314739051523441
845 3769 -0.36573523292100235
858 859 -0.08924944920337843
858 3425 -0.3041762993806785
858 3440 -0.10695862919807954
858 3455 -1.0
858 3470 0.5666085645798502
858 3485 -0.6791345206242496
858 3500 -0.44589704274561903
858 3364 -0.48839256647007434
858 3379 0.30155017714625126
858 3394 0.6489723520326747
858 3409 0.03830366868199276
859 860 -0.3329543228794259
859 3605 0.7433823669596012
859 3620 0.9308858593069634
859 3635 -0.44247993198577834
859 3650 0.1788452826407495
859 3665 0.691534731335588
859 3680 0.5092415243079231
859 3515 0.6958808438726323
859 3530 -0.10620070790129525
859 3544 -0.3084638540210764
859 3559 -0.8307006653307433
859 3574 0.6121695106500372
859 3589 0.520263528248527
860 3785 -0.3425786375910208
860 3800 0.5721269692573093
860 3815 1.0
860 3830 0.6112757474960796
860 3845 0.18861665979655026
860 3860 0.07193013410070549
860 3695 1.0
860 3710 0.48496233100346153
860 3724 -0.306281720494583
860 3739 0.5390254830055023
860 3754 0.32291392796070706
860 3769 0.005587200756858177
873 874 0.2946647996719352
873 888 -0.08912587683828607
873 3425 0.049124990858879426
873 3440 -0.2582405885440524
873 3455 -0.03016582581655547
873 3470 -1.0
873 3485 1.0
873 3500 0.645632914925467
873 3365 0.18449798677325957
873 3380 0.33883829072673083
873 3395 -0.37875607083242263
873 3410 -0.13065878158471464
874 875 0.18230943422236676
874 889 0.41478690692274256
874 3605 0.2265813369494065
874 3620 0.021040799887682288
874 3635 -0.14353467496289346
874 3650 -0.39474776880889495
874 3665 0.6651051462479546
874 3680 0.37935525540462367
874 3515 -0.5463528362768142
874 3530 -0.3762699295319434
874 3545 -0.4533538159795947
874 3560 0.3877860696206999
874 3575 0.4137105619030007
874 3590 0.020112014673383683
875 890 -0.33744823791870193
875 3785 -0.3038510240597
875 3800 0.5156430734369492
875 3815 -0.4617669954981901
875 3830 0.6969274423227984
875 3845 -0.26355056141796884
875 3860 -0.3082745103887896
875 3695 -0.4556833567165182
875 3710 0.7103448308422948
875 3725 0.39000004283136275
875 3740 0.03316539050704888
875 3755 0.03106877995961513
875 3770 -0.248396723644118
888 889 -0.21605683725727468
888 3425 0.15095704855284134
888 3440 -0.6907146565154292
888 3455 0.4448679271267637
888 3470 0.6723951235169159
888 3485 0.6873227016202642
888 3500 -1.0
888 3365 0.5112874000340197
888 3380 -0.32649550908947755
888 3395 0.4492748053588642
888 3410 0.07762425311060314
889 890 0.13340514553200494
889 3605 0.12521861172187082
889 3620 -0.6052546008255406
889 3635 -0.14114585360927795
889 3650 0.08725764350466178
889 3665 0.4152592294046177
889 3680 0.8353209983208436
889 3515 0.8470355099039594
889 3530 0.5160373303167857
889 3545 0.0996222102135571
889 3560 0.15822239901885138
889 3575 0.6911364438137582
889 3590 -1.0
890 3785 0.6999661219834065
890 3800 -0.7764521178183313
890 3815 0.7740470065591911
890 3830 0.6519452762289925
890 3845 0.024724471172558316
890 3860 -0.2588695107680257
890 3695 0.5367334856188147
890 3710 -0.054090686587290056
890 3725 0.22538021735645986
890 3740 0.1678176734049917
890 3755 -0.8607166067709934
890 3770 -0.11861995751273553
903 904 0.3725184079619071
903 918 0.5411197751926758
903 3425 0.20166583949341704
903 3440 -0.0724429224692042
903 3365 0.34997976623803456
903 3380 0.932467951542842
903 3395 -0.5605901361436029
903 3410 -0.10803909978231101
904 905 -0.8398730395112721
904 919 0.8116005200420284
904 3605 -0.09386143265216389
904 3620 -0.7522755777311686
904 3455 -0.4467308031547086
904 3470 -0.07135668835439059
904 3485 -0.44853910716443524
904 3500 0.10585251891842566
904 3515 -0.08923404586549324
904 3530 -0.4646684226301936
904 3545 -0.8288127858523415
904 3560 -0.2660291592379514
904 3575 -0.15108571515037308
904 3590 0.4488365047112368
905 920 1.0
905 3785 0.6966815406551761
905 3800 -0.09662732728014628
905 3635 0.09159516269651444
905 3650 -0.2965741604887719
905 3665 0.2734200119061647
905 3680 0.06419838245042733
905 3695 0.13508710200261864
905 3710 -0.6539864339236978
905 3725 0.08909187754626473
905 3740 0.3774672446827623
905 3755 0.4660726849299419
905 3770 -0.8265275510219807
918 919 -0.31992874077347033
918 3425 0.30826244779017975
918 3440 -0.547526339254797
918 3365 0.2538691759478326
918 3380 -0.3105017750282507
918 3395 0.40249152840993535
918 3410 -0.4790017320623317
919 920 1.0
919 3605 -0.38058756336193533
919 3620 0.5765176552274999
919 3455 -0.8239709608060592
919 3470 -1.0
919 3485 -0.47044700120794475
919 3500 0.2801487221502004
919 3515 0.046414999776580645
919 3530 0.4306723248687763
919 3545 -0.3108722710498648
919 3560 -0.5601816608152943
919 3575 -0.08069638962143388
919 3590 0.3261878283651399
920 3785 -0.0622159863673666
920 3800 0.4028249571859296
920 3635 -0.17513763091398013
920 3650 0.07264033628741526
920 3665 -0.6161357747312415
920 3680 0.22771612680210518
920 3695 0.12202543396068634
920 3710 0.06110787491810038
920 3725 0.4146104233303986
920 3740 0.6212321057260133
920 3755 -0.10979188569399838
920 3770 0.2997414662766739
933 934 -0.15787789791827922
933 948 -0.033890572460170965
933 3425 0.39037029119741223
933 3440 -0.07685867899732597
933 3365 0.33661261928973524
933 3380 -0.627395543777941
933 3395 0.4801249008793468
933 3410 0.30711346515412685
934 935 -0.001932919741305748
934 949 1.0
934 3605 -0.0734765814072084
934 3620 -0.23391734771235773
934 3455 -0.5310355113012477
934 3470 -0.65017079283039
934 3486 -0.09834067910848016
934 3501 -0.32793176754005304
934 3516 -0.43599225428757704
934 3531 0.5446794467706519
934 3545 -0.026658149461785473
934 3560 -0.2844653460857761
934 3575 0.13439882052875016
934 3590 -0.16100340904383767
935 950 -0.3795601635192332
935 3785 0.6056030037148045
935 3800 -0.03722732444141157
935 3635 -0.28482507192612955
935 3650 -0.5361341303726093
935 3666 0.1813570128232677
935 3681 0.5095325810779275
935 3696 0.09664609469892659
935 3711 0.03124625568872034
935 3725 -0.023421067252393568
935 3740 0.293716423900784
935 3755 0.10938071096699993
935 3770 -0.42551344570516364
948 949 0.7506681326117058
948 3425 -0.13476639282404426
948 3440 0.4154995531538373
948 3365 -0.25638758923732174
948 3380 0.6939170280976713
948 3395 0.46298407948746884
948 3410 0.5715766935139145
949 950 -0.03573837652307656
949 3605 -0.17855623394328324
949 3620 -0.8130792107508513
949 3455 -0.19456029690646137
949 3470 0.1947638996105066
949 3486 -0.4791238615062759
949 3501 -0.2830363142934984
949 3516 0.5590022601936155
949 3531 0.19012772998659577
949 3545 0.7614226257362738
949 3560 0.5690152106528101
949 3575 -0.5579355063212208
949 3590 -0.45394697627439656
950 3785 0.3232229407186073
950 3800 0.28623595473571295
950 3635 -0.5115710565636096
950 3650 -0.30166310117850037
950 3666 0.7335250763386103
950 3681 -0.3533460223827577
950 3696 -0.6845488386267515
950 3711 -0.1079097889807694
950 3725 0.03683377326527514
950 3740 0.23747547090321086
950 3755 0.010971333548291886
950 3770 -0.25810285544400113
963 964 0.21076038664883967
963 978 -0.022252296159395373
963 3425 0.6675931101813534
963 3440 0.02411998963338186
963 3455 -0.2945033567187979
963 3470 0.39531051838209974
963 3486 -0.10187100553202313
963 3501 0.2896587790917884
963 3516 -0.2557544463708192
963 3531 0.2254210483448545
963 3545 0.07107626179421518
963 3560 0.653229670802713
963 3395 -0.7858091422742702
963 3410 -0.907774377833659
964 965 -0.2743293449985489
964 979 -0.930615541159687
964 3605 0.8406669117012432
964 3620 -0.6415618505166225
964 3635 0.4028973960214911
964 3650 -0.6021402787055522
964 3666 -0.5369522026517447
964 3681 -0.4870911636740704
964 3696 -0.6137147566267481
964 3711 0.6929432961704697
964 3725 0.25753995495642595
964 3740 0.1369969133264223
964 3575 0.31045153106157825
964 3590 0.22577912016395188
965 980 -0.17744948935350202
965 3785 0.40322063887404486
965 3800 -0.19429577572963533
965 3815 -0.7257161613395593
965 3830 0.5778848879003542
965 3846 0.34695234422655447
965 3861 0.8756228626934489
965 3876 0.30353927486021187
965 3891 0.07993013527913227
965 3755 -0.9502534828706827
965 3770 0.17809432509658255
978 979 -0.1826732871171539
978 3425 -0.7404907550898165
978 3440 -0.5842885308397382
978 3455 0.5271855929965668
978 3470 0.5201765988346286
978 3486 -0.6310035353804008
978 3501 0.6565748449087844
978 3516 -0.18560474097942595
978 3531 0.8185232956306988
978 3545 0.6291612255672658
978 3560 0.793994359836049
978 3395 0.4020209543921875
978 3410 0.23694060312925877
979 980 -0.5025585978767421
979 3605 0.0640350081740368
979 3620 0.08179836408725238
979 3635 -0.669178505837867
979 3650 -0.546020157454066
979 3666 0.791724369292293
979 3681 0.012913582920247668
979 3696 -0.48360730442535144
979 3711 0.12652281402897167
979 3725 -0.31695903204616505
979 3740 -0.21462728148250063
979 3575 -0.37539039141896385
979 3590 -0.653884361093964
980 3785 0.2222234687405981
980 3800 0.12805192026198284
980 3815 -0.14679555838094052
980 3830 -0.655031280459272
980 3846 0.28908454989958193
980 3861 -0.6848557155558155
980 3876 -0.18307387236725192
980 3891 -0.15022831584276314
980 3755 0.6307342351479434
980 3770 -0.19892585674150842
993 994 -0.1984775530841269
993 1008 0.29732612140784076
993 3426 -0.18771316571730146
993 3441 -0.21418109523109333
993 3456 -0.44620452318364673
993 3471 0.3428122370564613
993 3486 -0.09511024811588445
993 3501 0.3896289179892032
993 3516 0.5565694308546146
993 3531 0.4591480173933201
993 3545 0.6530625022390675
993 3560 -0.6960066759674431
993 3395 0.44522456199623756
993 3410 0.5743035730829567
994 995 0.22704469206972422
994 1009 0.010516654259761987
994 3606 0.25484110566597645
994 3621 0.31258248493037816
994 3636 1.0
994 3651 0.17984215392638767
994 3666 0.32491485966398265
994 3681 0.2033288303953743
994 3696 -0.9821141546739189
994 3711 -0.29283345727801147
994 3725 0.3594972120062205
994 3740 0.38962901234570657
994 3575 0.14858105246937697
994 3590 -0.4908480251080194
995 1010 -1.0
995 3786 0.23290586820195552
995 3801 -0.2237830662341931
995 3816 0.09175935060864246
995 3831 0.24202762724831833
995 3846 0.08866791236454
995 3861 -0.11176080250259737
995 3876 -0.23843507607258793
995 3891 0.08003708130039004
995 3755 -0.17441551233597638
995 3770 -0.9291872285245298
1008 1009 -0.3204500769526575
1008 3426 -0.7391649110726569
1008 3441 -0.6935835280558323
1008 3456 -0.22614467590840379
1008 3471 -0.7975310373806584
1008 3486 0.12166052350800867
1008 3501 -0.4876412381526357
1008 3516 1.0
1008 3531 0.5998823301374983
1008 3545 -0.4767321226115634
1008 3560 1.0
1008 3395 0.5878985166743518
1008 3410 -0.1806448283539682
1009 1010 0.9787101779914303
1009 3606 -0.5267283128566467
1009 3621 0.6129680606114661
1009 3636 1.0
1009 3651 0.2874917418502975
1009 3666 0.17022210508608954
1009 3681 -0.2370741418383271
1009 3696 0.31554660625258774
1009 3711 0.4050439693519117
1009 3725 0.2743511933583345
1009 3740 -0.3671958471162474
1009 3575 -0.3312423856812761
1009 3590 -1.0
1010 3786 0.3541260353969642
1010 3801 -0.16682005179639706
1010 3816 0.4109408252971667
1010 3831 0.6729633323843934
1010 3846 0.12647413243232397
1010 3861 0.10577906182456547
1010 3876 -0.47891962475778405
1010 3891 -0.07074806002455389
1010 3755 -0.22229166105481035
1010 3770 0.6546768208756563
1023 1024 -0.31840536520788637
1023 1038 -0.6460026704910358
1023 3426 -0.5221066644315306
1023 3441 0.10777964840277456
1023 3456 1.0
1023 3471 -0.508284170652004
1023 3486 -0.0011846415275268024
1023 3501 -0.3882941610170933
1023 3365 -0.27087055897948314
1023 3380 -0.5262679636103137
1023 3395 -0.05956650519558293
1023 3410 -0.24896723552222635
1024 1025 0.9468638093899865
1024 1039 -0.058752485848618
1024 3606 -0.08507015980135714
1024 3621 0.5108602084299656
1024 3636 -0.4423528987071141
1024 3651 0.026968298302746295
1024 3666 -0.4348273902198078
1024 3681 -1.0
1024 3516 -0.4786668830723558
1024 3531 -0.22145877891034796
1024 3545 0.6183939324790634
1024 3560 -0.17508103452722923
1024 3575 0.17955381679653365
1024 3590 -0.6268920435447716
1025 1040 -0.17441169306784626
1025 3786 -0.33293765390639163
1025 3801 0.14281841925999128
1025 3816 0.47728433361823636
1025 3831 -0.1924276998742261
1025 3846 -0.263462473022296
1025 3861 -0.19687369832171958
1025 3696 0.20798406524526342
1025 3711 -0.7133726031175673
1025 3725 -0.10389133243234173
1025 3740 0.8385429155815141
1025 3755 0.013243295411947591
1025 3770 -0.16787818425215661
1038 1039 0.21007144988428503
1038 3426 0.5122149366387451
1038 3441 0.49248953599342227
1038 3456 -0.5424946833153934
1038 3471 -0.10256777465785588
1038 3486 0.05140672683183028
1038 3501 0.28706971358740824
1038 3365 -0.354862684727217
1038 3380 -0.23988814700109487
1038 3395 -0.1224946925753774
1038 3410 0.002714282702068015
1039 1040 0.33080733766946474
1039 3606 -0.11001733979331706
1039 3621 0.4102069381477963
1039 3636 -0.19692085862053824
1039 3651 -0.49061828208638564
1039 3666 0.32280025901504195
1039 3681 -0.03143595218325314
1039 3516 0.9621949808243714
1039 3531 0.8348987858510011
1039 3545 1.0
1039 3560 0.664770542622008
1039 3575 -0.6606269023791981
1039 3590 -0.05801837663100724
1040 3786 0.10443925629715829
1040 3801 0.09262796708558817
1040 3816 0.05810866925453524
1040 3831 -0.03870729433308945
1040 3846 -0.12383974675211235
1040 3861 -0.06581908844391689
1040 3696 0.18823251261132257
1040 3711 -0.029682621762761322
1040 3725 -0.23825905513251636
1040 3740 0.1012253043832494
1040 3755 0.8495090981665915
1040 3770 0.8011317265438597
1053 1054 -0.16395139622466073
1053 1068 -0.2200209164522322
1053 3426 0.26862257463673267
1053 3441 0.6215608143856001
1053 3456 -0.1809381645785705
1053 3471 0.1075700620423642
1053 3486 0.33039146884740356
1053 3501 0.41901722410030123
1053 3366 0.29641444136001976
1053 3381 -0.5693187715569346
1053 3396 0.552984504659342
1053 3411 -1.0
1054 1055 0.2643834364686136
1054 1069 1.0
1054 3606 -0.026849742303978668
1054 3621 0.14129982390487292
1054 3636 -0.04732272744130057
1054 3651 -0.19921885016353516
1054 3666 0.687267783591788
1054 3681 -0.6166284596997043
1054 3516 -0.23768484146273833
1054 3531 1.0
1054 3546 -0.23215837909316492
1054 3561 0.6554554304112598
1054 3576 1.0
1054 3591 -0.24564464985099485
1055 1070 -0.48416209860756015
1055 3786 0.5620094233916553
1055 3801 0.6320878048237475
1055 3816 0.4989848270595312
1055 3831 -0.352491789974335
1055 3846 0.36392785247814735
1055 3861 -0.1760552674831459
1055 3696 0.2551382107389492
1055 3711 0.17018942035476042
1055 3726 0.3030168422698985
1055 3741 -0.06199546972699085
1055 3756 0.40586788627701065
1055 3771 -0.5095451395227903
1068 1069 0.3200269081927273
1068 3426 0.16991778229850932
1068 3441 -1.0
1068 3456 0.362718076925377
1068 3471 -0.33062773568697434
1068 3486 0.04249409574016918
1068 3501 0.3462480618549066
1068 3366 1.0
1068 3381 -0.1431512471481909
1068 3396 0.5898897559736488
1068 3411 0.07549383467330907
1069 1070 -1.0
1069 3606 -0.594504701708643
1069 3621 0.033438083443213786
1069 3636 -0.17185254338099867
1069 3651 -0.14170170631326218
1069 3666 -0.34078661088325984
1069 3681 0.49027339391706354
1069 3516 -0.13256478800314972
1069 3531 0.2753568966007569
1069 3546 -0.18128107282722694
1069 3561 0.28157473276919476
1069 3576 0.21601110382905872
1069 3591 -0.9311311170068053
1070 3786 -0.08427567244136268
1070 3801 -1.0
1070 3816 -0.2573338696489168
1070 3831 0.07948115193358324
1070 3846 0.4651347228977285
1070 3861 -0.8428371646469301
1070 3696 0.17573149077648578
1070 3711 -0.7160678097939219
1070 3726 -0.6247482702330842
1070 3741 -0.2983420122953121
1070 3756 0.223153990003666
1070 3771 -1.0
1083 1084 0.34031628172393635
1083 1098 0.5584709447252014
1083 3426 0.00852316474173966
1083 3441 -0.020765250029593632
1083 3366 0.10953893246927067
1083 3381 -0.14798757182024747
1083 3396 0.17827779019065973
1083 3411 0.08267691571661559
1084 1085 -0.2672806073588102
1084 1099 -0.09337105253633374
1084 3606 -0.8186628114337835
1084 3621 -0.44083263425307384
1084 3456 0.12625851918610306
1084 3471 -0.4930986533226006
1084 3486 0.3758911372937535
1084 3501 0.23294917901316572
1084 3516 0.632786049139769
1084 3531 -0.19498499154935903
1084 3546 -0.7728656509616794
1084 3561 0.512696404491715
1084 3576 0.0932488937891344
1084 3591 -0.12504564227175485
1085 1100 0.5058331861426345
1085 3786 0.027341663137944616
1085 3801 0.751294452202747
1085 3636 0.054945141922446476
1085 3651 0.20765013797403825
1085 3666 0.40147919611429145
1085 3681 -0.509411645518156
1085 3696 -0.09613707847224427
1085 3711 0.263644539570697
1085 3726 0.6612714853878995
1085 3741 0.6885901628489166
1085 3756 -0.17770077379400845
1085 3771 0.683369784657043
1098 1099 0.361477059828554
1098 3426 0.04526999668124925
1098 3441 -0.11517997407502249
1098 3366 -0.4911164122266911
1098 3381 0.4053710514206444
1098 3396 -0.012372705065308676
1098 3411 -0.6773728617658367
1099 1100 -1.0
1099 3606 0.19135278850169704
1099 3621 -0.9099842366078768
1099 3456 0.131160873990443
1099 3471 -0.4315596696174157
1099 3486 -0.33981204274212895
1099 3501 0.14607313389417506
1099 3516 -0.7268601476218276
1099 3531 -0.5961848497785717
1099 3546 -0.6629295744360906
1099 3561 -0.10390503992345705
1099 3576 -0.26867862152598115
1099 3591 0.21139125410426912
1100 3786 0.9100695987910633
1100 3801 0.1253882598277409
1100 3636 0.7540998002370114
1100 3651 -1.0
1100 3666 -0.4958846382918813
1100 3681 -0.2963973504760648
1100 3696 0.6356901928320183
1100 3711 0.48126334920608815
1100 3726 0.6246104944768347
1100 3741 -0.4672993228811248
1100 3756 0.6074815463148091
1100 3771 0.5057824592240444
1113 1114 -0.5516450754124834
1113 1128 -0.20888371699993438
1113 3426 0.22927702611145767
1113 3441 0.13196686312632658
1113 3366 -0.37240040590926987
1113 3381 0.031144141069592086
1113 3396 -0.28219589035495535
1113 3411 0.06325997896002948
1114 1115 -0.1557492775052031
1114 1129 0.0485280990358847
1114 3606 0.8100452644021034
1114 3621 0.26261371779467585
1114 3456 -0.28678416636417303
1114 3471 0.19467360212180312
1114 3546 -0.03510436358578927
1114 3561 -0.290236205643579
1114 3576 -0.27005559710973637
1114 3591 -0.0814927455400275
1115 1130 0.33687932754884564
1115 3786 0.001060110145858716
1115 3801 1.0
1115 3636 -0.7795394976722383
1115 3651 0.33386872415495233
1115 3726 0.4890965110625156
1115 3741 0.2533079012544438
1115 3756 0.47033538095343674
1115 3771 0.11321943135773566
1128 1129 -0.5829864474078245
1128 3426 0.06311406851821681
1128 3441 -0.745687267646578
1128 3366 0.002782326099498802
1128 3381 0.06983646787122555
1128 3396 -0.17769553011407843
1128 3411 -1.0
1129 1130 -0.12948933044127486
1129 3606 -0.5803516526848278
1129 3621 0.04231691169583948
1129 3456 -0.2782421524068852
1129 3471 -0.6786845386557295
1129 3546 0.6262500686448171
1129 3561 -0.8755542316857343
1129 3576 -0.7236260391817286
1129 3591 0.38014886915662116
1130 3786 0.470184544592963
1130 3801 -0.47808734864273844
1130 3636 -0.3106983726117089
1130 3651 0.7699729318972015
1130 3726 0.23176102961038791
1130 3741 -0.2029459499247118
1130 3756 0.19753276617643442
1130 3771 -0.8211329823168366
3364 3365 0.19067566461426558
3364 3379 -0.03738194326163607
3365 3366 0.173278985590134
3365 3380 -0.7866834357330483
3366 3381 0.13532756965372075
3379 3380 -0.20930612098773244
3380 3381 -0.8312581946800255
3394 3395 -0.012643949823121654
3394 3409 -0.3106928497092772
3395 3396 -0.6919547113396842
3395 3410 -0.22181081751284584
3396 3411 0.051159456307865996
3409 3410 0.6424332911153832
3410 3411 0.1593259624513373
3424 3425 0.11070582838927236
3424 3439 0.08899097430033522
3425 3426 -0.423095424136227
3425 3440 0.2916614580157322
3426 3441 -0.27121382649172093
3439 3440 1.0
3440 3441 -1.0
3454 3455 -0.1938213801421252
3454 3469 -0.44477894285201963
3455 3456 -0.574227335146792
3455 3470 0.8249509045007464
3456 3471 -0.6821902251621019
3469 3470 0.62949153225989
3470 3471 -0.9058874429992947
3484 3485 -0.9366477061883486
3484 3499 -0.8081109530400259
3485 3486 -0.1776386313836571
3485 3500 -0.3263704815521486
3486 3501 0.6355119956731877
3499 3500 -0.65984211105336
3500 3501 -0.7680367980811192
3514 3515 0.9164692795214471
3514 3529 -0.25652129749795205
3515 3516 0.63644610456952
3515 3530 0.7615665886115153
3516 3531 0.14728798881420882
3529 3530 0.4329205474113448
3530 3531 -0.019366990249539622
3544 3545 -0.33394255894636937
3544 3559 -0.33287873524550754
3545 3546 0.04481845532885892
3545 3560 -0.3024731609821873
3546 3561 0.24302642965456486
3559 3560 0.12963360882965522
3560 3561 -0.4025268352893379
3574 3575 -1.0
3574 3589 0.33750313286202027
3575 3576 -0.4589008198161618
3575 3590 0.026126897923490978
3576 3591 -0.8661854415615968
3589 3590 -0.06392293382512619
3590 3591 -0.742855114717012
3604 3605 -0.4932059334449025
3604 3619 0.1855354249705454
3605 3606 0.2620239196315783
3605 3620 -0.28517696313168994
3606 3621 1.0
3619 3620 -0.5348664337651877
3620 3621 1.0
3634 3635 -0.15830991483841822
3634 3649 0.6223140566896588
3635 3636 -0.21383219640633738
3635 3650 -0.9547527621796142
3636 3651 0.017273400485367574
3649 3650 0.6641218640719386
3650 3651 -0.44585664698697514
3664 3665 -0.34132430051900836
3664 3679 -0.4825848226557207
3665 3666 -0.43756603638054514
3665 3680 0.443369190623328
3666 3681 0.164689794967036
3679 3680 0.4242826813190859
3680 3681 -0.2563110879199454
3694 3695 -0.3671941669062388
3694 3709 -0.9185066886709684
3695 3696 1.0
3695 3710 -0.0748894988992046
3696 3711 0.058010425679477756
3709 3710 0.6540822830514287
3710 3711 0.6458950055161092
3724 3725 0.85487078686949
3724 3739 -0.45308422859515457
3725 3726 -0.25472610880982494
3725 3740 0.3937682422888134
3726 3741 0.4111977427716864
3739 3740 -0.15946484329286462
3740 3741 -0.1169344503918142
3754 3755 0.21892847601386423
3754 3769 -0.9924679109698452
3755 3756 0.5034807984039085
3755 3770 0.1853003742662724
3756 3771 0.6763146108261363
3769 3770 -0.5719254121724073
3770 3771 1.0
3784 3785 -0.9670213256828963
3784 3799 0.6221645037998927
3785 3786 0.32453557543420114
3785 3800 -0.7970557968733725
3786 3801 0.2703957288425891
3799 3800 -0.22659664328900997
3800 3801 0.14616329324399766
3814 3815 0.37326615352942466
3814 3829 0.6685971448047097
3815 3816 0.43667401687256013
3815 3830 0.9032035792492994
3816 3831 -0.8000734282683672
3829 3830 -0.36590541897635487
3830 3831 -0.5151192814248124
3844 3845 -0.13493349424257822
3844 3859 0.43425527887305054
3845 3846 -0.2001725667447364
3845 3860 -0.7790215236596686
3846 3861 -0.31959131456237283
3859 3860 -0.3405649369100104
3860 3861 -1.0
3874 3875 -0.4880295899440197
3874 3889 -0.7206690446240508
3875 3876 0.5518185402770778
3875 3890 -0.07476146469019297
3876 3891 1.0
3889 3890 0.3681809640180222
3890 3891 -0.04223372912458646
