# 
603 603 0.7475077991092351
604 604 -0.08475526877627146
605 605 0.6452229498096121
618 618 1.3895634223770499
619 619 -0.7887399579073819
620 620 -0.356831742894325
633 633 -1.1442920120898246
634 634 0.36838932254806517
635 635 -0.8493934223735773
648 648 1.2944858546599722
649 649 -1.6685101597640546
650 650 0.1357781503666728
663 663 1.6854695589966964
664 664 0.7951707862448574
665 665 0.03006875473006941
678 678 -2.491916533662584
679 679 -0.05832808094566399
680 680 -0.7681782909929705
693 693 -1.4548030139181434
694 694 0.6035065945654995
695 695 1.641440973096923
708 708 0.3314827468198943
709 709 0.9038334679514549
710 710 1.068281439960065
723 723 -0.4515706088428545
724 724 -2.5966881747526678
725 725 -0.8890863172448448
738 738 2.0869314680687077
739 739 0.2732996879359479
740 740 -1.2819691445479962
753 753 -1.9067856404011603
754 754 -0.17206863401271996
755 755 -0.5352937399652665
768 768 0.5386828524809237
769 769 -2.330834177219379
770 770 0.8534789053116586
783 783 0.8713017216469638
784 784 -0.48340427644486167
785 785 -0.01831623513191743
798 798 0.1940427936154461
799 799 -1.2543601784294658
800 800 -1.2218484146586308
813 813 0.9568724730611964
814 814 1.8899860616703072
815 815 -0.7251292636991276
828 828 1.8639140933198575
829 829 -0.4476781013032317
830 830 -0.8692265564590829
843 843 0.2988934560974762
844 844 0.8973474618154954
845 845 1.8823095869166235
858 858 0.47802200072564727
859 859 -0.15302734636487908
860 860 0.8816659380467936
873 873 0.4518484765145889
874 874 -0.8332415310651221
875 875 -0.2124971547625077
888 888 -0.2548218383744696
889 889 -1.0093144823730065
890 890 0.9719175544346352
903 903 0.572037913199686
904 904 -0.5306275380598966
905 905 1.5448393140721297
918 918 -0.8294073991396231
919 919 1.0017387199385477
920 920 0.40732854397597423
933 933 1.389838809517873
934 934 -1.0336518125072733
935 935 0.2604791725137259
948 948 -0.18605925389085679
949 949 -0.13410288492239786
950 950 0.47749262636507944
963 963 -0.43046803664279865
964 964 0.4314321045303993
965 965 0.6750182384339426
978 978 0.44597151964874615
979 979 -0.27105083073483943
980 980 1.0406486018257197
993 993 -0.5688420878510232
994 994 1.2460481529912613
995 995 -2.0660474964167124
1008 1008 0.8090340737670905
1009 1009 0.26965512438439965
1010 1010 -0.9948716456787356
1023 1023 0.1834115938723403
1024 1024 0.4400967131502934
1025 1025 0.5907347029673414
1038 1038 -0.5493495287651389
1039 1039 0.4060112342981157
1040 1040 0.9667840054302643
1053 1053 0.1325095621857057
1054 1054 1.4547701436734881
1055 1055 -2.1636866474679084
1068 1068 -0.6730972016678816
1069 1069 0.13850731568450494
1070 1070 -0.1867243235964661
1083 1083 -0.4046878452904662
1084 1084 1.1194563110329887
1085 1085 1.4654212997970806
1098 1098 0.2084912576960933
1099 1099 0.26070071392108307
1100 1100 1.5446327730869958
1113 1113 -0.6744122046554402
1114 1114 -0.11960218661547434
1115 1115 -0.4964946332521949
1128 1128 -0.3647788756152824
1129 1129 1.0996428167443166
1130 1130 0.8579654679761591
3364 3364 0.454424602902193
3365 3365 0.1842144143848114
3366 3366 -0.5378196443053079
3379 3379 -0.9699252997760227
3380 3380 0.32094314267456914
3381 3381 1.3389878187303674
3394 3394 -1.6780259334527243
3395 3395 -0.39399065960706886
3396 3396 0.6397642435257966
3409 3409 -1.5322408713628888
3410 3410 -2.2209218244918834
3411 3411 0.17020957661946215
3424 3424 1.350874745448435
3425 3425 -0.08918491802048203
3426 3426 1.2618572203663376
3439 3439 -0.8862946229931077
3440 3440 -0.2808758444881953
3441 3441 1.1558977594010875
3454 3454 -0.7566495792493116
3455 3455 0.23038729828619092
3456 3456 1.8969033127849508
3469 3469 0.9546993768321912
3470 3470 -1.7596069455913175
3471 3471 1.6960041470449922
3484 3484 0.2844772708756071
3485 3485 -0.3888953997401721
3486 3486 -1.4460471850663958
3499 3499 -1.050520536558893
3500 3500 0.5883969486437621
3501 3501 -1.9021094446302849
3514 3514 1.9161757652666511
3515 3515 0.45327535693814053
3516 3516 -0.5346597455522192
3529 3529 0.8769858321275106
3530 3530 -1.2392221394474259
3531 3531 2.1498633645785565
3544 3544 -1.8772762837467385
3545 3545 1.8358788247079942
3546 3546 0.901974680605085
3559 3559 -0.558899837545483
3560 3560 0.2786213114045163
3561 3561 -0.8105338805220902
3574 3574 0.3034720361439144
3575 3575 -1.1636319417088192
3576 3576 -1.1224436874879997
3589 3589 -1.0328812576727433
3590 3590 -1.0364120389333518
3591 3591 -0.5728739550886615
3604 3604 -2.1543223030114165
3605 3605 -0.8529367745373604
3606 3606 -1.1869897191416343
3619 3619 -0.28623311712772187
3620 3620 -0.6046676535147681
3621 3621 0.832905599404008
3634 3634 0.7031283406878953
3635 3635 -0.168420805173159
3636 3636 0.44651705377889545
3649 3649 -1.3969978586261447
3650 3650 2.115347523953398
3651 3651 -0.9045752887883687
3664 3664 0.24146911522679196
3665 3665 -0.14662776958694568
3666 3666 -0.19005768107770454
3679 3679 0.27903116383419996
3680 3680 -0.37743617172414123
3681 3681 -0.0017913270773668
3694 3694 -1.123558822185181
3695 3695 1.2899931939247926
3696 3696 -0.5463051128349211
3709 3709 0.4838960077907317
3710 3710 1.497615701743894
3711 3711 1.2011372212009246
3724 3724 0.02903508754124695
3725 3725 -1.0944237752423036
3726 3726 -0.33895915765606616
3739 3739 0.09240304342261663
3740 3740 -1.0256617244507218
3741 3741 -0.2604214014112311
3754 3754 0.4078001255462088
3755 3755 -0.5179742120741591
3756 3756 0.6524841462937151
3769 3769 -0.3165014305634823
3770 3770 0.6112775894055805
3771 3771 -1.3202407450541096
3784 3784 -2.1818307488204147
3785 3785 -0.48290322917764417
3786 3786 0.38096780951450704
3799 3799 0.48925838569177216
3800 3800 0.8041380014657044
3801 3801 -0.4018640103787214
3814 3814 -0.46183612606686764
3815 3815 0.5105329710475643
3816 3816 0.8776901745929074
3829 3829 -0.589377012504334
3830 3830 0.06484438791691624
3831 3831 0.564504837143249
3844 3844 0.12440927339188511
3845 3845 -1.0169115587008073
3846 3846 -0.34047910161936706
3859 3859 -0.5568047133302031
3860 3860 0.6908458068281997
3861 3861 0.6529516501577559
3874 3874 0.9490909163530971
3875 3875 0.25058420175448426
3876 3876 -1.3198895570655946
3889 3889 -0.45822094543490216
3890 3890 0.5940106459420454
3891 3891 -0.3639490250760326
603 604 0.09236284071580483
603 618 0.21616043462038106
603 3484 0.5295842730811545
603 3499 0.6971871848406854
603 3514 -1.0
603 3529 -0.0338475440539714
604 605 0.9812600775681517
604 619 0.33331588178222954
604 3664 -0.38477461350223235
604 3679 1.0
604 3694 0.6125883630186134
604 3709 -0.5437905436745026
605 620 -0.912113602817596
605 3844 0.6239444277604973
605 3859 -0.8965755361915922
605 3874 -0.008360398394070996
605 3889 -0.048133266007597195
618 619 0.33847360354217354
618 3484 -0.12899977450672084
618 3499 -0.18312553329094555
618 3514 -0.2741144140470016
618 3529 0.784158445418379
619 620 -0.21925533786519585
619 3664 0.12156487789312402
619 3679 0.3013761812471299
619 3694 -0.7248894419690656
619 3709 0.17037342211112097
620 3844 -0.44007681122926706
620 3859 -0.2929725818923953
620 3874 -0.7040524334684714
620 3889 -0.15124492666203387
633 634 -0.07583201080897255
633 648 0.5268269890480654
633 3424 -0.710147633598555
633 3439 -0.09860995817746919
633 3454 -0.26424995357219244
633 3469 1.0
633 3484 0.3292674349432148
633 3499 0.8604765495213338
633 3514 0.34081656039528696
633 3529 0.23304931024009184
634 635 0.04525686121031342
634 649 0.6266307837490276
634 3604 0.7538915317630734
634 3619 -0.659223119902204
634 3634 -0.2687465184020274
634 3649 0.6663115634820078
634 3664 -0.13773164432834065
634 3679 0.35734067706800615
634 3694 0.4931550018391364
634 3709 0.1299098503874653
635 650 0.15902324710119284
635 3784 0.3818363229062289
635 3799 -0.2240660609045235
635 3814 -0.4148333017930287
635 3829 -0.574089183097058
635 3844 0.7566118662730786
635 3859 -0.11332380434644848
635 3874 0.7285958286955329
635 3889 0.297723092089373
648 649 -0.5645221087161436
648 3424 0.1278247751973624
648 3439 -0.13618178633778685
648 3454 0.064270596066723
648 3469 -0.14621330175848407
648 3484 -0.3482531181882249
648 3499 -0.38891600463187015
648 3514 0.28572352396444317
648 3529 0.20646730301651037
649 650 -0.0024925555622922918
649 3604 0.6472329624694717
649 3619 0.12368455334334767
649 3634 0.4706665913649001
649 3649 -0.5515649128577879
649 3664 0.29623146495092184
649 3679 0.5144891741509133
649 3694 -0.40493150514538684
649 3709 -0.17939615765019126
650 3784 -0.805266768902926
650 3799 0.21367220772261683
650 3814 -0.27938632807916686
650 3829 0.7160413554706131
650 3844 -0.28954124389882857
650 3859 0.8608734974746214
650 3874 -0.19264592906063965
650 3889 -0.665800842750837
663 664 0.28059694645739874
663 678 0.31475224858138895
663 3424 0.526082865108848
663 3439 0.7605393082710155
663 3454 1.0
663 3469 1.0
663 3484 0.0410889939623473
663 3499 -0.7275023630517813
664 665 0.8457013498589326
664 679 -0.12234636781653017
664 3604 -0.7558494865510883
664 3619 0.8669745310575527
664 3634 0.6739579998987331
664 3649 -0.5281933917124013
664 3664 0.11042123870764636
664 3679 -0.17992508807929802
664 3514 0.4580581276856264
664 3529 -0.5417705861708983
665 680 -0.12771924323467254
665 3784 0.6143671247783786
665 3799 0.4241942420449059
665 3814 -0.6427256336503903
665 3829 -0.47979397752351227
665 3844 -0.12637891743447413
665 3859 0.09316470976303085
665 3694 -0.0683326763249001
665 3709 -1.0
678 679 0.4192170659240025
678 3424 -1.0
678 3439 -0.1023138533476906
678 3454 0.5402258618507578
678 3469 0.7242595126664342
678 3484 0.3130887865561078
678 3499 0.062447600346376926
679 680 -0.5491457723495229
679 3604 0.20114075060528125
679 3619 0.12161950188526019
679 3634 0.10732717983283332
679 3649 0.09025164716356486
679 3664 -0.503000059116915
679 3679 -0.1032413737465046
679 3514 0.5302919352642292
679 3529 -0.15022910923732377
680 3784 -0.5003648917851453
680 3799 0.33111702647121105
680 3814 -0.6693143762860027
680 3829 0.20405433490158612
680 3844 0.5662708275367282
680 3859 -0.3022936624285339
680 3694 -0.5490506969197724
680 3709 -0.21992903170078953
693 694 0.07059315839104084
693 708 -0.19007516834323415
693 3424 0.6676397145419983
693 3439 -0.21657805179278694
693 3454 -0.3255323910791478
693 3469 0.06604461253914821
693 3484 -0.374670509863343
693 3499 0.44197549468774433
693 3364 0.6038174285864601
693 3379 -0.6632319138151931
693 3394 -0.3340281246831839
693 3409 1.0
694 695 -0.3604104839389105
694 709 0.29939231984759557
694 3604 -0.6143192899346074
694 3619 0.45994257600676114
694 3634 -0.004829980853817784
694 3649 0.3763641272096529
694 3664 1.0
694 3679 0.06164337454849651
694 3514 -0.1374670370414613
694 3529 0.7842616226961808
694 3544 -1.0
694 3559 -0.2741929244189176
694 3574 0.7251460482763717
694 3589 -0.3738533218783969
695 710 0.9179256974242488
695 3784 0.22728581487011182
695 3799 -0.8998841913512111
695 3814 0.851980650379846
695 3829 -0.5670738037955362
695 3844 0.658218223822132
695 3859 -0.011215421749685664
695 3694 -0.902020813873297
695 3709 -1.0
695 3724 -0.24912823367007983
695 3739 0.060536900063044075
695 3754 0.46197207137173785
695 3769 0.26861332723959386
708 709 -0.11996364595512306
708 3424 1.0
708 3439 0.41699704650065045
708 3454 -0.5366174909985154
708 3469 -0.16268135031442083
708 3484 -0.8468047939079958
708 3499 -0.3660288087929237
708 3364 -0.11119881704100872
708 3379 0.3776540180343311
708 3394 -0.3120471335397939
708 3409 0.1108580147388629
709 710 -0.6105956745581699
709 3604 -0.23114156430358723
709 3619 -0.5510117944693838
709 3634 -0.600127829420319
709 3649 0.048592818537496175
709 3664 0.7858792724227437
709 3679 -0.17443707114422055
709 3514 0.028150730549996388
709 3529 -0.20573628289722168
709 3544 0.25436733360739217
709 3559 0.15702418159467735
709 3574 -0.1325217399944636
709 3589 0.6010851811209843
710 3784 0.2968934381623447
710 3799 -0.26196772569269944
710 3814 -1.0
710 3829 -1.0
710 3844 0.31822231652172145
710 3859 -0.04364206178621105
710 3694 0.05497276132348695
710 3709 -0.020852670751780468
710 3724 -0.011074504026435372
710 3739 -0.35337636921176047
710 3754 0.3925208745384581
710 3769 0.09630688336853326
723 724 -0.3794155299533675
723 738 0.7922638224172828
723 3424 0.15818492244788002
723 3439 -0.5865060842123582
723 3364 0.06711514735251851
723 3379 0.37251617277678606
723 3394 0.04391927178192169
723 3409 1.0
724 725 -0.3615774724525405
724 739 0.5967930348697409
724 3604 -0.404726423360498
724 3619 -0.25993427373453465
724 3454 0.3352087529254235
724 3469 -0.5925952597076611
724 3484 0.6030773310327063
724 3499 0.5318231944843097
724 3514 0.4583140043100085
724 3529 0.24285285421657707
724 3544 0.6052271808051954
724 3559 0.15846575827519788
724 3574 0.28252265855511854
724 3589 0.012098486537868186
725 740 -0.6282637662701983
725 3784 0.013889546828134001
725 3799 -0.24665980212490793
725 3634 0.3785768591459134
725 3649 -0.553226492864786
725 3664 0.006613417953737243
725 3679 -0.44863575260320604
725 3694 -0.3800587172178834
725 3709 0.35711121373140764
725 3724 0.8716170120200204
725 3739 -0.5035950439959964
725 3754 -0.16644908078876394
725 3769 -0.22216066032849593
738 739 0.9936091838317077
738 3424 -0.4807107303477011
738 3439 0.49623371162022345
738 3364 0.29806627249057344
738 3379 0.027547440117789205
738 3394 0.8829909631293468
738 3409 0.43230387974650203
739 740 0.6472870030488808
739 3604 -0.4677169322427201
739 3619 -0.6870462159979177
739 3454 -0.11137069073396162
739 3469 0.38044527519141463
739 3484 -0.22432600856565357
739 3499 0.15820494727063505
739 3514 0.3012789360281922
739 3529 0.403842857791911
739 3544 0.4517437024701742
739 3559 -0.777834835998201
739 3574 -1.0
739 3589 0.5953756339239975
740 3784 0.44431191768816647
740 3799 -0.18017207033400504
740 3634 0.4410638014886747
740 3649 0.12996172976389256
740 3664 0.4823910091790357
740 3679 -0.3481209112133337
740 3694 0.0027661829096680985
740 3709 0.40535901936500807
740 3724 -0.17757929751117033
740 3739 0.2657937603673821
740 3754 0.14318191174161132
740 3769 -0.6876972397140495
753 754 -0.4541519263038903
753 768 0.25945980064060037
753 3424 0.39893984872231325
753 3439 -0.6028011169710212
753 3364 -0.2909103804731184
753 3379 -0.07265909076599017
753 3394 -0.005053775610212196
753 3409 0.9129475195469474
754 755 -0.1340370655619836
754 769 -0.26099604734881215
754 3604 -0.8717534173308442
754 3619 0.3428676516881802
754 3454 0.15477063691492904
754 3469 -1.0
754 3485 -0.3668108862448366
754 3500 -0.23931135088228636
754 3515 0.6814833795040629
754 3530 0.1793962454080869
754 3544 -0.14780977345704643
754 3559 0.3304665251679089
754 3574 0.07668042031429387
754 3589 -0.6926350927598963
755 770 -0.37191972031021153
755 3784 -0.2542083568572924
755 3799 -0.837203260158416
755 3634 -0.168430846546556
755 3649 0.2807327423595204
755 3665 0.5246676954911379
755 3680 0.892093656484681
755 3695 0.14665839486932125
755 3710 -0.5395237425654466
755 3724 -0.04367150085496186
755 3739 -0.06767921582343463
755 3754 0.22772734495656577
755 3769 -0.41626489190178473
768 769 -0.40534765979606463
768 3424 -0.5965755404144778
768 3439 0.23325100838519353
768 3364 0.18313319897763194
768 3379 -0.3875246425082232
768 3394 -0.08049408342547898
768 3409 0.7576527919453704
769 770 -0.755433054484239
769 3604 -0.3687429184849647
769 3619 -0.10391181537226189
769 3454 0.3899273131324822
769 3469 0.017455878617124755
769 3485 0.29229026398153
769 3500 0.0758845318941943
769 3515 0.335726262116081
769 3530 -0.8016883954891475
769 3544 -0.10865044311786305
769 3559 -0.4280309448900711
769 3574 0.03769391130795985
769 3589 -0.3523694042195717
770 3784 -0.03279508838996313
770 3799 -0.24848026620168978
770 3634 -0.7265744430805836
770 3649 0.2731459441441035
770 3665 0.34750372573333055
770 3680 -0.48346490232355993
770 3695 0.00787293684911212
770 3710 -0.5381747029969196
770 3724 0.2289673168127501
770 3739 0.6088896232946651
770 3754 -0.08934856543874614
770 3769 0.07329064017419891
783 784 0.6778500603979822
783 798 0.013345584775465685
783 3424 -0.3057611310037703
783 3439 -0.3350618433785301
783 3454 -0.6018850251389701
783 3469 -0.15443406220937167
783 3485 -0.10002509282399032
783 3500 0.6361436900838648
783 3515 0.20977128318199048
783 3530 -0.64353340778949
783 3544 -0.7201811280554743
783 3559 0.5400395981183378
783 3394 -0.8698978681960048
783 3409 -0.8107434377700516
784 785 -0.38762470275387934
784 799 0.13743539125040896
784 3604 0.05076675474768758
784 3619 -0.02079119464423981
784 3634 0.44405728969730157
784 3649 0.5074349669297731
784 3665 -0.07763711322853513
784 3680 -0.3366963611263595
784 3695 -0.3072693073031008
784 3710 -0.008453975145971645
784 3724 0.2205935048915051
784 3739 -0.4309672073405179
784 3574 0.5046417365600997
784 3589 -0.5082806727078516
785 800 0.18884836854506543
785 3784 -0.5954939486045222
785 3799 0.10007854759026655
785 3814 0.19059978418127266
785 3829 -0.7094790047643953
785 3845 -0.21215693138953665
785 3860 0.3935120733894249
785 3875 -1.0
785 3890 -0.5069593600239751
785 3754 0.9866100717913899
785 3769 1.0
798 799 0.03745641920929788
798 3424 0.9552598730568187
798 3439 -0.06401688679588817
798 3454 0.18233265337892002
798 3469 -0.31122168373283327
798 3485 0.7276106679066823
798 3500 -1.0
798 3515 -0.5445545099257405
798 3530 0.3199775359118959
798 3544 0.16611751344671627
798 3559 -0.15897616104742746
798 3394 -0.8777738557836714
798 3409 -0.252154338897728
799 800 0.2692955493367896
799 3604 0.1269932131742837
799 3619 -0.04863128445483015
799 3634 -0.014384404232951278
799 3649 -0.15554726052391282
799 3665 0.24104463616078478
799 3680 -0.22648252543685002
799 3695 -0.3156949582656176
799 3710 0.5850853927190738
799 3724 0.7375570713134177
799 3739 -0.6989250386385664
799 3574 0.4762792592176357
799 3589 0.15189456968051532
800 3784 0.19105831708704962
800 3799 -0.25442429232437624
800 3814 -0.33973506376918666
800 3829 0.8212274359820717
800 3845 0.142602859399431
800 3860 0.12711483663832882
800 3875 -0.13169254654374077
800 3890 -0.2549916926896173
800 3754 0.1760422537268143
800 3769 0.35865124403739407
813 814 0.4493939675948813
813 828 -0.15389049665343693
813 3425 -0.11112078842497562
813 3440 0.14988580959509737
813 3455 0.714078299282393
813 3470 0.10673799608224828
813 3485 -0.3001075896253235
813 3500 0.15113002680503304
813 3515 -0.2609644728227872
813 3530 -0.28167080668289657
813 3544 0.48254950739173896
813 3559 -0.5165023877436298
813 3394 0.5497410570856479
813 3409 0.1405367295495024
814 815 0.3000637210302845
814 829 -0.24673576585862775
814 3605 0.6899251315940091
814 3620 -1.0
814 3635 -0.5431855679811136
814 3650 -0.05598968513197585
814 3665 -0.7698607937802152
814 3680 0.3572540440965403
814 3695 -0.24945447837578363
814 3710 -0.0504442160058352
814 3724 -0.5806176964862092
814 3739 0.406136137623101
814 3574 0.7166750972236506
814 3589 0.6297034912570454
815 830 -0.8287748811524419
815 3785 0.41007103344609985
815 3800 0.3524003279664756
815 3815 0.07577695971850708
815 3830 -0.11624771895855845
815 3845 0.7171415754973114
815 3860 -0.08642522634273149
815 3875 -0.512777251043575
815 3890 -0.15482272788307652
815 3754 -0.9194167778512126
815 3769 -0.5634214440908588
828 829 -0.21211930335984025
828 3425 0.8676682450839187
828 3440 -0.7081491548341271
828 3455 0.4434050006916934
828 3470 0.6326154791777158
828 3485 0.19238144416509312
828 3500 -0.35474559193610367
828 3515 0.438750613316159
828 3530 -0.35401330406080955
828 3544 -0.42537588101943796
828 3559 0.8749985517768447
828 3394 -1.0
828 3409 0.16471096644374392
829 830 0.7086559395614241
829 3605 -0.4270354119782028
829 3620 0.466615203914074
829 3635 -0.33970407623280124
829 3650 0.7065357330292286
829 3665 -0.04241435697642858
829 3680 -0.8436261646441318
829 3695 0.7492140698448673
829 3710 -0.3883158657180917
829 3724 0.2467621346219985
829 3739 0.3177843985964704
829 3574 0.7047507177476867
829 3589 -0.6545330561946968
830 3785 1.0
830 3800 -0.8428428269817906
830 3815 0.13226861537731008
830 3830 0.4839330979937964
830 3845 0.4383698000255155
830 3860 -0.33157271863894683
830 3875 0.14474239679016052
830 3890 -0.706985078245328
830 3754 -0.5475654589559696
830 3769 0.79255345012981
843 844 0.2541814826642357
843 858 0.11362360788189763
843 3425 0.11725428254405221
843 3440 -0.6269643205857198
843 3455 0.040723782046221645
843 3470 -0.022938591419878418
843 3485 0.5487286124299732
843 3500 -1.0
843 3364 -0.7165881656443692
843 3379 -0.012300094085094842
843 3394 0.8640595836464462
843 3409 -0.008877242218588119
844 845 -0.6741577875784721
844 859 0.6755179182751228
844 3605 -0.3314175979141444
844 3620 -0.7476935924577228
844 3635 -0.9615437689913708
844 3650 -0.3023826636101709
844 3665 0.8560057600820855
844 3680 0.5492808111848302
844 3515 0.7156873029145092
844 3530 -0.175026964282681
844 3544 0.05688449342423666
844 3559 0.7976118339022278
844 3574 -0.29518549485620654
844 3589 -0.5823358214469708
845 860 -0.4252458127001003
845 3785 0.24873798254536192
845 3800 -0.5149982637966727
845 3815 0.2069472793404858
845 3830 0.1863302976341456
845 3845 0.4831860633669343
845 3860 -0.5060177680772717
845 3695 1.0
845 3710 0.6209483438727446
845 3724 -0.6064869851770686
845 3739 -0.16100333530964422
845 3754 -0.1948115308897874
845 3769 -0.4112554460541624
858 859 -0.6569283884599529
858 3425 -0.5950943743826806
858 3440 -0.14756125912129683
858 3455 0.0707184384980496
858 3470 0.34644337865467356
858 3485 0.5443107543829795
858 3500 0.4429442529039425
858 3364 0.6036554985092932
858 3379 -1.0
858 3394 0.28623340557170135
858 3409 0.6101055921669569
859 860 -0.08460376069907599
859 3605 0.3725726124223328
859 3620 -0.7625355989497028
859 3635 0.2987145741287513
859 3650 0.011175307943915183
859 3665 0.11088315763303684
859 3680 -1.0
859 3515 0.8102068155083408
859 3530 -0.156192470455116
859 3544 0.724833018085135
859 3559 0.4992840128470371
859 3574 -0.027464575142115113
859 3589 0.9623294725545863
860 3785 -0.26500715732044827
860 3800 -0.6127669679751218
860 3815 0.13739893956208438
860 3830 -0.1801150131038938
860 3845 0.06930247084079814
860 3860 1.0
860 3695 -0.36555886509462293
860 3710 -1.0
860 3724 0.17189992886757374
860 3739 -0.6370793367540235
860 3754 -0.6504305123695706
860 3769 -0.006525776573324947
873 874 0.9649364034806194
873 888 0.13866605073819638
873 3425 -0.32139611812271146
873 3440 -0.6736622267569143
873 3455 -0.012128754097248383
873 3470 -0.2044639165170863
873 3485 -0.5821288209104917
873 3500 0.34145461885012396
873 3365 -0.1222112245952266
873 3380 0.28789410269414556
873 3395 0.015245525542459717
873 3410 -0.8654431718167389
874 875 -0.1893427069842363
874 889 0.047915990544385924
874 3605 -0.0015910275494113583
874 3620 0.2735557705987417
874 3635 -0.09429744161721129
874 3650 -0.9876681045267445
874 3665 -0.45183562261167115
874 3680 -0.29122059144302853
874 3515 -1.0
874 3530 -0.3596996020656489
874 3545 -0.605315639247921
874 3560 0.04446412981235712
874 3575 -0.10558402364775436
874 3590 -0.2895635009967185
875 890 1.0
875 3785 0.10897638169574278
875 3800 -0.586221552129811
875 3815 -0.2860603756391511
875 3830 0.13308689388012715
875 3845 1.0
875 3860 0.1988781876804782
875 3695 0.22693979632836464
875 3710 0.14989042106836134
875 3725 -0.2584796602281665
875 3740 -0.664667677774186
875 3755 -1.0
875 3770 -0.06115032284836355
888 889 -0.2564952116851516
888 3425 -0.5259265170597873
888 3440 0.8849570101886768
888 3455 -0.11441607405289791
888 3470 0.11467344275995163
888 3485 0.0825395465951365
888 3500 0.06028281424528753
888 3365 0.08983697564920569
888 3380 -0.1951694505179173
888 3395 -0.2641542637977072
888 3410 0.43297404666562395
889 890 0.07564033921131535
889 3605 -0.28518892758541603
889 3620 -0.31288600941368877
889 3635 0.10797030268174855
889 3650 0.07199920062973783
889 3665 -1.0
889 3680 -0.608502713972366
889 3515 0.6972467736428235
889 3530 0.03146878741054202
889 3545 0.8281411090578865
889 3560 -0.18127279896140283
889 3575 0.08473859905197234
889 3590 -0.04334875992806167
890 3785 -0.1635740419921642
890 3800 0.4458910603195376
890 3815 0.12863422534599453
890 3830 0.2062057401632929
890 3845 -0.8485622103285906
890 3860 -0.7906918644866684
890 3695 -0.2423675097896917
890 3710 -0.7704200575752589
890 3725 -1.0
890 3740 -0.09077636392339022
890 3755 0.6333132970645362
890 3770 0.10719556010183254
903 904 -0.03507575395586738
903 918 -0.5419735846779904
903 3425 0.23434534939308005
903 3440 -0.11975721135303788
903 3365 0.41465596028211854
903 3380 0.7669794306219534
903 3395 -0.3469552468819796
903 3410 0.8059977117375529
904 905 -0.588098370060679
904 919 -0.1552375781667018
904 3605 0.15701334514025875
904 3620 0.3412501214419167
904 3455 0.6220280236310621
904 3470 0.13980500220463402
904 3485 -1.0
904 3500 -0.056011739701846044
904 3515 -0.06793618976954621
904 3530 0.3218419998844865
904 3545 0.0687725661531568
904 3560 0.7773395973227322
904 3575 0.23492511050502443
904 3590 0.14820333596152252
905 920 -0.3572745296140557
905 3785 0.51399351199119
905 3800 0.5762954323444623
905 3635 0.05585500968404706
905 3650 -0.47077726498042566
905 3665 0.4151614340880778
905 3680 -0.1818575084649474
905 3695 -1.0
905 3710 -0.029881401956636588
905 3725 0.22843895533249423
905 3740 -0.5074386407337277
905 3755 0.5318859755535442
905 3770 0.45302588019965584
918 919 0.43747485903637984
918 3425 -0.016870555435532203
918 3440 -1.0
918 3365 -0.34283889745499585
918 3380 0.03344382664756198
918 3395 -0.13584754648063935
918 3410 -0.8725112374715066
919 920 0.06175175423528685
919 3605 0.06967493083759924
919 3620 -0.16989487306894088
919 3455 -0.23550720721212257
919 3470 0.25906187552509946
919 3485 0.27252996779814254
919 3500 -0.07463894672106786
919 3515 -0.4779363664134804
919 3530 0.7970889878882018
919 3545 0.1649199372557088
919 3560 0.1522064614098809
919 3575 -0.1330598305303086
919 3590 -0.7578310903481683
920 3785 0.2759329680607778
920 3800 -0.12128940895044761
920 3635 -0.17182541392630696
920 3650 -1.0
920 3665 0.4514794271216243
920 3680 -0.3352615005470604
920 3695 -0.8509017470581411
920 3710 -0.12561891056637017
920 3725 -0.159421099699019
920 3740 0.4407371166106697
920 3755 -0.5268979484018286
920 3770 0.061654895526556244
933 934 -0.20999233030895156
933 948 0.2740802896931795
933 3425 0.5984941922673733
933 3440 0.335530661626508
933 3365 0.9108694636680581
933 3380 0.7789908147669431
933 3395 0.013461443115873967
933 3410 0.37035632543986574
934 935 -0.43172341580956297
934 949 0.7748861841929354
934 3605 -0.04673150244004575
934 3620 -0.25808408776009156
934 3455 0.7462197106210805
934 3470 1.0
934 3486 0.18593474442621613
934 3501 -0.15321871198629922
934 3516 0.7965359671478841
934 3531 0.12673167166897925
934 3545 0.149374943388725
934 3560 -0.6221204529519486
934 3575 -0.2878857643275615
934 3590 -0.11526902670790211
935 950 -0.33351082035372487
935 3785 -0.23026901608633857
935 3800 -0.13520167650619025
935 3635 1.0
935 3650 1.0
935 3666 -0.40824469644728034
935 3681 0.620102463568697
935 3696 -0.5615734074646501
935 3711 -0.3030946734465989
935 3725 -0.18814989540947855
935 3740 0.21943393609661854
935 3755 -0.384575843505429
935 3770 -0.09943649310863291
948 949 0.460585114708567
948 3425 -0.6202622887359414
948 3440 1.0
948 3365 -0.2035782513073122
948 3380 0.4429226007022303
948 3395 0.3267737802598662
948 3410 0.004717211955099851
949 950 -0.7910597304471931
949 3605 0.22749483332985657
949 3620 -1.0
949 3455 0.3715570070569508
949 3470 -0.35004143539734894
949 3486 0.4960148367847057
949 3501 0.8210497452572293
949 3516 -0.006787221446331887
949 3531 -0.399750814823029
949 3545 0.0853544975114116
949 3560 -1.0
949 3575 0.017933533707338592
949 3590 -0.5596458523683381
950 3785 0.3544557760933288
950 3800 -0.4601548880206507
950 3635 -0.3716194050716078
950 3650 0.31501266677094863
950 3666 0.4419754538785385
950 3681 -0.5071433441495692
950 3696 -0.14618681610963316
950 3711 -0.04934699793052571
950 3725 -1.0
950 3740 0.11937335819239035
950 3755 -0.3098444684869764
950 3770 -0.28651240988522103
963 964 -0.4023836483658494
963 978 -0.26061285624213076
963 3425 -0.4238465155394876
963 3440 -0.19899292887485287
963 3455 -0.5780383741535711
963 3470 0.5168105935713028
963 3486 0.28126910732571603
963 3501 0.01103185421283211
963 3516 0.48730996856383163
963 3531 -0.07734642825451428
963 3545 0.25477582448209896
963 3560 -0.8511833702414346
963 3395 -0.4407717906216899
963 3410 -0.13154537921145418
964 965 -0.03633470563213875
964 979 -0.05817682352256119
964 3605 -0.3008636342179794
964 3620 -0.6156149746877504
964 3635 -0.2897491141999261
964 3650 0.5041642696947147
964 3666 -0.11285372256374657
964 3681 0.3725442260451184
964 3696 -0.17776501473097933
964 3711 0.32480612977721857
964 3725 -0.022883511388897465
964 3740 0.4031706779008373
964 3575 -0.026583109281251772
964 3590 -0.061233695443506896
965 980 -0.7011689730940865
965 3785 0.6430374275943621
965 3800 0.9722153581356149
965 3815 -1.0
965 3830 0.5778753180180699
965 3846 0.3798547303902828
965 3861 1.0
965 3876 0.20843862118126938
965 3891 0.6367623908307373
965 3755 -0.4541982505928779
965 3770 0.5440916732494642
978 979 0.4150039252462016
978 3425 0.5413988194794298
978 3440 -1.0
978 3455 -0.6068885651407517
978 3470 0.5777800295709433
978 3486 0.3021457683114044
978 3501 0.35490424861982345
978 3516 -0.3522735969104223
978 3531 0.6464229965859538
978 3545 -0.22140344608810375
978 3560 -0.7288711876727145
978 3395 0.3406279129438178
978 3410 0.1151583528162994
979 980 -0.09699517571216892
979 3605 -0.6297836624882261
979 3620 0.743033824767357
979 3635 0.26113818400843547
979 3650 0.4013742758760253
979 3666 0.27594477842018605
979 3681 -0.41140855233874396
979 3696 0.49324664951805125
979 3711 -0.5091182195031334
979 3725 0.4382791210110025
979 3740 -0.9939388281601773
979 3575 -0.11191338687852662
979 3590 -1.0
980 3785 -0.34753654285609586
980 3800 -0.044482489002112144
980 3815 0.128130070945801
980 3830 0.1457606984103771
980 3846 -0.07626540399852993
980 3861 0.590413014265739
980 3876 0.02702810677250672
980 3891 0.6174343614747528
980 3755 -0.6533739199983154
980 3770 -0.3569116683150933
993 994 -0.23265921583238686
993 1008 0.19600689871161828
993 3426 0.5768444164438468
993 3441 0.264343224167325
993 3456 0.04994323588623567
993 3471 -0.00450717582723972
993 3486 -1.0
993 3501 0.44729549759887033
993 3516 0.8924737226991785
993 3531 0.8359693478688975
993 3545 -0.9891351167131887
993 3560 -0.0006056798115614228
993 3395 0.6079625139024439
993 3410 0.3547134541537932
994 995 1.0
994 1009 -0.20724785490715275
994 3606 -0.5306074975694283
994 3621 -0.23694613201945297
994 3636 -0.11793459622309302
994 3651 -0.14560229628890511
994 3666 0.33010887477949147
994 3681 0.05604946754332652
994 3696 0.50755368537956
994 3711 -0.10461881529903294
994 3725 0.7173729530692223
994 3740 -0.7114274179153014
994 3575 -0.7538784232612739
994 3590 -0.26993889835898377
995 1010 0.30874116519184097
995 3786 0.24016821893835097
995 3801 -0.24168470681353454
995 3816 0.1423970690738775
995 3831 0.24739951235003046
995 3846 -0.32494187960980897
995 3861 0.3604951881279901
995 3876 0.6966591273751234
995 3891 0.11251350383740309
995 3755 -0.40986129974310354
995 3770 -0.5184105570743944
1008 1009 -0.5946779180169411
1008 3426 0.9191917950945517
1008 3441 -0.1551902740656219
1008 3456 -0.7420420024812021
1008 3471 0.5293786678462188
1008 3486 -0.04841834985854
1008 3501 -0.30596867987046383
1008 3516 -0.0719532594877447
1008 3531 0.043531980378800426
1008 3545 0.24909016573023576
1008 3560 -0.262980719562588
1008 3395 0.38919276056139673
1008 3410 -0.7695026418762685
1009 1010 -0.13859632227842983
1009 3606 -0.2790967137327023
1009 3621 -1.0
1009 3636 0.03987266423079833
1009 3651 0.37749241143094175
1009 3666 0.6046701464395167
1009 3681 0.551908763033387
1009 3696 -0.03981484223428202
1009 3711 0.6252350108287625
1009 3725 -0.027028918242732233
1009 3740 -0.07926124613076047
1009 3575 0.4361900696641699
1009 3590 -0.4327755916468158
1010 3786 -0.665130248453131
1010 3801 0.20914171534264395
1010 3816 -0.5655937857373379
1010 3831 0.1984993293349332
1010 3846 0.007563391943918861
1010 3861 0.39438088376024044
1010 3876 0.9127502014513953
1010 3891 -0.4050916859473764
1010 3755 0.13258072262295997
1010 3770 0.44919061958781753
1023 1024 -0.02495087214318544
1023 1038 0.27890516614997
1023 3426 -0.11936503069027102
1023 3441 0.6679458301359912
1023 3456 0.035473667735037746
1023 3471 0.05458752718222142
1023 3486 0.1396973440445035
1023 3501 0.05937973613434847
1023 3365 -0.38273668130354316
1023 3380 0.4158723689483967
1023 3395 0.47623716964404345
1023 3410 -0.06439139724555207
1024 1025 -0.9348026898466953
1024 1039 0.37706627001659715
1024 3606 0.3377784958554142
1024 3621 -0.1962791515061497
1024 3636 0.2788717582659009
1024 3651 -0.2974090542835381
1024 3666 0.40497987751547876
1024 3681 -0.16711169842171267
1024 3516 -0.13383977607566497
1024 3531 0.4605419339048457
1024 3545 1.0
1024 3560 -0.6273395121142457
1024 3575 0.7800343337243705
1024 3590 -0.07302535028214653
1025 1040 0.1742331751755842
1025 3786 -0.09263400440326106
1025 3801 -0.8412113312272878
1025 3816 -0.24471248489346228
1025 3831 -0.1676662550901653
1025 3846 0.007642804899268908
1025 3861 0.5781693944474234
1025 3696 -0.38818603496418314
1025 3711 -0.4974149847700232
1025 3725 -0.2727881615391723
1025 3740 -0.7158291408750711
1025 3755 -0.4613368924411185
1025 3770 0.881652304524081
1038 1039 -0.057169919854120475
1038 3426 -0.01886940825529595
1038 3441 -0.11048340411694764
1038 3456 0.9511996462171903
1038 3471 0.0409155615411775
1038 3486 -0.1152323831311274
1038 3501 0.11126888973300654
1038 3365 1.0
1038 3380 1.0
1038 3395 0.5994038752757893
1038 3410 0.10854504699203274
1039 1040 0.1627344339492971
1039 3606 -0.27535482797379857
1039 3621 0.5309904794224699
1039 3636 0.13688634129477886
1039 3651 -0.024104046368807072
1039 3666 0.13075276407117367
1039 3681 -0.4900724914635075
1039 3516 0.29758840361929434
1039 3531 0.43333343154005177
1039 3545 -0.1676539152244999
1039 3560 -1.0
1039 3575 -0.1298384987235181
1039 3590 0.6945402077616615
1040 3786 -0.05454698988532024
1040 3801 0.4381114412105045
1040 3816 0.24318408585185147
1040 3831 0.528658254932997
1040 3846 0.5999214248401271
1040 3861 0.6819427869284056
1040 3696 0.01147860610086278
1040 3711 -0.8564664840577004
1040 3725 0.05867280122764895
1040 3740 0.7436432727107619
1040 3755 -0.2802945306939349
1040 3770 0.051991246670357476
1053 1054 0.8360605363720167
1053 1068 -0.7384372301506439
1053 3426 -0.621682685483382
1053 3441 -0.9733418232642118
1053 3456 -0.43835667351731217
1053 3471 -0.3505856581566445
1053 3486 0.5799993987205231
1053 3501 -0.46961475073274134
1053 3366 0.5485648283494728
1053 3381 0.014403981267085463
1053 3396 0.3456501751905099
1053 3411 -0.9983131934047228
1054 1055 -0.539981223393489
1054 1069 0.20431110332523222
1054 3606 0.6093789390384996
1054 3621 0.12001964592993368
1054 3636 0.28669386556417614
1054 3651 0.2602219370153772
1054 3666 -0.08559046812534327
1054 3681 0.7667640455375423
1054 3516 -0.5608819700550308
1054 3531 0.05138176733739776
1054 3546 -0.6232810339903785
1054 3561 0.10066706238887868
1054 3576 -0.46707350201296843
1054 3591 0.5241928846881706
1055 1070 -0.6179754995541871
1055 3786 0.9020242789471958
1055 3801 -0.37101813371909226
1055 3816 -0.552329570069594
1055 3831 0.09711328262815691
1055 3846 0.7609494452591848
1055 3861 0.4920463889090112
1055 3696 -0.11225470246804654
1055 3711 1.0
1055 3726 0.014452553430068562
1055 3741 -0.28534613035401024
1055 3756 -0.3691379143989513
1055 3771 -0.48139054742613996
1068 1069 -0.14391242327613898
1068 3426 -0.891503293162202
1068 3441 -1.0
1068 3456 -0.5788751950849027
1068 3471 -0.04858193709756356
1068 3486 -0.323899438725528
1068 3501 0.5712167065671762
1068 3366 -0.9896305620032736
1068 3381 0.2195376341794088
1068 3396 -0.29398831402439096
1068 3411 0.1461532182896455
1069 1070 -0.6088820865846526
1069 3606 -0.5111939667647939
1069 3621 -1.0
1069 3636 -0.5765849440839457
1069 3651 0.40895719095089583
1069 3666 -0.21566304346144238
1069 3681 -0.22032121857345663
1069 3516 -0.05459072161145383
1069 3531 -0.9338593275166279
1069 3546 0.22041174268227734
1069 3561 -0.17007940428020246
1069 3576 1.0
1069 3591 -0.08222044182871509
1070 3786 0.2539860040886248
1070 3801 0.6176733612015036
1070 3816 -0.26185163768398323
1070 3831 -0.3345816918522354
1070 3846 0.422815534327851
1070 3861 -0.454605112247018
1070 3696 -0.3257727061161876
1070 3711 -0.2399644748221544
1070 3726 0.3022615847417196
1070 3741 0.7637494875037288
1070 3756 0.22770790089621123
1070 3771 0.5520583660297586
1083 1084 0.2217326678594121
1083 1098 -0.6232859056084299
1083 3426 -0.5515137378499176
1083 3441 0.4167504581457119
1083 3366 0.3180953288899534
1083 3381 0.7634243152055034
1083 3396 -0.10723066120575679
1083 3411 -0.09227876446061663
1084 1085 0.2833004893583508
1084 1099 0.42512854133602695
1084 3606 -0.23703949088131973
1084 3621 -0.13964773701231228
1084 3456 0.6396782646303933
1084 3471 -0.7155796217438277
1084 3486 -0.5758468863641107
1084 3501 -1.0
1084 3516 -0.41681668821298723
1084 3531 0.3962679400771156
1084 3546 0.3320155834290972
1084 3561 -0.36443566106253594
1084 3576 -0.055767899683585864
1084 3591 -0.35200671847912035
1085 1100 -0.6208517142672993
1085 3786 0.13029091413842697
1085 3801 0.16696397349287342
1085 3636 -0.13858068036406693
1085 3651 -0.030182913358177525
1085 3666 0.43806171254119003
1085 3681 -0.2503470904760778
1085 3696 0.484339832578991
1085 3711 -0.24548156927260523
1085 3726 -0.6057268978251639
1085 3741 -0.26165481965535003
1085 3756 0.9861073697372115
1085 3771 -0.3288746149768213
1098 1099 -0.7710039650093226
1098 3426 -0.5341993265918832
1098 3441 0.12599397481633978
1098 3366 -0.007103074354604332
1098 3381 0.033100978582861866
1098 3396 0.9096838831285052
1098 3411 0.3152058420069711
1099 1100 0.8000444796472691
1099 3606 -0.25265591281077543
1099 3621 -0.22000041464591455
1099 3456 0.14687541354842193
1099 3471 -0.903787116589555
1099 3486 0.07027799527929422
1099 3501 -0.01086310315643918
1099 3516 -0.511009791583662
1099 3531 -0.40766815727038797
1099 3546 -0.023025636322010247
1099 3561 -0.17751785912000592
1099 3576 -0.8927629191019355
1099 3591 -0.46530447547016307
1100 3786 0.25134869436911267
1100 3801 -1.0
1100 3636 -0.788690575144365
1100 3651 -0.058639419826870084
1100 3666 -0.05878912675211473
1100 3681 0.5928786908098561
1100 3696 -0.4566591280597086
1100 3711 -0.42649256652233686
1100 3726 0.10489973251976847
1100 3741 -0.4728373523178661
1100 3756 0.4278799145696781
1100 3771 -0.017420195132282525
1113 1114 -0.621675938760501
1113 1128 0.25650944858944846
1113 3426 -0.04047504802540166
1113 3441 -0.00043427087953756897
1113 3366 0.5673097312513192
1113 3381 0.3389181227802168
1113 3396 -1.0
1113 3411 -0.7762436926064823
1114 1115 0.31145042543539336
1114 1129 -0.6185668351684651
1114 3606 0.2718469408962012
1114 3621 -0.3804301710803347
1114 3456 0.11721186556865602
1114 3471 0.24130144265639838
1114 3546 0.3791405224855746
1114 3561 -0.06425836391481918
1114 3576 0.7544543836588328
1114 3591 0.5875421224455696
1115 1130 -0.18635350704921533
1115 3786 -0.5080835244275606
1115 3801 -0.33783938853186757
1115 3636 0.1876211053557857
1115 3651 0.10689160790259683
1115 3726 -0.12703556725837736
1115 3741 -0.491816076694701
1115 3756 -0.06943544106811667
1115 3771 -1.0
1128 1129 -0.515411681152575
1128 3426 -0.037170524977914586
1128 3441 -0.0991355299114538
1128 3366 -0.19602725181137298
1128 3381 -0.20665533940545014
1128 3396 -0.007350290962836684
1128 3411 0.14375816724468168
1129 1130 0.5739788263499276
1129 3606 -1.0
1129 3621 0.5515641323642099
1129 3456 -0.7649134249012061
1129 3471 -0.48974576691719734
1129 3546 -0.7777008618575341
1129 3561 0.8861417885392546
1129 3576 -0.7424402742423242
1129 3591 0.12140762440969954
1130 3786 0.39402643670876264
1130 3801 -1.0
1130 3636 0.5500711597911739
1130 3651 0.7306864620239416
1130 3726 -0.5354734638244644
1130 3741 -1.0
1130 3756 -0.3038236417901948
1130 3771 0.1865374981067139
3364 3365 -0.1984551230446851
3364 3379 0.08274096069813329
3365 3366 0.994107005909076
3365 3380 0.4122738800716921
3366 3381 -0.2746896448643216
3379 3380 0.21559310574763577
3380 3381 0.5399973275144117
3394 3395 -1.0
3394 3409 0.226325408963001
3395 3396 -0.44411763183333103
3395 3410 0.15085815803179667
3396 3411 0.2807564463118699
3409 3410 -0.6126818302056879
3410 3411 -0.3903477776805484
3424 3425 -0.2859145719890237
3424 3439 -0.31652113821114997
3425 3426 0.7232762091907918
3425 3440 -0.32795720491079133
3426 3441 0.6672879205781227
3439 3440 0.17243081087145284
3440 3441 -0.624325652408433
3454 3455 0.12602726756078478
3454 3469 -0.12653145858727388
3455 3456 0.43770525453007697
3455 3470 0.5312126874348984
3456 3471 -0.6574378934914897
3469 3470 -0.018764836600060005
3470 3471 -0.21518589811746527
3484 3485 0.3226286656311604
3484 3499 -0.9504014188438565
3485 3486 -0.37383103934609613
3485 3500 0.7158391727572919
3486 3501 0.5844793457363617
3499 3500 -0.48606388710736653
3500 3501 -0.01945955778606502
3514 3515 0.06198069128187906
3514 3529 0.626188769706738
3515 3516 -1.0
3515 3530 0.5891955230532278
3516 3531 0.03681155240170045
3529 3530 0.21366311646397124
3530 3531 0.2661750678477922
3544 3545 -1.0
3544 3559 -1.0
3545 3546 0.3618928016210052
3545 3560 0.442946117908589
3546 3561 0.290407861723377
3559 3560 -0.5589994600664531
3560 3561 0.41583008727950255
3574 3575 0.8433952639015984
3574 3589 -0.09146066388265242
3575 3576 0.26639831660039287
3575 3590 -0.343101744291456
3576 3591 -0.9597912733336199
3589 3590 -0.814353418559127
3590 3591 -0.38475814915222745
3604 3605 0.29412562929093106
3604 3619 -0.14189668902371744
3605 3606 -0.45826520529084525
3605 3620 0.7741783538589141
3606 3621 -0.5769691190439101
3619 3620 0.6037246876792455
3620 3621 0.12127551034171681
3634 3635 0.2200879403818892
3634 3649 0.30405886444090807
3635 3636 -0.8151384896539782
3635 3650 -0.2561053295626432
3636 3651 -0.27190559821529403
3649 3650 -1.0
3650 3651 0.035712905575292914
3664 3665 -0.29748962879380036
3664 3679 -0.9115445677164027
3665 3666 0.4758448100465162
3665 3680 -0.09114698325004003
3666 3681 0.6291331544174809
3679 3680 0.9571877214991685
3680 3681 0.1228948598648729
3694 3695 -0.5343453116742295
3694 3709 -0.02673512409089698
3695 3696 -0.26081998922540844
3695 3710 0.34169268771895234
3696 3711 0.28108509926200237
3709 3710 -0.2714231758321975
3710 3711 0.9803917290574222
3724 3725 0.13505536573767005
3724 3739 -0.618291302806426
3725 3726 -0.16862367007033177
3725 3740 -0.29248743460685683
3726 3741 -0.7315334922190286
3739 3740 -0.0830677114432587
3740 3741 -0.2607879566784302
3754 3755 -0.04563992432161433
3754 3769 -0.8234730799872126
3755 3756 -0.14774571117293925
3755 3770 -0.5826516323540988
3756 3771 0.14356474220459578
3769 3770 -0.3450408203870343
3770 3771 0.4252698544615723
3784 3785 -0.7527321801529866
3784 3799 -0.5490888903639539
3785 3786 -0.3853261922986652
3785 3800 -0.08870447288100673
3786 3801 0.48980573807177724
3799 3800 0.30780668558520724
3800 3801 0.10137806271416751
3814 3815 -0.9805891592656577
3814 3829 0.30340694179899935
3815 3816 -0.7412008621419343
3815 3830 0.052451217122346364
3816 3831 0.19904813295616774
3829 3830 0.13570547475532524
3830 3831 0.30043892290967145
3844 3845 0.4359261835342822
3844 3859 -0.2590873578586627
3845 3846 -0.41583730368151595
3845 3860 0.4966459284561109
3846 3861 0.7316274625923331
3859 3860 -0.48825159188697553
3860 3861 -1.0
3874 3875 -0.2546557889316802
3874 3889 0.28566897389394774
3875 3876 0.3509808492913327
3875 3890 -0.29485693965683
3876 3891 -0.23184896710932165
3889 3890 0.9524983634939933
3890 3891 0.49780031503204525
