# 
603 603 0.7526383764866307
604 604 -1.7584035413933914
605 605 -0.7775762100182368
618 618 0.3948570448113808
619 619 0.24956346859106687
620 620 2.029847472406404
633 633 -1.8058530597542808
634 634 -1.048651452374395
635 635 -0.9948219962438115
648 648 -0.8230140219059524
649 649 2.143773543518172
650 650 0.6169049555025571
663 663 0.09448269117296043
664 664 0.45230313985495824
665 665 0.4451065593116334
678 678 -1.8045505883439592
679 679 0.07877262214849391
680 680 -0.43700877638870356
693 693 -2.156390334942687
694 694 -1.6809377952210138
695 695 0.668851950999973
708 708 -0.58396786809987
709 709 -2.033974411911457
710 710 0.08528041898866612
723 723 0.7688712655188473
724 724 1.6419863695874026
725 725 0.42434062746571044
738 738 -0.7477674468372757
739 739 -0.4022882557238657
740 740 1.133741447787707
753 753 1.5376491596840287
754 754 -0.9322536044434525
755 755 1.185147402694583
768 768 -1.0507600783951885
769 769 0.04216654521762793
770 770 0.04106351901434569
783 783 -2.101584127926529
784 784 -0.6549373414516007
785 785 0.3747659987620509
798 798 -0.3175757659855929
799 799 -0.45490695306436113
800 800 -0.8050934657375982
813 813 -0.23798512238039846
814 814 0.5698141354516346
815 815 0.8918687111530962
828 828 -0.13874304582358438
829 829 -0.9688311373546289
830 830 -0.880533814627052
843 843 0.5166409880992189
844 844 -0.39489073230631416
845 845 1.116044226305166
858 858 0.23061065197851646
859 859 0.6725811642137391
860 860 0.8222161356106696
873 873 1.7397343273357566
874 874 -0.9726667646818326
875 875 0.19855993407831868
888 888 -0.9017898562844958
889 889 -1.0724410757159186
890 890 -0.14693071250436954
903 903 -0.27819810956462093
904 904 0.3832589210157904
905 905 -1.57372556697124
918 918 -0.6197905266019196
919 919 -0.32097158839812584
920 920 0.5979502397942034
933 933 -2.2199423602144237
934 934 0.14422470091384615
935 935 -0.880475499722072
948 948 -1.1026330852808777
949 949 1.5112369560914811
950 950 -0.22475183650193403
963 963 0.044319384871074424
964 964 -0.6337787695098238
965 965 -0.27385998268918255
978 978 0.12712791548373337
979 979 1.1196635302637727
980 980 0.8196744860000073
993 993 0.21467454854478737
994 994 -2.7783632417944064
995 995 0.9370845378299427
1008 1008 -0.14788042901551796
1009 1009 0.3004730745433991
1010 1010 0.10379279909025697
1023 1023 0.6015317692406417
1024 1024 -0.419946554162564
1025 1025 -1.1316042573820628
1038 1038 0.264113164791752
1039 1039 2.021232744781275
1040 1040 0.719090282048368
1053 1053 -0.026286615801396133
1054 1054 0.3019771425701761
1055 1055 -0.07913188060081465
1068 1068 -0.46686586604947583
1069 1069 1.4472836445036998
1070 1070 1.9660837006856302
1083 1083 -0.4164558542750216
1084 1084 0.014389698553253118
1085 1085 -1.493458964272815
1098 1098 -2.871227717711303
1099 1099 2.1111571340869904
1100 1100 0.3053167000072737
1113 1113 0.4022539143953024
1114 1114 -0.9757042342679778
1115 1115 -0.9920528283530272
1128 1128 0.6341340775604499
1129 1129 2.006837226050045
1130 1130 0.24471653424186215
3364 3364 -0.14150278262898217
3365 3365 1.5436103700362975
3366 3366 -0.3653024727898204
3379 3379 0.5012778917463209
3380 3380 0.0229385328291714
3381 3381 -1.1717551168667577
3394 3394 -0.29075736601361024
3395 3395 1.3791674254151798
3396 3396 1.206841284662078
3409 3409 0.6666460942020281
3410 3410 1.381959441181217
3411 3411 0.23321096667817037
3424 3424 -0.8614788498606109
3425 3425 -1.921733290507621
3426 3426 1.2343153249040386
3439 3439 0.2655028546975682
3440 3440 -0.7663801306516052
3441 3441 -0.9146814840290952
3454 3454 -1.2172156293015015
3455 3455 0.21556720390045847
3456 3456 2.1451282684801702
3469 3469 -0.17150532955711192
3470 3470 0.4729255151055147
3471 3471 0.303084249961474
3484 3484 -0.13702438952994997
3485 3485 -2.0402967764541864
3486 3486 -1.7241602322386207
3499 3499 1.0828549530169702
3500 3500 0.6806552501863167
3501 3501 -0.22365409546068277
3514 3514 -0.21534044506233924
3515 3515 2.1840461593483895
3516 3516 -1.0286410525085947
3529 3529 1.5727198097818356
3530 3530 -0.46830341692473615
3531 3531 -0.6890811921010249
3544 3544 -1.1472081869239283
3545 3545 -1.499825740788811
3546 3546 -1.5755289639208643
3559 3559 0.025181363516140375
3560 3560 1.0246447613991554
3561 3561 1.0117766422022474
3574 3574 -0.8151041766431694
3575 3575 -0.40390918688542454
3576 3576 2.0914403055527453
3589 3589 0.08930830264036967
3590 3590 -0.8265691357499967
3591 3591 1.191067395265748
3604 3604 0.08391302274529469
3605 3605 0.018530116907891477
3606 3606 0.8643765477119676
3619 3619 -0.018190031023598095
3620 3620 0.6309066431905532
3621 3621 0.06675016241228916
3634 3634 0.2098854364360834
3635 3635 0.9045566655112978
3636 3636 -0.22325607819855117
3649 3649 0.2749464998006864
3650 3650 -1.913776136737571
3651 3651 0.9126624452932416
3664 3664 1.4813629277252869
3665 3665 1.687400312926797
3666 3666 0.4242271205633732
3679 3679 -0.35514442156404874
3680 3680 0.9797029242361739
3681 3681 -0.28504895174257705
3694 3694 -0.055813569412950875
3695 3695 0.4867138109930106
3696 3696 -0.8166946112335888
3709 3709 -1.1252047677452877
3710 3710 -0.7739973381444486
3711 3711 0.837368176838055
3724 3724 -0.302521703248547
3725 3725 -0.36711747632034875
3726 3726 1.4099693366238863
3739 3739 0.4884691571881677
3740 3740 1.4113962968775042
3741 3741 1.333074924821587
3754 3754 0.3776399931589025
3755 3755 -0.46438004877957956
3756 3756 -0.8247396326016205
3769 3769 0.5467586032335764
3770 3770 0.8561790848157911
3771 3771 -1.0365354655459613
3784 3784 0.5646814404748196
3785 3785 0.34158908738945126
3786 3786 1.4651089642893613
3799 3799 0.6912566733354302
3800 3800 -1.7647755234166673
3801 3801 -0.23150094773086705
3814 3814 0.7859907720693169
3815 3815 -0.7291306496497639
3816 3816 0.6958515117708981
3829 3829 1.6342153290447128
3830 3830 -0.41544250267651817
3831 3831 -0.41712744562518633
3844 3844 1.3912131704024218
3845 3845 0.5734669316296275
3846 3846 -0.012454039219051753
3859 3859 -0.5084798246203339
3860 3860 0.6721429475019272
3861 3861 -0.3197773645080088
3874 3874 -0.5787320122051892
3875 3875 0.16589886000294857
3876 3876 1.226426652191799
3889 3889 0.4002163940833421
3890 3890 0.03915415556248494
3891 3891 -0.8615064705895741
603 604 -0.187263810559632
603 618 0.8725912330911855
603 3484 -0.07797042790594733
603 3499 -0.7090108842620179
603 3514 -0.1555686813811439
603 3529 -0.32945440876360405
604 605 -0.28858131914995316
604 619 0.5057778174801851
604 3664 0.10295438004470898
604 3679 0.12255005389983362
604 3694 -0.22168590972746677
604 3709 0.34180880121544394
605 620 0.6599435966497177
605 3844 0.8033862470996787
605 3859 -1.0
605 3874 -0.08959520345267019
605 3889 -0.01997647466584465
618 619 -0.8476829277429467
618 3484 -0.046064784942391274
618 3499 0.41587661478837346
618 3514 0.6080023227926178
618 3529 -0.9676410211721713
619 620 -0.15756247374395924
619 3664 -0.023337086596492335
619 3679 -0.26325465838788703
619 3694 0.09179972447849398
619 3709 0.25077921876749837
620 3844 -0.02479476920488384
620 3859 1.0
620 3874 0.581614995251702
620 3889 0.31558114125491626
633 634 0.5754288939272558
633 648 -0.6336540276806341
633 3424 -0.945314022596008
633 3439 -0.3246210227570981
633 3454 -0.7551638419008391
633 3469 0.15529976638014398
633 3484 1.0
633 3499 0.31722179534109196
633 3514 -0.581488551099135
633 3529 0.4366855019713974
634 635 -0.12340241922555574
634 649 0.5538334299377676
634 3604 -0.11483698923227982
634 3619 -0.6797368625893092
634 3634 0.11397807849864872
634 3649 0.6727942007710355
634 3664 0.4360506419637395
634 3679 -0.07659357427443933
634 3694 -0.5530213576013272
634 3709 0.31466119125366576
635 650 -0.14525708494463244
635 3784 0.17616639880644439
635 3799 -0.7456498493184438
635 3814 -0.363964179986841
635 3829 -0.11973762749730801
635 3844 -0.03075813350332413
635 3859 -0.5014528776780095
635 3874 0.9077381670084564
635 3889 0.10043338300794698
648 649 0.5444940150806259
648 3424 -0.17225160691773808
648 3439 -0.0941674892073328
648 3454 -0.12825269414509854
648 3469 -0.6448433229756342
648 3484 -0.37854022501125767
648 3499 -0.7643448239694303
648 3514 -0.15120661464287902
648 3529 -0.3490988311826709
649 650 0.057088729487572834
649 3604 -0.1483251735118583
649 3619 -0.6820173294177161
649 3634 -0.04531686526874306
649 3649 -0.739394001994795
649 3664 0.30441508921593546
649 3679 0.28654727659942475
649 3694 0.6203469891830814
649 3709 0.5290941231849953
650 3784 0.04547463950566318
650 3799 -0.49735119508175135
650 3814 -0.655841561346933
650 3829 -0.43740188043186207
650 3844 0.20707904143706038
650 3859 -0.1536365826199438
650 3874 0.5768924475797884
650 3889 -1.0
663 664 -0.22760392827861864
663 678 -0.2389867711021621
663 3424 0.677803954113738
663 3439 0.9305704642009803
663 3454 -0.4399751164258193
663 3469 0.0164564966980962
663 3484 -0.2637391258363723
663 3499 0.04451932323915845
664 665 0.43717156073264873
664 679 0.09064929780764087
664 3604 0.49606681133817443
664 3619 -0.8514521674520943
664 3634 -0.17354190640820893
664 3649 0.5329509358646917
664 3664 0.445534042239282
664 3679 0.6576784145949788
664 3514 -0.010842874423210129
664 3529 -0.4253833976468882
665 680 0.14388748794780004
665 3784 0.5305789124300415
665 3799 0.004201058969592423
665 3814 0.001920148792577066
665 3829 -0.3807709838271148
665 3844 -0.795099900855789
665 3859 0.06194486030802644
665 3694 -0.4652816426403175
665 3709 0.9744969613946648
678 679 -0.2729897127522251
678 3424 0.3359443107898182
678 3439 -0.24142462285767854
678 3454 0.23755555718606003
678 3469 0.337067817421797
678 3484 1.0
678 3499 -0.29481670500732193
679 680 0.8176094865821237
679 3604 0.010381467107940068
679 3619 -0.13810669302636736
679 3634 -0.07867741118480893
679 3649 -0.3828799596934167
679 3664 -0.08305949076092528
679 3679 -0.060020117996633385
679 3514 -0.012620837832549999
679 3529 -0.1341727874951192
680 3784 -0.39663025577585403
680 3799 -0.459522341023258
680 3814 0.28084276159223637
680 3829 0.3504151686980618
680 3844 0.2640623745563236
680 3859 -0.4076277527010593
680 3694 -0.051493919239922296
680 3709 -0.07880493164287629
693 694 -0.30310272864636223
693 708 0.6521809829882125
693 3424 0.416401113276062
693 3439 -0.458707711586216
693 3454 -0.04432999521628582
693 3469 -0.31124647371811376
693 3484 0.14340961420348494
693 3499 0.10661021860297612
693 3364 0.22982708783185596
693 3379 0.6564990646312285
693 3394 -0.0074676283944061315
693 3409 0.7695943077838132
694 695 0.696043991568877
694 709 0.01249927249852535
694 3604 0.20622662431464334
694 3619 -1.0
694 3634 -0.03179600793572194
694 3649 0.19367680415227592
694 3664 -0.17013483362208143
694 3679 -0.05666203773128269
694 3514 -0.028793100180588903
694 3529 1.0
694 3544 -0.5985872166053501
694 3559 0.5451708036090093
694 3574 -0.5392636746743292
694 3589 -0.40514147267837974
695 710 -0.4927398574362867
695 3784 -0.29018069605700364
695 3799 -0.467552125563314
695 3814 -0.028978282495871432
695 3829 0.7144703053717267
695 3844 0.17019479719856034
695 3859 -0.7789594166037637
695 3694 -0.3466202575512102
695 3709 0.019892121938059372
695 3724 0.18040960458351984
695 3739 0.4787718876645764
695 3754 -0.05180792117058604
695 3769 -0.6645536749044686
708 709 -0.27599134337184883
708 3424 -0.13277785084146723
708 3439 -0.3106933529972541
708 3454 0.7275682570017851
708 3469 -0.5341798475123759
708 3484 -0.4197942097654983
708 3499 0.8899422332358187
708 3364 -0.4484830252522649
708 3379 0.19218499497802663
708 3394 -0.1274306969418975
708 3409 -0.3049084432102461
709 710 -0.7470105481964748
709 3604 -0.2795116346198752
709 3619 0.1020444309473147
709 3634 0.04170041441332525
709 3649 -0.1184088501243327
709 3664 -0.6612229844211023
709 3679 -0.25499482513772265
709 3514 -0.3927573899735974
709 3529 -0.6371456823887047
709 3544 -0.04129514669395485
709 3559 -0.19367744598491016
709 3574 -0.33758351158875066
709 3589 -1.0
710 3784 -0.10234727981779888
710 3799 0.4500239435555609
710 3814 0.8433523730926195
710 3829 -0.2877559388367663
710 3844 -1.0
710 3859 -0.7666452764174305
710 3694 0.5203933300524357
710 3709 -0.0644903558037952
710 3724 -0.25589907944491685
710 3739 0.21785571651823174
710 3754 -0.2947953495453292
710 3769 0.32368127530852475
723 724 0.4272493847826169
723 738 0.33125963879261994
723 3424 0.08523430411433976
723 3439 0.35852953043650276
723 3364 0.6943717718767809
723 3379 -0.45295447750164003
723 3394 -0.15896202715169863
723 3409 0.23076717584065637
724 725 -0.12683416102468162
724 739 -0.03081946608240577
724 3604 -0.10196144911274886
724 3619 0.09847772294712548
724 3454 0.3758175089900758
724 3469 0.36005337917170727
724 3484 0.04985544096580079
724 3499 0.10443080771109693
724 3514 -0.1075774112347271
724 3529 0.6492840512105454
724 3544 0.7923499006418243
724 3559 -0.20522563195533958
724 3574 -0.47057553842259014
724 3589 -0.20932151412449537
725 740 0.8669945437495074
725 3784 0.9445839814355351
725 3799 -0.17817872921636113
725 3634 -0.5397297916559264
725 3649 0.7030214829306894
725 3664 -0.3396545592315176
725 3679 0.4896060309668213
725 3694 -0.18566015393921534
725 3709 -0.4992890121253147
725 3724 -0.023412934351659608
725 3739 -0.6682118433615314
725 3754 0.48062410454815135
725 3769 -0.6262033838822663
738 739 0.8646201737936532
738 3424 0.5503552196515946
738 3439 0.2641695181523225
738 3364 -0.2838843002003752
738 3379 1.0
738 3394 0.5233602204477978
738 3409 -0.3820352347359665
739 740 0.2941410907703911
739 3604 -0.5195979901761639
739 3619 -0.432993387516967
739 3454 0.24154777325828483
739 3469 0.040541644309464706
739 3484 -0.7062863266233204
739 3499 0.02391650086120598
739 3514 0.3602411698512612
739 3529 -0.5200251036718058
739 3544 -0.2887658254410631
739 3559 -0.5018307552097265
739 3574 0.10364165986022021
739 3589 -0.22382623516774605
740 3784 -0.1760027807427939
740 3799 0.1790984465410965
740 3634 0.7423736469938635
740 3649 0.09277995528173534
740 3664 0.5323427344149015
740 3679 0.617778288708757
740 3694 -0.0653630409558602
740 3709 -0.1760069780670149
740 3724 0.7046647830881405
740 3739 -0.28860961724659834
740 3754 -0.26894661445649043
740 3769 0.15888861988446143
753 754 0.2826124222045801
753 768 0.6113985656916913
753 3424 0.2940112238818774
753 3439 -0.9509185737545534
753 3364 0.5725779947672108
753 3379 1.0
753 3394 -0.31068563170320845
753 3409 -0.048461749995369494
754 755 0.36280550986066956
754 769 0.15347934196415156
754 3604 0.48651650452348205
754 3619 0.23961502093905432
754 3454 -0.6722128198668006
754 3469 0.86779710974433
754 3485 -0.1323877901900199
754 3500 -0.2689231241621049
754 3515 0.7385988797009638
754 3530 -0.3068666163932959
754 3544 0.26210670694154437
754 3559 -0.4888744940774097
754 3574 0.1532629466782758
754 3589 -0.30290598987246803
755 770 0.5706993473162464
755 3784 -0.7344496503429537
755 3799 0.3753955564535775
755 3634 0.7645961694568832
755 3649 0.05304529819135398
755 3665 -0.23845333870784666
755 3680 0.0711132968812643
755 3695 -1.0
755 3710 0.9097382121470409
755 3724 0.46203832348140894
755 3739 -0.6650950034397606
755 3754 -0.15075970683678253
755 3769 -0.25153906738297116
768 769 -0.060237631512099946
768 3424 0.19263016397049817
768 3439 -0.6384378433249388
768 3364 -0.8926197134736189
768 3379 -0.3810814746894173
768 3394 0.49561005721517915
768 3409 0.38772397750045295
769 770 -0.8633838638366672
769 3604 -0.4525917817274401
769 3619 1.0
769 3454 0.5792006381719452
769 3469 0.17196025488946176
769 3485 0.43552890690386076
769 3500 0.6793346896353992
769 3515 0.04711629899878382
769 3530 -0.20527792261631198
769 3544 1.0
769 3559 0.09948303643485291
769 3574 0.9671568790748781
769 3589 -0.07580364883365577
770 3784 -0.3946112876981029
770 3799 -0.4962339900694221
770 3634 0.1940522030727341
770 3649 1.0
770 3665 0.48589498539508125
770 3680 0.1342507179066688
770 3695 -0.5124836989439752
770 3710 -0.027118519630433047
770 3724 -0.018121993706145395
770 3739 -0.3606846903750397
770 3754 0.08457156184021818
770 3769 0.7134710565179953
783 784 -0.5085518371103412
783 798 -0.4802263927224527
783 3424 -0.4833490788754261
783 3439 -0.2301140207131418
783 3454 -0.28301511460139983
783 3469 -0.38598146793180677
783 3485 0.2881646154995036
783 3500 -0.05744689433764977
783 3515 -0.1636139343330302
783 3530 0.46455462512209034
783 3544 -0.1832593586101979
783 3559 0.7053591789881531
783 3394 -0.7693340019286736
783 3409 0.23353789887536977
784 785 -0.34057070804435513
784 799 0.6919975637401647
784 3604 -0.33687264380538934
784 3619 0.9899785476441608
784 3634 -0.29718799221291503
784 3649 -0.47299330999299727
784 3665 -0.24908506156879734
784 3680 0.6263590492206821
784 3695 1.0
784 3710 -0.032278048587933664
784 3724 0.4783594316462676
784 3739 -0.45535129681612824
784 3574 -0.2001767523501736
784 3589 0.2455253319034513
785 800 -0.6321688395040885
785 3784 0.030138545894162875
785 3799 0.5070558195977205
785 3814 -0.7605938349116447
785 3829 0.24506966813209394
785 3845 0.4948124634489388
785 3860 -0.05923225064549802
785 3875 0.3385020870378468
785 3890 -0.8837592560977096
785 3754 0.4902847091079988
785 3769 -0.22196503492929182
798 799 -0.18022264595395807
798 3424 -0.19172440202367508
798 3439 0.9376209126138303
798 3454 -0.13255156608377783
798 3469 0.4828808499279875
798 3485 -0.004749032606576907
798 3500 -0.7834156788217975
798 3515 -0.4153191971814422
798 3530 0.04366009595651545
798 3544 -0.5359965357153479
798 3559 0.182955415226656
798 3394 -0.31304306525645026
798 3409 -0.5847511403217512
799 800 0.7813098915886157
799 3604 -0.10763617213243293
799 3619 -0.05882858089491822
799 3634 -0.020020033684983268
799 3649 -0.5648694658649935
799 3665 0.41510422415841597
799 3680 -0.07977549720489217
799 3695 -0.9222148623149612
799 3710 -0.0967716613743466
799 3724 0.5983770538307808
799 3739 -0.44040699116038623
799 3574 0.12252072575823213
799 3589 0.18925645108833683
800 3784 -0.1396558949520405
800 3799 -0.5973732346685705
800 3814 -0.11398395489336564
800 3829 0.1840816738370054
800 3845 -0.8245182970583622
800 3860 -0.5378279349079422
800 3875 -0.3835771519828282
800 3890 -0.5149115850448036
800 3754 -0.29719651423756305
800 3769 0.656102406251654
813 814 0.023357672754156355
813 828 -0.7776186093717954
813 3425 0.2678375754718005
813 3440 0.3771668515673754
813 3455 -0.009372057575961651
813 3470 0.8006857763675522
813 3485 -0.1974932183172148
813 3500 0.036393737200380534
813 3515 -0.8631401000415976
813 3530 -0.1982629473235317
813 3544 0.5330075331499418
813 3559 -0.26766056147186096
813 3394 0.06512015541584856
813 3409 0.2626117746351249
814 815 0.06796560256727746
814 829 0.45705416434985113
814 3605 -0.6614871703857781
814 3620 0.2889951301202335
814 3635 0.38562476470339324
814 3650 -0.2897238739906383
814 3665 -0.6094050724274608
814 3680 0.1997235767065063
814 3695 0.10008380517873011
814 3710 0.26022893055891316
814 3724 -0.392508962233623
814 3739 -0.14227610358526221
814 3574 1.0
814 3589 0.9469202361740943
815 830 0.09289113380029987
815 3785 -0.42011545328421873
815 3800 0.7839216527642338
815 3815 0.16345909757257016
815 3830 -0.03319565456254259
815 3845 -0.4267016882382423
815 3860 -0.6127654290411799
815 3875 -0.005017740049402728
815 3890 0.3945476628011088
815 3754 0.010741018950485997
815 3769 -0.1222430663963708
828 829 -0.08459336486824011
828 3425 0.02192109191907294
828 3440 0.09253749021389307
828 3455 0.23876090798251182
828 3470 -0.22610613163805937
828 3485 -0.760142668434054
828 3500 0.26803809608713636
828 3515 0.2518220244654778
828 3530 -0.06631206864697159
828 3544 -0.3834783836005767
828 3559 0.07928596571195737
828 3394 -0.4135806320803379
828 3409 -0.05084376643138736
829 830 0.5791892443556762
829 3605 -0.14100185037944862
829 3620 0.20655027981209598
829 3635 -1.0
829 3650 0.9153738868848859
829 3665 0.12395593808805476
829 3680 -0.49896898379473403
829 3695 0.3819950100602627
829 3710 -0.01840957276908495
829 3724 0.1557450895153713
829 3739 -0.13021787096940407
829 3574 0.974363755952636
829 3589 -0.17986024159853703
830 3785 0.7103198772757788
830 3800 0.2709030331577049
830 3815 0.7605274591407797
830 3830 0.21463586646625085
830 3845 -0.22459582223276894
830 3860 -0.3978327377602019
830 3875 -0.10713987747397521
830 3890 0.04479244328741229
830 3754 0.023431111396569605
830 3769 0.15015260599609606
843 844 -0.07014053954076437
843 858 0.15491439899034462
843 3425 0.531156742464175
843 3440 0.45877442945255376
843 3455 0.5460388675605351
843 3470 -0.2721000494144366
843 3485 0.30990757388729523
843 3500 -0.12969598952747974
843 3364 0.7397517255136817
843 3379 -0.7830735500207265
843 3394 0.20847755892064804
843 3409 0.3242050225251636
844 845 -0.34757456269048276
844 859 -0.09587244362475089
844 3605 -0.28148221139597246
844 3620 0.5703254284204715
844 3635 0.7547268955842716
844 3650 0.4255939016838435
844 3665 0.5478548546858594
844 3680 0.753556960380357
844 3515 -1.0
844 3530 0.7527582177483498
844 3544 0.24127800963384327
844 3559 0.08723937348818457
844 3574 -0.0014785483604019452
844 3589 -0.3898419287812743
845 860 0.10247915133751535
845 3785 -0.3622208814878487
845 3800 -0.04583424680475565
845 3815 0.31579245118268073
845 3830 0.43179816009904554
845 3845 0.6427048378463603
845 3860 -0.4800563377665622
845 3695 0.8572246716506953
845 3710 -0.1843809035637971
845 3724 -0.3537430308795326
845 3739 -0.8485437714329178
845 3754 0.2794421559379677
845 3769 0.3071529634416678
858 859 0.003978109886663668
858 3425 0.14119975660798278
858 3440 0.31771094216200496
858 3455 -0.2736256716686803
858 3470 -0.8212642550532007
858 3485 -0.5745443510782909
858 3500 -0.3496150130010169
858 3364 -0.22262307412508361
858 3379 -0.39208428795110484
858 3394 -0.827089917515429
858 3409 0.6326959857535881
859 860 -0.7271796226131038
859 3605 -0.8319638638667997
859 3620 0.37799327185834164
859 3635 -0.14829646333791233
859 3650 -0.31599747701626174
859 3665 -1.0
859 3680 0.578050028766282
859 3515 0.5698346581815613
859 3530 0.4518001656193174
859 3544 0.08628327737692752
859 3559 -0.12991932412558757
859 3574 -0.18524336999320476
859 3589 -0.5449661522970107
860 3785 0.8134314144892583
860 3800 -0.32898906615906554
860 3815 0.5262210484138988
860 3830 -0.011822304955692574
860 3845 0.6134152285730888
860 3860 -0.1805379038381925
860 3695 0.09227191102573944
860 3710 -0.33586746385680727
860 3724 -0.06292839867617644
860 3739 0.6215721121293767
860 3754 -0.10151278482845565
860 3769 0.005197833648894332
873 874 -0.2338755782104773
873 888 -0.5705530154520364
873 3425 -0.3974003925887306
873 3440 -0.8426879597447611
873 3455 -0.7597516859805972
873 3470 0.3267148895004822
873 3485 0.8446025712553884
873 3500 0.5301801791133964
873 3365 -0.5905611409911711
873 3380 0.2682645360376649
873 3395 -0.16798607965508297
873 3410 -0.36940783840334235
874 875 -0.08697948873351463
874 889 0.009578807788352094
874 3605 0.6416517179145654
874 3620 0.06567292916665937
874 3635 0.7297751930397001
874 3650 0.5729995073005579
874 3665 -0.16574971230136046
874 3680 0.5348351371792796
874 3515 -0.12109583300617188
874 3530 -0.116993220947464
874 3545 1.0
874 3560 -0.8394550611171253
874 3575 0.23088311428667768
874 3590 -0.6880007764445191
875 890 0.5173288787637647
875 3785 -0.7820363240525913
875 3800 -0.5013309062687555
875 3815 0.5370211746245807
875 3830 -0.025179899200492826
875 3845 0.11370998826187813
875 3860 -0.2344055038022575
875 3695 -0.07118193845996446
875 3710 0.48459964279180884
875 3725 0.39600079652661035
875 3740 -0.24595529262299434
875 3755 1.0
875 3770 -0.5809636453931579
888 889 -0.3489198025643765
888 3425 0.4971434443514249
888 3440 0.05794713442965443
888 3455 0.473667064935337
888 3470 0.25600351399458954
888 3485 0.4934872759294326
888 3500 -0.12173199105167522
888 3365 -0.1449731726064747
888 3380 -0.4038335469615012
888 3395 -0.37380912784471304
888 3410 0.029225613259412024
889 890 -0.5334342178607732
889 3605 0.16364272048513198
889 3620 0.001882151416409957
889 3635 0.004544243852011068
889 3650 0.7712281078351325
889 3665 -0.1670238241161241
889 3680 -0.40080615836739913
889 3515 1.0
889 3530 -0.33067831073232995
889 3545 -0.1555425622152701
889 3560 -0.3783740969894599
889 3575 -0.5623203630535384
889 3590 -0.38942861786798055
890 3785 0.4348170026765875
890 3800 0.4243626319826395
890 3815 0.02852475697201488
890 3830 -0.9647278034961687
890 3845 -1.0
890 3860 -0.9306449137937302
890 3695 0.48139035802344704
890 3710 0.005016715322264089
890 3725 0.4669082506916091
890 3740 -0.5626495906998633
890 3755 -0.9092677237880672
890 3770 -0.4678714478863317
903 904 -0.19008395176282522
903 918 0.09024912396807172
903 3425 -0.3242968618259193
903 3440 0.22110060949223587
903 3365 -0.7027990034607466
903 3380 0.37718807733691057
903 3395 0.06532314857818314
903 3410 0.5782239344656438
904 905 -0.10194452184028259
904 919 -0.03964456886384161
904 3605 -0.10146509570612725
904 3620 -0.17108313124042743
904 3455 0.4413906272203516
904 3470 0.7670842906899648
904 3485 0.3811657149878121
904 3500 -0.5033277607377907
904 3515 -0.584235632343015
904 3530 -0.3577404142884247
904 3545 -0.43986389037973794
904 3560 0.43678899022606615
904 3575 0.45285828678298107
904 3590 0.5067822819976378
905 920 -1.0
905 3785 0.5616947459524694
905 3800 0.7000562876107334
905 3635 0.13606856699888506
905 3650 -0.15671514762810534
905 3665 -0.977430461676404
905 3680 0.5372017465247266
905 3695 -0.1004257480737395
905 3710 0.7069525545460107
905 3725 0.28719625916157376
905 3740 0.43563839684414113
905 3755 -0.6654025910550186
905 3770 0.6447189894557713
918 919 0.06452436669878288
918 3425 -0.22145833386267685
918 3440 -0.5628767414786933
918 3365 -0.25284024547991035
918 3380 0.7289029383552069
918 3395 -0.8213898730200645
918 3410 0.02861942996893386
919 920 -0.372454942906284
919 3605 -0.296693062276069
919 3620 -0.044176865567305885
919 3455 -0.3380965409299178
919 3470 0.5227775370635339
919 3485 0.10217062488786263
919 3500 -0.10684374766905715
919 3515 0.14099673095441587
919 3530 0.3045651388695892
919 3545 0.5390143689851437
919 3560 0.07686002822564085
919 3575 -0.8776098119128474
919 3590 -0.05508908057650823
920 3785 -0.060706622710027185
920 3800 -0.6394922179895731
920 3635 -0.5738050012627403
920 3650 0.19708038492814195
920 3665 -0.1604066930891049
920 3680 -0.8061901206672996
920 3695 -0.09132272587063092
920 3710 -0.5379999058798615
920 3725 0.006381519911847558
920 3740 0.2993655610447718
920 3755 -0.3254861451428561
920 3770 -0.28686175023057
933 934 -0.263697611001413
933 948 0.7257004081467314
933 3425 0.14495428962480233
933 3440 0.48840303085116377
933 3365 0.08642792043430134
933 3380 -0.3396555812758182
933 3395 0.0007771067674841157
933 3410 0.09576917911112884
934 935 -0.187107916837671
934 949 -0.020125211394903763
934 3605 -0.6279528013679085
934 3620 0.03231870842231014
934 3455 0.15047404570146763
934 3470 0.49564643367597966
934 3486 -0.6511893698671131
934 3501 -0.039515352758318
934 3516 -0.2329734997767464
934 3531 0.38332410795071264
934 3545 -0.33634984163720477
934 3560 -0.3642132908231849
934 3575 0.43246210340209523
934 3590 -0.42690176491842385
935 950 0.577146739602801
935 3785 0.07307148021283821
935 3800 0.27565316096932946
935 3635 -0.830148479831959
935 3650 -0.21940027454267258
935 3666 0.46737140601924787
935 3681 -0.47563351263069487
935 3696 -0.24317419865106607
935 3711 -0.23915974119433792
935 3725 1.0
935 3740 0.0945164505573251
935 3755 0.41031135994114054
935 3770 0.14464763398169173
948 949 -0.39394759205060453
948 3425 -1.0
948 3440 0.12586169424436852
948 3365 0.24222111058805862
948 3380 -0.2448291938165284
948 3395 0.5050032275272487
948 3410 -0.15662536584402928
949 950 -0.15588602491247597
949 3605 1.0
949 3620 -0.12667273227472686
949 3455 -0.7810568653032888
949 3470 -0.2938224002963799
949 3486 -0.34405437019293167
949 3501 0.16862393586013308
949 3516 0.35418353480714654
949 3531 -0.9713641222242488
949 3545 -0.4085653775334391
949 3560 -0.46097507578761404
949 3575 0.22644748753439056
949 3590 0.13737910919473068
950 3785 -0.6190769228109526
950 3800 0.40120118414289385
950 3635 -0.2340397890840484
950 3650 -0.038911363758422836
950 3666 -0.1469763369407214
950 3681 -0.39450293957522825
950 3696 -0.527284543171926
950 3711 0.9193350038879584
950 3725 0.05897764552331253
950 3740 -0.9617759166751365
950 3755 -0.4301428814877831
950 3770 0.6027194238053859
963 964 0.6669388158376742
963 978 0.08744925848979546
963 3425 0.5223059791142035
963 3440 -0.18858125732400635
963 3455 0.738958589246399
963 3470 0.716746958072484
963 3486 -0.5906513466454285
963 3501 -0.36578269788621864
963 3516 -0.5488499424699875
963 3531 -0.6597634058589881
963 3545 0.887572138046576
963 3560 -0.8899434561677976
963 3395 -0.01707027413225805
963 3410 0.169027648668425
964 965 -0.4304312357148165
964 979 -0.5825660661164069
964 3605 0.5143136278024089
964 3620 -0.06284661674316828
964 3635 -0.43316575253788425
964 3650 0.20375263889650416
964 3666 0.13710896054884478
964 3681 0.34175190865717847
964 3696 -1.0
964 3711 0.274411608889353
964 3725 -0.09471969025277222
964 3740 0.3655783550027487
964 3575 0.25783991079419866
964 3590 -0.049050850613129734
965 980 -0.23732606225927433
965 3785 -0.022499643514259433
965 3800 0.5736634064285604
965 3815 1.0
965 3830 0.2857532830328995
965 3846 0.08156004402066189
965 3861 -0.28360397183138336
965 3876 -0.3695922679042466
965 3891 0.42853962760573905
965 3755 0.2272322447038992
965 3770 0.12667578771526952
978 979 -0.03154181464180763
978 3425 0.5328662421839806
978 3440 0.4840536096501987
978 3455 0.29265549243561406
978 3470 -0.25026943027310794
978 3486 1.0
978 3501 -0.5562590370245979
978 3516 -0.4313022827229445
978 3531 0.35885002972025004
978 3545 0.3732129749562941
978 3560 0.3169775256849
978 3395 0.5773658410497162
978 3410 -0.11259635434015854
979 980 -0.2485918367072229
979 3605 0.5718895568191203
979 3620 0.17729058417762636
979 3635 0.6248574791582736
979 3650 0.09833506800440349
979 3666 0.4667140206778017
979 3681 -0.45183304623071663
979 3696 0.6335338816396396
979 3711 -0.13772443309670337
979 3725 0.578432320257278
979 3740 0.15175936758248787
979 3575 0.22237147350082195
979 3590 0.16600066627418214
980 3785 0.5159082713425145
980 3800 0.9186053222816208
980 3815 0.10428747638056526
980 3830 0.1372077837077941
980 3846 -0.5572379660621803
980 3861 0.31689343075382426
980 3876 0.3441004647665423
980 3891 -0.37004165109455517
980 3755 -0.39799944046364644
980 3770 -0.27611825484605973
993 994 -0.539428499441593
993 1008 0.3976043087825429
993 3426 0.28549579557269333
993 3441 -0.11128226219780503
993 3456 -0.16539909164200814
993 3471 0.28425115487526376
993 3486 0.41598588616176746
993 3501 -0.37084637427112754
993 3516 -0.15839616538231838
993 3531 0.06327107848304704
993 3545 0.24551211112871535
993 3560 0.5831981367087943
993 3395 0.6448618185958467
993 3410 1.0
994 995 0.26869949562584416
994 1009 0.5714273968707466
994 3606 -0.9268351592479825
994 3621 -0.11567209555567746
994 3636 0.3569291281135176
994 3651 0.3525181599345187
994 3666 -1.0
994 3681 -1.0
994 3696 -0.24038042353826797
994 3711 -0.2786229513284999
994 3725 -0.10654082552949869
994 3740 0.20434729762604995
994 3575 0.5094888881012315
994 3590 0.3474200919494583
995 1010 0.31487499615461717
995 3786 0.33543831885907394
995 3801 -0.5584928335406248
995 3816 1.0
995 3831 -0.22552136015402366
995 3846 -0.013276327318534701
995 3861 -0.38351270931219206
995 3876 -0.8164859806439858
995 3891 -0.5130343379325601
995 3755 -0.9203160232451311
995 3770 0.3773591533158762
1008 1009 -0.43828977600123165
1008 3426 0.07999856444128907
1008 3441 0.032318361039149146
1008 3456 0.05906525790322077
1008 3471 -0.29948045268225265
1008 3486 0.05073261895824399
1008 3501 -0.8479605125663903
1008 3516 -0.47871686441547495
1008 3531 -0.6044306674898877
1008 3545 -0.2737124839569311
1008 3560 -0.45551093106818963
1008 3395 0.15302406710771324
1008 3410 1.0
1009 1010 -0.5396678888783664
1009 3606 0.4661366818643157
1009 3621 0.3670574916878095
1009 3636 -0.01415025640536589
1009 3651 0.6738807192275205
1009 3666 0.6795040813315649
1009 3681 -0.5450492711235868
1009 3696 -0.35742314127047614
1009 3711 0.293630643609031
1009 3725 -0.24102346140407083
1009 3740 -0.4592393534857303
1009 3575 -0.27214864954153783
1009 3590 0.03370320518365983
1010 3786 -0.8317703785477888
1010 3801 -0.1966326966944233
1010 3816 -0.7780780286010621
1010 3831 0.6170024631363267
1010 3846 0.3121506241203321
1010 3861 0.16624377151197758
1010 3876 0.23046107607908747
1010 3891 0.013671714169924217
1010 3755 -1.0
1010 3770 -0.2757484143166493
1023 1024 0.1616775776514615
1023 1038 0.40808337550651747
1023 3426 0.2365731741094585
1023 3441 -0.34203259224787846
1023 3456 -0.3671206468224741
1023 3471 -0.8010414234474743
1023 3486 -0.3077183763888225
1023 3501 -0.9154968140469775
1023 3365 -0.6816704971044267
1023 3380 -0.36045267409560094
1023 3395 0.9481735499598084
1023 3410 -0.20550882987301455
1024 1025 0.6565817424390112
1024 1039 0.7262077945456444
1024 3606 -0.19138782851305422
1024 3621 -0.21994325007510068
1024 3636 -0.22862478768754113
1024 3651 0.009635190279917312
1024 3666 -0.5186968877261755
1024 3681 0.27436354563582366
1024 3516 -0.7559325104363546
1024 3531 0.7133198873694577
1024 3545 1.0
1024 3560 -1.0
1024 3575 0.04626610461783072
1024 3590 0.25811706704528076
1025 1040 0.4475023492237181
1025 3786 -0.1860051335616797
1025 3801 -0.010775066128294186
1025 3816 0.46122488707930176
1025 3831 -0.4998047686667268
1025 3846 -0.4368408293328899
1025 3861 -0.6268509051692644
1025 3696 0.958404891593147
1025 3711 -0.7126666264504564
1025 3725 0.4588426063634587
1025 3740 0.19123926745834333
1025 3755 0.08984652955867924
1025 3770 -0.019868617659873834
1038 1039 -0.5125453866505298
1038 3426 -0.1744626199822662
1038 3441 0.005932580920508742
1038 3456 0.12497891784261812
1038 3471 0.24896944716814667
1038 3486 0.20553457518515805
1038 3501 0.7525113990823898
1038 3365 0.5885387484163869
1038 3380 -0.3084624110605276
1038 3395 0.1322746834410131
1038 3410 0.2687650387468389
1039 1040 -0.31544239397277624
1039 3606 -0.2391880132116604
1039 3621 0.356954412734648
1039 3636 -0.17737040992529604
1039 3651 -0.336229122986065
1039 3666 0.673955775575435
1039 3681 -0.3378821835076378
1039 3516 0.45189993241315396
1039 3531 0.7581834940118952
1039 3545 -0.7528353295371347
1039 3560 -0.9195419551924026
1039 3575 -0.7339357148645278
1039 3590 -0.19327150002817767
1040 3786 0.6885162484867188
1040 3801 0.059854112620725305
1040 3816 -0.06237228769012124
1040 3831 -0.09493133932383348
1040 3846 0.5729809239778089
1040 3861 -0.26892015683944026
1040 3696 0.07588023317760353
1040 3711 -0.3039351326993453
1040 3725 0.604982204010381
1040 3740 -0.31743082383074994
1040 3755 0.026281648133076752
1040 3770 0.5604071854042633
1053 1054 -0.5197522271301933
1053 1068 -0.4009746708410669
1053 3426 0.12309570402807425
1053 3441 -0.9373154463700555
1053 3456 0.0537757371381761
1053 3471 -0.5416591874142099
1053 3486 -0.7958419652871167
1053 3501 0.9100039138793224
1053 3366 0.029419036544170173
1053 3381 -0.6417961327776163
1053 3396 0.4583327923357518
1053 3411 -0.7407241762695885
1054 1055 -0.3911931535392136
1054 1069 0.25905885849892685
1054 3606 -0.9463563673140838
1054 3621 0.1482509583185089
1054 3636 -1.0
1054 3651 0.07777881192897884
1054 3666 -0.08751710958853447
1054 3681 0.007934451229553085
1054 3516 -1.0
1054 3531 -0.7287528786875782
1054 3546 0.2791419722179756
1054 3561 -0.26186068258891265
1054 3576 -0.6488725918638258
1054 3591 -0.42832677033307087
1055 1070 -0.6567083198077414
1055 3786 0.2161829913486257
1055 3801 -0.00813054930882466
1055 3816 0.8807112967019332
1055 3831 -0.2849259095102302
1055 3846 0.2103197481448018
1055 3861 0.4124750947669738
1055 3696 0.2676940489619261
1055 3711 -0.7520971632766963
1055 3726 0.43394818706970106
1055 3741 0.007148939878143883
1055 3756 0.31765561503045425
1055 3771 0.9314335166892728
1068 1069 0.712265682395514
1068 3426 0.5532325904201333
1068 3441 1.0
1068 3456 -0.1727883483833772
1068 3471 -0.5519304191859262
1068 3486 -0.5364936789053234
1068 3501 -0.36626426382848454
1068 3366 -0.5796416519937447
1068 3381 0.22077178041370815
1068 3396 -0.20965039245999811
1068 3411 0.23443829802775462
1069 1070 0.5117189468136427
1069 3606 -0.5138761219040098
1069 3621 0.9869872489264842
1069 3636 0.12776745981945975
1069 3651 0.5154822212218377
1069 3666 -0.18936456497437604
1069 3681 0.013930532423433506
1069 3516 0.3163419228578212
1069 3531 -0.7019217064337187
1069 3546 0.24228783157823486
1069 3561 0.6436436054010523
1069 3576 -0.057843384134133286
1069 3591 0.025126389079596214
1070 3786 1.0
1070 3801 0.5832470807050457
1070 3816 0.8684338828189516
1070 3831 0.269719134871741
1070 3846 0.7426701032091783
1070 3861 -0.8633531302084346
1070 3696 -0.31928249126038516
1070 3711 0.17023507453654327
1070 3726 0.11534319830182921
1070 3741 0.04921676794818384
1070 3756 -0.4654465771813046
1070 3771 1.0
1083 1084 -0.8160008974113869
1083 1098 -0.4638386907536035
1083 3426 -0.05549915489450704
1083 3441 0.12933184559816552
1083 3366 -0.7469042858378129
1083 3381 -0.08245513635520527
1083 3396 1.0
1083 3411 -0.6250894744840554
1084 1085 -0.7528192004089411
1084 1099 -0.257913313007877
1084 3606 0.06361809297119961
1084 3621 0.8384745668252866
1084 3456 0.10415769737247402
1084 3471 0.820823183755799
1084 3486 -0.738583389058278
1084 3501 -0.4280794867383771
1084 3516 0.4277491093396331
1084 3531 0.05526409138217843
1084 3546 -0.3449140615465694
1084 3561 -0.059918013311616045
1084 3576 -0.8359562617596192
1084 3591 -0.5392700010454936
1085 1100 -0.2926724055976136
1085 3786 0.2793495320767508
1085 3801 -0.014084997321637439
1085 3636 0.38552000098588174
1085 3651 0.280825204574902
1085 3666 0.16545435828177255
1085 3681 -0.2671216544520164
1085 3696 0.11231270688972941
1085 3711 -0.6985681819289427
1085 3726 0.2922768534108686
1085 3741 -0.3736230781759007
1085 3756 0.3211487797492207
1085 3771 -0.17991809882690837
1098 1099 -0.14569954747745623
1098 3426 -0.3550207142656514
1098 3441 1.0
1098 3366 0.34921039808557763
1098 3381 -0.2544805624503236
1098 3396 -0.15187085503792386
1098 3411 0.3209541609182889
1099 1100 -0.022114926256982297
1099 3606 -0.2633210984324429
1099 3621 -0.07788645274653855
1099 3456 0.31805403549819267
1099 3471 -1.0
1099 3486 0.15549140350735455
1099 3501 -0.7446350299681277
1099 3516 -0.5131323312871362
1099 3531 0.3082435718349031
1099 3546 0.6263636237226672
1099 3561 0.32011335091090665
1099 3576 -0.7915783768079057
1099 3591 0.49203098722922767
1100 3786 0.5739962404304717
1100 3801 -0.2514943144019415
1100 3636 -0.3372065286087165
1100 3651 -0.44933651627465504
1100 3666 0.03718478239312348
1100 3681 -0.5864378541114561
1100 3696 -0.3204668254720193
1100 3711 0.6564162805846296
1100 3726 -0.17748820482415142
1100 3741 0.2809802826834241
1100 3756 0.3243173417232385
1100 3771 0.03552659433943738
1113 1114 -0.38689081238960504
1113 1128 0.6123820809528768
1113 3426 0.07627544383521927
1113 3441 -0.35485929778832936
1113 3366 0.3554541203580724
1113 3381 -0.3298517891913752
1113 3396 0.19420135867600136
1113 3411 -1.0
1114 1115 -0.043252537079527316
1114 1129 0.5948702971682319
1114 3606 0.2658200853189098
1114 3621 -0.678739664420694
1114 3456 -0.40299789708243333
1114 3471 -0.5490251076771621
1114 3546 0.6281336803637444
1114 3561 0.12245651899901563
1114 3576 -0.2212399658481488
1114 3591 -0.14387155511253555
1115 1130 -0.13086339650478337
1115 3786 -0.29272162351585435
1115 3801 0.6733286554273875
1115 3636 -0.09357957534682425
1115 3651 0.7536066565342466
1115 3726 0.3455733231000251
1115 3741 0.12298273610681927
1115 3756 1.0
1115 3771 0.7172789950388133
1128 1129 -0.1431210794147687
1128 3426 -0.5911288515023235
1128 3441 -0.512471289901554
1128 3366 -0.022349875781797916
1128 3381 -0.6853201765914476
1128 3396 -0.5195249121180286
1128 3411 0.5337070233026295
1129 1130 0.13863372751840736
1129 3606 0.025055506530277907
1129 3621 -0.07100206778925602
1129 3456 0.12009868920617028
1129 3471 0.16178566961482274
1129 3546 -0.6876462436169422
1129 3561 -0.021973369603759785
1129 3576 0.0748839073005487
1129 3591 0.7391567899582481
1130 3786 0.11697180259880512
1130 3801 0.5016210233884867
1130 3636 -0.7041298816508192
1130 3651 0.30892605438448106
1130 3726 -0.21280815551502205
1130 3741 -0.7109797027134003
1130 3756 -0.5386998890669946
1130 3771 0.49148419604220933
3364 3365 0.0013304494238193267
3364 3379 0.2277068134711875
3365 3366 -0.5057919939873684
3365 3380 0.7456005508817263
3366 3381 0.5957012739367619
3379 3380 -0.12487905980016395
3380 3381 -0.2749264969235025
3394 3395 -0.6955765194575122
3394 3409 0.47561158927017416
3395 3396 -0.573947933938043
3395 3410 0.06397192949373086
3396 3411 0.1021036432620054
3409 3410 0.2618672331281003
3410 3411 -0.6544045622867446
3424 3425 -0.2659788776173911
3424 3439 0.4339267405238516
3425 3426 -0.4473654690919264
3425 3440 1.0
3426 3441 -0.051846896279969905
3439 3440 0.30413490279024813
3440 3441 0.09059473599043714
3454 3455 0.12280536209650096
3454 3469 0.023634315988903837
3455 3456 0.5104263446836291
3455 3470 -0.6310171456841414
3456 3471 -0.09196206889370885
3469 3470 -0.30904341012423203
3470 3471 0.8215279393807052
3484 3485 0.7497904637761102
3484 3499 -0.03548024179945542
3485 3486 -0.025265611131177753
3485 3500 0.5768936685733719
3486 3501 0.3040381622678856
3499 3500 -0.7982315613098635
3500 3501 -0.07260768279814454
3514 3515 0.09246835290636844
3514 3529 -1.0
3515 3516 0.5125994165693041
3515 3530 0.7160161854638774
3516 3531 -0.4842498345178964
3529 3530 0.04026971040557395
3530 3531 0.20004107320487755
3544 3545 -0.33929280747366225
3544 3559 -0.7734181547572053
3545 3546 0.6073853855675432
3545 3560 -0.0277330839313092
3546 3561 0.14353228602710388
3559 3560 -0.27552023877569964
3560 3561 0.5196718693344364
3574 3575 -0.26620740416231425
3574 3589 0.30601724379204426
3575 3576 0.09455004954224969
3575 3590 -0.30885512881432753
3576 3591 -0.5083310790266454
3589 3590 0.2979348530501963
3590 3591 -0.5692950814996991
3604 3605 0.46246426242119104
3604 3619 0.30806933849234114
3605 3606 0.1003140785649454
3605 3620 0.494830855270799
3606 3621 0.3445358886866685
3619 3620 -0.2671689983734169
3620 3621 1.0
3634 3635 0.7375024968003474
3634 3649 0.48214026573319546
3635 3636 -0.6006909528377079
3635 3650 0.271424361318763
3636 3651 -0.5459187522088382
3649 3650 0.5102004782624237
3650 3651 -0.12521344548444424
3664 3665 -0.46045634249812456
3664 3679 0.01401749064694799
3665 3666 0.374099924263669
3665 3680 -0.28992518672095496
3666 3681 0.7946282591101163
3679 3680 0.09952535237952947
3680 3681 0.8078257325409388
3694 3695 0.05157758691470019
3694 3709 -0.36449438866920153
3695 3696 0.5834780834085254
3695 3710 0.04171742313978061
3696 3711 -1.0
3709 3710 -0.8089832293620894
3710 3711 0.17933476650254646
3724 3725 -0.05875252144008368
3724 3739 0.3934313156932484
3725 3726 0.042220198637827756
3725 3740 -0.22445740477596898
3726 3741 -0.3339549404406794
3739 3740 -0.3146856529248636
3740 3741 0.11631108543260951
3754 3755 -0.7011926948008472
3754 3769 -0.20521698180563266
3755 3756 -0.16970272560517413
3755 3770 -0.011909896536023071
3756 3771 -0.31661897155263896
3769 3770 -1.0
3770 3771 0.3965833943356159
3784 3785 -0.6991470576393171
3784 3799 -0.6656369883238326
3785 3786 0.5499731572016898
3785 3800 0.48846006628905464
3786 3801 0.17231166753243846
3799 3800 0.08335698487106737
3800 3801 0.44923195562618456
3814 3815 0.6287447524005114
3814 3829 -0.9820601066374367
3815 3816 0.168604492564542
3815 3830 0.09122541008979916
3816 3831 -0.27214564931024754
3829 3830 0.4117050886121214
3830 3831 -0.4631717320169097
3844 3845 -0.21675985422184157
3844 3859 0.01673198739479026
3845 3846 -0.08816694145107457
3845 3860 0.3722820863020845
3846 3861 -0.3815868126177003
3859 3860 0.38325538763762795
3860 3861 -0.4280870271132974
3874 3875 0.37470414297857274
3874 3889 -0.20508979694517285
3875 3876 -0.12052553438567894
3875 3890 -0.23638125568562243
3876 3891 -0.32064108288840626
3889 3890 0.7743342048426656
3890 3891 0.35749207632930147
