# 
603 603 0.10877874435260304
604 604 1.6748686779301818
605 605 -1.4396056347737822
618 618 -0.5632969056561256
619 619 -1.0442233565238312
620 620 -0.5796662716019217
633 633 0.756329168284459
634 634 1.2569594873011525
635 635 -0.5909606378942115
648 648 -0.40455929416991787
649 649 -0.7156292789716612
650 650 1.6158594401835025
663 663 0.606755648018592
664 664 1.842694754991604
665 665 0.08107820232941518
678 678 0.0015676988990423531
679 679 0.24628937282718524
680 680 -2.5673637107205485
693 693 -1.0128819113289547
694 694 -0.31404330147607495
695 695 0.21938630519585653
708 708 -0.9622008460417792
709 709 -0.0435698217994877
710 710 -0.47527590059003594
723 723 0.014432257493302831
724 724 0.6733605438089428
725 725 -2.2279829064293017
738 738 1.186319469581426
739 739 -0.6799084459016062
740 740 1.116020283924386
753 753 1.2930233940230913
754 754 -0.7748309687529641
755 755 0.38415828783390477
768 768 -0.4520356808276871
769 769 -0.05239751022570384
770 770 0.7004038777812849
783 783 -0.7330967364125822
784 784 -0.1399839877990758
785 785 -0.7614862017807864
798 798 0.049970639366022494
799 799 0.10237385529206398
800 800 -0.7710359213349952
813 813 0.05654102273410465
814 814 0.7622799180163854
815 815 -1.4012566122730856
828 828 2.6506823577713035
829 829 2.1975008104102574
830 830 -0.4998478847021067
843 843 -0.8605773318078378
844 844 0.28805201814361453
845 845 0.20050166271207395
858 858 -1.8179971669437163
859 859 -1.251288091774868
860 860 -0.2911597401172865
873 873 -0.49655608808096885
874 874 0.07297726952298687
875 875 -0.12355578099389052
888 888 -1.7948859804549318
889 889 2.505373010006937
890 890 -1.4102143031841274
903 903 -0.4576227249147857
904 904 0.4017374078534268
905 905 0.17439771406393237
918 918 -0.6761354313973225
919 919 -1.3787035437377018
920 920 0.46780603660794357
933 933 -0.4093844622497551
934 934 -0.38195429414056564
935 935 -2.1611190424827678
948 948 0.9995019372674061
949 949 0.12222380987530093
950 950 -0.29932921977158883
963 963 -0.321420138946349
964 964 -0.361362409415566
965 965 1.5041167561130857
978 978 -2.258666648278966
979 979 1.7105709499835815
980 980 0.04713437747408948
993 993 -0.18881873283672482
994 994 -0.46624045241135936
995 995 0.2614439956805689
1008 1008 0.09212694051134906
1009 1009 0.2915880505270691
1010 1010 0.25165681764705633
1023 1023 -0.47750894937105487
1024 1024 -0.21984283851950695
1025 1025 -1.0048389921847414
1038 1038 0.8967987561585496
1039 1039 0.6011067863956084
1040 1040 0.9782140792108481
1053 1053 0.6006924340147813
1054 1054 0.018846618365842806
1055 1055 1.29839868746403
1068 1068 -0.5465639151165631
1069 1069 0.1069441679550853
1070 1070 -0.3986818703119108
1083 1083 -1.2737056262791453
1084 1084 -0.7081002363938811
1085 1085 1.1564903391590522
1098 1098 0.754767113772392
1099 1099 -0.5564159985329723
1100 1100 0.5931064351869055
1113 1113 -0.7898574810342605
1114 1114 -0.7879023561859213
1115 1115 -0.11982262391961025
1128 1128 0.9917559295216584
1129 1129 0.21523704259125276
1130 1130 -0.028220207962522153
3364 3364 -0.4869400837413844
3365 3365 0.576471591752402
3366 3366 -0.44104977341501084
3379 3379 -0.9758174893224192
3380 3380 0.34881790050528444
3381 3381 -0.1378039906867757
3394 3394 1.0395253928413353
3395 3395 0.3488300687403393
3396 3396 -0.6736397423196429
3409 3409 -0.9731234513572634
3410 3410 -0.21605696645519698
3411 3411 -1.6289232625137344
3424 3424 -0.2144523597508252
3425 3425 0.5704913097608145
3426 3426 1.1126798651701844
3439 3439 -0.5244221552936031
3440 3440 1.4846030301446804
3441 3441 -1.4116266443109098
3454 3454 -1.176648426229999
3455 3455 -0.16370066157731641
3456 3456 -0.05294162278419973
3469 3469 1.1339966680944134
3470 3470 -0.855517916186022
3471 3471 1.1132119044897049
3484 3484 -1.459682407552022
3485 3485 0.8522925681324324
3486 3486 0.5040614152948627
3499 3499 0.8124156711197512
3500 3500 0.180493732018337
3501 3501 -1.3484297320424785
3514 3514 0.7806309511783266
3515 3515 -0.028341537104241036
3516 3516 -0.19658227016114468
3529 3529 -0.4112334951351821
3530 3530 -0.47480521700778994
3531 3531 -0.24520791502461695
3544 3544 -0.6936847903332609
3545 3545 0.10177587166024232
3546 3546 -0.856345398982687
3559 3559 -1.3689549523541744
3560 3560 -1.3503576074746944
3561 3561 0.2986072160691224
3574 3574 -0.341981349749738
3575 3575 0.31073366285212667
3576 3576 -1.1531391483340268
3589 3589 -1.1228675322704849
3590 3590 0.34812019177868425
3591 3591 0.17679099208710963
3604 3604 -1.078995385040777
3605 3605 1.1166402805390183
3606 3606 -0.8760931642426957
3619 3619 -1.4009968787199136
3620 3620 0.8387592480071068
3621 3621 0.010031842443498216
3634 3634 -0.9284772471447956
3635 3635 0.11056910952042646
3636 3636 0.2988304896131387
3649 3649 -1.8737170953723001
3650 3650 0.0767494181301059
3651 3651 -1.1414134233714341
3664 3664 1.0804400211455993
3665 3665 0.2935638358507108
3666 3666 0.33960965759276657
3679 3679 -0.08659690782577939
3680 3680 -0.9599492462745722
3681 3681 0.48101712810149183
3694 3694 -1.8356776678205642
3695 3695 -1.5445314691056695
3696 3696 -0.4847677460587569
3709 3709 -0.08558366162066568
3710 3710 1.2262103832193119
3711 3711 0.08612379887671433
3724 3724 1.2171985187570695
3725 3725 0.972015067071664
3726 3726 0.2703215483361532
3739 3739 -0.1663568066609812
3740 3740 0.5526203469824732
3741 3741 -1.62643505291642
3754 3754 1.3182655399391514
3755 3755 1.548133083089163
3756 3756 -0.28556946304664577
3769 3769 -0.9329516950797054
3770 3770 -1.504741577046836
3771 3771 -1.1592614436455688
3784 3784 -0.4455526151226676
3785 3785 -0.11812116116520929
3786 3786 -0.5419442303764023
3799 3799 0.8333219326029283
3800 3800 -0.0015346165558550986
3801 3801 0.9611394977453614
3814 3814 -0.3209409015788847
3815 3815 0.5529367716749884
3816 3816 -0.9308406957651604
3829 3829 -0.2682718815980445
3830 3830 1.1822478418626456
3831 3831 0.5521075284507208
3844 3844 0.9416838316976253
3845 3845 -1.7489500841694325
3846 3846 0.4595005969148719
3859 3859 0.3358769329237256
3860 3860 0.05611345239525285
3861 3861 0.5677178318574799
3874 3874 -1.0456414136245635
3875 3875 -0.3903823715163076
3876 3876 -0.18952995226401947
3889 3889 -1.7438783400042939
3890 3890 1.371427845005963
3891 3891 -0.2867427845525914
603 604 0.09976430214934469
603 618 0.9043958915312872
603 3484 -0.5353202855849728
603 3499 0.31212439412992343
603 3514 -0.013944110410838562
603 3529 -0.27476888267905225
604 605 0.12368443362805925
604 619 0.20903237790011608
604 3664 0.4188158663880012
604 3679 -0.033584763137951924
604 3694 0.20233352125115206
604 3709 0.3708982943057315
605 620 -0.17171275434141506
605 3844 -0.15778869217294172
605 3859 -0.753569158421344
605 3874 -0.3462812942176019
605 3889 -0.7767168350046728
618 619 -0.789788940542129
618 3484 0.22213202256561468
618 3499 -0.3678914494785152
618 3514 0.07262838672730697
618 3529 0.615387769727411
619 620 -0.6273526487471136
619 3664 -0.15365172646391465
619 3679 -0.03987787027668788
619 3694 0.5191356388593371
619 3709 0.5723739287530459
620 3844 -0.19287494488538248
620 3859 -0.18177391571686913
620 3874 -0.01183090213293058
620 3889 -0.2899081915072142
633 634 -0.08719002953224568
633 648 0.1610910764662704
633 3424 -0.11936391740236535
633 3439 0.22631159036913812
633 3454 0.06403688864874907
633 3469 -0.5327001802236676
633 3484 0.36171414105475164
633 3499 0.5387985501132232
633 3514 -0.18535276482400267
633 3529 0.38212356109026213
634 635 0.005872883898959712
634 649 -0.9948176148120353
634 3604 -0.45425958186283055
634 3619 0.21285812968301937
634 3634 0.3084557139148238
634 3649 -0.8357029057565238
634 3664 0.005070478989999622
634 3679 0.5390881349871717
634 3694 -0.3911656569011361
634 3709 -0.32077352258817077
635 650 -1.0
635 3784 -0.03798944474968727
635 3799 -0.6335185819818626
635 3814 -0.7861761317228483
635 3829 0.1306130732512929
635 3844 0.49005603922926855
635 3859 0.06623207303768656
635 3874 -0.944104348284092
635 3889 0.42241020747661934
648 649 0.21491613717758368
648 3424 -0.0018933574439554373
648 3439 -0.2424123534265595
648 3454 -0.6889934677077756
648 3469 0.6179569191698036
648 3484 -0.17147525614970355
648 3499 -0.09759914518086611
648 3514 -0.3303580077713867
648 3529 -0.15581904631250787
649 650 -0.3245486776810664
649 3604 0.5243419414391917
649 3619 -0.24379987982460047
649 3634 0.909273885403377
649 3649 0.7676043209007766
649 3664 -0.4752257095201067
649 3679 -0.6674748297194097
649 3694 -0.02652214427861074
649 3709 0.20960208217017787
650 3784 0.9706189874452902
650 3799 -0.15328963554638375
650 3814 -0.926304120632119
650 3829 0.0874495569105555
650 3844 0.5095817911488363
650 3859 -0.13368549061786103
650 3874 0.07807908764483244
650 3889 0.2991827597331356
663 664 -0.10337561523505963
663 678 0.23532943552338312
663 3424 0.8673179503378657
663 3439 0.22708810850457603
663 3454 0.4507714262007948
663 3469 0.18190982630343053
663 3484 0.20259510273554507
663 3499 -0.06874859793323165
664 665 -0.3104446610181069
664 679 0.2148698300991234
664 3604 0.31208737826630056
664 3619 0.362057286933304
664 3634 0.6006746539771018
664 3649 0.5716339082562613
664 3664 -0.005657767609065427
664 3679 -0.8189359258083461
664 3514 0.08964475809587823
664 3529 0.8788832597886479
665 680 -0.44218864472716884
665 3784 -0.688213994601196
665 3799 0.2899764982062733
665 3814 0.7715139408589953
665 3829 -0.49805833894962354
665 3844 0.20660394123471015
665 3859 0.2228768783122666
665 3694 -0.611935764109272
665 3709 -0.027844800512872865
678 679 -0.26587846526351433
678 3424 -0.5832335834938955
678 3439 -0.21328843401127986
678 3454 0.35481194726077103
678 3469 0.2834946778985162
678 3484 0.07429659639444265
678 3499 -0.2851581360595119
679 680 -0.5514003709102677
679 3604 -0.9588461827493767
679 3619 -0.07434382376780659
679 3634 -0.002920711652018049
679 3649 -0.9065635435292675
679 3664 1.0
679 3679 -0.5620753804320544
679 3514 0.23262130671336034
679 3529 0.6897987125558316
680 3784 -0.3374818810658133
680 3799 -0.38024751345030555
680 3814 -0.32242423716209434
680 3829 -0.3649332577057528
680 3844 -0.23915044028663954
680 3859 0.19079856917576318
680 3694 0.1338013081502987
680 3709 0.7607778970412153
693 694 -0.1503364915817436
693 708 -0.16309600808647143
693 3424 -0.9127438724940253
693 3439 -0.2635910387897884
693 3454 0.6026803321421002
693 3469 -0.09079560030554439
693 3484 -0.4415036230734138
693 3499 -0.07951875293849632
693 3364 0.5078395603874327
693 3379 -0.7634377742772193
693 3394 0.061388945143719224
693 3409 0.4042340913269631
694 695 -0.1987569359929087
694 709 0.11285059993943183
694 3604 -0.10593307501924445
694 3619 0.20460800010951397
694 3634 0.24610071409717366
694 3649 0.6847239895417934
694 3664 -0.3160081060534631
694 3679 -0.8052432501413158
694 3514 0.8566469585073633
694 3529 -0.42412948947264795
694 3544 0.13680913640285128
694 3559 -0.051281960495543656
694 3574 0.4632508909745135
694 3589 -0.36330099590949805
695 710 -1.0
695 3784 -0.5786983041126291
695 3799 0.8619807624698512
695 3814 -1.0
695 3829 -0.23753036383652756
695 3844 0.45524685427797185
695 3859 0.4402981558713116
695 3694 -0.540128842471103
695 3709 0.9876587797058266
695 3724 0.4203015413702143
695 3739 0.4758974531926994
695 3754 0.004138425638564104
695 3769 -0.3026920911897454
708 709 -0.5363615911836063
708 3424 0.7275620954328754
708 3439 -0.424272429738383
708 3454 0.23285843574377924
708 3469 0.4231811439818024
708 3484 -0.46961574908432274
708 3499 -0.8616748116934442
708 3364 0.4521232994582746
708 3379 -0.0015965494372838372
708 3394 -0.49606809545054165
708 3409 -0.8782937057081144
709 710 0.555416749789947
709 3604 0.12203254247135338
709 3619 0.14592141180719526
709 3634 0.0643516546740223
709 3649 0.6292202353066123
709 3664 -0.005131542557949971
709 3679 -0.28945476590149366
709 3514 -0.12812070873547748
709 3529 0.6926575776060097
709 3544 0.0032511902194710205
709 3559 0.16638960637384892
709 3574 1.0
709 3589 0.06411376978293566
710 3784 -0.3876630080260179
710 3799 -0.4340047005335335
710 3814 -0.44293123598788764
710 3829 0.9331079985349777
710 3844 -0.16041048002475047
710 3859 -0.015334632793142079
710 3694 0.47562797721717603
710 3709 0.12942891159783804
710 3724 0.4296449185772609
710 3739 0.07355500285256873
710 3754 -0.018814021461502673
710 3769 0.48719437962027323
723 724 0.08767424497008423
723 738 -0.138624685753469
723 3424 -0.19258823427502386
723 3439 -0.4194119440630161
723 3364 0.26343302754274417
723 3379 -0.7332276432134094
723 3394 0.09349514329914083
723 3409 -0.05909859061408575
724 725 0.8229217311324185
724 739 0.18544477845732824
724 3604 0.8753793646934522
724 3619 -0.27457351066589797
724 3454 0.05098386311038625
724 3469 -0.227451327940511
724 3484 -0.11718480051038915
724 3499 0.07836053721819995
724 3514 0.40087053099124526
724 3529 0.011213822743093205
724 3544 -0.10968599036447114
724 3559 -0.3303730152968427
724 3574 0.05773999262142851
724 3589 0.09117004513498521
725 740 0.10543032015397169
725 3784 1.0
725 3799 0.5327810307781685
725 3634 0.12562821197845167
725 3649 0.07934402234142045
725 3664 -0.4911882703081761
725 3679 0.039742902324941654
725 3694 -0.03460941842647446
725 3709 -0.5441741267391026
725 3724 0.32634106480342
725 3739 -0.1857169888788511
725 3754 -0.25771912726238455
725 3769 -0.09752163706840641
738 739 0.2544415713917023
738 3424 0.13580463940111462
738 3439 0.7592598076266165
738 3364 -0.6163009726641268
738 3379 -0.28101545446327314
738 3394 -0.2716491863534987
738 3409 -0.18196830013107565
739 740 -0.8453110857788401
739 3604 -0.39733161801665423
739 3619 -0.6418220304611939
739 3454 0.17123763959918983
739 3469 -0.01564181782034025
739 3484 -0.14801718029189356
739 3499 0.01762390401450057
739 3514 -0.5821438999130645
739 3529 0.09040036651965311
739 3544 -0.3384698874161399
739 3559 0.10606382035469808
739 3574 -0.43535802062584533
739 3589 -0.22502648443531556
740 3784 0.8748991172434555
740 3799 -0.5532421578401525
740 3634 0.4393268026581602
740 3649 1.0
740 3664 0.13626212633600462
740 3679 -0.3879285993989092
740 3694 -0.25690272115969626
740 3709 -0.04215069006527159
740 3724 -0.29138455879751146
740 3739 0.5647611161895383
740 3754 0.6765551710540998
740 3769 -0.35970553371832426
753 754 -0.5624539201343195
753 768 0.058992601022333356
753 3424 -0.1348110379652551
753 3439 -0.6499626946154374
753 3364 -0.4917444724009948
753 3379 0.0020424324333359906
753 3394 -1.0
753 3409 -0.8402289786087723
754 755 -0.5833094447579011
754 769 -0.10810440455952283
754 3604 0.37952175146153555
754 3619 0.008333435646602256
754 3454 -0.11161596304658537
754 3469 -0.2212780331674141
754 3485 -0.6331684972534423
754 3500 0.49772302805683605
754 3515 -0.22789282932338406
754 3530 -0.5950531523127894
754 3544 0.40665722196012766
754 3559 0.5576727833416689
754 3574 -0.06043938280358187
754 3589 -0.23066448533830386
755 770 -0.30187676343129016
755 3784 0.3600999259778513
755 3799 -0.17588460439642703
755 3634 0.45235600612072835
755 3649 -0.03144998240235899
755 3665 0.13753590651412986
755 3680 0.3212645268580129
755 3695 -0.21868659507699376
755 3710 0.6560912596688543
755 3724 0.4960877397098556
755 3739 0.27294181049647376
755 3754 0.6726542907826895
755 3769 0.07502677694072893
768 769 -0.023084644966513124
768 3424 0.14634366241479052
768 3439 0.030928414384831293
768 3364 0.20619266409627102
768 3379 -0.2204670916719712
768 3394 0.10409666459963322
768 3409 -0.4904131997305381
769 770 -0.01846694119553689
769 3604 0.04970819411466451
769 3619 0.44661721014811956
769 3454 0.00961900725119275
769 3469 -0.39113212194521024
769 3485 -1.0
769 3500 -0.4774322464017829
769 3515 -0.007849574956741845
769 3530 0.22197440566433724
769 3544 0.3574382640568616
769 3559 -0.017854052176208484
769 3574 0.06895533151939763
769 3589 1.0
770 3784 -0.13272934862461208
770 3799 0.206727418259086
770 3634 0.553193661663594
770 3649 0.3562291389490698
770 3665 -0.6500295545633822
770 3680 0.2040377382820581
770 3695 0.34865269142290856
770 3710 -0.38789636669771504
770 3724 0.49661972753750894
770 3739 0.3984247521455227
770 3754 -0.32900611349363673
770 3769 -0.3204995532881736
783 784 0.6699106565157871
783 798 -0.38655318549725337
783 3424 -0.6806707468942446
783 3439 0.11049992165945464
783 3454 -0.08479214588301975
783 3469 -0.866911044768302
783 3485 -0.9583353658895146
783 3500 -0.4731769791506114
783 3515 -0.49292286242342925
783 3530 -0.1431505069154007
783 3544 -0.23810553026095474
783 3559 0.2220833378745584
783 3394 0.3012278005960476
783 3409 -0.29617890706013933
784 785 -0.46536469019391147
784 799 0.2084954019135142
784 3604 0.22618004919576692
784 3619 1.0
784 3634 0.9814861433655626
784 3649 -0.43047342050467546
784 3665 0.9185790246670821
784 3680 -0.6213890797374957
784 3695 -0.210086843189287
784 3710 -0.14695825124607176
784 3724 0.3181474844548811
784 3739 0.5907841605622409
784 3574 0.3821671816445271
784 3589 0.03228733475691176
785 800 -0.07486718275601892
785 3784 0.6026088248382038
785 3799 -0.1340958058632061
785 3814 -0.6648699609225021
785 3829 -0.2856002129772245
785 3845 0.28122667348724645
785 3860 0.5787193811467579
785 3875 -0.8535811704035702
785 3890 0.46796469091604387
785 3754 -0.4815578417220581
785 3769 -0.23824435544687536
798 799 -0.28017680860337096
798 3424 -0.4274885526405882
798 3439 0.19129913041445712
798 3454 -0.7918058592530386
798 3469 0.48291891612928767
798 3485 0.9468404929284473
798 3500 0.3920849750955121
798 3515 -0.03310715271781302
798 3530 0.007241251897019645
798 3544 0.9142631068196451
798 3559 0.19229967417412105
798 3394 0.2897593140218504
798 3409 -0.25461606624689825
799 800 0.6642131657796394
799 3604 0.7994311921037435
799 3619 -0.22369444827296497
799 3634 -0.04393108911274013
799 3649 -0.9568838353739226
799 3665 0.7317100473793196
799 3680 -0.03338081006416267
799 3695 -0.3325241226751652
799 3710 -0.05644943659778987
799 3724 0.5414357079047831
799 3739 -0.006251717315973876
799 3574 0.19399161311292748
799 3589 1.0
800 3784 -0.015364006746516173
800 3799 0.8447776344857896
800 3814 0.8065814777919003
800 3829 0.013986689361061634
800 3845 -0.4254088837224477
800 3860 0.5177535970044767
800 3875 -0.28316818382225184
800 3890 -0.07225888921347641
800 3754 0.3772933590172045
800 3769 0.35539939220633043
813 814 0.9031179072874636
813 828 -0.15487237911169047
813 3425 1.0
813 3440 -0.5628971371594343
813 3455 0.5424368951959659
813 3470 -0.3049898953728483
813 3485 0.22610646365867518
813 3500 -0.22827664053942645
813 3515 -0.14745471126968515
813 3530 -0.01950833150798992
813 3544 -0.04484292889989756
813 3559 0.5380776506633745
813 3394 0.8407722547726129
813 3409 0.22858098881182062
814 815 -0.16653670639753204
814 829 0.8725460159334828
814 3605 -0.0314591539416693
814 3620 -0.47397729742275163
814 3635 -0.021095741147310793
814 3650 0.5956903467202078
814 3665 -0.056406875306050826
814 3680 0.1575449066318841
814 3695 -0.5636486294155836
814 3710 -0.17730038828186867
814 3724 -1.0
814 3739 0.15304641063608126
814 3574 -0.5149241891447823
814 3589 0.11559908695641266
815 830 -0.25273592330937744
815 3785 0.6366209871647089
815 3800 -0.5321668883789126
815 3815 -0.23548832252620647
815 3830 0.3665314896337428
815 3845 -0.07047992438456875
815 3860 0.35248951217734353
815 3875 0.38764360365260053
815 3890 0.17065427104777933
815 3754 -0.1701597745135928
815 3769 -0.40381046555405053
828 829 -0.30292535804739346
828 3425 0.34489259644335946
828 3440 0.010506300892042754
828 3455 -0.2651369898950271
828 3470 0.27674487321239716
828 3485 0.3725009652574922
828 3500 -0.24960703985687405
828 3515 0.19371594082901228
828 3530 -0.10623162388071547
828 3544 -0.3115479498509823
828 3559 -0.7100149561084248
828 3394 0.2854896556561809
828 3409 0.23908714790507102
829 830 -0.6851705605995283
829 3605 -0.86785468248532
829 3620 -0.09439734452922549
829 3635 -0.26049193966135925
829 3650 0.12996973379530863
829 3665 0.0027368865043974466
829 3680 0.3930553266602282
829 3695 0.6916293278217565
829 3710 -0.2047788394505513
829 3724 -0.14314608795475406
829 3739 -0.28928045764388355
829 3574 0.32684183772933206
829 3589 -0.09242384043483456
830 3785 -0.04147179052224124
830 3800 0.5044628351411896
830 3815 0.44898345913889204
830 3830 -0.558523224442023
830 3845 -0.6520053511779131
830 3860 -0.07676084635606355
830 3875 -0.2655325342222128
830 3890 0.5806146805716922
830 3754 0.04092862061920397
830 3769 0.2773285037201308
843 844 0.8912260946987437
843 858 0.24282514118767198
843 3425 -0.4508580672627677
843 3440 0.5799113932408498
843 3455 -0.5805159289368227
843 3470 0.900409799186172
843 3485 -0.04234920573117119
843 3500 0.2613373594853716
843 3364 -0.012343569301502957
843 3379 -0.5179887096178845
843 3394 -0.11860497426388901
843 3409 -0.4212133168022748
844 845 0.532845217642491
844 859 0.09336447158441996
844 3605 -0.4198868564069531
844 3620 0.07133199533885196
844 3635 -0.735281812126439
844 3650 -0.4002742795222504
844 3665 0.3170618836245568
844 3680 0.33018143668274114
844 3515 0.14790195451697247
844 3530 -0.595498321005701
844 3544 0.159681942912543
844 3559 0.766166086299276
844 3574 -0.04673595155397194
844 3589 0.08516526036344262
845 860 0.19591070246236975
845 3785 -0.043066315731768896
845 3800 0.9566168576828117
845 3815 -0.39943030815574887
845 3830 -0.44695525750434395
845 3845 0.06961812742616923
845 3860 -0.2242919530311956
845 3695 -0.03979147486320903
845 3710 0.10394522787644028
845 3724 -0.5756794653622312
845 3739 0.868141858269701
845 3754 0.34706848393760553
845 3769 -0.15356602927723922
858 859 0.5419403112636255
858 3425 0.2217063329477566
858 3440 -0.1063946977176818
858 3455 -0.4077036673232072
858 3470 -0.29623047387722384
858 3485 0.8228487888746785
858 3500 -0.260126153359113
858 3364 -0.8629882026771184
858 3379 -0.20274873675450858
858 3394 0.07806817010219196
858 3409 -0.08613153845351174
859 860 -0.2831849248213544
859 3605 -0.26551015291309077
859 3620 0.10067353298982196
859 3635 0.19128388734240864
859 3650 -0.3033323591067543
859 3665 1.0
859 3680 -0.5070228320773505
859 3515 0.5601554826034094
859 3530 -0.3769739845007599
859 3544 0.6734187590868173
859 3559 0.22501960695703516
859 3574 -0.10469128299090823
859 3589 1.0
860 3785 -0.1513805298357765
860 3800 -0.257087017805164
860 3815 -0.23999045233151864
860 3830 0.20256019281831245
860 3845 7.746660789034622e-05
860 3860 0.31332594935635755
860 3695 -0.3934220276586107
860 3710 0.17311930219312274
860 3724 0.2293446517562611
860 3739 0.1445449095309785
860 3754 0.12377973358954569
860 3769 0.0858433020185052
873 874 0.4966756336990196
873 888 -0.4753279601464161
873 3425 0.37275916834635175
873 3440 -0.09279795907615485
873 3455 -0.7254792133818379
873 3470 0.4470185041227855
873 3485 0.3285582139602839
873 3500 -0.6558412444760817
873 3365 0.5998531951293146
873 3380 -0.4865106678038652
873 3395 -0.081165739901413
873 3410 -0.008107010856373414
874 875 -0.41198540106297543
874 889 0.13012587671562986
874 3605 0.4792625316847152
874 3620 -0.17980123763582845
874 3635 -0.8129299253794771
874 3650 0.028898588209087746
874 3665 -0.19364028166386754
874 3680 0.17075312905039206
874 3515 0.1190379313562775
874 3530 0.29677531606323626
874 3545 0.30979789340319114
874 3560 0.680543114009586
874 3575 -0.8325091267600337
874 3590 -0.3774271787968762
875 890 0.24542679002263257
875 3785 1.0
875 3800 0.47839124962295726
875 3815 -0.4714364607052137
875 3830 -0.018689251252495466
875 3845 0.25687796778270544
875 3860 -0.10726110547973836
875 3695 -0.39026036422995586
875 3710 -0.20604803859824766
875 3725 0.3643150757812053
875 3740 -0.8610933103980708
875 3755 -0.8915246872331409
875 3770 -0.26061133206671494
888 889 0.08153088032104068
888 3425 -0.2358049603017249
888 3440 -0.5732589182546316
888 3455 -0.8402195831031093
888 3470 0.09726593162833484
888 3485 0.05512057090729218
888 3500 -0.9501854806337308
888 3365 -0.6973434128724584
888 3380 -0.03859846968828279
888 3395 0.4776671452845862
888 3410 0.06471418495360043
889 890 -0.25219461818055994
889 3605 -0.27021321691034667
889 3620 -0.015586409659884466
889 3635 -0.37079464235763926
889 3650 0.15209955770014835
889 3665 -0.2769900091021412
889 3680 -0.4082244307243423
889 3515 0.3548676269729201
889 3530 0.06513556995354308
889 3545 0.33900130254140054
889 3560 -0.20296677962403822
889 3575 0.1912055726873901
889 3590 -0.7799598722923832
890 3785 0.16676020118975096
890 3800 0.01814989633853077
890 3815 -0.7496682677090319
890 3830 0.22360389515664253
890 3845 0.06280700636738462
890 3860 0.34925379868614975
890 3695 0.753510538809772
890 3710 0.35050630169399577
890 3725 -0.2924804596133027
890 3740 -0.15126666182535722
890 3755 -0.3726891842837901
890 3770 -0.05941725610484622
903 904 0.021105773068047458
903 918 0.062051581786199766
903 3425 -0.3782550646651145
903 3440 0.07450284878335878
903 3365 -0.17857582829551147
903 3380 -0.4575318232803444
903 3395 0.2226257764745389
903 3410 0.21106060488433084
904 905 0.15775585031122646
904 919 -0.4655858239111829
904 3605 0.9686260273783421
904 3620 0.12995094879289787
904 3455 -1.0
904 3470 0.2934467477610791
904 3485 0.2899243228082378
904 3500 -0.4513774957576861
904 3515 -0.026032002364570005
904 3530 -0.28906141618433495
904 3545 0.4811607247456411
904 3560 0.43420423200464414
904 3575 -0.8868043780955467
904 3590 0.18647570745439918
905 920 0.3254620039370372
905 3785 -0.32828233309970273
905 3800 0.14877775399617138
905 3635 -0.09647051534037662
905 3650 1.0
905 3665 -0.4123655162175299
905 3680 -0.1689833664937813
905 3695 -0.7236740741157102
905 3710 0.5775634937168705
905 3725 0.09586108877074402
905 3740 -0.7287984544706001
905 3755 0.7541544788254344
905 3770 -0.8926453508339162
918 919 0.1376193763159958
918 3425 0.39931887660509896
918 3440 0.10213299791019462
918 3365 -0.6878884244099105
918 3380 0.2562041466755901
918 3395 -0.3956952275754038
918 3410 -0.2439455545237004
919 920 -0.20321567865903256
919 3605 -0.4310167317966681
919 3620 -0.575758809821237
919 3455 0.484496833335252
919 3470 0.6967990075603828
919 3485 -0.7119165897354803
919 3500 -0.26449639161508326
919 3515 0.46826156056943397
919 3530 -1.0
919 3545 -0.1207695285349182
919 3560 -0.3500665035332802
919 3575 -0.042635139307932585
919 3590 0.20290985981240917
920 3785 0.46273622769114087
920 3800 0.4425556122632521
920 3635 -0.02718567637686139
920 3650 0.419580221884336
920 3665 1.0
920 3680 -0.7266402826473968
920 3695 0.4325268181359107
920 3710 0.527627474241415
920 3725 -0.6587303026350213
920 3740 0.4452426768027416
920 3755 -0.05772442974264636
920 3770 0.6205623778294429
933 934 -0.19010965704623434
933 948 0.5054773680694364
933 3425 0.9625673917223608
933 3440 0.6947925756818508
933 3365 -0.4350732669025432
933 3380 0.44147089949970325
933 3395 0.128426907456775
933 3410 0.21579890256751613
934 935 1.0
934 949 0.6092453914381972
934 3605 -0.7570353812778919
934 3620 -0.02063009097125646
934 3455 0.4666316065827663
934 3470 -0.7129348660003813
934 3486 -0.08070913388939231
934 3501 -0.9340596476880793
934 3516 0.4416660951909372
934 3531 -0.1277263685725342
934 3545 0.30197138292257036
934 3560 -0.04112890585047867
934 3575 0.3542098664491234
934 3590 0.5524514650526849
935 950 -0.04932831386755093
935 3785 0.35875326403986924
935 3800 -0.11770095071718868
935 3635 -0.21939180663558994
935 3650 -0.6279814916884283
935 3666 0.5190135461404541
935 3681 -0.41111280962802477
935 3696 0.06032537956444859
935 3711 0.17281426124609223
935 3725 0.3312637695809521
935 3740 -0.24129292125964127
935 3755 0.3711987772879095
935 3770 -0.8584186179343725
948 949 0.8703578861913697
948 3425 0.25221409098783076
948 3440 -0.2039662721375335
948 3365 -0.6446384146522598
948 3380 0.4416333639597359
948 3395 0.2275102538245293
948 3410 -0.5304488795457586
949 950 -0.07015750050752688
949 3605 1.0
949 3620 -0.18540650350787094
949 3455 -0.5854838024125424
949 3470 -0.17707190825992009
949 3486 0.07086854726138009
949 3501 -0.07753761058833135
949 3516 0.07219294954514685
949 3531 0.11955161213502814
949 3545 -0.3547963912640423
949 3560 -0.31579142701872664
949 3575 -0.5999205625378214
949 3590 1.0
950 3785 0.334196216858715
950 3800 -1.0
950 3635 -0.6509249953872901
950 3650 0.3309996067495459
950 3666 -0.6652882457517334
950 3681 -0.4567566956992519
950 3696 0.2933621085529804
950 3711 -0.712363833442939
950 3725 0.9647558207687695
950 3740 0.07158096103461829
950 3755 0.4356488756782851
950 3770 -0.5299263016769167
963 964 0.32213465826577
963 978 -0.13337388956222504
963 3425 -0.01655058680469341
963 3440 -0.1851235627626213
963 3455 0.042075035318545416
963 3470 0.7706209735900625
963 3486 -0.2561494130256727
963 3501 0.7187072992483602
963 3516 0.5609190069764569
963 3531 -0.4411830672057959
963 3545 0.6337695774835989
963 3560 -0.6227850045478477
963 3395 -0.45429893835448
963 3410 0.09907758454212258
964 965 -0.7515489980380561
964 979 -0.14583886691851672
964 3605 -0.5262965965122134
964 3620 0.1420118238941206
964 3635 -0.22513670227118132
964 3650 -0.4227120515482914
964 3666 0.4802188487038638
964 3681 -0.18585648207175468
964 3696 0.42780978440051204
964 3711 -0.16402055651741312
964 3725 0.5760357419359567
964 3740 0.6628674588559395
964 3575 0.07024574532790526
964 3590 -0.4889945917051011
965 980 1.0
965 3785 -0.2637368529585928
965 3800 0.21214050683682595
965 3815 -0.11950225421183594
965 3830 0.23650072914442705
965 3846 -0.0587694345445143
965 3861 0.31448280741202866
965 3876 -0.43519732762386487
965 3891 0.041842287133328646
965 3755 0.4881602560751406
965 3770 0.016424259910193355
978 979 -0.585645306569439
978 3425 -0.4299893653336361
978 3440 -0.26120494201794814
978 3455 -0.1689770667607562
978 3470 0.048270349528372704
978 3486 -0.4049078606225492
978 3501 -0.10043366384695292
978 3516 -0.6468203149957885
978 3531 -0.387395454848685
978 3545 0.6960521302806016
978 3560 -0.5118787214820175
978 3395 -0.7469030183403886
978 3410 0.35417711664067636
979 980 0.5898075624424347
979 3605 0.25568677176588495
979 3620 -0.19997118266750336
979 3635 -0.11136121131215022
979 3650 -0.008418627220572692
979 3666 -0.5407581903139623
979 3681 -1.0
979 3696 0.3502353310332741
979 3711 -0.026930894287965405
979 3725 -0.24838239691124592
979 3740 0.19991985286187366
979 3575 -0.7111197838161674
979 3590 -0.2591498993013722
980 3785 1.0
980 3800 -0.5770639809165558
980 3815 0.30316173969631366
980 3830 0.18015652345414226
980 3846 -0.17588182365599347
980 3861 0.7646858074508148
980 3876 -0.4574198649793349
980 3891 0.13229780964150095
980 3755 -0.12416339384661958
980 3770 0.018317825777868012
993 994 0.46685491689694436
993 1008 0.17055243248024943
993 3426 0.4538803098773909
993 3441 -0.07112598797553794
993 3456 0.10613343864393403
993 3471 0.27654195188142455
993 3486 -0.026744318470080367
993 3501 -0.10959900406715423
993 3516 -0.9391014221205514
993 3531 -0.20533324278056145
993 3545 -0.2788825989488354
993 3560 -0.5759640150641597
993 3395 0.035533774095692174
993 3410 0.7677475141826199
994 995 0.39144182771759
994 1009 0.26604663407849904
994 3606 0.6800116629761482
994 3621 0.13317479540983077
994 3636 -0.7501222081568445
994 3651 0.38502688038411875
994 3666 -0.5108659564717346
994 3681 -0.4550814424850876
994 3696 -0.7090314439936829
994 3711 0.07387480668403038
994 3725 -0.03750659092357515
994 3740 -0.10841748903476271
994 3575 -0.10814245515739619
994 3590 0.07168952337082733
995 1010 -1.0
995 3786 0.48743491086299406
995 3801 -0.13786268651853684
995 3816 -0.4577318839344658
995 3831 -0.009530608207202735
995 3846 0.2946856298362503
995 3861 0.24747929317461273
995 3876 -0.8083311531524003
995 3891 0.3168535719932388
995 3755 -0.6750145830623374
995 3770 0.4914747780788759
1008 1009 0.5330790801758251
1008 3426 0.7902654524037475
1008 3441 -0.9487127063400211
1008 3456 0.637757616089579
1008 3471 -0.24682124651880077
1008 3486 -0.19428193785086953
1008 3501 0.43774636661030586
1008 3516 0.0032878079895720365
1008 3531 0.05816437519250028
1008 3545 -0.48825762359443947
1008 3560 -0.01610551730391337
1008 3395 0.22202007051253567
1008 3410 -0.14967547404719334
1009 1010 -0.4135732728268481
1009 3606 -0.7905500237732608
1009 3621 0.139954934359162
1009 3636 -0.0494332025482209
1009 3651 -0.14030838180144478
1009 3666 0.22659714217005955
1009 3681 -0.7019428133323341
1009 3696 -0.6807797245900539
1009 3711 0.10061793833750696
1009 3725 0.004941620314641871
1009 3740 -0.023794709281913465
1009 3575 -0.1912227714281702
1009 3590 -0.018448522865910248
1010 3786 0.5426982622403063
1010 3801 0.03764040720764546
1010 3816 -0.17511918474174412
1010 3831 0.22201252082932782
1010 3846 0.6355676782478051
1010 3861 -0.08139610540549597
1010 3876 0.41942148381883787
1010 3891 0.0988060203499474
1010 3755 0.17863409385280363
1010 3770 0.15936026092328895
1023 1024 0.9643570094681961
1023 1038 -0.09539219596762086
1023 3426 0.5100415401492571
1023 3441 0.9266922636552107
1023 3456 0.6726535353373069
1023 3471 -1.0
1023 3486 -0.49101916016519587
1023 3501 -0.7956467972528447
1023 3365 -0.5799094193466526
1023 3380 0.42656634505556884
1023 3395 -0.3822321642962243
1023 3410 -0.6800559865103287
1024 1025 -0.18139082144710883
1024 1039 0.1251879857584754
1024 3606 -0.46991507584429415
1024 3621 -0.2990225413484633
1024 3636 0.3475183113678612
1024 3651 -1.0
1024 3666 -0.8386308179147118
1024 3681 0.737211284287985
1024 3516 -0.4111970035679639
1024 3531 0.5704245142450478
1024 3545 -0.7671093681902197
1024 3560 -0.47131336507817445
1024 3575 -0.3359661760740109
1024 3590 -0.1321961753995961
1025 1040 -0.7015295390699584
1025 3786 0.15163381478458224
1025 3801 -0.18695441518553754
1025 3816 -0.14271268852838706
1025 3831 0.5069647513178966
1025 3846 -0.20129759087137825
1025 3861 -0.693810056029705
1025 3696 -0.6502343987422228
1025 3711 0.017259471411603427
1025 3725 0.2763564924406405
1025 3740 -0.3217035540888051
1025 3755 0.06093350826040354
1025 3770 0.914543521271921
1038 1039 -0.05673743984956242
1038 3426 -0.1712091004026135
1038 3441 0.22790739340858757
1038 3456 0.09245086569604777
1038 3471 -0.47974858733163067
1038 3486 -0.1821687429486345
1038 3501 0.23800863882842396
1038 3365 -0.5787091705589651
1038 3380 0.09699137340928901
1038 3395 0.28083862043006586
1038 3410 0.7381903831250782
1039 1040 -0.4172717820976559
1039 3606 0.7535010047593145
1039 3621 -0.42653673958701294
1039 3636 0.11600811355216341
1039 3651 0.24570157821988298
1039 3666 -0.07063716673693977
1039 3681 0.23974491390776786
1039 3516 -0.629808236132075
1039 3531 0.06952592130610544
1039 3545 0.39735536066183214
1039 3560 1.0
1039 3575 -1.0
1039 3590 -0.6594294061346346
1040 3786 -0.26177089818951266
1040 3801 -0.11163162558609609
1040 3816 -0.13314311881678734
1040 3831 -0.15820438412235305
1040 3846 -0.337516113267409
1040 3861 0.5901280595384023
1040 3696 0.028198186854175827
1040 3711 0.49510804368543904
1040 3725 0.3995974650922119
1040 3740 -0.14009889752835067
1040 3755 0.05856872299848644
1040 3770 0.16823239531393824
1053 1054 0.10518206902235361
1053 1068 -0.2108326160838498
1053 3426 0.24763401921588607
1053 3441 0.7721169380181909
1053 3456 0.1001961225231812
1053 3471 0.6645344457330961
1053 3486 0.9210566080531496
1053 3501 -1.0
1053 3366 0.6129449714861401
1053 3381 0.4720297153198963
1053 3396 0.45854984180764374
1053 3411 -0.5775770599086625
1054 1055 -0.7042780174138751
1054 1069 -0.3548129580912377
1054 3606 -0.8856139194627076
1054 3621 0.046956729101824225
1054 3636 0.12396313457406073
1054 3651 -0.17463902987244834
1054 3666 0.15671655706023876
1054 3681 0.03700578127223802
1054 3516 0.29064375023702804
1054 3531 -0.5749634761631082
1054 3546 0.2491362055265231
1054 3561 -0.343874766102234
1054 3576 0.4925258740516646
1054 3591 -0.24326312436002864
1055 1070 -0.22442479012281213
1055 3786 0.2507695579585064
1055 3801 -0.11182856461659663
1055 3816 0.68729319837431
1055 3831 -0.29948682396547427
1055 3846 -0.2145037500058111
1055 3861 0.877346864027084
1055 3696 0.6701733978353124
1055 3711 -0.15807857592534655
1055 3726 -0.5503385091846399
1055 3741 0.4992875119944086
1055 3756 0.3511102753009065
1055 3771 0.30767976867700336
1068 1069 -0.07224030460789808
1068 3426 -0.37769725672569504
1068 3441 0.9616665287462431
1068 3456 0.024343055383066265
1068 3471 0.12274149491380619
1068 3486 0.0892884049934032
1068 3501 0.9169419688045224
1068 3366 -0.02584938551004451
1068 3381 0.6319727576012084
1068 3396 -0.30240094522936717
1068 3411 -0.058686793646008845
1069 1070 -0.46926301149154376
1069 3606 -0.07957571857698315
1069 3621 0.34385083873445627
1069 3636 -0.3897711784851633
1069 3651 -0.20068386395972626
1069 3666 0.3492920031106125
1069 3681 -1.0
1069 3516 0.3504820555246547
1069 3531 0.7747363862242239
1069 3546 0.14575993873914067
1069 3561 0.08054089564924663
1069 3576 -0.2739017695033996
1069 3591 -0.2134522560471341
1070 3786 0.029893093177499466
1070 3801 0.2575613051441103
1070 3816 -0.0021317151546283155
1070 3831 1.0
1070 3846 -0.3791851062954731
1070 3861 0.25828416605065213
1070 3696 -0.6111441087085566
1070 3711 0.261566191890905
1070 3726 -0.09237410951539708
1070 3741 -0.26355819359599103
1070 3756 -1.0
1070 3771 -0.47991985525334596
1083 1084 -0.31137398065932437
1083 1098 -0.46023336741540444
1083 3426 0.2659385629029077
1083 3441 -0.1663219967951897
1083 3366 0.0956980990364848
1083 3381 -0.06655593819085166
1083 3396 0.11092328309666238
1083 3411 -0.20198468740912667
1084 1085 0.9710439584834288
1084 1099 -0.07458643372661665
1084 3606 0.5189083926930662
1084 3621 -0.24793671281402568
1084 3456 -0.08097408999277884
1084 3471 -0.5171117691104852
1084 3486 -0.5260457930852845
1084 3501 0.7885968558308142
1084 3516 0.24801298546312553
1084 3531 -0.6906399557455648
1084 3546 -0.3909102497209653
1084 3561 0.7475976144181404
1084 3576 -0.7146111840758399
1084 3591 0.2860287894853852
1085 1100 0.19853794464832505
1085 3786 -0.6473180562640956
1085 3801 0.014551924873101155
1085 3636 -0.11112540219414035
1085 3651 -0.4923248593288416
1085 3666 -0.7576640794263464
1085 3681 -0.5320911497203009
1085 3696 0.1323587924828623
1085 3711 -0.3012912309662452
1085 3726 -1.0
1085 3741 0.14293519440336433
1085 3756 -0.2074370263793634
1085 3771 0.04176663228626194
1098 1099 0.3306656280823712
1098 3426 -0.2563338242834308
1098 3441 -0.0507289194779213
1098 3366 0.684602822695709
1098 3381 0.24060153158639516
1098 3396 0.4642958578460798
1098 3411 0.49777276506782586
1099 1100 -0.2916024428688232
1099 3606 -0.6446227778095666
1099 3621 -0.1511558585819083
1099 3456 -0.8412308655323577
1099 3471 -0.5952466818004215
1099 3486 0.046401846700362716
1099 3501 -0.5904712386144088
1099 3516 1.0
1099 3531 -0.39028861346599947
1099 3546 -0.9314816051938896
1099 3561 -0.32541472177470393
1099 3576 -0.442438360343356
1099 3591 0.2941906063441335
1100 3786 -0.09873294082281571
1100 3801 -0.2874423840964267
1100 3636 0.0018695241992050685
1100 3651 1.0
1100 3666 -0.56196451973667
1100 3681 -0.09318234348361917
1100 3696 0.2683979118642924
1100 3711 0.8774456236161385
1100 3726 -0.015861443201102315
1100 3741 -0.08910856725418766
1100 3756 -1.0
1100 3771 0.34979575688866943
1113 1114 -0.9515891268970192
1113 1128 0.06555091829652379
1113 3426 0.5919017125069445
1113 3441 0.16149730718050695
1113 3366 0.008144872546147864
1113 3381 -0.28646039150993685
1113 3396 -0.5948558753933536
1113 3411 0.3203707125915502
1114 1115 0.41171635207956114
1114 1129 0.2482224868406413
1114 3606 0.2452038478092192
1114 3621 0.5662877953057575
1114 3456 -0.34696981883065087
1114 3471 -0.8392721080949631
1114 3546 -0.31269379092432614
1114 3561 0.31239810065797385
1114 3576 -0.21724580051153966
1114 3591 0.5380027524002259
1115 1130 -0.06230904365767926
1115 3786 -0.43713547403347813
1115 3801 -0.3245900960489241
1115 3636 -0.033824153238923405
1115 3651 -0.026284936190660715
1115 3726 0.2109255095772515
1115 3741 -0.00907313788267954
1115 3756 -0.3674941868825565
1115 3771 -0.4329962050389183
1128 1129 -0.5978448857322801
1128 3426 0.22853599297670613
1128 3441 0.4098690889752665
1128 3366 0.059795470843031696
1128 3381 0.8068034757933371
1128 3396 0.028896616016754695
1128 3411 -0.4393308209264396
1129 1130 0.15710607860757317
1129 3606 0.34146377630022934
1129 3621 -0.3006262061923799
1129 3456 1.0
1129 3471 -0.17374422137179854
1129 3546 0.10954183474497291
1129 3561 -0.2185316190295279
1129 3576 0.09965748374635384
1129 3591 -0.04267625533239807
1130 3786 -0.36556968541722257
1130 3801 0.4033570539621789
1130 3636 0.16093926552941068
1130 3651 0.25748862205127715
1130 3726 -0.7287011661723913
1130 3741 0.786542483531549
1130 3756 -0.29165337723780554
1130 3771 -0.28074292842423754
3364 3365 -0.2980195424463255
3364 3379 0.506654778139895
3365 3366 0.6526623036514223
3365 3380 -0.6912656564444531
3366 3381 -0.5585966031092227
3379 3380 -0.18568122910506377
3380 3381 -0.30154717025462635
3394 3395 0.017616563774972276
3394 3409 -0.26943753321863323
3395 3396 -0.08928582654397801
3395 3410 0.20175250249549428
3396 3411 -0.5054105295236465
3409 3410 0.7347397300225059
3410 3411 -0.30945508627124607
3424 3425 -1.0
3424 3439 0.10081978404588705
3425 3426 -0.3383588824286024
3425 3440 -0.6107920113858206
3426 3441 -0.2563076387975151
3439 3440 0.8679543939372759
3440 3441 -0.2827547757672877
3454 3455 0.5303075377872112
3454 3469 0.09077041181384819
3455 3456 -0.4708956150833686
3455 3470 0.3361004462393468
3456 3471 0.2386268661782244
3469 3470 -0.7407064121110183
3470 3471 0.13569192380938763
3484 3485 -0.41535375530504665
3484 3499 0.5068136221056962
3485 3486 0.3532952085408007
3485 3500 0.12678559475627363
3486 3501 -0.5502589443795944
3499 3500 -0.20226228692062376
3500 3501 0.15028581376361114
3514 3515 0.006265693735804345
3514 3529 -0.04029209776590341
3515 3516 0.5970445530699529
3515 3530 0.33348045414804506
3516 3531 -0.17395769652315887
3529 3530 -0.12150789999834892
3530 3531 0.43889133300033695
3544 3545 0.05177766616370409
3544 3559 0.16311904708523872
3545 3546 0.47268093151198387
3545 3560 0.09469908928415091
3546 3561 -0.19197111597787883
3559 3560 -0.5585216952812078
3560 3561 -0.37258931715345306
3574 3575 0.3669656132772838
3574 3589 -0.09138980977676374
3575 3576 0.5794186934137104
3575 3590 0.7329192148584758
3576 3591 -0.19037064935654532
3589 3590 -0.5482204832988101
3590 3591 0.16012460196317285
3604 3605 0.39912904479442923
3604 3619 -0.2766279764930111
3605 3606 0.26422669849535907
3605 3620 0.6519387936193934
3606 3621 -0.22099088139379608
3619 3620 0.2798767882404639
3620 3621 -1.0
3634 3635 0.27885339245056134
3634 3649 0.47210933462989346
3635 3636 -0.8617908124795287
3635 3650 -0.02986299919696583
3636 3651 0.13856244722613303
3649 3650 -0.41652714598948604
3650 3651 -0.21179884333038812
3664 3665 0.06979768032395403
3664 3679 -0.14784254569356597
3665 3666 0.25003079644000764
3665 3680 0.2169618687849507
3666 3681 -0.2941145179682135
3679 3680 0.367625657494217
3680 3681 0.4191063191635479
3694 3695 -0.921706883700235
3694 3709 0.581815093489093
3695 3696 -0.11847535370934212
3695 3710 -0.2817505876418849
3696 3711 -0.4527238550369455
3709 3710 0.14111134000420006
3710 3711 0.5227934202529885
3724 3725 0.36795510958792704
3724 3739 -0.17451051442812723
3725 3726 0.04558797584023666
3725 3740 -0.15450381651573694
3726 3741 -0.3694876211575257
3739 3740 0.19052582516899663
3740 3741 -0.53936424923282
3754 3755 0.7153653865318002
3754 3769 -0.24425210611428166
3755 3756 -1.0
3755 3770 -0.5793392608507819
3756 3771 -0.8458950421177158
3769 3770 0.05964874965661797
3770 3771 -0.07193025712911252
3784 3785 -0.5842275343635506
3784 3799 0.3428527594098433
3785 3786 0.07020240638746486
3785 3800 1.0
3786 3801 -0.5072006267824908
3799 3800 -0.3787802026497968
3800 3801 -0.18026408741581068
3814 3815 -0.24308341623677687
3814 3829 -0.16568773052422447
3815 3816 0.26786079217005304
3815 3830 -0.063152470392881
3816 3831 -0.21265290643675364
3829 3830 0.9307139551138516
3830 3831 1.0
3844 3845 0.20508981718136288
3844 3859 0.4036360890706337
3845 3846 0.032727103473848086
3845 3860 0.1344864922085156
3846 3861 -0.038103176612305396
3859 3860 0.0818574775440959
3860 3861 -0.04549692769597473
3874 3875 -0.4181828771458452
3874 3889 0.14808830118087382
3875 3876 0.8301133214167645
3875 3890 0.22816803749893555
3876 3891 -0.8094271417275388
3889 3890 0.09853133878492702
3890 3891 0.4136073143934815
