# 
603 603 0.4651630420397388
604 604 -1.1539747854426319
605 605 1.4846980716354312
618 618 -0.12275441307709749
619 619 -0.4030959716936536
620 620 -0.5165918260689664
633 633 -0.5381128806067068
634 634 1.2456899467190732
635 635 -0.30061761874820186
648 648 0.5069532008156997
649 649 1.320126745703943
650 650 -0.3938829027797058
663 663 1.2827596358249358
664 664 0.19333085124784669
665 665 1.4346758639230686
678 678 0.7396339827344481
679 679 -1.6779708797871493
680 680 2.5919246954235864
693 693 -0.6962982563494917
694 694 0.01151864822972894
695 695 3.116321220405567
708 708 0.23217721797359686
709 709 0.19076254833663703
710 710 -2.060359690796561
723 723 -0.5997761938895303
724 724 0.9160787888427371
725 725 1.4817963709793036
738 738 -0.01811395269419093
739 739 -0.5590594916775573
740 740 -1.214311694660067
753 753 1.0760594554591043
754 754 1.7973263415770184
755 755 -1.1600965012391387
768 768 0.3397388995672548
769 769 1.0988064149761148
770 770 -0.8481669304776516
783 783 -1.1916611923303617
784 784 0.480756974858686
785 785 -1.4351440361272878
798 798 0.05730731385095174
799 799 -1.815185931526927
800 800 1.8834035146510564
813 813 0.7231386465622572
814 814 -0.5352572895444796
815 815 0.7533346725514048
828 828 1.386329955630597
829 829 0.21336347541389675
830 830 -0.023003612771166207
843 843 -1.9711443219970695
844 844 0.30544909958584693
845 845 1.1814395630495302
858 858 -0.747061486168486
859 859 -0.64896272033507
860 860 -1.1299704989204407
873 873 0.8126912177471903
874 874 -0.7007107204620484
875 875 0.4614508710885744
888 888 -0.29866737601888727
889 889 0.3161789334383273
890 890 -3.116008783490499
903 903 -0.24822222718864484
904 904 -0.8403006729776638
905 905 0.7135114551506307
918 918 -0.15934537164875992
919 919 0.14779657334093738
920 920 0.3557355558653895
933 933 1.4442803515557647
934 934 -0.05252817702126399
935 935 -1.0327561856479868
948 948 -0.01588184655086771
949 949 -0.8670689727315828
950 950 -0.5193682103871138
963 963 -1.725164980437104
964 964 0.8028365222339875
965 965 1.553518042064268
978 978 -1.237376557103486
979 979 0.9725066355671154
980 980 0.2362722593113662
993 993 0.34979516108277786
994 994 0.49584412456111326
995 995 -0.17771411987051983
1008 1008 0.24878065571839142
1009 1009 -0.6105330053948728
1010 1010 -2.1432335162140324
1023 1023 0.29570954615413253
1024 1024 1.997337161700446
1025 1025 -0.6664389162196277
1038 1038 -0.6212304417798763
1039 1039 0.14952493287708152
1040 1040 -0.453364770329515
1053 1053 -0.69864349015536
1054 1054 -1.3573660199581423
1055 1055 -1.5503773506450278
1068 1068 -2.52621582323681
1069 1069 0.8909305306864755
1070 1070 0.13637439882101943
1083 1083 1.4364762771681805
1084 1084 -0.7200393922704125
1085 1085 -0.23161835157153227
1098 1098 1.2708887716881387
1099 1099 0.03201925933736812
1100 1100 -0.5443411454079684
1113 1113 0.10416920685276111
1114 1114 0.5045743133068412
1115 1115 0.7540515306361658
1128 1128 -0.18588912648853237
1129 1129 0.77227867332509
1130 1130 0.16672117193478855
3364 3364 -0.43534905507695226
3365 3365 -0.9618611014604042
3366 3366 0.214738431099259
3379 3379 0.739908929960276
3380 3380 -0.1668146505281314
3381 3381 0.5013108301853685
3394 3394 -0.6749870631712647
3395 3395 1.843357964016785
3396 3396 -0.026441878764382264
3409 3409 0.9532950907784252
3410 3410 0.47494654676588527
3411 3411 0.7915799074810858
3424 3424 -1.6256538810371943
3425 3425 -0.2967480417207939
3426 3426 0.11177918354364678
3439 3439 -0.42059608392965725
3440 3440 1.8029832826672973
3441 3441 -0.003805829465536563
3454 3454 -1.439742083694091
3455 3455 0.12036235212640212
3456 3456 0.9964290010408212
3469 3469 0.018447028507293555
3470 3470 0.09344596944719996
3471 3471 -0.8129199640065035
3484 3484 -2.1039801225405776
3485 3485 0.9003578717872488
3486 3486 -0.6990899907163307
3499 3499 -0.21117806880701182
3500 3500 -0.9005971422920301
3501 3501 -0.1402567321822281
3514 3514 0.6776029008351052
3515 3515 -1.3358895073824988
3516 3516 -0.05051560476939793
3529 3529 -0.6451509217635012
3530 3530 -0.09083571314735124
3531 3531 -2.3172011608676444
3544 3544 -0.6880311203264039
3545 3545 1.2767095537169602
3546 3546 -1.2572971880044437
3559 3559 0.2663831692723435
3560 3560 1.2375044802889676
3561 3561 0.3055417175223235
3574 3574 0.38608939357153504
3575 3575 -0.9170988723776873
3576 3576 0.9122562201294842
3589 3589 -2.2005039801612436
3590 3590 -0.6795237665030995
3591 3591 -1.884312676308753
3604 3604 -1.5190411208246535
3605 3605 0.3586426631352706
3606 3606 0.7644116562030373
3619 3619 1.1220008227157698
3620 3620 -0.062071255855524095
3621 3621 -0.6930685241447938
3634 3634 0.29121752920204613
3635 3635 -0.07899170392475326
3636 3636 1.6315779402217165
3649 3649 -0.6967639359464816
3650 3650 0.9330845967713748
3651 3651 0.9260678363752914
3664 3664 -1.0448320866406207
3665 3665 0.75574229584467
3666 3666 1.1424054701284017
3679 3679 0.17909528253511858
3680 3680 -2.225112531696411
3681 3681 1.1289446763539346
3694 3694 0.19708391585487928
3695 3695 -0.8049985819477659
3696 3696 -1.7426663574582937
3709 3709 1.1162482001630623
3710 3710 0.9692605146739178
3711 3711 -0.31731917769697904
3724 3724 -0.5525210447068557
3725 3725 -0.1168358093694798
3726 3726 1.1599739705753658
3739 3739 -0.5272231166884865
3740 3740 -1.9726144500433136
3741 3741 0.0698706693287349
3754 3754 -0.11076917409328757
3755 3755 3.185908963304755
3756 3756 -0.8205495857175805
3769 3769 -0.036004847315002905
3770 3770 0.07200758353221226
3771 3771 -1.3751856823174957
3784 3784 1.4309404016292209
3785 3785 -0.1462922108190633
3786 3786 -1.4700940045580118
3799 3799 0.5563714079433564
3800 3800 -1.0286900033561603
3801 3801 1.5104952848055384
3814 3814 0.3481971999349992
3815 3815 -0.9711112495079369
3816 3816 0.7004688108463794
3829 3829 -1.495886569773041
3830 3830 -0.07499142095907058
3831 3831 -0.7448593526808523
3844 3844 0.5577800897085347
3845 3845 -1.5478951051523748
3846 3846 1.5378989157384566
3859 3859 -1.053381729314567
3860 3860 -1.2921620414910993
3861 3861 1.945525779519832
3874 3874 2.1486249453779793
3875 3875 0.48684109268515724
3876 3876 1.6013817817699731
3889 3889 -0.16140559473393912
3890 3890 0.8229612228565977
3891 3891 0.16971783717101288
603 604 -0.5397948762995183
603 618 0.5301584175801456
603 3484 0.1750833998266985
603 3499 0.3149924015113295
603 3514 0.7757508931507324
603 3529 -0.13945883140401308
604 605 -0.30078593368029044
604 619 -0.6462643703830335
604 3664 -0.861281015544128
604 3679 -0.3929156498959847
604 3694 0.5329052592398441
604 3709 -0.23327988172941597
605 620 -0.12961396903156974
605 3844 -0.24806121703945203
605 3859 -0.5320955619722151
605 3874 -0.13650771548106214
605 3889 0.5009679376985927
618 619 -0.07109217664045053
618 3484 -0.4470692676975307
618 3499 -0.08158896082588679
618 3514 0.5191413824194934
618 3529 -0.2231679820052322
619 620 -0.12968885056485302
619 3664 -0.08713534637031453
619 3679 0.5751002552397793
619 3694 0.31260552536277536
619 3709 0.11954117681853675
620 3844 1.0
620 3859 0.09926731426522299
620 3874 -0.12997461034153532
620 3889 -0.513045641254664
633 634 -0.5912622976252121
633 648 -0.6819408745811678
633 3424 0.14254795088238756
633 3439 0.26871130192251264
633 3454 0.5958088141083253
633 3469 0.3166398935698254
633 3484 -0.4672383393411048
633 3499 0.6000577567764065
633 3514 0.059607174834432126
633 3529 0.45340970085784454
634 635 0.11411290119418392
634 649 -0.007579906857484214
634 3604 -0.3339763654122167
634 3619 0.2207843836760212
634 3634 0.4309644113359632
634 3649 -0.3128505024925683
634 3664 -0.03439155464598544
634 3679 -0.6005840109616817
634 3694 0.48267133992744315
634 3709 0.11103844593387992
635 650 0.06078966114596026
635 3784 0.7290437985502025
635 3799 0.13058466558754211
635 3814 -0.13627309169220178
635 3829 0.27686401544758843
635 3844 -0.5688553305373202
635 3859 -0.8946033273043711
635 3874 -0.3285282973988859
635 3889 -0.024342832783226437
648 649 -0.8085695128248044
648 3424 0.42385113372493893
648 3439 -0.7626170521664474
648 3454 0.39390450128987436
648 3469 0.6698749693617421
648 3484 0.0940910659100978
648 3499 -0.6381553081806335
648 3514 -0.794145865276922
648 3529 -0.24928214178520483
649 650 -0.43900736102355586
649 3604 -0.9798772127166516
649 3619 0.03441674971014409
649 3634 0.5343278505428194
649 3649 -0.09971608554700989
649 3664 0.06227103353059152
649 3679 0.10524225463858343
649 3694 0.2562707339630133
649 3709 0.7960603847916993
650 3784 -0.841684904132681
650 3799 0.4500018795200165
650 3814 0.6180673707784428
650 3829 0.19017387641309977
650 3844 -0.6283355276490246
650 3859 0.5309137473648423
650 3874 -0.13204337007120426
650 3889 0.2500893095455193
663 664 -0.14379178725065114
663 678 0.5232575939986901
663 3424 0.28029472102318254
663 3439 -0.9515110165404813
663 3454 -0.8476388276390703
663 3469 0.588192449307056
663 3484 -0.05724581854123381
663 3499 -0.26704680847044504
664 665 0.5337045395430202
664 679 0.23250338412401547
664 3604 0.18817842940224114
664 3619 0.27133170416262603
664 3634 0.09105626293463594
664 3649 -0.4477688429966579
664 3664 -0.16752318873651098
664 3679 0.21191691995772524
664 3514 1.0
664 3529 0.1293395264577
665 680 -0.6257446395397818
665 3784 -0.4959413642277562
665 3799 0.24148588313147057
665 3814 -0.275094199412389
665 3829 1.0
665 3844 -1.0
665 3859 0.10691125674749262
665 3694 0.42430593285851725
665 3709 0.03283669865059012
678 679 -0.3776250662330858
678 3424 -0.6246338905905103
678 3439 -0.149535273802178
678 3454 -0.9056472840068025
678 3469 -0.3843991299082922
678 3484 -0.7463187898252593
678 3499 -0.14976518189366536
679 680 0.44672370795580807
679 3604 -0.3982730237806817
679 3619 0.5720956715575196
679 3634 -0.5245436157773382
679 3649 0.2990044452209846
679 3664 0.43216477384325397
679 3679 1.0
679 3514 0.6414868763517998
679 3529 0.8735135483032612
680 3784 -0.4635651708260449
680 3799 0.4051091596034315
680 3814 0.053590953708586735
680 3829 0.43490775286673494
680 3844 -0.16969303934088076
680 3859 -0.2647426453283138
680 3694 0.10087288740180292
680 3709 -0.9065305411545737
693 694 -0.5241787578317659
693 708 -0.687995455640124
693 3424 0.32892397297388876
693 3439 0.10369478630157614
693 3454 0.043758147029538196
693 3469 0.04569596918051316
693 3484 -0.252500810394354
693 3499 -0.03874522920470865
693 3364 -0.870833454001435
693 3379 0.6798822049257848
693 3394 -0.5672350721559051
693 3409 0.9333984651397798
694 695 -0.0028664423414642357
694 709 -0.6999171258434816
694 3604 -0.7604657031588586
694 3619 -0.0016874786638339044
694 3634 -0.7652706508613867
694 3649 -0.18035576079335425
694 3664 -0.1426559264689204
694 3679 0.2511991566489
694 3514 0.10833771970685617
694 3529 -0.1482751464156938
694 3544 -0.06172518364259333
694 3559 0.08420120860983467
694 3574 0.274434529299813
694 3589 -0.10534680601873792
695 710 0.04445639724265771
695 3784 0.6742011738733664
695 3799 0.2882550550622597
695 3814 -0.608367646223053
695 3829 0.03105773436659193
695 3844 0.3477775133321386
695 3859 0.336936170160368
695 3694 -0.5628471585458094
695 3709 -0.9178904794315422
695 3724 -0.9062669462375477
695 3739 -1.0
695 3754 0.09574181940604572
695 3769 0.02380168303848228
708 709 -0.06851329498847498
708 3424 0.15571766175297735
708 3439 -0.300553701541813
708 3454 0.5168295574253132
708 3469 -0.022130443271119276
708 3484 0.057248530293354756
708 3499 0.10353346946283658
708 3364 0.3489205909343191
708 3379 0.1088407445604804
708 3394 -0.281104848441227
708 3409 -0.7546231791383051
709 710 -0.5059773963096376
709 3604 0.19042440770051486
709 3619 0.20534472903644896
709 3634 0.006578902792278425
709 3649 -0.814736099119871
709 3664 -0.3634917824224851
709 3679 0.3906641102728207
709 3514 0.18489606018880922
709 3529 -0.48813031178289984
709 3544 0.3210278044410832
709 3559 0.3631786661939807
709 3574 -0.18820571482861648
709 3589 0.42774489652199726
710 3784 0.10178153894554516
710 3799 -0.5219587213919717
710 3814 -0.40983232024476746
710 3829 -0.3818332450361048
710 3844 -0.611397274294055
710 3859 0.41940751419272304
710 3694 -0.5673226037082026
710 3709 -0.26561087645737097
710 3724 0.09384031355113667
710 3739 0.15864867818176556
710 3754 0.5228503800537033
710 3769 0.8844707005451997
723 724 -0.825492893887169
723 738 0.002674760092078078
723 3424 0.3065738979661364
723 3439 0.7492665918448966
723 3364 -0.5558883721094696
723 3379 0.9987912085717807
723 3394 -0.2615624380584054
723 3409 0.4106028527230503
724 725 0.4408266244607132
724 739 -0.7991359629409603
724 3604 -0.6280761318670819
724 3619 -0.27858560836457286
724 3454 -0.13066762805805326
724 3469 -0.42710799401739435
724 3484 0.4301060568201139
724 3499 0.3846420997936376
724 3514 -0.2877695893945848
724 3529 0.2966959405770844
724 3544 -0.22655529329823518
724 3559 -0.2517681335362709
724 3574 1.0
724 3589 0.6800136790506925
725 740 0.2656725415958399
725 3784 0.3495374445412159
725 3799 0.25664797687844765
725 3634 -0.22044246644884907
725 3649 -0.3696435839673463
725 3664 -0.437279425664192
725 3679 -0.6653867366436024
725 3694 0.14118383409180293
725 3709 -0.5111034518116713
725 3724 -0.2263805487039631
725 3739 -0.46454323493829036
725 3754 -0.20447025082889986
725 3769 0.741696937624889
738 739 0.11802046089345386
738 3424 -0.048870067622582385
738 3439 0.35795739254612247
738 3364 0.41075159813163675
738 3379 -0.4452628462614538
738 3394 0.1917312077074145
738 3409 1.0
739 740 0.23206129431286646
739 3604 -0.23836518343428167
739 3619 -0.0977555378782944
739 3454 -0.3996131981582951
739 3469 -0.17457735442466377
739 3484 -0.16097630149961756
739 3499 -0.16036091143213188
739 3514 0.10673950600556754
739 3529 -0.7263908989118559
739 3544 -0.16895652996818844
739 3559 -0.33412034239946414
739 3574 0.0755968810744624
739 3589 -0.19388883168971915
740 3784 -0.1131323539254402
740 3799 -0.0440381237557397
740 3634 0.11080494272267816
740 3649 -0.0774161289893496
740 3664 0.4389946375224064
740 3679 0.32730818824426033
740 3694 -0.09512292389271979
740 3709 0.3725812984144326
740 3724 -0.055788081302494984
740 3739 0.40925718096686153
740 3754 -0.0435000867710936
740 3769 -0.33521792106575654
753 754 0.6898524235576663
753 768 -0.07268181409666029
753 3424 -0.20464904962464311
753 3439 -0.3640546991431514
753 3364 -0.44679109172930004
753 3379 0.27142495794064936
753 3394 0.3518521998628344
753 3409 0.7428555601681309
754 755 -1.0
754 769 0.21722128259354428
754 3604 -0.6399850797536694
754 3619 0.7128267818374436
754 3454 -0.4089378332252965
754 3469 0.41254502555737793
754 3485 -0.00024712982489790645
754 3500 0.18832961115183228
754 3515 -0.05451689300134
754 3530 -0.14812353885313034
754 3544 -0.2876426671404434
754 3559 0.22623555930856507
754 3574 0.22719058619690322
754 3589 -0.12769756603319016
755 770 -0.09311101447807259
755 3784 0.026598686226486604
755 3799 -0.4313726152131955
755 3634 0.08413080992581538
755 3649 0.4284832565289831
755 3665 -1.0
755 3680 0.1221123617571497
755 3695 -0.24665960981000334
755 3710 -0.5128213873468779
755 3724 -0.192570642853617
755 3739 -0.7611715738122866
755 3754 1.0
755 3769 -0.9288857947791951
768 769 0.07929142349866027
768 3424 -0.35876682039958285
768 3439 0.32929359775108985
768 3364 0.2715980994861236
768 3379 -0.12564404756691727
768 3394 0.49998173186247863
768 3409 0.34435728968513646
769 770 -0.049972016505559665
769 3604 -0.13778205002310223
769 3619 0.3808860247891267
769 3454 -0.5335967108239978
769 3469 0.23249937151220562
769 3485 0.3572178978897441
769 3500 -0.09194818914985949
769 3515 0.0008444400797697815
769 3530 -0.0054075978956563435
769 3544 -0.7394484545098148
769 3559 -0.7541528973595826
769 3574 0.6391120364436729
769 3589 0.587748416890921
770 3784 -0.2790738382499317
770 3799 -0.3158574339016258
770 3634 -0.4540054052715399
770 3649 -0.30553960667957364
770 3665 -0.43111996183194023
770 3680 -0.02399418938782353
770 3695 -0.38902904756339163
770 3710 -0.01614422354218648
770 3724 -0.24517262306010898
770 3739 0.6465088643566129
770 3754 0.4127569432752731
770 3769 -0.07324065760218924
783 784 0.029102833978171073
783 798 -0.016355156943308354
783 3424 0.4079209978825732
783 3439 0.4706743584281612
783 3454 -0.12589984122992412
783 3469 -0.420911406275633
783 3485 -0.5531779472081841
783 3500 -0.07230217242480433
783 3515 -0.5159620365620673
783 3530 -0.004632385413798539
783 3544 -0.046399893528962816
783 3559 -0.14816065203170234
783 3394 -0.0021307415483145897
783 3409 0.5874230316375573
784 785 -0.2988372859779191
784 799 -0.27302214389841956
784 3604 -0.6622633589007144
784 3619 0.2515126563049918
784 3634 0.1259115821416675
784 3649 -0.4880177858278859
784 3665 -0.7415306488785319
784 3680 -1.0
784 3695 1.0
784 3710 0.2745573531997644
784 3724 0.10096203396246801
784 3739 -0.1809744784878529
784 3574 0.3267704129491602
784 3589 0.5283473247302689
785 800 -0.6632006656136042
785 3784 -0.12889916374444596
785 3799 0.6500609475397277
785 3814 -0.02432122292365683
785 3829 0.8380947955568043
785 3845 0.25407587383004815
785 3860 0.4523581391723337
785 3875 0.010867876834539393
785 3890 0.19389408993291693
785 3754 -1.0
785 3769 -0.04498295938029351
798 799 0.5217555305050683
798 3424 0.4355689613711899
798 3439 -0.24224070565712374
798 3454 -0.12524029358421057
798 3469 0.2049474593891034
798 3485 -0.07375498857382382
798 3500 0.7709591493764535
798 3515 -0.4190397744474698
798 3530 0.4531581595138235
798 3544 -0.6738840440184073
798 3559 0.3110936185501907
798 3394 -0.8263369885093951
798 3409 -0.12600275618400686
799 800 -0.8950657862107471
799 3604 -0.08363077805073853
799 3619 0.2552260659435068
799 3634 0.08868808626571084
799 3649 -0.4085743890627891
799 3665 1.0
799 3680 0.12724732966606483
799 3695 -1.0
799 3710 0.8000773591419792
799 3724 0.3112824609373433
799 3739 -0.131294772927968
799 3574 -0.36867261087411346
799 3589 0.5816537515871592
800 3784 0.35100488773229505
800 3799 -0.43639288982989716
800 3814 0.7298187450202542
800 3829 0.4951562482308764
800 3845 0.7386340065959819
800 3860 0.5420327080882003
800 3875 0.05480138473819104
800 3890 0.26723591257843415
800 3754 0.32057526849616846
800 3769 1.0
813 814 0.7133122075184909
813 828 0.2531708951500584
813 3425 -0.6396063597337109
813 3440 -0.06204400765511777
813 3455 -0.45770529275800936
813 3470 0.45970530425667017
813 3485 -0.1282273887757446
813 3500 -0.4960299050399288
813 3515 -0.606150104664908
813 3530 0.20260114378216768
813 3544 0.2242535815138763
813 3559 0.06761313774839271
813 3394 0.27221439215470733
813 3409 0.12966168928272562
814 815 0.773473492858671
814 829 -1.0
814 3605 0.24487895692253242
814 3620 -0.13714541636747637
814 3635 0.14470288010543092
814 3650 0.4704136718765829
814 3665 -0.0680302715363802
814 3680 -0.19572874053593803
814 3695 0.22571393768256312
814 3710 0.5164075023159124
814 3724 1.0
814 3739 0.4703126199058019
814 3574 0.13168305939081035
814 3589 0.3163186295838944
815 830 -0.03221139043429082
815 3785 -0.1390655130913876
815 3800 -0.8553736510021179
815 3815 0.458825148826637
815 3830 0.9391985567427836
815 3845 -0.35896374279690313
815 3860 -0.27056344170909086
815 3875 0.25856834476007173
815 3890 -0.7419040583787476
815 3754 1.0
815 3769 0.4483029704123632
828 829 -0.13786844114648705
828 3425 0.09502830037170357
828 3440 -0.2807036416797123
828 3455 0.42429335250240735
828 3470 -0.08623882526428185
828 3485 0.0792699243650073
828 3500 0.1410468021777739
828 3515 -0.3689669759383923
828 3530 -0.2039725527005701
828 3544 0.00570759457289586
828 3559 0.13958416313439817
828 3394 0.02492815470865136
828 3409 0.20598136891405108
829 830 0.2326411453103015
829 3605 0.7991210206351745
829 3620 0.28695439816726775
829 3635 0.06136471455724823
829 3650 1.0
829 3665 0.7419381347221108
829 3680 -0.23473674556486926
829 3695 -0.07357422322068802
829 3710 0.11259532448689642
829 3724 -0.12191125376515478
829 3739 0.6026689464488721
829 3574 0.1295443297603343
829 3589 -0.4495511451404929
830 3785 -0.42517107151250455
830 3800 0.7782322979513284
830 3815 0.69282889186691
830 3830 0.1377980213262755
830 3845 -0.5961397241797649
830 3860 0.6420156999926587
830 3875 -0.34288790166709254
830 3890 -0.30026897653102824
830 3754 0.6849634860709017
830 3769 0.1272693260170813
843 844 0.35039337135472354
843 858 0.48272725659276605
843 3425 0.14114410978639938
843 3440 -1.0
843 3455 0.6968479805688275
843 3470 0.7987173286336439
843 3485 -1.0
843 3500 -0.099485237846917
843 3364 -0.8507852697079161
843 3379 0.4590982988281397
843 3394 0.20152396420509763
843 3409 0.7508306929022834
844 845 0.2683035982340072
844 859 0.2118471757410605
844 3605 0.054406742770706874
844 3620 0.17203242466941096
844 3635 -0.5303348714686644
844 3650 0.45200618457196395
844 3665 0.23981706219456977
844 3680 0.32468685018505855
844 3515 -0.8839049165340801
844 3530 0.4830288657786177
844 3544 -0.12465065496891292
844 3559 -0.026024369674993397
844 3574 0.5015987517340176
844 3589 0.3923355703325321
845 860 0.4408230755031344
845 3785 0.14336652493311264
845 3800 -0.33578802853683737
845 3815 -0.6939042093255857
845 3830 -0.6155570718749073
845 3845 -0.6544474655685787
845 3860 -0.9312467502286998
845 3695 -0.0562769346610544
845 3710 0.2014053238890126
845 3724 -0.5815651246328949
845 3739 -0.20065013376723922
845 3754 0.1472247860767444
845 3769 0.09337283780086403
858 859 -0.9439195761947641
858 3425 0.007949028333902965
858 3440 -0.04735290121491335
858 3455 0.3140414379233357
858 3470 -1.0
858 3485 -0.04972231098035533
858 3500 0.1892857360455914
858 3364 -0.11681138908772046
858 3379 0.2839034638698587
858 3394 -0.22020737847315225
858 3409 -0.8033645777530084
859 860 0.45473781166706
859 3605 -0.2222424697851149
859 3620 0.318868389236064
859 3635 0.2502374406531007
859 3650 -0.13475156165351204
859 3665 0.7726281124616484
859 3680 0.15014644689070586
859 3515 -0.26358180926199215
859 3530 0.13652578850958744
859 3544 0.1632375087419111
859 3559 0.34667550185184876
859 3574 -0.2678673458949789
859 3589 -0.06720462073494661
860 3785 1.0
860 3800 0.7203531399841814
860 3815 -0.11647052066399627
860 3830 -0.07629229629674794
860 3845 -0.7541293243713781
860 3860 -0.10332964764250513
860 3695 -0.006298008962632629
860 3710 -0.2757081624453747
860 3724 0.27329633418501525
860 3739 0.2543631638426732
860 3754 0.34635192124508535
860 3769 0.5580229349294829
873 874 -0.17089248058785875
873 888 -0.2954946598066458
873 3425 0.28148002073787015
873 3440 -0.40988450975727847
873 3455 -0.43457726210782227
873 3470 0.16713156481465916
873 3485 -0.4076483298984094
873 3500 0.07531119623274846
873 3365 0.2542611832739725
873 3380 -0.6525066017654416
873 3395 0.18311409083911986
873 3410 0.15950490128935632
874 875 0.36246418722955237
874 889 0.19585010717506113
874 3605 -0.6737900628706213
874 3620 0.008087029589428186
874 3635 -0.4969433247074562
874 3650 0.2180545339164747
874 3665 0.5485326953308237
874 3680 0.2670308089894571
874 3515 0.3542635865540261
874 3530 0.02629584542891049
874 3545 0.7472594492673965
874 3560 0.14342711897083876
874 3575 0.37210674597047644
874 3590 0.10139047141351228
875 890 0.020300191404629943
875 3785 0.12850225167373885
875 3800 1.0
875 3815 -0.6084058905589815
875 3830 -0.8573104538900724
875 3845 -0.5783311484524969
875 3860 -0.12909904556484678
875 3695 0.14795720033998802
875 3710 0.8273174605712806
875 3725 -0.0995078388979762
875 3740 -0.03307883384227819
875 3755 0.22981818535848283
875 3770 -0.235816334371015
888 889 0.9273400960266418
888 3425 -0.5915290206111076
888 3440 0.5905059914292162
888 3455 -0.4653154887942702
888 3470 -0.07160992991219645
888 3485 0.09243502027834599
888 3500 0.5567001616128957
888 3365 -0.08420203829284889
888 3380 0.5390572317635859
888 3395 0.2588341230748637
888 3410 -0.11583896954274095
889 890 0.525548911182917
889 3605 -0.15262159061154557
889 3620 -0.17483124702626895
889 3635 -0.08065406891363751
889 3650 0.6042838247122112
889 3665 0.6081258359826647
889 3680 0.9340918935509441
889 3515 0.6469295495515788
889 3530 -0.36005370796976904
889 3545 -0.27417290379578374
889 3560 0.424768868441941
889 3575 -0.06106910639468996
889 3590 0.06394139860569692
890 3785 -0.5462164141645723
890 3800 0.19890938109963316
890 3815 0.24281631504175125
890 3830 0.9004046152797884
890 3845 0.8678678269819258
890 3860 -0.9205139035630783
890 3695 0.004708416045877491
890 3710 0.23604288011860688
890 3725 -0.12213012547040622
890 3740 0.5812974140991194
890 3755 -0.17094317837809178
890 3770 -0.9676889995025686
903 904 -0.09749622522898287
903 918 -0.20488201483757393
903 3425 0.6608835270089943
903 3440 0.17682926352590186
903 3365 -0.2456918774290379
903 3380 0.31820220568225965
903 3395 0.6133946399194273
903 3410 -0.16291174873762346
904 905 -0.8783229522530471
904 919 -0.2614321527477793
904 3605 -0.12399169708411367
904 3620 0.17291930816457193
904 3455 0.45304883067386414
904 3470 0.4363289292878745
904 3485 0.8830153451391449
904 3500 -0.5069989176197915
904 3515 -0.40920244208487083
904 3530 -0.48031373887444884
904 3545 -0.16571673911416654
904 3560 -0.6245520908836959
904 3575 0.3970764086408436
904 3590 0.3221561182619624
905 920 0.08795344166229163
905 3785 -0.7959776673318218
905 3800 0.8773559759721775
905 3635 0.2836445483772874
905 3650 -0.40170270859896273
905 3665 -0.08153384694497741
905 3680 -0.011660401230775408
905 3695 -0.47543789270618736
905 3710 0.6743531957316586
905 3725 0.08746416047202174
905 3740 0.2837272000281785
905 3755 -0.7526445945369091
905 3770 -0.7890035709486172
918 919 -0.37988708517646114
918 3425 -0.23475089356841347
918 3440 -0.01240678551870674
918 3365 -0.030277742348826697
918 3380 0.09662392235465149
918 3395 0.16366986990889573
918 3410 -0.1960098779381233
919 920 -0.3109174950002421
919 3605 -0.6430665396474778
919 3620 0.5828615285485559
919 3455 0.055743649807549873
919 3470 0.5801912369873538
919 3485 0.5442669323850305
919 3500 0.3785099862592535
919 3515 0.024036732188650725
919 3530 0.30453517338402336
919 3545 0.2741263749034783
919 3560 -0.5410759808078931
919 3575 0.3717100651191166
919 3590 -0.13247655194334365
920 3785 -0.4776322470115145
920 3800 0.18051750382311418
920 3635 -0.42335200129601896
920 3650 -1.0
920 3665 0.1275100636848614
920 3680 -0.019594819600936106
920 3695 0.16721888939957907
920 3710 0.6464735789585422
920 3725 -0.06652885950937246
920 3740 0.16428664396828307
920 3755 -0.3337335491450811
920 3770 0.26538450143707615
933 934 -0.5711732594151091
933 948 -0.36961655969161467
933 3425 0.18763978335333764
933 3440 0.545575056498991
933 3365 -0.22459845970663161
933 3380 -0.687331338610815
933 3395 -0.13410447756373747
933 3410 0.8845213084064744
934 935 -0.3480954870513321
934 949 0.1466054785295
934 3605 0.04779093089249794
934 3620 0.29010068328815414
934 3455 -0.30742432478068804
934 3470 0.15121627148623473
934 3486 0.09194060978178956
934 3501 -0.4945645603528854
934 3516 -0.32700823431189935
934 3531 0.3899119307163727
934 3545 1.0
934 3560 0.15278195927301855
934 3575 -0.005326095178307932
934 3590 -0.12105032823315681
935 950 -0.3802596314011543
935 3785 -0.13271195003795017
935 3800 -0.270208385063237
935 3635 0.029130997530154065
935 3650 -0.4479107741111938
935 3666 -0.4361645088382253
935 3681 -0.7834343528127864
935 3696 -0.9789240659713443
935 3711 -0.019417893297277215
935 3725 -0.39691958968503166
935 3740 0.2138033088627645
935 3755 -0.04549010105593023
935 3770 0.9354804325802561
948 949 -0.2863649019118656
948 3425 -0.27308740218242683
948 3440 0.38950396945414634
948 3365 -0.3976828052137455
948 3380 0.40525149428455454
948 3395 0.05222247435027036
948 3410 1.0
949 950 0.37648891378897903
949 3605 0.5332021215297132
949 3620 0.18943666407887522
949 3455 -0.11646737377194855
949 3470 -0.3789640844591377
949 3486 -0.07714428965453911
949 3501 -0.14324378506645588
949 3516 -0.2298528968946091
949 3531 -0.632663761669111
949 3545 -0.9898790015867731
949 3560 0.10187801726568792
949 3575 0.5306930246017005
949 3590 -0.518419249381177
950 3785 0.21361014442040818
950 3800 -0.04438380292322459
950 3635 0.12015455422047977
950 3650 0.04046248724510279
950 3666 -0.8366590959805895
950 3681 0.7703454935624081
950 3696 0.10071741448706535
950 3711 -0.023022613773184226
950 3725 -0.7113293321003588
950 3740 -0.07325271139076724
950 3755 -0.45495809919495855
950 3770 -0.3468545350902857
963 964 -0.6396415623989277
963 978 -1.0
963 3425 -0.6528016469017829
963 3440 -0.5245969063943434
963 3455 1.0
963 3470 -0.13054746961489502
963 3486 -0.19572646928817508
963 3501 0.3482000778753176
963 3516 -0.013358642470749417
963 3531 0.5811077720171377
963 3545 0.8237126477699322
963 3560 -0.9322899016635164
963 3395 -0.7400124744992851
963 3410 -0.08108355214852023
964 965 0.2823086737785026
964 979 0.006960905022953189
964 3605 0.005248075901627951
964 3620 0.16846807844391895
964 3635 0.03176837641110924
964 3650 0.12912099807821498
964 3666 0.42267977330173057
964 3681 0.32025084328631337
964 3696 -0.45540983719849476
964 3711 -0.19495910887817097
964 3725 0.19877339898711904
964 3740 -0.5169858979687073
964 3575 0.39689264701507
964 3590 -0.0353556505459773
965 980 -1.0
965 3785 -0.42906490830493227
965 3800 -0.574577164794183
965 3815 0.01653669808240052
965 3830 0.030548286825711295
965 3846 -0.27911910676026935
965 3861 0.5321387161372592
965 3876 0.4096143726346974
965 3891 0.12308347963562509
965 3755 1.0
965 3770 0.44337162950374637
978 979 0.0018949842500997284
978 3425 -0.24560231061077736
978 3440 -0.07224558649204603
978 3455 -1.0
978 3470 -0.8854693241935245
978 3486 -0.31666161015701977
978 3501 -0.29169189333178003
978 3516 -0.7554680539723462
978 3531 -0.12260686102996278
978 3545 0.3487614439620134
978 3560 0.32353941161416316
978 3395 0.031829040455147374
978 3410 -0.9270976066474593
979 980 0.1590370622282317
979 3605 0.05758694636852685
979 3620 -0.5106937354899115
979 3635 -0.12374554720562415
979 3650 -0.3763425332757682
979 3666 -0.23588834653737709
979 3681 0.5098087034098253
979 3696 0.44200036654052
979 3711 -0.1236455705250004
979 3725 -0.3854752247089123
979 3740 0.5708891950692587
979 3575 0.632881460368742
979 3590 -0.5270541072259712
980 3785 0.412291572837141
980 3800 -0.5550398790380033
980 3815 -0.8757593635615557
980 3830 -0.330611018265897
980 3846 0.3333831577220827
980 3861 -0.13558461833716803
980 3876 0.6076939790790078
980 3891 0.6701036980073901
980 3755 -0.2660616584946803
980 3770 0.3159101786390562
993 994 -0.06359316431853913
993 1008 0.2951994099248997
993 3426 -0.4225641256362723
993 3441 -1.0
993 3456 0.23033956675153108
993 3471 -0.24698040965709717
993 3486 -0.3213118285020198
993 3501 -0.5627316421476182
993 3516 -0.2434039439230012
993 3531 -0.12284828004476507
993 3545 -0.8847717422678874
993 3560 0.41044962802202
993 3395 0.29833646920485923
993 3410 0.8616557212575615
994 995 0.22824150422126335
994 1009 0.5616987346156838
994 3606 -1.0
994 3621 -1.0
994 3636 -0.04233744832645623
994 3651 0.5125978074686535
994 3666 -0.4942161507505154
994 3681 0.73316358055657
994 3696 -0.854864923049106
994 3711 0.2547372964117362
994 3725 1.0
994 3740 0.23490484286218713
994 3575 0.7896763810846454
994 3590 0.6261640453093875
995 1010 -0.4018235276698266
995 3786 0.41436436941706495
995 3801 -0.05371443342615082
995 3816 0.22413164104808456
995 3831 0.056708605634123416
995 3846 -0.5194389990823385
995 3861 0.07623590237388646
995 3876 0.21369015048964562
995 3891 0.15901910395972713
995 3755 -0.3636205925552555
995 3770 0.3503766977967211
1008 1009 -0.3902670465911339
1008 3426 -0.10558342833372344
1008 3441 -0.3496842227748077
1008 3456 -0.00011624561435296601
1008 3471 0.13251919756388192
1008 3486 -0.23638855741656065
1008 3501 -0.27449794118179416
1008 3516 -0.26894681789763947
1008 3531 -0.01617442237566264
1008 3545 0.579667106165076
1008 3560 0.2988402035928649
1008 3395 -0.2905624530975507
1008 3410 0.15309852276332683
1009 1010 -0.03147490784450365
1009 3606 -1.0
1009 3621 0.018935339640556128
1009 3636 -0.12451303712540492
1009 3651 0.24496987842830725
1009 3666 -0.6780554733577913
1009 3681 -0.057359198204201524
1009 3696 -0.3863657157941613
1009 3711 -0.24018837348996902
1009 3725 -0.8964238076690636
1009 3740 -0.018740293788729153
1009 3575 0.31477227017828385
1009 3590 0.057363548771118225
1010 3786 -1.0
1010 3801 -0.13191733132880373
1010 3816 0.012425585980163498
1010 3831 0.24587495309050986
1010 3846 -0.04112291024734543
1010 3861 -0.04396490523586738
1010 3876 0.5424046733932469
1010 3891 0.6133239182719226
1010 3755 0.5583305253700908
1010 3770 0.2546837002530699
1023 1024 0.20839150948248683
1023 1038 -0.36301902521141466
1023 3426 -0.6579179434704183
1023 3441 0.34949999919743074
1023 3456 0.1208387032879879
1023 3471 0.9341371660062378
1023 3486 -0.5894241413020899
1023 3501 0.4777444503999928
1023 3365 -0.12053186706112146
1023 3380 0.01211824856355234
1023 3395 -0.6310918256091056
1023 3410 0.15413504442807463
1024 1025 -0.36279979801633183
1024 1039 -0.5684020127632606
1024 3606 1.0
1024 3621 -0.4489042782358003
1024 3636 -1.0
1024 3651 -0.49452122524754755
1024 3666 -0.05824752610759234
1024 3681 -0.5164043191532554
1024 3516 0.31299869686121357
1024 3531 0.2668871155718121
1024 3545 -0.1763078164987575
1024 3560 0.6222761477819435
1024 3575 0.8024312729224937
1024 3590 -0.5054124486666023
1025 1040 0.050392676089372944
1025 3786 0.17940298976744545
1025 3801 0.1683881471571247
1025 3816 -0.02328898422767425
1025 3831 -0.23666506934354553
1025 3846 -0.22849293930756479
1025 3861 -0.5835196277723336
1025 3696 -0.16612391143364907
1025 3711 -0.7246287300206865
1025 3725 0.32719402571838857
1025 3740 -0.21240063132412146
1025 3755 0.6716476687528198
1025 3770 -0.9690938419511833
1038 1039 0.2224036580118056
1038 3426 -0.5980188431980289
1038 3441 -0.14481203954877828
1038 3456 0.349411939707601
1038 3471 -0.3164898974481502
1038 3486 -0.027351719842642647
1038 3501 -1.0
1038 3365 -0.05969081912754382
1038 3380 -0.0036049207874189805
1038 3395 0.24400101212172243
1038 3410 0.24891523018217404
1039 1040 0.10767068958693707
1039 3606 -0.5420914778823429
1039 3621 1.0
1039 3636 0.22447088203786608
1039 3651 0.31404743790269624
1039 3666 0.24701640307372233
1039 3681 0.45786825132610237
1039 3516 -1.0
1039 3531 -0.14412965956084645
1039 3545 0.11807133421147861
1039 3560 -0.19823052754045564
1039 3575 -0.43983451702051324
1039 3590 -0.27824407586813477
1040 3786 -0.41003989889916187
1040 3801 -0.35547892342301113
1040 3816 0.07853641605326979
1040 3831 -0.674967642866398
1040 3846 -0.10287114806741073
1040 3861 -0.5378441256154946
1040 3696 -1.0
1040 3711 -0.25031115277353816
1040 3725 -0.735847975509371
1040 3740 1.0
1040 3755 0.731683731476931
1040 3770 0.022849837705622267
1053 1054 -0.34315692688782806
1053 1068 0.10018628835484901
1053 3426 -0.3262017566544609
1053 3441 0.35364818281501464
1053 3456 -0.0024205582455866068
1053 3471 -0.7867605737070723
1053 3486 -0.007841747740986638
1053 3501 -1.0
1053 3366 0.47954605497778957
1053 3381 -0.891533494924675
1053 3396 -0.45170926589050486
1053 3411 -0.036525721815631566
1054 1055 0.4888509730140565
1054 1069 -0.3577336166055351
1054 3606 0.19788377340810534
1054 3621 0.4671667797237748
1054 3636 0.7181981380947023
1054 3651 -0.7774912088790424
1054 3666 1.0
1054 3681 1.0
1054 3516 0.6303503915651977
1054 3531 -0.040839077004546864
1054 3546 0.18660360393344555
1054 3561 -0.32818204088121394
1054 3576 0.7108811803310292
1054 3591 -0.08119004445911886
1055 1070 -0.14320782628130677
1055 3786 -0.07205172994262936
1055 3801 -0.4893809075381712
1055 3816 -0.14350797688666042
1055 3831 0.9393438167749726
1055 3846 0.2151831953201654
1055 3861 0.6407462496852143
1055 3696 0.5060242636151772
1055 3711 -0.2866768999486307
1055 3726 0.16713701720672577
1055 3741 0.9466025583464206
1055 3756 -0.18572517806620412
1055 3771 -0.2367709993623365
1068 1069 -1.0
1068 3426 0.482258578209506
1068 3441 -0.03924494048392766
1068 3456 0.317831648534942
1068 3471 -0.5157165900594671
1068 3486 -0.32274958502201995
1068 3501 -0.4921580455355668
1068 3366 0.14763969288754472
1068 3381 0.3038065994128208
1068 3396 0.7239506250079418
1068 3411 -0.5530337524768165
1069 1070 -0.2344500858984583
1069 3606 0.21250083401275885
1069 3621 0.45247614269679487
1069 3636 -0.028188578613437567
1069 3651 0.25485628578826547
1069 3666 0.036917878634241355
1069 3681 0.563513995990628
1069 3516 0.1501712113565999
1069 3531 -0.25137977124059335
1069 3546 0.18818178722958084
1069 3561 0.34915867999639294
1069 3576 -0.27758891895087445
1069 3591 -0.1618493509094941
1070 3786 0.41218492295984627
1070 3801 -1.0
1070 3816 0.34883036621059477
1070 3831 -0.11811666686546374
1070 3846 0.13478478577834213
1070 3861 0.6201232966179433
1070 3696 0.30549133805961975
1070 3711 -0.06450150521712748
1070 3726 0.3504178729023616
1070 3741 -1.0
1070 3756 0.3974213152326841
1070 3771 0.8469437549639068
1083 1084 0.34777100989831333
1083 1098 0.09744379182573158
1083 3426 -0.5098169352311075
1083 3441 0.23923565283035536
1083 3366 -0.25067511773034895
1083 3381 0.5819494705365245
1083 3396 -0.2933325629073107
1083 3411 -0.22603445920437196
1084 1085 0.6732305672764362
1084 1099 0.35938951450782186
1084 3606 0.26438676696545016
1084 3621 -0.3169928179482011
1084 3456 -0.11461859177376697
1084 3471 0.613703835014048
1084 3486 -0.9570959252504363
1084 3501 0.506957238624383
1084 3516 0.5419687152292971
1084 3531 -0.13446130925401278
1084 3546 0.2717604207990661
1084 3561 -0.06400207911177416
1084 3576 0.1794058344910832
1084 3591 -1.0
1085 1100 -0.2950009417312765
1085 3786 0.9271304827193357
1085 3801 -1.0
1085 3636 0.18494762070951434
1085 3651 -0.4596152675032151
1085 3666 0.09701134398059681
1085 3681 -0.37002460373118995
1085 3696 -0.11301309541612255
1085 3711 -0.4611267439956479
1085 3726 0.2199937262623055
1085 3741 0.33251502280205364
1085 3756 -0.7171523818186264
1085 3771 0.21125400836321997
1098 1099 0.7159425428786318
1098 3426 -0.0597219158086948
1098 3441 0.31777204071055026
1098 3366 0.015393743521269087
1098 3381 -0.7866568924134762
1098 3396 -0.3224400730767158
1098 3411 0.4978403465602512
1099 1100 -0.14879642412200195
1099 3606 -0.25863908772344324
1099 3621 0.9261718790247755
1099 3456 -0.7548717713195092
1099 3471 0.3841980200390978
1099 3486 0.5438816933906351
1099 3501 0.3610073817743867
1099 3516 -1.0
1099 3531 0.004288498730115295
1099 3546 -0.27485589504720337
1099 3561 0.02551451509947187
1099 3576 -0.22364712046316151
1099 3591 -0.6964391854563968
1100 3786 0.44153072187678194
1100 3801 -0.22547264793409622
1100 3636 1.0
1100 3651 -0.7964813039286329
1100 3666 0.796584528595806
1100 3681 -0.787907785940574
1100 3696 0.45978799674556464
1100 3711 0.39108417612111257
1100 3726 0.09620183010675905
1100 3741 0.02724227585771681
1100 3756 -0.5611978382862359
1100 3771 -0.2173172610048565
1113 1114 -0.23393519364504442
1113 1128 0.28683795856537
1113 3426 0.29171815812867874
1113 3441 0.359189434041189
1113 3366 -0.4165526596261607
1113 3381 -0.7120702230832996
1113 3396 -0.21745113157130946
1113 3411 0.32481404204995157
1114 1115 0.4042815369072537
1114 1129 1.0
1114 3606 0.5994706090597064
1114 3621 -0.2780184399114179
1114 3456 0.6720504239800053
1114 3471 1.0
1114 3546 -0.24323454913713669
1114 3561 0.6642146745205338
1114 3576 0.10785336766440812
1114 3591 0.09144410548567661
1115 1130 0.2919874660648213
1115 3786 -0.29685231330622125
1115 3801 0.7786698194937112
1115 3636 0.3605474936471515
1115 3651 -0.05105970720618525
1115 3726 -0.5045580908135306
1115 3741 0.08174532677394791
1115 3756 0.6418942615259484
1115 3771 0.2854174157706643
1128 1129 -0.08819654095359762
1128 3426 0.791104911515116
1128 3441 -0.39225330890980137
1128 3366 -0.01255725027042863
1128 3381 0.4617542271031391
1128 3396 1.0
1128 3411 -0.018075605533430003
1129 1130 -0.4078189951090766
1129 3606 -0.635559840457403
1129 3621 -1.0
1129 3456 -0.3595658021066653
1129 3471 0.44563552647807686
1129 3546 -0.08954571686683001
1129 3561 -0.25737481805164913
1129 3576 -0.12805675068626993
1129 3591 0.648385429016593
1130 3786 0.12811859786509722
1130 3801 -0.24020296683809464
1130 3636 -0.7502313600779887
1130 3651 0.7990112535112918
1130 3726 0.12307433332066561
1130 3741 -0.6685607856298073
1130 3756 -0.04540353637218936
1130 3771 -0.46664278254711977
3364 3365 -0.14269588739271769
3364 3379 -0.31347574224805824
3365 3366 -0.023740931393659254
3365 3380 -0.4000330927965134
3366 3381 -0.760968350070962
3379 3380 0.3464955781673786
3380 3381 -0.18814480229572655
3394 3395 0.14495624340432917
3394 3409 -0.009584835259227896
3395 3396 0.3013532990924353
3395 3410 -0.19133846517006634
3396 3411 0.21960081598795156
3409 3410 0.24164069005882285
3410 3411 -0.7218541478705933
3424 3425 -0.7533224295114974
3424 3439 -0.7039673337612213
3425 3426 0.03965052761269863
3425 3440 0.217442834256886
3426 3441 -0.105882218210007
3439 3440 0.933961690026219
3440 3441 -0.05695945581114495
3454 3455 -0.003125433926293498
3454 3469 -0.07353742167016566
3455 3456 -0.395808911295199
3455 3470 0.2660136837776806
3456 3471 0.5831225972872017
3469 3470 0.4434578737797863
3470 3471 0.5800095282428505
3484 3485 0.4070533107444895
3484 3499 0.5230934404523847
3485 3486 0.0781026254677356
3485 3500 -0.25603346232312074
3486 3501 0.8394467176491253
3499 3500 -0.28850492403274874
3500 3501 -0.9410307692302213
3514 3515 -0.5166196806840875
3514 3529 0.4377078408573793
3515 3516 0.8621898453800232
3515 3530 0.7279897724031423
3516 3531 -0.9562542398184316
3529 3530 -0.3440378218537895
3530 3531 -0.6253335642288043
3544 3545 -0.0852941508770824
3544 3559 -1.0
3545 3546 0.03061558673012873
3545 3560 -0.8243038226767557
3546 3561 0.037196823396562315
3559 3560 0.06022770331352822
3560 3561 0.633814219657069
3574 3575 -0.08043736553959892
3574 3589 -0.015286185517666279
3575 3576 0.044319139812462785
3575 3590 -0.1725995490984408
3576 3591 0.12080626181618033
3589 3590 -0.6629009472524984
3590 3591 -0.4507477942256123
3604 3605 0.025719367551228
3604 3619 -0.3703994875810077
3605 3606 -0.18762709095300492
3605 3620 -0.06333985902817112
3606 3621 0.46078705135382725
3619 3620 0.5378413370464505
3620 3621 -0.44390167237666905
3634 3635 0.3249977586298586
3634 3649 0.1988744530413857
3635 3636 -0.22901068586695336
3635 3650 -0.2013351506355536
3636 3651 -0.3966443419869493
3649 3650 -0.07131979667476267
3650 3651 0.46602379171347974
3664 3665 -1.0
3664 3679 -0.21527196525424572
3665 3666 0.4145890434741871
3665 3680 -0.251223537873403
3666 3681 0.5828689176152503
3679 3680 -0.09801173528917882
3680 3681 -0.2478524971606581
3694 3695 -0.37213112395904696
3694 3709 0.7987026040953559
3695 3696 0.14162250890039937
3695 3710 -0.7479877034382781
3696 3711 -0.36081960963427956
3709 3710 0.20727470603233777
3710 3711 0.36496658958710754
3724 3725 -0.7309584802015183
3724 3739 0.6428752446263575
3725 3726 0.4068322971723679
3725 3740 0.16859369661650758
3726 3741 0.13129341718580723
3739 3740 0.49300400806570116
3740 3741 0.449541275740864
3754 3755 0.3049573341348899
3754 3769 0.2490123577513839
3755 3756 0.16685055008138924
3755 3770 -0.21114492310912641
3756 3771 -0.11158569248253676
3769 3770 -0.3411608354700069
3770 3771 -0.6290796756832278
3784 3785 0.5109000118712506
3784 3799 -0.06891616779698771
3785 3786 1.0
3785 3800 -1.0
3786 3801 0.5260193068177644
3799 3800 0.46767911995043315
3800 3801 0.3028354041401095
3814 3815 -0.24929904251871382
3814 3829 -0.3396613893142238
3815 3816 -0.38737116272741307
3815 3830 0.5603604278090377
3816 3831 0.4415088549153653
3829 3830 0.40156599986208225
3830 3831 0.28016048042954855
3844 3845 0.3762681732940757
3844 3859 0.35367491659452277
3845 3846 0.023748017994806945
3845 3860 0.12001463120820445
3846 3861 0.0015543904162203135
3859 3860 0.4197805741750747
3860 3861 -0.6527775550301477
3874 3875 0.040751627909984336
3874 3889 -0.3129779446298868
3875 3876 -0.3646809998500324
3875 3890 -0.7792629910722824
3876 3891 0.06515762205605852
3889 3890 -0.07111077458703216
3890 3891 0.8303891187580291
