# 
603 603 0.4916440299642867
604 604 0.8892512356067596
605 605 -0.9881486396117471
618 618 0.4692075337785146
619 619 0.3254250784146925
620 620 0.17263788000612434
633 633 0.07665717671665048
634 634 0.780307640327407
635 635 -0.02139703318882984
648 648 0.24400799988614588
649 649 0.8598743177153468
650 650 -0.26706035974069964
663 663 -0.6486975415097209
664 664 -2.0632929454493705
665 665 0.7930020769823721
678 678 -0.754470615088223
679 679 0.06994043105261999
680 680 -0.07234396854905685
693 693 0.6649467586317944
694 694 0.12897376813738257
695 695 0.5833184117714842
708 708 -0.46319774717824647
709 709 1.444438838404829
710 710 -0.5740358529899479
723 723 0.8139667945457881
724 724 1.1042124860782954
725 725 -0.6359687388129638
738 738 -1.2711486937424632
739 739 -0.8524553849382595
740 740 -0.9056758499372094
753 753 -0.46884497713181517
754 754 0.5337334958729203
755 755 0.07106464242758999
768 768 1.809840820890552
769 769 -0.35467417964684267
770 770 -0.3578821718730923
783 783 1.9192067744002002
784 784 0.5566671509505687
785 785 0.5194819019708694
798 798 -0.3396358265227142
799 799 1.0891898237495647
800 800 -0.3919271436927849
813 813 1.1901324108456122
814 814 -0.21935245774630116
815 815 -0.7363097378985138
828 828 -0.5191224998625773
829 829 -2.1313120343687078
830 830 0.13239941150456758
843 843 -0.32223781378209904
844 844 -1.0796880647299074
845 845 -0.7735128333309037
858 858 0.4919539700605065
859 859 -0.745059016346876
860 860 1.59407884425877
873 873 -1.2616487926084676
874 874 0.9395738704713085
875 875 -0.40171933799315684
888 888 -1.3348242462759314
889 889 -1.226998944105377
890 890 -2.2956010429015636
903 903 0.6896739467009405
904 904 -1.5521665951032313
905 905 1.2179558045882077
918 918 -0.8032043767667009
919 919 0.2683194382331259
920 920 -1.1169530405639254
933 933 1.4475644592862178
934 934 0.3253650279723348
935 935 1.4102679859342644
948 948 -0.9723355580106132
949 949 -1.3978099204288252
950 950 -0.00556909270206347
963 963 -1.1717583233011597
964 964 0.6125115945634805
965 965 0.012307636439762036
978 978 -0.1198430007955181
979 979 1.2443478963676122
980 980 0.7182897874226484
993 993 0.5207768141985508
994 994 0.24206655619680498
995 995 0.7917362585394587
1008 1008 -0.06786005510898266
1009 1009 -0.2545191159566345
1010 1010 1.3055221445611853
1023 1023 0.3889848783406647
1024 1024 -0.4284096622132114
1025 1025 0.8733369055534935
1038 1038 0.4023285734643925
1039 1039 -0.6218084151203107
1040 1040 0.41738775270418815
1053 1053 -0.86651791605606
1054 1054 0.5181383826385352
1055 1055 -0.5299150069107276
1068 1068 3.0021359911386236
1069 1069 -0.09114469741410287
1070 1070 0.1471295134116577
1083 1083 -2.048012588564157
1084 1084 -1.0814073189375821
1085 1085 -1.3865408086338216
1098 1098 -0.2795525420720859
1099 1099 1.0330987958847857
1100 1100 -0.34394679508617226
1113 1113 -0.4101485021961778
1114 1114 0.8420621789447883
1115 1115 -0.1736445908565317
1128 1128 -0.07359983401935463
1129 1129 -0.06659476572895079
1130 1130 2.7811777206592776
3364 3364 -0.43539117306879754
3365 3365 -1.1123254238711557
3366 3366 0.8333025293459331
3379 3379 -1.0288723314378714
3380 3380 -0.6908454167823447
3381 3381 -0.7184747792795977
3394 3394 0.8489543457314581
3395 3395 0.7800910497880157
3396 3396 -0.048740189061717946
3409 3409 1.9760110740928707
3410 3410 0.7036963845449302
3411 3411 0.25827385433582006
3424 3424 -0.6591366500404247
3425 3425 0.19917195590964926
3426 3426 -0.18108131707164715
3439 3439 0.763633327501695
3440 3440 0.031664387418850574
3441 3441 -0.27922094973660067
3454 3454 -0.2652302088775862
3455 3455 -1.3935333137787431
3456 3456 -0.8040945987304675
3469 3469 1.6816207449743197
3470 3470 2.6658393973397865
3471 3471 1.0846868748400154
3484 3484 -0.41875829571666007
3485 3485 0.5745753354026035
3486 3486 -1.4702618220867942
3499 3499 0.9247245824281104
3500 3500 2.1250753964919205
3501 3501 -1.862273345220287
3514 3514 0.1276245827918776
3515 3515 -0.2741677755905416
3516 3516 0.5593640611363989
3529 3529 -1.2258979302649793
3530 3530 -0.14298937449365354
3531 3531 0.6068106394178406
3544 3544 -0.5804359629955078
3545 3545 1.2664591323944914
3546 3546 0.3440891160181199
3559 3559 -1.6201105070122521
3560 3560 -1.4171974305134423
3561 3561 -0.9127833916348886
3574 3574 -1.4261804939478566
3575 3575 -1.5160098992588402
3576 3576 -1.817003728970725
3589 3589 -0.23287846856532696
3590 3590 -0.7977063560885463
3591 3591 0.3882074522414167
3604 3604 -0.22469105004770812
3605 3605 0.04199206422031493
3606 3606 0.7843450353948639
3619 3619 0.0703015817952077
3620 3620 -0.0032559294403160556
3621 3621 1.2865570096702834
3634 3634 -0.5034162318342733
3635 3635 -0.6015805805403349
3636 3636 -0.0014091071764159378
3649 3649 -0.3698487740840485
3650 3650 -1.2160038857002209
3651 3651 0.2840742772705286
3664 3664 0.6292724987874688
3665 3665 0.13176630642785034
3666 3666 -0.4897497402729373
3679 3679 0.06811424251661778
3680 3680 1.239431099241397
3681 3681 0.27376040613380864
3694 3694 1.3307033164992512
3695 3695 0.5691706094409781
3696 3696 1.0166636206825896
3709 3709 -0.6795258441738788
3710 3710 -0.6542337214531524
3711 3711 1.1236495702441869
3724 3724 -0.23059415575400538
3725 3725 -0.6838527593611871
3726 3726 -0.37555486616813716
3739 3739 -0.6616329667257945
3740 3740 -0.8668113091478666
3741 3741 -1.5740098768056814
3754 3754 -0.08504918840595331
3755 3755 -1.126850851986634
3756 3756 -1.1301636386948961
3769 3769 0.47361226238985477
3770 3770 0.14951655513030068
3771 3771 -0.41688112772650887
3784 3784 -0.9135408118759808
3785 3785 -0.8372523841715457
3786 3786 -0.5892376660205757
3799 3799 0.7967043574406301
3800 3800 -1.9228527546360568
3801 3801 -1.24380509687179
3814 3814 -0.6127534187942185
3815 3815 -1.245531300037565
3816 3816 1.3841093540243117
3829 3829 -0.24441368178758452
3830 3830 0.7432509521034092
3831 3831 -1.0733111080429971
3844 3844 0.41578252369660307
3845 3845 2.3647317285414693
3846 3846 1.5626965057803544
3859 3859 1.3976599775931569
3860 3860 0.07563272616884308
3861 3861 0.5202801151230484
3874 3874 -0.3026656523959506
3875 3875 -0.4488255161788238
3876 3876 0.3618145645067566
3889 3889 1.208121750859235
3890 3890 0.23530411540253746
3891 3891 0.18898872876116016
603 604 0.14855191590658057
603 618 -0.9381422455788366
603 3484 0.029799503484852767
603 3499 -0.16583787647133277
603 3514 0.39110677151023815
603 3529 0.538712918557808
604 605 -0.27650911325038907
604 619 0.5699304389099016
604 3664 0.6361791673696018
604 3679 0.6879567592232894
604 3694 0.04627823537313328
604 3709 -0.3800398589162663
605 620 -0.7319778285255956
605 3844 -0.10842391781189087
605 3859 0.38021081990796896
605 3874 -0.26726264123409665
605 3889 0.7784758741295977
618 619 -0.2505284816847752
618 3484 0.21075341618058044
618 3499 -0.3180980716126043
618 3514 -0.5190911690242364
618 3529 0.10355478159707507
619 620 -0.015799022963928645
619 3664 -1.0
619 3679 -0.38976983628772516
619 3694 0.0194845420837639
619 3709 -0.1117284435082013
620 3844 0.3723891915086252
620 3859 -0.4429275823661417
620 3874 -0.13437679085501167
620 3889 -0.31579943775304126
633 634 0.025427068665845116
633 648 -0.4383542772812878
633 3424 0.6095867231960026
633 3439 0.4497121198508756
633 3454 0.591582895934019
633 3469 0.36850886424149576
633 3484 0.40644990783134904
633 3499 -0.2765719453562826
633 3514 0.6420902033681167
633 3529 0.1347348478737624
634 635 0.5602525883087391
634 649 -0.5232354463994253
634 3604 -0.15385685721588702
634 3619 -0.0697775349581302
634 3634 -0.13194711643981186
634 3649 0.3990880883163509
634 3664 -0.3746753971363366
634 3679 0.17996224765600147
634 3694 0.2912375641679958
634 3709 -0.2941549110166981
635 650 0.10162686847893157
635 3784 0.712828438662337
635 3799 0.7230139318970272
635 3814 -0.5464654861013383
635 3829 0.19064193786527334
635 3844 -0.35664088145228584
635 3859 -0.197169629700515
635 3874 -0.13148339925141234
635 3889 -0.19603443304314472
648 649 -0.378449398921139
648 3424 -0.5259264716543189
648 3439 0.11048681652965826
648 3454 -0.1704654948868425
648 3469 0.6752360074501316
648 3484 0.4902926052119129
648 3499 0.7385213581244324
648 3514 0.8859512087231262
648 3529 0.705011696346446
649 650 -0.4077569696459056
649 3604 0.4733871647184153
649 3619 0.3351576991848144
649 3634 0.4473423473980412
649 3649 0.08928869573947272
649 3664 0.6629992974408199
649 3679 0.6773606376382219
649 3694 0.05203483366048666
649 3709 0.10121423270595559
650 3784 0.10402377063906158
650 3799 -0.31939610302849075
650 3814 0.23855903859209981
650 3829 -0.03279309124133082
650 3844 -1.0
650 3859 -0.7460116546631915
650 3874 0.3383201140612584
650 3889 -0.12838626576985823
663 664 -0.22050400412544394
663 678 -0.2172832474376472
663 3424 -0.6507418821532186
663 3439 -0.41270464714853955
663 3454 -0.8410561889644322
663 3469 -0.6290804207762105
663 3484 -1.0
663 3499 0.32689067488766105
664 665 -0.03634709067185327
664 679 0.37947372489999326
664 3604 -0.6176521911590921
664 3619 -0.3568315256476559
664 3634 -0.014559609485053438
664 3649 0.7986069865810985
664 3664 -0.5637957849530765
664 3679 0.14672137007593516
664 3514 -0.42912919925636944
664 3529 0.10150714759220235
665 680 -0.3360799622895616
665 3784 0.17537378737310436
665 3799 0.16365148707875493
665 3814 -0.02654331470177311
665 3829 0.1142160374066016
665 3844 0.6019720658192442
665 3859 -0.49291425043179915
665 3694 -1.0
665 3709 0.5028382291907356
678 679 -1.0
678 3424 -0.9271205857100002
678 3439 -0.2776530309330702
678 3454 -0.5303673599446714
678 3469 -0.4766663290008291
678 3484 0.5163301324412503
678 3499 0.6539199401866388
679 680 0.23980865702035747
679 3604 0.09067829339080616
679 3619 0.6607071136462715
679 3634 -0.07868948455276957
679 3649 -0.7791998565607618
679 3664 0.023134233463812402
679 3679 -0.5842546395367517
679 3514 -0.04297003871497259
679 3529 0.4392287567321842
680 3784 -0.47302789915716215
680 3799 0.2785627859909929
680 3814 0.44514949760130834
680 3829 0.20140309741871093
680 3844 -0.10669167754982103
680 3859 -1.0
680 3694 0.46122857281379154
680 3709 0.5663640551472786
693 694 -0.43027652623596857
693 708 0.024626784346593333
693 3424 0.6174485579805106
693 3439 0.9594023309967953
693 3454 0.27745807209079276
693 3469 0.5910801041953381
693 3484 0.28456285329139275
693 3499 0.23668749042642495
693 3364 -0.36541017683047555
693 3379 -0.723685600117386
693 3394 0.03656025162668964
693 3409 0.4735067033907403
694 695 -0.3085763395762462
694 709 0.36835752012296613
694 3604 -0.1676573236383136
694 3619 0.00903804121245511
694 3634 -0.7500339001109345
694 3649 -0.16002025206462425
694 3664 0.3644987375377986
694 3679 0.09054251455273918
694 3514 -0.3099959386297965
694 3529 -0.38085655114756634
694 3544 0.11494371854785923
694 3559 0.09406257617865915
694 3574 -0.016084565037958735
694 3589 -0.12902169730844498
695 710 0.18794647274221174
695 3784 -0.18657765765995735
695 3799 -0.4596381713073268
695 3814 -1.0
695 3829 0.004828470011159972
695 3844 -0.11757026516310057
695 3859 -0.3933815353494571
695 3694 0.47357615607983505
695 3709 -0.4565138391566473
695 3724 0.5963990694528718
695 3739 -0.13407743256972124
695 3754 0.20444235955446388
695 3769 0.3965799880300083
708 709 -0.1344025820934662
708 3424 0.19960183531807263
708 3439 -0.7608928741969745
708 3454 0.4545137669078316
708 3469 0.11601004706058549
708 3484 -0.19120871355182548
708 3499 -0.2768249791766502
708 3364 0.15308007790459707
708 3379 -0.9237946299653982
708 3394 0.4872795074038984
708 3409 -0.5150336877514
709 710 0.21951380236401946
709 3604 0.6469628009050598
709 3619 -0.1388121648413806
709 3634 0.05248868208626755
709 3649 -0.5109732072541566
709 3664 -0.6233364984247748
709 3679 0.07657165803869977
709 3514 0.10137907913051986
709 3529 0.0006825766812468181
709 3544 -0.2699086781509705
709 3559 0.21363255995609734
709 3574 0.4024815478518494
709 3589 -0.4556663603811624
710 3784 -0.09023408628315588
710 3799 1.0
710 3814 -0.6227897992688005
710 3829 0.5353115944938952
710 3844 -0.38869254789453056
710 3859 0.6190190583362408
710 3694 0.4351570616818113
710 3709 0.12451701447416495
710 3724 -1.0
710 3739 0.32578264556276826
710 3754 -0.6769785621208494
710 3769 -0.05609812386868918
723 724 0.5583863381133246
723 738 -0.025936264021170108
723 3424 -0.4188692839782405
723 3439 0.38679396200672006
723 3364 -1.0
723 3379 0.07872142483763235
723 3394 -0.18713738450309014
723 3409 0.02753945760564042
724 725 0.596777994622589
724 739 -0.07420871149953776
724 3604 0.7204498432348503
724 3619 0.5138781672238671
724 3454 0.5628098554916294
724 3469 -0.23350169430715853
724 3484 0.24694615883835275
724 3499 0.2853538660623819
724 3514 -0.12360552419243107
724 3529 -0.06198524971452377
724 3544 -0.28523806060294266
724 3559 -0.21274108263859845
724 3574 -0.2940332596991895
724 3589 -0.13409455427097472
725 740 -0.09228065256864129
725 3784 0.535078204805581
725 3799 -0.0007553590081881727
725 3634 0.4161257365864625
725 3649 -0.019199067520785068
725 3664 0.49335823801259915
725 3679 -0.561167502580399
725 3694 0.35599580956368276
725 3709 -1.0
725 3724 0.2848418323149098
725 3739 0.6875705488492516
725 3754 -0.4436504748294178
725 3769 -0.17868239456761764
738 739 -0.7143451981839704
738 3424 -0.6344915808567482
738 3439 -0.06434852476115102
738 3364 0.049033207579590725
738 3379 0.6492788871419236
738 3394 0.23533581523252123
738 3409 0.31601005242075425
739 740 0.20704354749503256
739 3604 0.30297798170653173
739 3619 -0.41218435573873097
739 3454 0.2734350432679787
739 3469 -0.039892187725519626
739 3484 -0.754780830697746
739 3499 0.47949454487040993
739 3514 0.563545783224213
739 3529 0.1006928386975428
739 3544 0.4719755750538605
739 3559 -0.09473267888243839
739 3574 -0.802521980037356
739 3589 0.00909127624171426
740 3784 0.2736892708171811
740 3799 0.23306161323619604
740 3634 -0.3382747428738456
740 3649 -0.18163370542673513
740 3664 -0.19361352246959057
740 3679 -0.9192712668223884
740 3694 1.0
740 3709 -0.7701008537816985
740 3724 0.5906878000485011
740 3739 0.8317874349312547
740 3754 -0.8383171724319777
740 3769 0.20095790186035944
753 754 0.1585391977251978
753 768 -0.5663168648397923
753 3424 -0.08923154402041564
753 3439 -0.8190443632963245
753 3364 -0.5081260791691167
753 3379 0.7302985299920854
753 3394 0.6412792185219284
753 3409 0.3883840001145568
754 755 0.8766029867914534
754 769 0.7716884107552148
754 3604 -1.0
754 3619 -0.16787180311561203
754 3454 0.5265568974375011
754 3469 -0.41943058515771603
754 3485 0.5029028030761497
754 3500 0.07887115783321616
754 3515 0.3070302301937507
754 3530 -0.32530486774993544
754 3544 -0.29364089950332856
754 3559 0.3956201592687678
754 3574 0.10356978497129558
754 3589 -0.26770754762609544
755 770 0.04894279701207655
755 3784 0.35799239864496
755 3799 -0.13902175670023204
755 3634 -0.36679378065074963
755 3649 0.17789770543352482
755 3665 0.05727372187484115
755 3680 0.49299797781397825
755 3695 -0.9844421007456845
755 3710 -0.6002454777079003
755 3724 0.14834452935839154
755 3739 0.280426079382374
755 3754 0.6354052912370494
755 3769 -0.67112532423919
768 769 -0.5498645660601829
768 3424 -0.110875189316517
768 3439 0.3761983794346013
768 3364 0.700028253859207
768 3379 0.3292053130128001
768 3394 -0.06119868658244739
768 3409 -0.13189540276129116
769 770 -0.281431700970751
769 3604 -0.3680686921586903
769 3619 0.4141809250272695
769 3454 -0.22366849553563747
769 3469 -0.3894216220142657
769 3485 0.5382796738029757
769 3500 0.825805877838426
769 3515 -0.22469527664975184
769 3530 0.44612299181043236
769 3544 0.3309015074096024
769 3559 0.07100629384578247
769 3574 0.13187164212571828
769 3589 0.2047988409407601
770 3784 0.46305586101820656
770 3799 -0.2652851104990456
770 3634 0.38776869502577854
770 3649 0.0942196978275986
770 3665 -0.1317714267150162
770 3680 0.07261041504773248
770 3695 -0.4198218997133726
770 3710 0.4862671790934065
770 3724 0.10893582817336432
770 3739 -0.18271337523828124
770 3754 0.3076790573096711
770 3769 -0.37968002270648576
783 784 -0.7127426003095408
783 798 0.3369817952813864
783 3424 -0.19939923956269937
783 3439 -1.0
783 3454 0.06794497226961828
783 3469 0.13109389793992168
783 3485 -0.21942505910947566
783 3500 -0.5556080969132073
783 3515 0.045739943686929234
783 3530 -0.23156781484862407
783 3544 0.5850698054102831
783 3559 0.16624460082816275
783 3394 -0.709395187708144
783 3409 0.35486855496980124
784 785 0.6918579753840285
784 799 0.17846358294916792
784 3604 -0.05657195425614805
784 3619 -0.7358991853975961
784 3634 1.0
784 3649 0.8325258444046653
784 3665 -0.34544297037813027
784 3680 0.15919853676410534
784 3695 0.17220359367973245
784 3710 -0.8159995046804676
784 3724 0.07576447969323566
784 3739 0.391587077127545
784 3574 0.4141945008759864
784 3589 -1.0
785 800 0.4785119128799571
785 3784 0.24406961505489644
785 3799 0.08689289841505134
785 3814 -0.28070329257961474
785 3829 0.8609295944712088
785 3845 -0.22318065474925985
785 3860 0.153128847339312
785 3875 0.733632614977874
785 3890 0.23692701904927008
785 3754 0.28920700625323986
785 3769 0.6854349568278308
798 799 -0.46476174579222296
798 3424 0.2523036126629036
798 3439 -0.896067532479382
798 3454 -0.3933482284631971
798 3469 0.44877435833719803
798 3485 -0.08096509293765519
798 3500 0.29702565894093713
798 3515 0.1165223024657562
798 3530 0.12641226244387277
798 3544 -0.07192006607035381
798 3559 0.7978842352950807
798 3394 -0.7767537222839787
798 3409 0.02595246866047807
799 800 0.18461352309889795
799 3604 -0.9740090569123386
799 3619 0.22074201117115305
799 3634 0.6405877415168799
799 3649 -0.4697207873438372
799 3665 -0.28389503796953053
799 3680 0.008425401139752452
799 3695 0.006435333500411025
799 3710 0.19664525447165185
799 3724 0.8543402816680515
799 3739 1.0
799 3574 0.03755353640983595
799 3589 -0.22083062812169652
800 3784 0.07465002773786032
800 3799 -0.510411083771412
800 3814 0.048525178408577944
800 3829 -0.07800606150545397
800 3845 -0.20595726741580372
800 3860 -0.1897565495760502
800 3875 -0.07804166933418644
800 3890 -0.4665076504546379
800 3754 0.9106001261638242
800 3769 0.26980600248048375
813 814 0.3374464380267116
813 828 0.25488375333571267
813 3425 0.410778713976831
813 3440 0.00537564604267823
813 3455 1.0
813 3470 -0.9256728174430093
813 3485 1.0
813 3500 0.6734678740996223
813 3515 -0.25083533180630524
813 3530 -0.45252892542281653
813 3544 0.12217233886482236
813 3559 0.06163688540089513
813 3394 -0.7555384555781375
813 3409 -0.1823664786378032
814 815 0.7869926062304545
814 829 -0.2575908779090688
814 3605 0.5351138793749556
814 3620 -0.2642735492893637
814 3635 0.1315907919081187
814 3650 0.02155693659922197
814 3665 -0.8036678260340226
814 3680 -0.07209008646824608
814 3695 -0.4053550175929327
814 3710 0.2901341684212923
814 3724 0.07748253481243746
814 3739 0.24029922303777654
814 3574 -0.1621457187464253
814 3589 -0.20194238000021222
815 830 -0.680398524812045
815 3785 -0.09604438783445154
815 3800 -0.5321025012633868
815 3815 0.19511831180138403
815 3830 0.4741647839973203
815 3845 0.36771683604279404
815 3860 -0.1885037967045429
815 3875 1.0
815 3890 0.07263009518657003
815 3754 0.8993706215801907
815 3769 0.6067102313638673
828 829 0.09063017634077686
828 3425 1.0
828 3440 -0.8591482486836
828 3455 0.06680491256992961
828 3470 0.028537238602021814
828 3485 0.07206238247893035
828 3500 -0.7214694806507882
828 3515 -0.8371481992576378
828 3530 -0.2775524055675722
828 3544 -0.40916053582319317
828 3559 -0.6528709923231595
828 3394 0.8888990364600782
828 3409 -0.1603213030265502
829 830 -0.3380584519013834
829 3605 0.5720763930033117
829 3620 -0.48937522946670614
829 3635 -0.2609189790276833
829 3650 0.09860111832075036
829 3665 -0.2828220669378077
829 3680 -0.20423708621015849
829 3695 0.8229874712291436
829 3710 0.23171523239799333
829 3724 0.4326306074436495
829 3739 -0.2616477131044562
829 3574 0.03040888132419389
829 3589 1.0
830 3785 -0.6867854737410592
830 3800 0.04372263060706452
830 3815 -0.2828872071651491
830 3830 -0.02593220411693357
830 3845 0.19464806822380304
830 3860 -0.009698887997072083
830 3875 0.3868329826425389
830 3890 0.34288035044709986
830 3754 0.6778912943417873
830 3769 0.01665731318382991
843 844 0.3352688338914818
843 858 -1.0
843 3425 0.39186020974287217
843 3440 -0.15736937951359412
843 3455 -0.26481086459800335
843 3470 -0.3447964464476248
843 3485 0.27302863494495355
843 3500 0.8005550240783643
843 3364 -0.713144449894192
843 3379 1.0
843 3394 -0.014915114797477012
843 3409 0.3516089580866183
844 845 -0.8349296261740465
844 859 -0.6039192173164268
844 3605 -0.13959012162270432
844 3620 -0.23257587158007748
844 3635 -0.19212873551957857
844 3650 0.018780081845029967
844 3665 -0.4807403710570301
844 3680 1.0
844 3515 0.39085926693156225
844 3530 -0.08753076891544002
844 3544 -0.00460729763931412
844 3559 0.3282958844605654
844 3574 -0.7360467733479882
844 3589 -0.41847537694759096
845 860 -0.06415148478935936
845 3785 -0.06262959517011712
845 3800 -0.06363486003135198
845 3815 0.35898869064446315
845 3830 0.27973209447743635
845 3845 -0.8972914664445407
845 3860 0.029876865818176026
845 3695 0.5452182890743792
845 3710 -0.3437340216913421
845 3724 0.2786609747655949
845 3739 -1.0
845 3754 -0.30292961788822736
845 3769 0.1145286324801527
858 859 -0.2628805558342333
858 3425 -0.13694466835017385
858 3440 -0.22005806428313548
858 3455 -0.14478705385125293
858 3470 -0.3743307009202231
858 3485 -0.4115881359880342
858 3500 -0.3479857274703673
858 3364 0.4994819458053356
858 3379 0.4792887429674603
858 3394 -0.2192771645209359
858 3409 1.0
859 860 -0.497607577475565
859 3605 -0.44771011623859097
859 3620 0.5383399143664279
859 3635 -0.9588428547301602
859 3650 0.030191912342427515
859 3665 -0.6045665303384294
859 3680 -0.6750276797402476
859 3515 0.2608454404251964
859 3530 -0.16756175753359973
859 3544 -1.0
859 3559 0.4552234180054895
859 3574 -1.0
859 3589 -0.26646590648490387
860 3785 -0.3396604015285606
860 3800 -1.0
860 3815 -0.19093943568390773
860 3830 0.7841497857169125
860 3845 -0.46298824566323354
860 3860 0.0402827226200069
860 3695 -0.47857291837184446
860 3710 0.6315648835244546
860 3724 0.4681871544668753
860 3739 0.4350624552370629
860 3754 -0.9854540447234321
860 3769 0.02171205448171772
873 874 0.0077667674924857665
873 888 -0.5583629176901954
873 3425 -0.005160613714895189
873 3440 -0.4776368284033457
873 3455 0.9276827060130026
873 3470 0.4144646053248362
873 3485 0.544231623419071
873 3500 -0.28496036555651133
873 3365 0.6005911933814535
873 3380 0.8878460908205426
873 3395 -0.21050765885840475
873 3410 -1.0
874 875 -0.9635716906759009
874 889 -0.48683917354026
874 3605 0.568711794233907
874 3620 0.5088472157913313
874 3635 -0.6921122732928433
874 3650 0.1507770888631489
874 3665 -0.11091943095525426
874 3680 0.5537123418647366
874 3515 -0.7935097122348647
874 3530 0.08616760634726862
874 3545 0.08650913930623827
874 3560 -0.3445116486310629
874 3575 0.7460305064910244
874 3590 0.6588305567217448
875 890 0.02072345761036495
875 3785 0.7912832362744411
875 3800 -1.0
875 3815 0.6803047027914872
875 3830 -0.5839758902449609
875 3845 0.5175828333502973
875 3860 -0.10070711471491921
875 3695 0.36103966773754215
875 3710 0.7264477566921066
875 3725 -0.31530505630199357
875 3740 -0.5039625375849586
875 3755 0.051858985878791626
875 3770 0.7518115154484505
888 889 0.3728726747150997
888 3425 -0.7431801747750068
888 3440 -1.0
888 3455 0.04733593869258009
888 3470 0.31206793687902384
888 3485 0.07677974645124952
888 3500 0.2101319551426449
888 3365 0.3653108423508271
888 3380 0.2804566116645709
888 3395 0.11839576416791499
888 3410 -0.9098521011346014
889 890 0.30095186174554617
889 3605 -0.10349096355443689
889 3620 -0.04399487147242163
889 3635 -0.7054798432405136
889 3650 -0.33869249099009363
889 3665 -0.49280149122826683
889 3680 -0.37219868422305996
889 3515 0.716906685051768
889 3530 -0.31942616986412914
889 3545 -0.4658492127454833
889 3560 0.11606019662396382
889 3575 -0.14542789413642726
889 3590 -0.6293540381389235
890 3785 0.22074806345577794
890 3800 0.5506570302091407
890 3815 -0.018135886993567187
890 3830 -0.376676230598143
890 3845 -0.10447452905168525
890 3860 0.4356036503051079
890 3695 0.07785870155995732
890 3710 -0.18860543984163328
890 3725 -0.2852593672508489
890 3740 0.21156269568243438
890 3755 -0.8723482757615962
890 3770 0.43338913427218034
903 904 0.5353474678119546
903 918 -0.5692613558167937
903 3425 -0.1023910704699748
903 3440 0.6819644923995262
903 3365 0.12429288978978124
903 3380 -0.1947305954875094
903 3395 -0.44749545214574016
903 3410 0.1031314235191628
904 905 0.4855584157841806
904 919 0.561591906783738
904 3605 -0.1818528963518121
904 3620 -0.08803772457264629
904 3455 0.27071344686008625
904 3470 -0.00840880810253153
904 3485 0.0136762902768145
904 3500 -0.698001726188878
904 3515 -0.6629315888466537
904 3530 -0.4100682982057433
904 3545 0.2606066689707475
904 3560 -0.8554743161974111
904 3575 0.6319721805346001
904 3590 -0.04238373638924736
905 920 0.37687877415206245
905 3785 0.8157181103214042
905 3800 0.22120178617092964
905 3635 -0.3897204055672654
905 3650 -0.7410472890526082
905 3665 0.002519836652555657
905 3680 0.2815381112147122
905 3695 0.3759654566292938
905 3710 -0.22086177531370135
905 3725 0.29087189642859096
905 3740 0.4168941159296606
905 3755 0.39539113840525114
905 3770 0.2202920168034933
918 919 0.6411766685653157
918 3425 -0.49663441195983454
918 3440 0.8334924370815129
918 3365 -0.4041910975852067
918 3380 1.0
918 3395 -0.48041374785975766
918 3410 -0.4905639730075051
919 920 0.5134380388704863
919 3605 0.3554841298903422
919 3620 -0.22363783783066993
919 3455 0.27435814006064285
919 3470 -0.024834804127284827
919 3485 -0.24499515501513305
919 3500 -0.7694307414000111
919 3515 0.27230549527325876
919 3530 0.3585131815635996
919 3545 0.1454540906903632
919 3560 0.11619125005924918
919 3575 0.04299992802701564
919 3590 -0.6210027370787141
920 3785 -0.601877472947152
920 3800 0.5164739858131187
920 3635 -0.39616653613059843
920 3650 0.7215460594659986
920 3665 0.32744596557378713
920 3680 -0.5409587102021747
920 3695 0.08495223459938377
920 3710 -0.2867669198302834
920 3725 0.47856625306289274
920 3740 -0.10689008611001974
920 3755 0.1865674117170701
920 3770 -0.43573819661204094
933 934 0.32403360035851647
933 948 -0.46171957941870206
933 3425 -0.20158677685370163
933 3440 -0.08326800249089403
933 3365 0.3983046892133299
933 3380 -1.0
933 3395 0.38415267443673184
933 3410 0.06639151422377161
934 935 0.10448524128619806
934 949 0.36895500526444375
934 3605 -0.36466271960408464
934 3620 -0.40300858809875967
934 3455 -0.3433543457363513
934 3470 -0.026001398626364573
934 3486 0.2394057393312107
934 3501 -0.23847833109586972
934 3516 0.8129235610569046
934 3531 -0.14004435475416704
934 3545 0.6725542107779392
934 3560 0.8010923419018572
934 3575 0.3850152672226047
934 3590 0.05047784731555012
935 950 -0.5364450144796183
935 3785 0.6505165506387195
935 3800 0.24809060801482424
935 3635 -0.6097145932953248
935 3650 0.4380428418979817
935 3666 0.3229290746218898
935 3681 -0.17797582238089313
935 3696 -0.03758122649023946
935 3711 -0.0052915245020466965
935 3725 -0.14213623127610833
935 3740 -0.09552011720180785
935 3755 0.4367837814300749
935 3770 -0.6960023979864397
948 949 -0.5171130135265591
948 3425 0.01687546166176435
948 3440 0.4677154669034061
948 3365 -0.10219207061804744
948 3380 0.823972146290868
948 3395 -0.31689347088819453
948 3410 -0.8357612224140626
949 950 -0.7158799883717295
949 3605 -0.5340737654288569
949 3620 -0.0002500346101530444
949 3455 0.01406560297095557
949 3470 -0.07449535334976931
949 3486 1.0
949 3501 0.752193633125067
949 3516 -0.7532323485847126
949 3531 -0.587469223104757
949 3545 0.8646284276463421
949 3560 0.20679043425166654
949 3575 -0.2992693685486338
949 3590 0.8365693495805754
950 3785 0.8832391648469518
950 3800 -0.1229611969203749
950 3635 0.30500117102599816
950 3650 -1.0
950 3666 -0.8570812111003195
950 3681 -0.11362728581408235
950 3696 0.4540208038232968
950 3711 -0.42682443629552663
950 3725 -0.1657171637274877
950 3740 -0.3249497981975905
950 3755 -0.2650343873552212
950 3770 -0.345897270457296
963 964 -0.43127861953120206
963 978 -0.3601562767875607
963 3425 0.4325444013483971
963 3440 0.5314369200459163
963 3455 -0.2697943654415431
963 3470 0.6869553278999322
963 3486 0.4958817391317298
963 3501 0.3645220874779292
963 3516 -0.21042937049850524
963 3531 0.4434844849963679
963 3545 0.06849570399112195
963 3560 -0.2969323295035984
963 3395 0.09021190511153321
963 3410 -0.5764878347877482
964 965 0.6229665454503852
964 979 -0.08810845753682223
964 3605 -0.9411307332505677
964 3620 -0.3042902637326548
964 3635 0.22497029347851202
964 3650 1.0
964 3666 -0.04594029055849691
964 3681 -0.06966102578237457
964 3696 -1.0
964 3711 0.4891773960262843
964 3725 -0.7145517036735064
964 3740 0.3985615381394998
964 3575 -0.2696685695339282
964 3590 1.0
965 980 0.45697438787515376
965 3785 -1.0
965 3800 0.26603446547808607
965 3815 1.0
965 3830 -1.0
965 3846 0.29068761457212045
965 3861 0.4763360885234496
965 3876 -0.01929827901344248
965 3891 0.31015959447585517
965 3755 -0.5263163478049026
965 3770 0.686452461027695
978 979 0.15968814951269256
978 3425 -0.0008498392403095159
978 3440 -0.42302514025396964
978 3455 0.04969472744807254
978 3470 0.7870544809165259
978 3486 1.0
978 3501 0.7709949739555599
978 3516 0.5061914562413704
978 3531 -0.4683411271072558
978 3545 -1.0
978 3560 -0.032214532041003684
978 3395 0.34027469275451505
978 3410 0.07323162129239695
979 980 -0.1093709256462789
979 3605 -0.16110424891839212
979 3620 0.02412682532774304
979 3635 -0.20013600400843576
979 3650 -0.41229680654916484
979 3666 0.0034801634316229237
979 3681 -0.5058026070133924
979 3696 0.1940662949945564
979 3711 -0.2970417055707169
979 3725 0.3054975962160554
979 3740 0.8311564477139257
979 3575 0.08908138673458116
979 3590 -0.1529411089102263
980 3785 0.15404838579914468
980 3800 0.16862214885424853
980 3815 0.109236375582627
980 3830 -0.6402619540482221
980 3846 -0.5131476790499119
980 3861 0.5232814999705396
980 3876 0.19340446589456844
980 3891 0.11655573276176288
980 3755 0.09742288170576528
980 3770 -0.5517366359962353
993 994 -0.32968423194871394
993 1008 0.03772588859579598
993 3426 0.3234785215525665
993 3441 0.48207953839257556
993 3456 0.7926865052842567
993 3471 -0.0013783207390506882
993 3486 -0.1556499693121047
993 3501 -0.0642548576352989
993 3516 -0.12998578462336233
993 3531 -0.23054279649434894
993 3545 -0.6023823818192177
993 3560 -0.41044549765026794
993 3395 -0.17822039058991623
993 3410 0.249100332847043
994 995 0.8264255935078105
994 1009 1.0
994 3606 0.6182517128163204
994 3621 -0.7881022894459431
994 3636 -0.7795116899934565
994 3651 0.7285186233464953
994 3666 0.23656468067929096
994 3681 -0.42824730159628005
994 3696 -0.07025951516634232
994 3711 0.263510482106275
994 3725 0.06548534676623691
994 3740 0.3466148085682595
994 3575 -0.691112492117184
994 3590 -0.34422662813394994
995 1010 -0.6031814795643852
995 3786 -0.6926483602922545
995 3801 -0.3629769290752307
995 3816 -0.30701482741062414
995 3831 0.03784238471546554
995 3846 -0.3172987071658888
995 3861 -0.30232815736978214
995 3876 0.20353148974784568
995 3891 -0.5666839226521628
995 3755 0.8394646684838434
995 3770 -0.0019873739406757952
1008 1009 0.042510917102098825
1008 3426 -0.16980028516012463
1008 3441 -0.4280992260276954
1008 3456 -0.62407013288656
1008 3471 0.38692577948746726
1008 3486 0.3530476394428695
1008 3501 0.4418610220030293
1008 3516 -0.44075289853160077
1008 3531 -0.6252889771733974
1008 3545 0.8371758163249718
1008 3560 0.655293686368975
1008 3395 -0.4012421642112234
1008 3410 -0.37003908737799895
1009 1010 0.3700084136872387
1009 3606 -0.5022306511796553
1009 3621 0.7147741067893599
1009 3636 -0.07108048626903346
1009 3651 -0.4281076334123542
1009 3666 -0.5843292965245794
1009 3681 0.38462433264514734
1009 3696 0.8395102931980313
1009 3711 -0.5837391849987226
1009 3725 -0.9703146516121555
1009 3740 -0.06694716040148217
1009 3575 -0.11373579783341373
1009 3590 0.921800651173184
1010 3786 -0.026056330564864623
1010 3801 0.3428084896077068
1010 3816 0.4090784885478249
1010 3831 0.27210143015541643
1010 3846 -0.4641180544256943
1010 3861 0.5508509504529404
1010 3876 -0.2632446647413811
1010 3891 0.614629407000241
1010 3755 -0.04641260438316798
1010 3770 -0.26574033111251977
1023 1024 -0.8323078365573243
1023 1038 0.7416420096634252
1023 3426 0.8008583863242656
1023 3441 0.4008734804396072
1023 3456 -0.012836915276074452
1023 3471 0.08853874950838171
1023 3486 0.1756528335330289
1023 3501 0.2929989196912328
1023 3365 0.39119632084228656
1023 3380 -0.26623802731307705
1023 3395 -0.5413474462766151
1023 3410 0.7713790666291175
1024 1025 -0.1525557970595523
1024 1039 0.3495762759347369
1024 3606 -0.7059371738726674
1024 3621 0.21967114079059785
1024 3636 -0.4097232344697855
1024 3651 0.44764895570089663
1024 3666 0.29348780777449096
1024 3681 -0.1253349674153231
1024 3516 0.3932950542774516
1024 3531 0.08681644876447299
1024 3545 0.1750866543849955
1024 3560 0.17053144764303063
1024 3575 -0.41949961263145963
1024 3590 -0.3685104803554802
1025 1040 -0.4524946136389754
1025 3786 0.1797994594480691
1025 3801 0.48180115904225446
1025 3816 -0.0750915230394764
1025 3831 -0.2025377803887783
1025 3846 0.302799500970427
1025 3861 -0.6398357009700439
1025 3696 0.35598210705146915
1025 3711 -0.4917630679593438
1025 3725 0.09967511917554729
1025 3740 -1.0
1025 3755 1.0
1025 3770 0.5760551281587473
1038 1039 0.24623960329468544
1038 3426 0.10637369082269342
1038 3441 -0.491412461939832
1038 3456 0.7307571171259302
1038 3471 -0.7637981587355754
1038 3486 0.3651063831617235
1038 3501 -0.33030933571685395
1038 3365 -0.2980980791503428
1038 3380 0.08807342747256584
1038 3395 0.9828237485202466
1038 3410 0.4215644057981756
1039 1040 -0.245654620953349
1039 3606 0.4725675092648555
1039 3621 1.0
1039 3636 0.26520191618141614
1039 3651 0.46522030613830856
1039 3666 0.11993887647669392
1039 3681 0.029309843720029642
1039 3516 -0.4519038483655394
1039 3531 -0.24024292545153428
1039 3545 -0.25786750933593844
1039 3560 -0.2246679673801744
1039 3575 -0.20390288214186375
1039 3590 -0.14488049481058016
1040 3786 -0.1284014469774498
1040 3801 -0.3420874178164651
1040 3816 0.7026455044146886
1040 3831 0.72843552297854
1040 3846 0.6600915686177663
1040 3861 -0.3314148549348074
1040 3696 -0.03871238794433529
1040 3711 0.06543151286506771
1040 3725 -0.8316059115020801
1040 3740 -0.3665058388632412
1040 3755 -0.10841218267843918
1040 3770 0.7104400695453
1053 1054 0.19924527142903856
1053 1068 0.0043427788586313425
1053 3426 -0.4658775420959348
1053 3441 -0.5209034809336722
1053 3456 0.2513814977526951
1053 3471 0.20794949883927255
1053 3486 -0.6544660987227818
1053 3501 0.2525621013505307
1053 3366 -0.3089134644181664
1053 3381 -0.4452813181680674
1053 3396 -0.13247780810238524
1053 3411 -1.0
1054 1055 -0.34513017567135773
1054 1069 0.4590183360206948
1054 3606 0.24157182532639795
1054 3621 -0.7642919029035062
1054 3636 -0.0013154421131405228
1054 3651 0.0318056898698089
1054 3666 0.4905254388171557
1054 3681 -0.5630996964511973
1054 3516 -0.6360650267971534
1054 3531 -0.3512136286986309
1054 3546 -0.3473626230513371
1054 3561 -0.5884825831397887
1054 3576 0.4491791804857974
1054 3591 -0.5338484731368103
1055 1070 0.964061781750629
1055 3786 0.2471276123427799
1055 3801 -0.7859399048147425
1055 3816 0.009069229038358939
1055 3831 -0.038490760279634405
1055 3846 0.08093399102082574
1055 3861 -0.8026724855068126
1055 3696 -0.38173136988558326
1055 3711 0.016774080970345984
1055 3726 -0.8198382044500339
1055 3741 -0.18277608879179172
1055 3756 -0.06822659379430888
1055 3771 0.23885005554489097
1068 1069 -0.8199744596323093
1068 3426 -0.5620636890341295
1068 3441 0.36547348177812855
1068 3456 -0.2650986674026283
1068 3471 -0.1619545924819036
1068 3486 -0.6750948085101327
1068 3501 0.5045309859864532
1068 3366 -0.48470577061872777
1068 3381 0.4041696170134727
1068 3396 0.4486367085749659
1068 3411 -0.9052785152686684
1069 1070 -0.10802672303258529
1069 3606 -0.2310224816305945
1069 3621 1.0
1069 3636 -0.13833416456534764
1069 3651 0.009016974939354284
1069 3666 0.6770680884421766
1069 3681 -0.030857604486399577
1069 3516 -0.42922496381421327
1069 3531 -0.5309402525066755
1069 3546 -0.7386859141238062
1069 3561 -0.1090601260368629
1069 3576 0.27961476123820284
1069 3591 0.01823048589417915
1070 3786 0.7444533679594785
1070 3801 0.582457954526817
1070 3816 -0.32706574766054874
1070 3831 0.4388581556616641
1070 3846 -1.0
1070 3861 0.2672974573129855
1070 3696 1.0
1070 3711 0.14289101168203056
1070 3726 -0.14845836649581975
1070 3741 0.1563776570990127
1070 3756 0.7713396219289634
1070 3771 0.1422691078021422
1083 1084 -0.05839429067098929
1083 1098 0.48207058778744144
1083 3426 0.5449185670171791
1083 3441 -0.10703566220641252
1083 3366 0.055267017912682195
1083 3381 -0.6208677986400422
1083 3396 0.046367288567794394
1083 3411 -0.26975022622225353
1084 1085 -0.13375607882670212
1084 1099 -0.2622623785689964
1084 3606 1.0
1084 3621 0.37546502048281377
1084 3456 0.012576336765073333
1084 3471 -1.0
1084 3486 -0.9692689009660463
1084 3501 0.18298158983087737
1084 3516 -0.17631807548023334
1084 3531 -0.6001230421862925
1084 3546 -0.8968865697643187
1084 3561 0.16965615919089447
1084 3576 1.0
1084 3591 0.26763478982211863
1085 1100 0.2039071690559255
1085 3786 0.15631776839828693
1085 3801 -0.525237697631552
1085 3636 0.10322259439813271
1085 3651 -0.1321100812798357
1085 3666 -1.0
1085 3681 -0.6504902505429104
1085 3696 -0.0876186895536833
1085 3711 0.5464506896039356
1085 3726 0.1425991400515457
1085 3741 0.27959152844503177
1085 3756 1.0
1085 3771 -0.4082116481941726
1098 1099 0.1984873043751393
1098 3426 -0.23086518396833852
1098 3441 -0.04143021144048853
1098 3366 0.04253215143914632
1098 3381 -0.45472234634732045
1098 3396 -0.5279437813405271
1098 3411 0.5672534094458325
1099 1100 0.14971358731759515
1099 3606 0.19259158074078284
1099 3621 0.5114206703771352
1099 3456 -0.06967194340840598
1099 3471 -0.4412657457762276
1099 3486 0.1565236052609671
1099 3501 -0.20260516951917612
1099 3516 -0.18001784943055724
1099 3531 -0.8149935459884251
1099 3546 0.012584680567697518
1099 3561 0.04414197775224107
1099 3576 0.19929659624650586
1099 3591 0.7214177209126802
1100 3786 0.4860749372200061
1100 3801 0.11998215349829305
1100 3636 -0.5710721605667467
1100 3651 -0.4637335127929087
1100 3666 -0.31692378019179274
1100 3681 -0.689367701190285
1100 3696 0.44359522354662906
1100 3711 0.7939021527291209
1100 3726 0.335664250875191
1100 3741 0.047198300089876966
1100 3756 0.8814020238055257
1100 3771 -0.23194368854820235
1113 1114 0.2701381494134743
1113 1128 -1.0
1113 3426 -0.9004364456208986
1113 3441 -0.3412879382614243
1113 3366 -0.5318028284793128
1113 3381 0.35817853780420883
1113 3396 0.32640280888427375
1113 3411 -0.7616392556479805
1114 1115 0.21516052275391073
1114 1129 -0.43608589865824493
1114 3606 0.4274076259831808
1114 3621 -0.2746220851861722
1114 3456 0.5756034629138603
1114 3471 0.8623844315223306
1114 3546 0.08751742377550813
1114 3561 -0.3030559123466049
1114 3576 -1.0
1114 3591 -0.2343421863514953
1115 1130 0.21298090050509422
1115 3786 0.3752367458375018
1115 3801 -0.10364745931442222
1115 3636 0.3421612846772168
1115 3651 0.08322158394808075
1115 3726 -0.34927655974141864
1115 3741 -0.5898257558686799
1115 3756 0.7688774132992631
1115 3771 -0.5499028379531848
1128 1129 0.021230627793654266
1128 3426 0.16993211724505788
1128 3441 -0.512026488534984
1128 3366 -0.3432294605215097
1128 3381 0.14056757423828098
1128 3396 0.45260520649735575
1128 3411 0.7099198130574342
1129 1130 -0.4468256284791251
1129 3606 -0.6011600392669614
1129 3621 0.40161229795459724
1129 3456 -0.8707614120613586
1129 3471 -0.08242357154025307
1129 3546 0.18878827834973455
1129 3561 -0.10719278732574739
1129 3576 0.21830939124122756
1129 3591 -0.5910272710247135
1130 3786 -0.9481447649702055
1130 3801 -0.301667572471907
1130 3636 -0.34856103766973456
1130 3651 -0.4164247194691604
1130 3726 0.7329236410699183
1130 3741 -0.13933380765902473
1130 3756 -0.7174859983102206
1130 3771 -0.017767748874908507
3364 3365 -0.002484145999566921
3364 3379 0.10662339777675729
3365 3366 0.926477322319685
3365 3380 0.38567176703189116
3366 3381 0.2502576052928529
3379 3380 0.07620794625225939
3380 3381 0.3122722164012136
3394 3395 0.5498682211996937
3394 3409 -0.32101526762968496
3395 3396 0.15783260575952435
3395 3410 0.8848059565306559
3396 3411 -0.3898364612258702
3409 3410 0.15361697807553237
3410 3411 0.3050205002264431
3424 3425 0.24528499364022505
3424 3439 -0.19357000398291868
3425 3426 -0.9439950825845028
3425 3440 -0.7358395529493607
3426 3441 -0.7129449848345129
3439 3440 -0.24204521094289538
3440 3441 -1.0
3454 3455 0.41030966038697475
3454 3469 0.8892481067759637
3455 3456 -0.5122663394574375
3455 3470 0.6346098067766518
3456 3471 -0.3263443832066662
3469 3470 0.791610666843606
3470 3471 -0.5879989665413433
3484 3485 0.6064431998233526
3484 3499 0.5076534705104955
3485 3486 1.0
3485 3500 0.1496418013952731
3486 3501 0.5306241207996618
3499 3500 -0.9914091139732523
3500 3501 0.4658405639574189
3514 3515 -0.05363835853853323
3514 3529 -0.4495375880754795
3515 3516 0.4694365570648351
3515 3530 0.20850402302588114
3516 3531 -0.004314247521351283
3529 3530 0.1905608463251022
3530 3531 0.03438664383097469
3544 3545 -0.38747735194078226
3544 3559 -0.9838265743465112
3545 3546 0.5281942194153978
3545 3560 -0.6114496601439268
3546 3561 0.096449460378223
3559 3560 -1.0
3560 3561 -0.33513903713547566
3574 3575 -0.26214433027002804
3574 3589 0.3955482954160787
3575 3576 -0.43038160562034194
3575 3590 0.27797989267080564
3576 3591 -0.43234321666153386
3589 3590 0.35738008064672827
3590 3591 0.4209661874128852
3604 3605 0.370022605498092
3604 3619 -0.01998511027732024
3605 3606 -0.37968453248863376
3605 3620 -0.4280952442782438
3606 3621 -0.3911510324283695
3619 3620 -0.26840573215401686
3620 3621 0.0897835245990856
3634 3635 -0.7564990724851108
3634 3649 0.8119196733799098
3635 3636 0.21319590510306147
3635 3650 0.5257356298921131
3636 3651 0.1959648331290106
3649 3650 0.5942948212280001
3650 3651 -0.17082964114620508
3664 3665 0.37953117502742606
3664 3679 0.02019933552598355
3665 3666 0.6853734007128799
3665 3680 0.17152201215150045
3666 3681 0.5231828239258667
3679 3680 0.16272153943045253
3680 3681 -0.10566768562116564
3694 3695 0.21744039096658416
3694 3709 -0.6376391820341457
3695 3696 0.21739693857252534
3695 3710 -0.07109265105741536
3696 3711 -0.17823176306073943
3709 3710 -0.01381288622052232
3710 3711 -0.2744221538230555
3724 3725 -0.40174468860721935
3724 3739 0.5974629770533182
3725 3726 0.32329856515567146
3725 3740 -0.3693587570898721
3726 3741 -0.3328550334271379
3739 3740 -0.009165207237803827
3740 3741 -0.26642426796698765
3754 3755 0.5809872787599775
3754 3769 0.17892885810124698
3755 3756 0.05842500311682185
3755 3770 0.23733948777235103
3756 3771 -0.32047713062326444
3769 3770 0.29987756350160083
3770 3771 -0.07499754949903703
3784 3785 -0.11145932308326269
3784 3799 0.28123263527717324
3785 3786 -0.4240765148395039
3785 3800 -1.0
3786 3801 0.24711331347063326
3799 3800 -0.38323164191955617
3800 3801 0.6706379898410454
3814 3815 0.21002650612941254
3814 3829 0.1736589078939257
3815 3816 0.6091607273167962
3815 3830 0.419306811477126
3816 3831 -0.3612985862589681
3829 3830 -0.8538729961140546
3830 3831 -0.4568862605300949
3844 3845 -0.3624569658870256
3844 3859 -0.0731102310101245
3845 3846 0.06587040432392123
3845 3860 -0.28202202912725965
3846 3861 -0.10733753048065735
3859 3860 0.21506931063374043
3860 3861 -0.03610294997850095
3874 3875 -0.35646248618764875
3874 3889 -0.8767651603033686
3875 3876 -0.29830171437940217
3875 3890 -0.19561072015966052
3876 3891 0.020264848932379852
3889 3890 -0.06587267779289409
3890 3891 0.7881386289138446
