# 
603 603 2.1204206436457294
604 604 0.5422733366784988
605 605 0.051845064172293676
618 618 1.3598973325198755
619 619 -0.691557895501692
620 620 0.5613723839174949
633 633 -1.0877349521248394
634 634 0.9591699486043564
635 635 -1.6830238145357588
648 648 0.9808061562512539
649 649 0.8567721894640731
650 650 -0.7126443011262099
663 663 -1.9967928479857056
664 664 -1.0971520036398406
665 665 -1.2411133810771862
678 678 0.48654739217951165
679 679 2.0732237499194146
680 680 -0.9375531938036575
693 693 -0.521518552807631
694 694 0.8281166097811457
695 695 0.20188013543387254
708 708 0.7279476926556078
709 709 -1.2889694220124785
710 710 -1.9864226513261347
723 723 0.16273248869899726
724 724 -0.6278086640135805
725 725 0.22281918695104302
738 738 -0.375581382862138
739 739 -0.9574751973802592
740 740 -0.8608534935062494
753 753 -0.9671732292767553
754 754 0.4134000206557369
755 755 0.18527676081192174
768 768 1.2781212594280302
769 769 -0.09925817018883962
770 770 1.222174588473839
783 783 -1.3267002696329426
784 784 1.5070838946906369
785 785 -0.6467146751385252
798 798 -0.3427343676165782
799 799 -0.5138472498120122
800 800 -0.8670964464210038
813 813 -0.2569069044958323
814 814 -0.48766743161472725
815 815 0.5211118290947595
828 828 0.3841777011489257
829 829 -1.8675184094321393
830 830 -0.19982750118336012
843 843 -0.27562567751690176
844 844 -0.4399425823781429
845 845 0.03795602251741639
858 858 0.09939541006089238
859 859 -0.6212800459662661
860 860 -0.5972145194702959
873 873 0.27824161867004266
874 874 0.17994297089922362
875 875 1.0162599832070036
888 888 -0.4636356582499281
889 889 0.10880010803821653
890 890 0.399278492612465
903 903 1.2736458076984551
904 904 0.6636091302367719
905 905 -1.1213585863998208
918 918 -0.03220908968593885
919 919 0.0690790760589298
920 920 0.8292514543129765
933 933 -0.9074622094670575
934 934 -1.799244969833697
935 935 -1.8063008601618586
948 948 1.1568834137588473
949 949 -0.8270276410703327
950 950 -0.6056715769014323
963 963 -0.2930179153291785
964 964 -0.37648546181042064
965 965 -0.3991188106700044
978 978 -1.4698059576065003
979 979 0.21798154739621248
980 980 -0.2548246892182038
993 993 0.4060020144059043
994 994 1.5338309241485812
995 995 -0.6794634692186243
1008 1008 0.6692468742408767
1009 1009 -0.5501268493786572
1010 1010 -0.9675215890639761
1023 1023 0.06255234675372526
1024 1024 0.16294906601907627
1025 1025 -1.140934178217008
1038 1038 -0.9240746485642317
1039 1039 -1.0351723187629012
1040 1040 0.8913838062535665
1053 1053 0.48681108813924123
1054 1054 -1.0987394022699142
1055 1055 0.2952739245154096
1068 1068 -0.09637104657616621
1069 1069 -0.4179797759206105
1070 1070 1.039902676652814
1083 1083 0.6827935368935302
1084 1084 0.7642896613336391
1085 1085 -0.20990694275575347
1098 1098 -1.0385048229402234
1099 1099 -1.723697038755736
1100 1100 -0.658901637660626
1113 1113 -1.5943561614911173
1114 1114 0.0934883727012739
1115 1115 1.1043427390265692
1128 1128 -1.5976724843752221
1129 1129 -0.5196169533469185
1130 1130 -0.46175372471213005
3364 3364 -1.2931033503206297
3365 3365 0.36730581189448397
3366 3366 -0.42584559816119166
3379 3379 0.9432894300925508
3380 3380 -1.1372147071028134
3381 3381 -0.8539790400345979
3394 3394 1.0002109013263991
3395 3395 -0.7308772291002774
3396 3396 -0.07648205697323526
3409 3409 -2.6545700337837483
3410 3410 0.6075979320920042
3411 3411 -0.03968339070690751
3424 3424 0.7608519195155525
3425 3425 -0.5725636441326598
3426 3426 0.28911376112416487
3439 3439 -0.03728406489776039
3440 3440 -1.7737283407685172
3441 3441 -1.418188260468831
3454 3454 -0.10960230461506476
3455 3455 -0.18694101337569605
3456 3456 0.341608539972827
3469 3469 0.3375129204676613
3470 3470 -0.15014572592534217
3471 3471 0.6781094035876118
3484 3484 1.5425579575044557
3485 3485 0.27958970902140373
3486 3486 -2.2294566043438313
3499 3499 0.6863478829679223
3500 3500 -0.4049572685772742
3501 3501 0.15317672150085163
3514 3514 1.2485412730164864
3515 3515 -0.19392143059034717
3516 3516 -0.5711293237237599
3529 3529 -0.5090308624968796
3530 3530 1.6529017365666312
3531 3531 -0.15217571720003994
3544 3544 0.12473627792572817
3545 3545 1.4634007669272995
3546 3546 1.1103050373525212
3559 3559 0.4281858500161408
3560 3560 -0.40162036369616927
3561 3561 -0.9619216423556012
3574 3574 -0.4737836060212053
3575 3575 -0.9716181718334668
3576 3576 -1.3904026572321693
3589 3589 0.7401086769820748
3590 3590 -0.5877441290100164
3591 3591 -1.1881852811574853
3604 3604 1.4889458818841275
3605 3605 -0.9825225199429835
3606 3606 2.128683008713514
3619 3619 2.8661905420295075
3620 3620 -1.1668515872822547
3621 3621 1.1042636992557973
3634 3634 0.4593027451811191
3635 3635 -0.5189560187671933
3636 3636 0.5410883539974002
3649 3649 -0.6281733095174016
3650 3650 -0.6269929756416357
3651 3651 0.5195781919477366
3664 3664 -1.3278927298411143
3665 3665 -0.582466898665144
3666 3666 0.7215586483379341
3679 3679 1.8110036173255597
3680 3680 0.8744236538910843
3681 3681 0.9900111146457176
3694 3694 -1.4650624434925863
3695 3695 -1.597659618470386
3696 3696 1.1095253431780334
3709 3709 0.0001625999790933611
3710 3710 0.6274846646187613
3711 3711 -1.2718149253847955
3724 3724 -1.0361091667394573
3725 3725 1.0881654018519975
3726 3726 -0.14011081624670513
3739 3739 -0.8254465463594193
3740 3740 -0.0014968446097872706
3741 3741 -1.2833958736493436
3754 3754 2.695289125274727
3755 3755 -0.3175230549792812
3756 3756 -0.4724029806131416
3769 3769 0.5356154936441329
3770 3770 0.4182157823681891
3771 3771 -2.0433875493876155
3784 3784 -0.04613146303037431
3785 3785 -1.3363585293372753
3786 3786 0.11162795183015926
3799 3799 3.9122751602696115
3800 3800 -0.9547058629666392
3801 3801 -0.44328441730369555
3814 3814 -0.27837160027662544
3815 3815 -2.3365994933612177
3816 3816 0.20695637348252574
3829 3829 -0.17608119243438516
3830 3830 -0.11705316817147429
3831 3831 0.17216101077417326
3844 3844 -0.043536717161008986
3845 3845 -0.19161689650519115
3846 3846 -0.3546114357952623
3859 3859 -1.2196053572698784
3860 3860 0.13941100235761963
3861 3861 1.2770328839069862
3874 3874 0.6578275118372413
3875 3875 -0.18679316641297442
3876 3876 -0.36880959886072184
3889 3889 -1.564994447159852
3890 3890 -1.2287101674913183
3891 3891 -0.6275957718002102
603 604 -0.8123322869874983
603 618 -1.0
603 3484 -0.23399409901526216
603 3499 0.827590861824733
603 3514 -0.34429418212911056
603 3529 -0.1117055352790015
604 605 0.7041247241953436
604 619 0.3896841588476825
604 3664 -0.4944981981634035
604 3679 0.67820856812408
604 3694 -1.0
604 3709 -0.38945633153327136
605 620 -0.587785588795184
605 3844 0.31721626277330434
605 3859 0.20777631420239442
605 3874 0.1946476977577314
605 3889 0.16928943227739174
618 619 -0.1327692579861813
618 3484 -0.0984566882864994
618 3499 0.12349669403452367
618 3514 -0.06084450729294279
618 3529 -0.5579969432568207
619 620 0.4122508367487503
619 3664 -0.2273783728671004
619 3679 -1.0
619 3694 -0.16517372643535463
619 3709 0.01838841724576301
620 3844 0.19354066290353755
620 3859 -1.0
620 3874 -0.4509220203059441
620 3889 0.2726339274049818
633 634 0.6864077596179355
633 648 -0.40062148680767695
633 3424 0.012093600256498211
633 3439 0.6451033535676992
633 3454 0.11532814285648281
633 3469 0.08184339145291526
633 3484 0.6114028897801337
633 3499 -0.2011203183980644
633 3514 -0.6103521658493479
633 3529 -0.7793764224583997
634 635 -0.1212789194234585
634 649 0.5365501817235147
634 3604 -0.9643439337799956
634 3619 0.09269715230579713
634 3634 -0.3814688370117467
634 3649 -0.47684949145793115
634 3664 0.17042915311027917
634 3679 -0.5874028956123081
634 3694 -0.5650499426633162
634 3709 -0.612482646907609
635 650 0.3894315963063132
635 3784 -0.02159686503739719
635 3799 0.14421922994360709
635 3814 -0.3502988665223246
635 3829 1.0
635 3844 0.12825892985408627
635 3859 -0.14729225004998006
635 3874 0.2984085167905957
635 3889 0.7601720430353252
648 649 -0.5905347882642521
648 3424 -0.28495331461454393
648 3439 0.2148394124345135
648 3454 -0.32828590043142475
648 3469 0.27516936096754674
648 3484 -0.3041096956490028
648 3499 0.19334319417715187
648 3514 -0.16718036053097696
648 3529 0.11947602874476324
649 650 -0.7289760077072506
649 3604 0.7171434898950341
649 3619 -0.44786303447129255
649 3634 -0.31829971344188934
649 3649 -0.3661091013634516
649 3664 -0.8437110230648062
649 3679 -0.18549160048463478
649 3694 -0.08920677605363943
649 3709 0.5376341008518772
650 3784 -0.41388439260777143
650 3799 0.6526404902064447
650 3814 0.21444559450888218
650 3829 -0.5141691403280554
650 3844 0.5231949461995808
650 3859 0.8197279672049739
650 3874 0.38631558590333237
650 3889 0.218813091935593
663 664 0.7163636073534272
663 678 0.530963746929968
663 3424 0.7378456387293824
663 3439 -0.8298436333561731
663 3454 -0.12873091732189074
663 3469 -0.9099148747248386
663 3484 0.0622753141055497
663 3499 0.020041101166372876
664 665 -0.32482690912830486
664 679 -1.0
664 3604 -0.05779032348423488
664 3619 -0.9434048834084858
664 3634 0.2230922971873964
664 3649 0.08153192058095184
664 3664 1.0
664 3679 -0.21952379824004098
664 3514 0.26562260185668385
664 3529 0.15751190449018815
665 680 0.2901885850849708
665 3784 -0.42938904540963735
665 3799 -0.7222825847252898
665 3814 0.23996237513583202
665 3829 -0.3000205373111962
665 3844 -0.7949573809991871
665 3859 0.6872638901186128
665 3694 -0.1081973091559402
665 3709 -0.19828620442665051
678 679 0.7048908707644372
678 3424 0.03649955368299043
678 3439 -0.013517393151306773
678 3454 -0.4024711713356996
678 3469 -0.9520626683630479
678 3484 -0.34562898441768275
678 3499 0.7044976155535412
679 680 0.5272923738607228
679 3604 -0.08844989262398403
679 3619 1.0
679 3634 -0.06789882329600234
679 3649 0.5844988997207924
679 3664 -0.9523176040419828
679 3679 0.29536193384491227
679 3514 0.41953312154324474
679 3529 -0.17232795926680014
680 3784 0.7034680359811821
680 3799 0.0639958651517293
680 3814 0.014032278435342752
680 3829 -0.05999233412765456
680 3844 0.7571448238948445
680 3859 0.7024530401663139
680 3694 -0.07720321832454773
680 3709 0.05894143437227126
693 694 -0.3279434231821299
693 708 -0.3617353710019072
693 3424 -1.0
693 3439 -0.12754076878591009
693 3454 0.3528794130970334
693 3469 -0.5152795523531539
693 3484 -0.6978985467270654
693 3499 -0.3804151130317299
693 3364 0.47193512795743287
693 3379 0.9710940706692488
693 3394 -0.17234217716578754
693 3409 -0.6588111952746583
694 695 -0.19221584184663174
694 709 -0.06871365869343352
694 3604 0.1426902817699757
694 3619 0.10180640835719047
694 3634 0.62920102052811
694 3649 0.5401658043910802
694 3664 -0.32296972348141745
694 3679 -0.4707294102835252
694 3514 -0.10917523388326872
694 3529 0.011963261145727648
694 3544 -0.47826294016334403
694 3559 -0.8276478660293767
694 3574 -0.22230086655323833
694 3589 -0.13919760669689152
695 710 -0.27386251129154404
695 3784 -0.18943030598936908
695 3799 0.11979013630013192
695 3814 -0.45011514535155667
695 3829 0.7129736088867072
695 3844 -0.3258344415969273
695 3859 0.2374512680029353
695 3694 0.5726509411140414
695 3709 0.013092847559019986
695 3724 -0.06347646704414016
695 3739 0.4789958376542372
695 3754 -0.16481520505141703
695 3769 0.327393358468565
708 709 -0.9986579871056328
708 3424 -0.27619993420747696
708 3439 0.03287226390403906
708 3454 -0.1959894350414112
708 3469 -0.4527475181104399
708 3484 -0.5601102470354116
708 3499 0.4799036460280936
708 3364 0.8825607260913875
708 3379 -1.0
708 3394 0.275418903038011
708 3409 0.5400085887904625
709 710 0.11934080919061388
709 3604 -0.3441837517031849
709 3619 0.50836124059027
709 3634 0.43454486292853106
709 3649 -0.29859614006648294
709 3664 1.0
709 3679 -0.25642795903059856
709 3514 -0.8073115796410191
709 3529 -0.13394090625634478
709 3544 -0.14449460675046868
709 3559 -0.6761157975796754
709 3574 -0.5460061471529601
709 3589 0.27829143000921874
710 3784 0.19253115464261436
710 3799 -0.3767495324376689
710 3814 -0.3350407507437662
710 3829 -0.27386376121014017
710 3844 0.7583004949023824
710 3859 0.4458400448536842
710 3694 0.004618823727595283
710 3709 0.6176076257663128
710 3724 0.023123312304512363
710 3739 0.475726859960864
710 3754 0.2519792532878801
710 3769 -0.9788817847145772
723 724 -0.24470516223576141
723 738 0.40133719799987455
723 3424 0.31818187735794895
723 3439 -1.0
723 3364 -0.10589039448782489
723 3379 -0.16972327770526918
723 3394 0.28959692262345627
723 3409 1.0
724 725 0.6085695225212655
724 739 0.733134279500444
724 3604 -0.1763152896197869
724 3619 0.0839455326307239
724 3454 0.9480965597865169
724 3469 -0.2861526224700024
724 3484 0.05069228705255507
724 3499 -0.6872703486542059
724 3514 1.0
724 3529 0.09766475084946225
724 3544 0.31327618731901413
724 3559 0.250314255334972
724 3574 0.2863442975929489
724 3589 0.7037696089955607
725 740 -0.5207509423654039
725 3784 0.0937893156152987
725 3799 -0.32298426799681385
725 3634 0.057596270965359984
725 3649 0.3515373477073959
725 3664 0.4613520895169964
725 3679 0.13106721170148697
725 3694 -0.11990548677548733
725 3709 1.0
725 3724 -0.3303738099094323
725 3739 0.2634301817948474
725 3754 -0.8903123458853742
725 3769 -0.5202723746812837
738 739 -0.067890152552006
738 3424 0.24677583114907647
738 3439 0.12815352753213483
738 3364 -0.15901945276720067
738 3379 0.8425026527002599
738 3394 0.5886142849011257
738 3409 0.21486868014484278
739 740 0.5371638360085165
739 3604 0.20527417640990847
739 3619 0.3114658179186144
739 3454 0.2400584632081173
739 3469 -0.12439843647377408
739 3484 0.01058681089846944
739 3499 0.9295764892830682
739 3514 -0.15777416449079795
739 3529 0.1961280355785114
739 3544 0.6955594208726079
739 3559 -0.16875877960953628
739 3574 -0.49321149368390393
739 3589 0.3947001139375136
740 3784 0.3263682530472044
740 3799 -0.033766054367425566
740 3634 0.5223608226649731
740 3649 0.27711076281025265
740 3664 0.5140145308903967
740 3679 -0.13866530241677966
740 3694 -0.16546744393658325
740 3709 0.09602152697786624
740 3724 -0.14000874941604477
740 3739 -0.5748583698819887
740 3754 0.38403604850104933
740 3769 -0.2022324608348152
753 754 -0.2345353661161837
753 768 -0.7262666484502698
753 3424 -0.23596296612254253
753 3439 0.21748573969371354
753 3364 0.11766899480376838
753 3379 0.12351380558226192
753 3394 0.12513041125557822
753 3409 0.01967024549179134
754 755 -0.5321164372318944
754 769 0.11142212614024243
754 3604 0.1299829052586632
754 3619 0.5183181677363419
754 3454 -0.598003703025565
754 3469 0.16817954643091412
754 3485 0.08041116560691085
754 3500 0.11506945852289241
754 3515 0.1746190740790931
754 3530 0.4014809553112747
754 3544 -0.340551703024055
754 3559 -0.05179902626674898
754 3574 -0.1404931979988739
754 3589 -0.02933296998550738
755 770 0.05037189883887419
755 3784 -0.6064816714475573
755 3799 -0.34858079635855155
755 3634 0.168291252757627
755 3649 -0.20448629889709752
755 3665 -0.31915618680296953
755 3680 -0.07708519798065147
755 3695 0.8767413956530287
755 3710 0.06336073645318287
755 3724 -0.3514003000885455
755 3739 0.188281008915986
755 3754 0.3372527427485825
755 3769 -0.32902754086120856
768 769 -0.5508466714837712
768 3424 0.3948789839545448
768 3439 -0.4728059049253199
768 3364 -0.007606140012681924
768 3379 0.23804516955383273
768 3394 -1.0
768 3409 -0.8653965381809183
769 770 1.0
769 3604 0.05626974503354097
769 3619 -0.2556817171222069
769 3454 0.7955020360025784
769 3469 -0.16956089777385516
769 3485 0.0819488522430798
769 3500 0.2723746359108604
769 3515 0.3554217384653717
769 3530 0.7758828584672038
769 3544 0.3919353657440237
769 3559 -0.2858789586201238
769 3574 -0.10772846124373504
769 3589 -0.5105648211453439
770 3784 0.34637704643009826
770 3799 -0.4651035344336441
770 3634 -0.25125146767355455
770 3649 0.5307583028779023
770 3665 -0.2548938659997538
770 3680 -0.587650874011617
770 3695 -0.4057772072840635
770 3710 0.2102205208204958
770 3724 0.2943611354830444
770 3739 0.5251439724805944
770 3754 -0.3486236387989738
770 3769 0.8466563961355987
783 784 -0.8472154784977365
783 798 0.48762952507080365
783 3424 0.2677585473975529
783 3439 0.04109705581309449
783 3454 -0.7795461595427311
783 3469 0.021971355081389934
783 3485 -0.08787493047076597
783 3500 0.7978006827734979
783 3515 -0.5731199533796493
783 3530 0.3717415458162308
783 3544 0.2691635629039964
783 3559 0.23811448098395663
783 3394 -0.2137591388832818
783 3409 0.3093015069751837
784 785 0.3025959240472554
784 799 0.39092463247900666
784 3604 -0.4762831197053704
784 3619 0.18735047460151394
784 3634 -0.01119767512974626
784 3649 0.6586880985200575
784 3665 0.5511536267116092
784 3680 -0.16734184118263518
784 3695 0.22821040975332507
784 3710 0.3742787386856143
784 3724 0.09415773262235122
784 3739 0.09107092689879472
784 3574 0.7224487324757126
784 3589 0.027813775982635392
785 800 -0.03665178559789698
785 3784 -0.0618881850444607
785 3799 -0.8219455791329582
785 3814 -0.19025418142185896
785 3829 -0.19264253920151503
785 3845 0.1311199318502139
785 3860 0.23935601859546393
785 3875 0.44487071022901564
785 3890 0.5199181445125644
785 3754 0.03698942469397873
785 3769 0.4752319371195808
798 799 0.5726924132272487
798 3424 -0.0213160052196156
798 3439 -0.20210659562407948
798 3454 0.7186978873668127
798 3469 0.5960415161837166
798 3485 -0.09219550348687203
798 3500 -0.16816516614346808
798 3515 -0.16476036018030835
798 3530 -0.3340630984258854
798 3544 -0.6400321406718422
798 3559 -0.46136983078483423
798 3394 0.231357175810213
798 3409 0.05297241078821908
799 800 -0.5275339503619163
799 3604 1.0
799 3619 0.20709775163885555
799 3634 -0.0827767442650779
799 3649 0.6449590338414432
799 3665 -0.26237022626050566
799 3680 0.7339450928489536
799 3695 0.06020888470650055
799 3710 -0.2383543390647166
799 3724 0.6078224496759408
799 3739 -0.11551233246385316
799 3574 -0.5326365158178492
799 3589 -0.17681503527243436
800 3784 0.1286566815512628
800 3799 1.0
800 3814 -0.19754271299425824
800 3829 -0.4086189204052933
800 3845 0.6219991991167318
800 3860 0.2824831272591746
800 3875 0.6995682397318153
800 3890 -0.47219362796724806
800 3754 -0.03975607881903458
800 3769 0.8353027058438726
813 814 0.15701986578409416
813 828 0.4738762032591835
813 3425 0.06042167863379273
813 3440 0.3570792752818615
813 3455 -0.25679126760593074
813 3470 -0.056292157217646084
813 3485 -0.5440722434862555
813 3500 -0.421732034134546
813 3515 0.28359635889442486
813 3530 0.19084282593483395
813 3544 0.18034154043252323
813 3559 0.09386945887740701
813 3394 -0.2588189283823203
813 3409 -0.4476816271190863
814 815 0.6705734367126089
814 829 0.08636568263949823
814 3605 -0.1684597336531265
814 3620 -0.3360737917856193
814 3635 0.7232371040208581
814 3650 -0.35890695202256834
814 3665 0.043727339613922604
814 3680 0.3780534032729918
814 3695 -0.11429364792303605
814 3710 -0.4166207669625617
814 3724 0.3275896205490455
814 3739 0.33547591665505044
814 3574 -0.07336013407188732
814 3589 0.44932898534265575
815 830 0.29733916674130445
815 3785 -0.28406320590220646
815 3800 -0.13760879354533542
815 3815 -0.04295179628667962
815 3830 -0.12728090773110967
815 3845 -0.7275415616163041
815 3860 0.6411841527283333
815 3875 0.5894265646538428
815 3890 -0.33274814096246946
815 3754 0.12812604827292381
815 3769 0.1764184123435604
828 829 0.6642762714263716
828 3425 -0.2033984122093741
828 3440 0.038581800238033676
828 3455 0.25686013003895175
828 3470 -0.2712102521307185
828 3485 -0.3851352143449762
828 3500 -0.8512520941764122
828 3515 -0.4195547877350953
828 3530 -0.16120202954244367
828 3544 -0.1416036893456078
828 3559 -0.5207715020703053
828 3394 -0.09773617473973398
828 3409 0.17759178039980555
829 830 0.282831922975155
829 3605 -0.23115069021323806
829 3620 1.0
829 3635 0.43395712868376457
829 3650 0.2707264054109887
829 3665 0.5647726571128703
829 3680 -0.15628406782284424
829 3695 0.18406154032806335
829 3710 0.9248941376325563
829 3724 0.5470226701412769
829 3739 0.2186427337033475
829 3574 -0.2970891334179064
829 3589 0.11900258135396571
830 3785 0.01645460086586128
830 3800 0.04240794792643677
830 3815 -0.27573004667535544
830 3830 0.3488976311546161
830 3845 0.5850309950089749
830 3860 0.9607078077841553
830 3875 0.06230985094031391
830 3890 -0.11035495862853902
830 3754 -0.48101184206306774
830 3769 -0.3445849490099922
843 844 -0.3521772166958366
843 858 0.0690608042323546
843 3425 0.4905531862564472
843 3440 0.47131828743665927
843 3455 0.4478678154986673
843 3470 -1.0
843 3485 0.37986153998077715
843 3500 0.3566837077167692
843 3364 -0.4359633591819387
843 3379 -0.7476717475626503
843 3394 0.0030862245765190923
843 3409 0.6224051426612064
844 845 0.06510104363587481
844 859 -1.0
844 3605 0.6919907423867108
844 3620 0.7917305608593569
844 3635 -1.0
844 3650 -0.35174468953677607
844 3665 1.0
844 3680 -0.3814038448363947
844 3515 0.08646293242599537
844 3530 0.22040727559643816
844 3544 -0.23391440718475331
844 3559 0.8104343028515291
844 3574 -0.08664489668935187
844 3589 -0.19365254360633455
845 860 0.32000482475048087
845 3785 -0.35383541953180364
845 3800 -0.1608583925653542
845 3815 0.176634873583937
845 3830 0.799102190977775
845 3845 -0.7980147013221928
845 3860 -0.3869676142712875
845 3695 0.29214445446196124
845 3710 -0.41232472506979956
845 3724 -1.0
845 3739 0.884232303636759
845 3754 0.5995309473646793
845 3769 -0.3110946590353583
858 859 -0.4045904612662812
858 3425 -0.400768787514825
858 3440 0.4302778054409756
858 3455 -0.2595895864663752
858 3470 0.06269497017763974
858 3485 -0.186223618840992
858 3500 -0.3385090446524077
858 3364 0.003066590091815976
858 3379 0.7986251649886676
858 3394 -0.1636243861300467
858 3409 0.012543462014395894
859 860 1.0
859 3605 0.3393795182741528
859 3620 0.26041581698142524
859 3635 -1.0
859 3650 0.5859213837811326
859 3665 0.685905472634443
859 3680 -0.07908238445488569
859 3515 0.2418261734824049
859 3530 0.09163068054493728
859 3544 0.13276876739271756
859 3559 -0.16412195840257224
859 3574 -0.1964375543846079
859 3589 0.08058724771767867
860 3785 0.1728078618106542
860 3800 0.331115873026338
860 3815 -0.6897269777237045
860 3830 -0.8187212886745971
860 3845 -0.5260671387023341
860 3860 -0.6329031663335827
860 3695 -1.0
860 3710 0.4108741922796072
860 3724 -0.39144118851628695
860 3739 -0.20457265726995125
860 3754 0.6245337918085184
860 3769 -0.14746054739873804
873 874 0.7125508695683421
873 888 -0.016085900054462157
873 3425 -0.09003021951508977
873 3440 0.449856575562464
873 3455 -1.0
873 3470 0.3444284738439938
873 3485 0.5658002485424382
873 3500 -0.3448214091990968
873 3365 -0.06190232179207646
873 3380 -0.5506035549134815
873 3395 -0.6242783188555187
873 3410 -0.2864202355999473
874 875 -0.1212952491831766
874 889 -0.14609655179821557
874 3605 -0.5925227080172268
874 3620 -0.22143080236947407
874 3635 -0.6490551075933197
874 3650 -0.06554523782561535
874 3665 -0.8395994288389284
874 3680 -0.2350320194050704
874 3515 0.8706953938006303
874 3530 -0.14254376585793768
874 3545 -0.8229087114661555
874 3560 -0.5777350478418465
874 3575 1.0
874 3590 0.5989544320589296
875 890 0.12162233867308123
875 3785 0.19891974711980354
875 3800 0.8118653457980748
875 3815 -0.18555341025001165
875 3830 -0.7634442274809433
875 3845 -1.0
875 3860 -0.2810155499112921
875 3695 1.0
875 3710 -0.11242814627617362
875 3725 -0.4590871587420617
875 3740 -0.191336528222723
875 3755 0.4371031171023731
875 3770 -0.6322837411041428
888 889 0.02680319438704107
888 3425 0.32180875949661353
888 3440 -0.4502279334252956
888 3455 -0.6788216490412047
888 3470 -0.11951512727591088
888 3485 0.1400197469327052
888 3500 -0.44490038545188487
888 3365 -0.34565636987050447
888 3380 -0.5689992211704645
888 3395 -0.25878656799757166
888 3410 0.01282884287025405
889 890 -0.25277571206703
889 3605 0.29210730165439636
889 3620 0.7666322583594036
889 3635 0.8462885127125167
889 3650 -0.3574830400169792
889 3665 0.43674782931648926
889 3680 -0.38684966886459415
889 3515 0.5581256264230917
889 3530 0.36432048758882907
889 3545 -0.11751782082291681
889 3560 -0.1726420007021608
889 3575 0.5369678551709707
889 3590 -0.5850881047579812
890 3785 0.2927980432419566
890 3800 0.5335734555020615
890 3815 0.30246832416028185
890 3830 -0.40513708612630456
890 3845 -0.07089330574796811
890 3860 -0.6134703262161723
890 3695 0.8684065342197981
890 3710 0.03392920663679566
890 3725 -0.3520988046158787
890 3740 0.553285199794706
890 3755 0.17796105323385025
890 3770 -0.8367135568061822
903 904 -0.5062857286462082
903 918 -0.052441005964846875
903 3425 -1.0
903 3440 0.15087330518087874
903 3365 0.0042549395958301215
903 3380 0.06913014388514978
903 3395 -0.5315682264723627
903 3410 0.4232133019663577
904 905 -0.3921478269617794
904 919 -0.36122516002438576
904 3605 1.0
904 3620 0.1442961973791375
904 3455 0.07432647272987175
904 3470 -0.40202060509591153
904 3485 -0.45780678867816976
904 3500 -0.2371835098032283
904 3515 -0.6800089319344002
904 3530 0.2114178180371647
904 3545 0.04693835575759821
904 3560 0.16291596954787266
904 3575 -0.041342334993231
904 3590 -0.5952521507542132
905 920 -0.446102191767255
905 3785 -0.24675026056016422
905 3800 -0.054574255969747486
905 3635 -0.015401915945893938
905 3650 -0.48754140895880227
905 3665 -0.049334876202198105
905 3680 -0.04150811649036345
905 3695 -0.3573086729725722
905 3710 -0.014432503372596503
905 3725 -0.4998666184775246
905 3740 -0.052997555521137864
905 3755 -0.3447252111164744
905 3770 -0.13392261480869985
918 919 -0.4138180751601004
918 3425 -0.47948567740430453
918 3440 -0.8498349026209662
918 3365 0.4494672554773532
918 3380 0.4274816556285521
918 3395 -0.3373162847913809
918 3410 -0.05779667555399262
919 920 -0.7492758953983064
919 3605 0.9260279817548023
919 3620 0.35011397865896327
919 3455 -1.0
919 3470 -0.9173593325466479
919 3485 0.4954233524564302
919 3500 -0.27000313167275425
919 3515 -0.5035971863358369
919 3530 -0.7008238815786642
919 3545 -0.261048401683478
919 3560 -0.9671098675893912
919 3575 -0.984886503526201
919 3590 -0.27659388639047816
920 3785 -0.09965538760509825
920 3800 0.6919806630706326
920 3635 -0.18203311914391554
920 3650 -0.2570493359521122
920 3665 -0.42539344234449883
920 3680 0.5888734407019072
920 3695 1.0
920 3710 0.5469924934102074
920 3725 -0.7761122755517221
920 3740 0.13406268694726364
920 3755 0.3819928429646303
920 3770 -0.5725257768102419
933 934 0.5524969412412037
933 948 0.5584475198608281
933 3425 -0.07280031043408572
933 3440 0.5873347880082038
933 3365 0.32460123465814417
933 3380 1.0
933 3395 -0.006053828304055957
933 3410 -0.11722982139550864
934 935 -0.04443581875527621
934 949 -0.5514469097290099
934 3605 -0.4011348315451422
934 3620 -0.184384378975259
934 3455 -1.0
934 3470 0.31985066049020894
934 3486 -0.05817507566142769
934 3501 -0.21001256415712863
934 3516 0.2252547519727283
934 3531 -0.08181540550346157
934 3545 -0.013221417943474305
934 3560 0.1570030391189162
934 3575 0.04628984583176466
934 3590 0.3929873595397781
935 950 1.0
935 3785 0.013274405609963798
935 3800 0.1963868752156945
935 3635 0.6690518141955808
935 3650 0.08353111579956016
935 3666 0.14669894945818995
935 3681 -0.3238913122445678
935 3696 -0.5599097290770049
935 3711 -0.51009107645027
935 3725 0.5511488560736736
935 3740 1.0
935 3755 -0.517152404481664
935 3770 -0.7967724363035739
948 949 -0.8160781883438436
948 3425 0.1464551092509556
948 3440 0.5798763993381812
948 3365 0.047266049763296236
948 3380 0.2566824513406441
948 3395 0.028733387862097077
948 3410 0.16513179373848266
949 950 -0.3317330784382864
949 3605 0.3479586473666721
949 3620 0.8318415147013548
949 3455 -0.1801525542198115
949 3470 0.4615007800752834
949 3486 0.23217364027701048
949 3501 -0.0017141393558667713
949 3516 0.6410874839233512
949 3531 0.10937779249504467
949 3545 -1.0
949 3560 0.4620958009962356
949 3575 0.5077616229666622
949 3590 -0.25071251688499147
950 3785 1.0
950 3800 0.8307464281808906
950 3635 0.7231216623660432
950 3650 -0.7492870134800708
950 3666 0.024327900885942045
950 3681 -0.4899794402686384
950 3696 -0.012336676749282474
950 3711 0.011159737284385112
950 3725 0.9556479797351264
950 3740 -0.030057962226778853
950 3755 0.24996479025505555
950 3770 0.02402226355297266
963 964 -0.1940085004417561
963 978 0.03379955604584988
963 3425 -0.013257511488820723
963 3440 0.6992031634932939
963 3455 -0.07487605741904912
963 3470 -0.02342198063742497
963 3486 0.17254594689111755
963 3501 0.5659439074919667
963 3516 0.3865464241468477
963 3531 -0.15232067917481332
963 3545 -0.6332541634656625
963 3560 -0.158600886362279
963 3395 -0.2867996208404378
963 3410 -0.4815611013682224
964 965 0.3630735202608583
964 979 -0.07681279783803097
964 3605 0.1355067307802003
964 3620 -1.0
964 3635 -0.24841757244277374
964 3650 0.3919972511178666
964 3666 0.9663166640937217
964 3681 0.18676487773835845
964 3696 0.26421180466931515
964 3711 -0.602051018848542
964 3725 -0.1477811207050522
964 3740 0.32130822350621463
964 3575 0.2965408622507094
964 3590 -0.10937686041050776
965 980 0.9946362135363324
965 3785 -1.0
965 3800 0.08457324701481697
965 3815 -0.11998853091282749
965 3830 -0.07863973906246619
965 3846 0.12903661895616694
965 3861 -0.13186109245763758
965 3876 -0.3599778238255993
965 3891 0.6578348494851346
965 3755 -0.5918085287974436
965 3770 0.1417411919827114
978 979 -0.5530583294973194
978 3425 -0.6323208220236052
978 3440 0.40665655108887944
978 3455 0.10138153859129956
978 3470 0.19338937466930115
978 3486 -1.0
978 3501 0.19572253606193873
978 3516 -0.04232327201076531
978 3531 0.048507243172069
978 3545 0.5188297615630681
978 3560 0.39126196108753614
978 3395 1.0
978 3410 0.2471791230046046
979 980 -0.4405716341861934
979 3605 0.9057647078821055
979 3620 -0.4606777461590787
979 3635 -0.9440165316738106
979 3650 0.7364600999856568
979 3666 -0.5208685794777267
979 3681 0.07138771888726145
979 3696 0.2655095524821264
979 3711 -0.3592861783070545
979 3725 0.09902614645318326
979 3740 -0.27074633644518664
979 3575 -0.7118200642232932
979 3590 0.056727349603257766
980 3785 0.07111507585962683
980 3800 0.9676663801605362
980 3815 0.009140388875916705
980 3830 -0.1842254818474828
980 3846 1.0
980 3861 0.2170305193530069
980 3876 -0.002537262434249451
980 3891 -0.005118243689935045
980 3755 -0.16936068445946142
980 3770 1.0
993 994 0.4650320654342011
993 1008 -0.7482957971154199
993 3426 0.026509702636266737
993 3441 -0.2873100646968756
993 3456 0.31483948434530523
993 3471 -0.11231857312795303
993 3486 -0.8246788323668085
993 3501 0.09002632532930034
993 3516 0.07353607236477375
993 3531 0.4169357925707666
993 3545 -0.6026997176653461
993 3560 -0.2558944289317463
993 3395 -0.06751026841756765
993 3410 0.5229458837562052
994 995 -0.400195567906383
994 1009 -0.22687031378009614
994 3606 0.9435936403763766
994 3621 -0.7143759590919693
994 3636 0.3987893159429624
994 3651 -0.1752645490073538
994 3666 -0.43578120012860455
994 3681 -0.7661420764447167
994 3696 -0.2584853798682065
994 3711 0.23275878251072274
994 3725 -0.5195968764692347
994 3740 0.4519684336630169
994 3575 0.7296063347918761
994 3590 -0.5871802351043985
995 1010 0.653810160727552
995 3786 0.3106244022659074
995 3801 0.5606489158208652
995 3816 -0.12481790440146955
995 3831 0.2501107219126748
995 3846 -0.5432403055285708
995 3861 0.8731961281278636
995 3876 0.1552711998905265
995 3891 0.1882226427387461
995 3755 0.24658196924497502
995 3770 0.32997452515259185
1008 1009 0.09558588610970513
1008 3426 -0.10258025813910158
1008 3441 0.12772714308951758
1008 3456 -0.24538945340637203
1008 3471 -0.7926101814911383
1008 3486 0.22453543331153766
1008 3501 0.5968623121643991
1008 3516 -0.7196411764042484
1008 3531 0.12460574287030414
1008 3545 0.09467834902157544
1008 3560 0.5796616096300444
1008 3395 -0.353533171330761
1008 3410 0.19693063451114456
1009 1010 0.23736339510167911
1009 3606 0.07764686278175563
1009 3621 0.06372217732971738
1009 3636 -0.38118415061241206
1009 3651 0.4401264919077455
1009 3666 -0.07240554023585428
1009 3681 -0.7110080529229543
1009 3696 0.7553462383025966
1009 3711 0.4638139339784809
1009 3725 -0.7652826882225476
1009 3740 0.06092638634820719
1009 3575 0.8452377858509866
1009 3590 1.0
1010 3786 -0.12470895946999062
1010 3801 0.06864447430541931
1010 3816 0.03854043076786137
1010 3831 0.12470382209991762
1010 3846 0.08631498498852232
1010 3861 0.05110915234254798
1010 3876 0.21538469849198175
1010 3891 -0.24816617327053117
1010 3755 -0.07391967327270575
1010 3770 0.645274037512295
1023 1024 -0.23207514134308913
1023 1038 0.3635304336916663
1023 3426 0.05322717101774194
1023 3441 0.043865320323337224
1023 3456 0.12895338406334966
1023 3471 0.6719023012019184
1023 3486 0.10983903176443358
1023 3501 0.22289588353913928
1023 3365 -0.20611470684192096
1023 3380 -0.147411973323388
1023 3395 -0.43343394836083365
1023 3410 -0.47165623147569113
1024 1025 0.08302909181425613
1024 1039 -0.37572764914266277
1024 3606 0.759812989650823
1024 3621 0.29336260782729956
1024 3636 -0.189257729350114
1024 3651 0.7690986919823871
1024 3666 0.07527334859927118
1024 3681 -0.47792581468144524
1024 3516 0.4197641626684023
1024 3531 -0.5989786145191632
1024 3545 -0.5958487458005656
1024 3560 0.09459056706836852
1024 3575 0.9082840985698256
1024 3590 1.0
1025 1040 -0.44700926588514284
1025 3786 -0.050489352671189994
1025 3801 -0.5137762886577003
1025 3816 0.3174227645081286
1025 3831 0.3434659076596913
1025 3846 -0.04288227608634569
1025 3861 -0.35497583860401966
1025 3696 -0.2393958005574284
1025 3711 -0.659633234313491
1025 3725 -0.038962572799416756
1025 3740 0.6698956695603419
1025 3755 0.3638095357968836
1025 3770 1.0
1038 1039 0.4403731669799164
1038 3426 -0.7018766532606746
1038 3441 0.44757434836115545
1038 3456 0.8903568057877511
1038 3471 0.7547339583690467
1038 3486 0.0655939565412826
1038 3501 0.24747931586991803
1038 3365 -0.18904316570355698
1038 3380 0.23672288179033554
1038 3395 0.8520483357803708
1038 3410 -0.10524482186603386
1039 1040 -0.7777198860204534
1039 3606 -0.3885171634065563
1039 3621 -0.5082771223589516
1039 3636 -1.0
1039 3651 0.30459803984636435
1039 3666 0.27750634830108883
1039 3681 0.5460253014076001
1039 3516 -0.010209343301833419
1039 3531 -0.14139204642354528
1039 3545 -0.7945719147013277
1039 3560 0.10225223053098584
1039 3575 0.15125900578524024
1039 3590 0.32441904049091425
1040 3786 0.0132404574771374
1040 3801 -0.4667258648674087
1040 3816 -0.2776071505275012
1040 3831 -0.04846596825911627
1040 3846 -0.32124537621069466
1040 3861 0.35154258464876725
1040 3696 -0.9479535985951522
1040 3711 0.8439370976656931
1040 3725 -0.04803698213685702
1040 3740 -0.47119474213397106
1040 3755 0.29730199010605957
1040 3770 0.2593342474480401
1053 1054 0.4114258565307513
1053 1068 -0.525171737576979
1053 3426 0.2104414336114785
1053 3441 0.20039686483712602
1053 3456 0.2146653514388423
1053 3471 -0.12729517562543122
1053 3486 0.3772658385341001
1053 3501 -0.22136551549651923
1053 3366 -0.4722822253945031
1053 3381 0.16653351588954382
1053 3396 -0.01818706615315644
1053 3411 -0.16513300695198785
1054 1055 0.18136811483861384
1054 1069 0.3863451727329419
1054 3606 0.6915934775588578
1054 3621 0.33087290048960233
1054 3636 0.4972984795739048
1054 3651 0.24082458250771427
1054 3666 -0.5527837512952204
1054 3681 -0.5193223452549774
1054 3516 -0.514952629862341
1054 3531 0.38131094314565656
1054 3546 -0.01957176542650486
1054 3561 0.0806720086383148
1054 3576 0.07035142039586281
1054 3591 0.3818954308402773
1055 1070 -0.3045922181275762
1055 3786 0.1521800474803812
1055 3801 0.04583111444970395
1055 3816 -0.24696919859447738
1055 3831 0.42928205731775504
1055 3846 0.8743333519066677
1055 3861 0.6379739731579459
1055 3696 -0.042162449026535716
1055 3711 0.08928751303241357
1055 3726 0.05076070341840255
1055 3741 0.5849195841257546
1055 3756 -0.6206830724200234
1055 3771 -0.084773698388291
1068 1069 0.6652167308130215
1068 3426 -0.07012437939355091
1068 3441 -0.33201480366688835
1068 3456 0.10749329773532047
1068 3471 -0.755687487491002
1068 3486 0.5588983382281909
1068 3501 -0.1666218648523169
1068 3366 0.29389139104227857
1068 3381 0.5551001867052846
1068 3396 0.552698357804208
1068 3411 0.6608249828181655
1069 1070 -0.311729340019286
1069 3606 -0.25051311881286453
1069 3621 0.800706929149913
1069 3636 -0.11757753472914513
1069 3651 0.08543788103180834
1069 3666 -0.7191483942979081
1069 3681 0.21518847872304508
1069 3516 0.10985971699145256
1069 3531 0.025650873335189138
1069 3546 0.05909078360546432
1069 3561 -0.29410767954688943
1069 3576 0.2948472202901979
1069 3591 -0.4657432512159003
1070 3786 -0.07339159496374506
1070 3801 -0.5834888219668151
1070 3816 -0.2970728306971836
1070 3831 0.6045900924083539
1070 3846 0.6578607829878672
1070 3861 -0.03126265640283846
1070 3696 0.22755807603641667
1070 3711 0.315527095293412
1070 3726 -0.6443827248309227
1070 3741 0.8621487770728261
1070 3756 -0.576312062024652
1070 3771 -0.8777446776604395
1083 1084 0.052564401578289704
1083 1098 -0.2275500670765062
1083 3426 0.03901066805239883
1083 3441 0.7486643839985444
1083 3366 0.0758446085106092
1083 3381 -0.07904588908713879
1083 3396 -0.06455638730829588
1083 3411 0.15901634907050863
1084 1085 0.47018491776408167
1084 1099 -1.0
1084 3606 0.6172047077004412
1084 3621 -0.43003959935000335
1084 3456 -0.5536492079757199
1084 3471 -0.6589007863065736
1084 3486 -0.18265640631578411
1084 3501 1.0
1084 3516 0.21322621327101554
1084 3531 0.5988775655179348
1084 3546 -0.07813178310757182
1084 3561 -0.5447352051173524
1084 3576 0.6650751876961009
1084 3591 0.25051630414427883
1085 1100 -0.6192833963717908
1085 3786 0.5841660313088043
1085 3801 0.045855535707785625
1085 3636 -0.3018585130728374
1085 3651 0.7885923916734002
1085 3666 0.3282198320132593
1085 3681 -0.7277580507802955
1085 3696 -0.3737488788475394
1085 3711 -0.25716550802747207
1085 3726 0.23979075481678278
1085 3741 0.15350652704291465
1085 3756 0.10695391326258387
1085 3771 -0.2971832972921545
1098 1099 -0.01890172661830058
1098 3426 0.016873831899298863
1098 3441 0.49243978899383845
1098 3366 0.26345576743157284
1098 3381 -0.42014028367876494
1098 3396 -0.5531734678963672
1098 3411 -0.5510523657369167
1099 1100 -1.0
1099 3606 -0.8974538235593814
1099 3621 -0.4794661773882471
1099 3456 0.43747127993980744
1099 3471 -0.09126986119753164
1099 3486 -0.16923177871289374
1099 3501 -0.0003174334832576109
1099 3516 -0.12891889523155564
1099 3531 0.3446493227443239
1099 3546 0.9075360916346136
1099 3561 -0.650835896201733
1099 3576 0.17949166743475717
1099 3591 -0.21530731068936398
1100 3786 0.5683059213736087
1100 3801 -0.02337069646949519
1100 3636 -0.07662362932677463
1100 3651 0.06900086663180095
1100 3666 0.06548831219025592
1100 3681 0.09311074084371969
1100 3696 0.39560521114433467
1100 3711 -0.09905765725793475
1100 3726 1.0
1100 3741 -0.5556087076739631
1100 3756 -0.2149340898424586
1100 3771 -0.7941455620331105
1113 1114 0.23395927562007984
1113 1128 0.009343322030808204
1113 3426 0.6899299221412342
1113 3441 0.49446100747019883
1113 3366 0.2533434183311977
1113 3381 -0.5404745663795137
1113 3396 0.44313853078496607
1113 3411 -0.5656000755328325
1114 1115 0.14467815056396838
1114 1129 -0.5214441122201053
1114 3606 -1.0
1114 3621 0.06840149544452484
1114 3456 0.5939921259263348
1114 3471 0.0562997508634298
1114 3546 -0.3308762266321999
1114 3561 0.19094427551019164
1114 3576 0.2993148508401239
1114 3591 0.1583741934176084
1115 1130 -0.4229051482343589
1115 3786 -0.6555366825750973
1115 3801 0.8143159191157442
1115 3636 -0.15559357390917677
1115 3651 0.27492843174141435
1115 3726 0.10996496684824639
1115 3741 1.0
1115 3756 0.33442891315606627
1115 3771 0.18926609980110135
1128 1129 -0.20691649278708218
1128 3426 -0.4988175880114985
1128 3441 -1.0
1128 3366 0.48314970231690185
1128 3381 -0.5917594253745725
1128 3396 0.17696275289635963
1128 3411 0.33092993037140955
1129 1130 0.08972364566530563
1129 3606 -0.31803926249700903
1129 3621 -0.2838485961393363
1129 3456 0.0970852079552934
1129 3471 0.1295702411019589
1129 3546 -0.563407430661729
1129 3561 -0.3484338946520851
1129 3576 0.8823366537515253
1129 3591 -0.2481057118414465
1130 3786 0.4019131527223781
1130 3801 -1.0
1130 3636 -0.05347056873539622
1130 3651 0.2212834300588486
1130 3726 -0.20461329921332477
1130 3741 0.17376447694854064
1130 3756 -0.044212405074172734
1130 3771 -0.7686932836368716
3364 3365 -0.6459915773132313
3364 3379 -0.0690010937559054
3365 3366 -0.6925285574669962
3365 3380 -0.41453300543865723
3366 3381 -0.3887092100415668
3379 3380 -0.43461903122543777
3380 3381 0.08290915495954382
3394 3395 -0.011002671634423295
3394 3409 -0.1777963316869466
3395 3396 0.6865727883290396
3395 3410 0.4658582344814884
3396 3411 -0.052817383691468975
3409 3410 -1.0
3410 3411 -0.26616690527735926
3424 3425 -0.22382589778565726
3424 3439 -0.7717285951310865
3425 3426 -0.5642312768880623
3425 3440 -0.22802567990724826
3426 3441 -0.019242384543404507
3439 3440 0.9091927435719794
3440 3441 -0.9789832095795845
3454 3455 0.802913948934277
3454 3469 0.5377839754442828
3455 3456 -0.3294006258672192
3455 3470 -0.0013625886827293944
3456 3471 -0.5047623930704339
3469 3470 -0.6061278663233758
3470 3471 -0.3106340050509687
3484 3485 -0.12142993095590242
3484 3499 -0.3554587571442606
3485 3486 0.19390794511231524
3485 3500 0.7009423741079788
3486 3501 0.3035189630732867
3499 3500 0.05484074147622413
3500 3501 -0.6593747871369979
3514 3515 -0.5759912913008278
3514 3529 0.26891738976506746
3515 3516 0.5189933918803795
3515 3530 -0.5002022718084795
3516 3531 -0.265883894941862
3529 3530 0.41182525364896183
3530 3531 -0.030256472717217976
3544 3545 -0.3217175526481491
3544 3559 1.0
3545 3546 0.01978646278519275
3545 3560 -0.22411654265422343
3546 3561 0.11800035920107155
3559 3560 -0.6325698492165954
3560 3561 -0.576203295268933
3574 3575 0.13670527967986396
3574 3589 -0.0647538625545654
3575 3576 0.9212462955252297
3575 3590 -0.5163913492551128
3576 3591 0.19542833575086294
3589 3590 -0.8237825862867224
3590 3591 0.5232717308354569
3604 3605 -0.08850506170245781
3604 3619 -0.7078741148923565
3605 3606 0.24220387716319358
3605 3620 -0.5750773331672272
3606 3621 0.009071465957684629
3619 3620 -0.3639589659763816
3620 3621 -0.8933302777835289
3634 3635 -0.3404928414581746
3634 3649 -0.32436665236133505
3635 3636 -0.7535651958063053
3635 3650 0.2814804459053474
3636 3651 -1.0
3649 3650 0.5306107721986225
3650 3651 0.5396926182389402
3664 3665 -0.48774802883048435
3664 3679 -0.06675339190889887
3665 3666 0.04738569895227477
3665 3680 -0.5619859232107013
3666 3681 -0.9804007069271435
3679 3680 -0.0353353120338038
3680 3681 -0.5934070500971741
3694 3695 -0.5578766660514567
3694 3709 0.11729435582394943
3695 3696 0.5598178012915883
3695 3710 0.4776205114827483
3696 3711 0.2989025997540565
3709 3710 0.19240063905585786
3710 3711 0.11672815054260825
3724 3725 -0.1579795829288011
3724 3739 -0.8984434854298613
3725 3726 -0.1674892137762157
3725 3740 0.24163181176335102
3726 3741 -0.10108174127475719
3739 3740 -0.5066814119354757
3740 3741 -0.5697788286372665
3754 3755 0.8790487952530448
3754 3769 -0.10262501081655923
3755 3756 0.10528915382570128
3755 3770 0.5376827766059654
3756 3771 0.28442095560421676
3769 3770 0.3852556390570172
3770 3771 0.06577785700988908
3784 3785 0.33670657963045797
3784 3799 0.13363656336285604
3785 3786 -0.358866895790991
3785 3800 0.9726374205955814
3786 3801 -0.3179999423236715
3799 3800 0.14036521115146428
3800 3801 -0.06740784157187729
3814 3815 0.1572624097919032
3814 3829 -0.1944884600497418
3815 3816 1.0
3815 3830 0.08581557426722064
3816 3831 -0.7793665779287772
3829 3830 -0.02015891246955519
3830 3831 -1.0
3844 3845 0.2539998756000247
3844 3859 0.24567788686930842
3845 3846 0.1485754233077608
3845 3860 -0.6303721650403086
3846 3861 0.8959709190741032
3859 3860 -0.4664232159941505
3860 3861 -0.4670344297645485
3874 3875 -0.17663920214554957
3874 3889 0.5680206914513346
3875 3876 0.061208941503395745
3875 3890 0.12387095102447708
3876 3891 -0.10070606472992202
3889 3890 -0.02085817622716533
3890 3891 0.508871155065496
