# 
603 603 -0.5551052177789813
604 604 0.5628007239505897
605 605 0.737475352506501
618 618 -1.0576290345218562
619 619 0.02421817383569336
620 620 0.48252363960294625
633 633 0.017789347145264832
634 634 0.8064135324006299
635 635 -0.04896200610032199
648 648 1.575914487645249
649 649 -1.6236675622247045
650 650 -0.8738448021904223
663 663 1.7536476445379277
664 664 -0.3780918968933595
665 665 0.11192854789706513
678 678 -0.5228522791712551
679 679 1.614302916444996
680 680 0.2334496422769151
693 693 0.805537126052209
694 694 -1.144310858986688
695 695 0.06807601003142914
708 708 -0.6044118254776931
709 709 0.043778018682986586
710 710 0.7701882804578916
723 723 0.28678148657101116
724 724 1.2217055821514804
725 725 -1.036240779063105
738 738 -0.16349919141860403
739 739 -0.5276077762080943
740 740 0.3581167946303283
753 753 -0.2183879586834579
754 754 -0.231447837213661
755 755 -2.3227939957176984
768 768 -0.06710338053413593
769 769 -0.0876166635070453
770 770 0.611760160146265
783 783 0.08727232488552657
784 784 -0.7897863785637461
785 785 -0.717292608894958
798 798 -0.7684666595005865
799 799 -1.425666585428572
800 800 -0.9535364783765536
813 813 -1.0934884150217234
814 814 -1.161736389787708
815 815 1.477657876035286
828 828 -1.4685831509247884
829 829 1.3947653584824367
830 830 0.5079426659011246
843 843 -0.26630572990019036
844 844 -0.8616910788830657
845 845 0.6999102035458391
858 858 -1.7864101926622107
859 859 1.9098036943476935
860 860 0.36818499116560655
873 873 1.214211563782123
874 874 0.6631512751620375
875 875 -0.03752716221128825
888 888 0.017852466008601027
889 889 -1.1743696369648318
890 890 -1.559761822328244
903 903 0.6795900168758228
904 904 1.0264090161930493
905 905 -0.38244080079015946
918 918 -1.517279137054075
919 919 -1.0712708247758338
920 920 -0.2723474900620977
933 933 0.9516709414395002
934 934 -1.241859851509419
935 935 0.5475565996356027
948 948 -1.4469149873649279
949 949 -3.225946166564799
950 950 0.9059130828829262
963 963 0.4001240419410962
964 964 -1.051319983033312
965 965 0.34345082744210403
978 978 0.13030987416554007
979 979 0.157012379532422
980 980 0.047063775992943514
993 993 0.13469272286096368
994 994 0.6444565424884632
995 995 1.1215631939235098
1008 1008 -0.06110936990578979
1009 1009 0.7822840302033889
1010 1010 1.4859791632685277
1023 1023 -0.588723324196163
1024 1024 -0.2741569470949033
1025 1025 -1.2283027806454987
1038 1038 1.70563012390047
1039 1039 -0.8135757259257268
1040 1040 -0.4190163389851991
1053 1053 0.10601868505672438
1054 1054 -0.9881847840932353
1055 1055 -0.9322001549524432
1068 1068 2.188657053361754
1069 1069 0.8315490134959623
1070 1070 0.3104560038617005
1083 1083 0.5947936090917613
1084 1084 1.401588956223812
1085 1085 0.5902521521759622
1098 1098 1.002582032897028
1099 1099 -0.4588361562271949
1100 1100 -0.8819941037055423
1113 1113 1.317350337123428
1114 1114 -0.6514921597855851
1115 1115 0.5242426882393316
1128 1128 -1.2537767541393274
1129 1129 0.7423873041072512
1130 1130 -0.05121007163821913
3364 3364 1.1597329567413588
3365 3365 0.6858424645639776
3366 3366 -1.23964958950244
3379 3379 1.8993881235256695
3380 3380 0.02662488832396019
3381 3381 0.5257398308622823
3394 3394 0.9935259511176597
3395 3395 0.899276252705467
3396 3396 -0.6945215335583254
3409 3409 -0.06756931655070109
3410 3410 -0.6641063954914921
3411 3411 0.05210691396977928
3424 3424 0.08080036412665326
3425 3425 0.6028834446351348
3426 3426 -1.4599174291390804
3439 3439 -0.41757772246828295
3440 3440 0.0424410153760521
3441 3441 -1.9903113558821877
3454 3454 1.4114090902944385
3455 3455 0.09166248695449887
3456 3456 -0.5303256529815555
3469 3469 -1.0473730437182227
3470 3470 -1.1077311018083085
3471 3471 1.068188897867977
3484 3484 -1.0961043143783564
3485 3485 0.42519297973497683
3486 3486 2.5288688836463744
3499 3499 0.9658645862284391
3500 3500 0.7065893568300866
3501 3501 0.3311311932275069
3514 3514 1.1221835657354207
3515 3515 -1.7846868256358333
3516 3516 0.9861331694309018
3529 3529 -0.3403575144290011
3530 3530 -0.8978228963549088
3531 3531 0.5960796623331064
3544 3544 -0.09105859770451974
3545 3545 0.44055994278317767
3546 3546 0.44102029929435843
3559 3559 0.4034985688022318
3560 3560 0.41443338974655386
3561 3561 -1.1698027594209695
3574 3574 -0.4582785511882361
3575 3575 0.9068138660385904
3576 3576 0.19573366754314772
3589 3589 1.9587693991562425
3590 3590 1.623735004093968
3591 3591 0.19607846955019217
3604 3604 0.06482022729159259
3605 3605 0.2032687945621392
3606 3606 -1.05690762217895
3619 3619 -0.8911460454112992
3620 3620 0.36260629234277275
3621 3621 0.7290472683110232
3634 3634 -0.5032154445594347
3635 3635 -0.508569182205663
3636 3636 0.9628821325853524
3649 3649 -1.8627880963602683
3650 3650 0.44420265040820994
3651 3651 1.1479702663124245
3664 3664 -0.7550737406488165
3665 3665 -0.45308298861270974
3666 3666 0.6660139359221441
3679 3679 -0.6999704487610043
3680 3680 -0.4586242828807278
3681 3681 1.0908695674585263
3694 3694 0.7009771275984462
3695 3695 -1.0333412286452526
3696 3696 -1.563345345020698
3709 3709 -0.5509594921708034
3710 3710 0.0957279842725286
3711 3711 -1.1116937855684323
3724 3724 -0.9526374062591452
3725 3725 0.7141179315147138
3726 3726 1.5503902376488725
3739 3739 -0.13813011316355917
3740 3740 0.2886941313004259
3741 3741 0.4239579378091575
3754 3754 0.5553072539449609
3755 3755 -2.2738098782234113
3756 3756 0.18242068491212018
3769 3769 -0.6676762617871138
3770 3770 -1.0254309835228206
3771 3771 0.18969881198554206
3784 3784 0.3225642363301666
3785 3785 -0.9832760382747796
3786 3786 -0.1449245648718809
3799 3799 -0.5333583433302587
3800 3800 -1.250501891802169
3801 3801 1.3042020705279147
3814 3814 1.4879012583172404
3815 3815 -1.27650289574198
3816 3816 -0.7947969755294071
3829 3829 -1.0304867496653283
3830 3830 0.7955363597148264
3831 3831 -0.34116039613503535
3844 3844 -1.726364126013621
3845 3845 0.09327025389833983
3846 3846 -0.3422574536075186
3859 3859 0.10384995349869132
3860 3860 -0.31984852605090675
3861 3861 1.2917061435851647
3874 3874 0.4576722476666191
3875 3875 -0.5272499768158824
3876 3876 -0.32149402290658924
3889 3889 1.4650025028438192
3890 3890 -1.7295628886332182
3891 3891 -0.21729285478451277
603 604 0.025661726700091
603 618 0.24477401165617696
603 3484 0.7498315791605806
603 3499 -0.09493761049318074
603 3514 0.6438659936251183
603 3529 0.07259196358391219
604 605 -0.8546489787295816
604 619 0.13547280234736883
604 3664 0.12627324842914847
604 3679 0.16169526695051725
604 3694 1.0
604 3709 -0.4049577737646553
605 620 -0.8518912716780155
605 3844 -0.21296043948094143
605 3859 -0.8061212122152843
605 3874 0.5658661001535203
605 3889 0.13653929580981922
618 619 0.4901289145763703
618 3484 0.16054085837066714
618 3499 -0.07806901039859006
618 3514 0.4313980779299465
618 3529 0.1626198422559043
619 620 0.4711900748326352
619 3664 0.77955755166018
619 3679 -0.47858838087001954
619 3694 0.38775042474427335
619 3709 -0.5778846119995907
620 3844 0.5772728129099246
620 3859 0.609263574634396
620 3874 1.0
620 3889 -0.05049535157875769
633 634 -0.006102823703213242
633 648 1.0
633 3424 -0.7954646431367924
633 3439 1.0
633 3454 0.20142125490905174
633 3469 0.19792587021621239
633 3484 0.12604980644624433
633 3499 -0.3118599257008455
633 3514 -0.20372824119692326
633 3529 -0.5009855562444282
634 635 0.40119312366788307
634 649 -0.27774547061040006
634 3604 0.20359904930939807
634 3619 0.5153396981534242
634 3634 0.2326907157439965
634 3649 -0.6826898307134802
634 3664 -0.407252278215194
634 3679 0.17233106165259784
634 3694 -0.6530328870252965
634 3709 -0.5227024964667758
635 650 0.3641833769648404
635 3784 -0.19352461106534485
635 3799 -1.0
635 3814 -0.48672066404935893
635 3829 -0.3509387743176488
635 3844 0.319156614068124
635 3859 -0.26254983663384135
635 3874 0.6145255079053253
635 3889 0.31113633488340664
648 649 0.5362317325630771
648 3424 0.1278186279493188
648 3439 0.29833602078454435
648 3454 0.22304965949954272
648 3469 -0.74995600573653
648 3484 0.42910146868308874
648 3499 0.40861897088193244
648 3514 -0.3762955491884026
648 3529 -0.14725717595066232
649 650 0.5363445109318851
649 3604 -0.7568828240955525
649 3619 -0.24208695815469988
649 3634 -0.2982243625290275
649 3649 0.2087019483337112
649 3664 -0.8745448370330705
649 3679 -0.47565471217466826
649 3694 -0.19978919817884624
649 3709 0.40867670988121496
650 3784 0.894121167638485
650 3799 0.26651278007909884
650 3814 -0.6458476889759541
650 3829 -0.2650721232690075
650 3844 -0.23699033315792825
650 3859 0.36638585266171747
650 3874 1.0
650 3889 -0.09549891704607172
663 664 0.25864319179331896
663 678 -0.5460142842220894
663 3424 -0.5350874117156208
663 3439 0.05546432293291781
663 3454 0.6104786438932708
663 3469 -0.0833232131269642
663 3484 -0.19323276268677578
663 3499 0.2628641757209362
664 665 0.09036407263264816
664 679 0.38688322242079515
664 3604 0.22045962812111533
664 3619 0.4737512134162302
664 3634 -0.13599848644450388
664 3649 0.5448330340109508
664 3664 0.0933398022051807
664 3679 0.24078337249462511
664 3514 0.5705818074307881
664 3529 0.7503933042808919
665 680 0.3341794340069945
665 3784 0.6842378765644663
665 3799 -0.24262500236615564
665 3814 -1.0
665 3829 -0.2635614771431474
665 3844 -1.0
665 3859 -0.12241647677119322
665 3694 0.6184552182180805
665 3709 -0.4437619634792049
678 679 -0.2489883466717876
678 3424 -0.33165006485688175
678 3439 0.08331880520163007
678 3454 1.0
678 3469 0.10213385363079204
678 3484 -0.19052321085789892
678 3499 0.6456292588801849
679 680 0.308847052417595
679 3604 0.34250474608758497
679 3619 1.0
679 3634 0.5049441684708867
679 3649 -1.0
679 3664 0.9734283071475596
679 3679 0.3787998134313594
679 3514 0.4214096111251234
679 3529 0.12062702444627274
680 3784 -0.6661186257426366
680 3799 -0.1021690018921832
680 3814 0.18888640864416983
680 3829 -0.08801060596565881
680 3844 0.02709511803277297
680 3859 -0.7380501777442623
680 3694 -0.5365960768899734
680 3709 -0.5082861638307783
693 694 0.44059822759360073
693 708 -0.10892977481612698
693 3424 0.46078144574413216
693 3439 -0.4757665861840214
693 3454 -0.08729427392227758
693 3469 0.6387956855764114
693 3484 -0.2881389461858646
693 3499 0.5585509694036473
693 3364 0.11267664975296297
693 3379 0.2874143451634855
693 3394 0.08794044182018362
693 3409 -0.6062509067843376
694 695 -0.07913957272578612
694 709 -0.14302852239131758
694 3604 0.11233631534585654
694 3619 0.6995131483271749
694 3634 0.15297572788801708
694 3649 -0.21327279875216082
694 3664 -0.12930972548279146
694 3679 0.8637566042579679
694 3514 0.06502339299901305
694 3529 0.058781261778396765
694 3544 0.5262379164417196
694 3559 0.03488595303795752
694 3574 -0.28553959090822806
694 3589 -0.6904733063419696
695 710 0.3839331365781846
695 3784 0.04461828391438643
695 3799 0.5142595492011086
695 3814 -0.3236554627323272
695 3829 0.42461714590106486
695 3844 0.38025894592105935
695 3859 -0.21344063691330922
695 3694 0.3082183517807245
695 3709 0.4421988993763572
695 3724 -0.25397826241273735
695 3739 -0.049518242935702506
695 3754 0.05137942705261232
695 3769 0.35239138883187326
708 709 -0.10000945821214383
708 3424 -0.4058254016349526
708 3439 -0.03056909725494712
708 3454 0.5041902819413322
708 3469 -0.11733954843367575
708 3484 0.5124262232035366
708 3499 0.10168481176728594
708 3364 -0.08443935783907024
708 3379 0.6685873564570527
708 3394 -0.5237418852347024
708 3409 -0.28038325729940894
709 710 0.7453487980856706
709 3604 -0.5705201799168577
709 3619 0.3446122727552203
709 3634 0.27938669363941254
709 3649 0.2910212994544453
709 3664 -0.07870122518344697
709 3679 0.6039329929663254
709 3514 0.5543506524452116
709 3529 -0.32808771368573186
709 3544 0.05635842418684328
709 3559 -0.41742978373073175
709 3574 0.4292133372669978
709 3589 -0.388849811812897
710 3784 -0.18751854401986967
710 3799 0.3776275879954732
710 3814 0.19659693345736973
710 3829 -0.5011600478517313
710 3844 0.9578958771340862
710 3859 0.36077404042571826
710 3694 0.6374594241278775
710 3709 0.3970883983078257
710 3724 -0.08095587482136248
710 3739 -1.0
710 3754 -0.0972829123065822
710 3769 0.0699436002816148
723 724 0.5251769531181506
723 738 0.547557324358781
723 3424 0.34322767361467943
723 3439 -0.3241943168987978
723 3364 0.22911393124101107
723 3379 0.09641654129010524
723 3394 0.376432766731979
723 3409 -0.015160675880654987
724 725 -0.48127735942838595
724 739 -0.213141250619282
724 3604 0.3627188042345648
724 3619 -0.04406649510557293
724 3454 -0.11952328001963113
724 3469 0.017339689814861458
724 3484 0.4068962422901378
724 3499 -0.22148757886885867
724 3514 -0.2821355846910366
724 3529 -0.3700681316727631
724 3544 0.05685911639377694
724 3559 -0.9775061859084715
724 3574 -0.17583586534573392
724 3589 -0.34155681755004286
725 740 0.3067679540789261
725 3784 0.3715485413415699
725 3799 0.060985342453276206
725 3634 -0.12995690037637367
725 3649 -0.5154181251314331
725 3664 0.27259340051824105
725 3679 0.39869933301124805
725 3694 0.040952149112440724
725 3709 0.12987400155528442
725 3724 0.08470034617438503
725 3739 0.2595564493505965
725 3754 -0.2594004875567838
725 3769 -0.31132440357978125
738 739 0.9416081641968681
738 3424 0.2206055103986238
738 3439 -0.6975761056077195
738 3364 0.48355502546606155
738 3379 0.48733427812810515
738 3394 0.11346205821899265
738 3409 -0.2581270604431331
739 740 -0.12120850721961274
739 3604 -0.23576410214518975
739 3619 -0.7017650995904328
739 3454 0.16015568676370548
739 3469 -0.18653902351778093
739 3484 -0.4540921442125546
739 3499 -0.1255444562405954
739 3514 -0.45874720089881876
739 3529 0.5981355967443152
739 3544 -0.16731463177760686
739 3559 -0.28674680254055307
739 3574 -0.043040393500781135
739 3589 -0.17453178575761807
740 3784 0.31529520006710676
740 3799 0.881715223723156
740 3634 0.6509850035373047
740 3649 -0.3535169010258592
740 3664 -0.4314698627469531
740 3679 -0.9658036419306427
740 3694 -0.09490040937605156
740 3709 -0.4181476746435092
740 3724 -0.17907457778418667
740 3739 -0.13052776224731477
740 3754 -0.40417574180228083
740 3769 -0.29103422016094743
753 754 0.27539483360861333
753 768 0.5679430185904374
753 3424 0.6621536223351753
753 3439 -0.029517405475610638
753 3364 -0.2500813910573452
753 3379 0.8847810172227816
753 3394 0.43717514124343726
753 3409 -0.6843453491945249
754 755 -0.5528963019853073
754 769 0.3286689145666119
754 3604 0.08384230375221745
754 3619 0.7090863750071119
754 3454 -0.34693520463484245
754 3469 -0.37159612776616374
754 3485 -0.36209758597970754
754 3500 -0.19430442459389027
754 3515 -0.36409750140532904
754 3530 0.11730762062859158
754 3544 -0.8258989182728281
754 3559 0.3924490339181332
754 3574 -1.0
754 3589 0.4120772527371258
755 770 -0.2755980168025371
755 3784 0.5261536445532684
755 3799 -0.5543883783668084
755 3634 -0.3658421360599043
755 3649 1.0
755 3665 -1.0
755 3680 0.21584420025943177
755 3695 -1.0
755 3710 -0.16885797856512805
755 3724 1.0
755 3739 -0.5081263202292807
755 3754 0.31916006536352637
755 3769 -0.27809584987692154
768 769 -0.11588011163379815
768 3424 0.26334902325224585
768 3439 -0.7267990799031435
768 3364 0.1914466690859383
768 3379 -0.49238771162865475
768 3394 -0.9092653990246551
768 3409 0.42291647747047467
769 770 -0.07786773827173021
769 3604 0.577515649991797
769 3619 -0.10069515556336173
769 3454 0.05149692298370129
769 3469 0.7279657738636606
769 3485 0.8203583083328791
769 3500 0.5557081102708736
769 3515 -0.0807977809655527
769 3530 0.05295217615196085
769 3544 0.6457987101201544
769 3559 0.6272189444999043
769 3574 -1.0
769 3589 -0.19441787843800137
770 3784 0.20189801969015236
770 3799 -0.06460205081903028
770 3634 -0.4575167907322766
770 3649 0.7404584884178078
770 3665 -0.4606604354876413
770 3680 -0.22054190923643385
770 3695 0.13774665023641314
770 3710 -0.5092466968469344
770 3724 -0.18078018219390704
770 3739 -0.08186178259828647
770 3754 0.3698653679328558
770 3769 0.8087989033497923
783 784 -0.522627460567905
783 798 -0.6897239874788262
783 3424 -0.12764411741908624
783 3439 -0.18794096468554344
783 3454 -0.1615524901505202
783 3469 0.5055768379542251
783 3485 -0.3468398379886663
783 3500 0.15723587181576132
783 3515 0.8423677761824877
783 3530 -0.27671188230571925
783 3544 -0.5056282150168605
783 3559 -0.5378497960180308
783 3394 0.17882470174480153
783 3409 -0.5596640193339129
784 785 -0.17071767259714082
784 799 0.4870378698048153
784 3604 -0.585259355751639
784 3619 0.36235710750517264
784 3634 -0.2519503441650621
784 3649 0.04784600005347738
784 3665 0.4322394637967492
784 3680 -0.6137694827095705
784 3695 -0.34081998592958757
784 3710 0.047264376388461225
784 3724 0.3800257627714269
784 3739 -0.5265837245801115
784 3574 0.3653567242271952
784 3589 -0.2418295337248104
785 800 0.6057961609575094
785 3784 0.1733923683203259
785 3799 -0.26597324832417807
785 3814 -0.06466953686181882
785 3829 -0.0008433230428617447
785 3845 0.19128278992353803
785 3860 0.04720153689471452
785 3875 -0.005780422577161598
785 3890 0.24058344366456508
785 3754 -0.43300703704343707
785 3769 0.4452614799618015
798 799 -0.6620237536161759
798 3424 -0.24706206461526725
798 3439 0.31923395414645866
798 3454 0.6999761591132239
798 3469 0.6193685802278935
798 3485 0.34281410798818884
798 3500 -0.5797037611983586
798 3515 -0.9417925001178421
798 3530 0.12829682180482926
798 3544 0.0668664699964154
798 3559 0.3093262042682501
798 3394 -0.8478800496497108
798 3409 -0.05215521547396486
799 800 0.7426484200617424
799 3604 0.09846610323536292
799 3619 0.2800785507776827
799 3634 0.4456319566778578
799 3649 0.33772226539743616
799 3665 0.5366458400378633
799 3680 -0.2834992479168121
799 3695 -0.24847952152740724
799 3710 0.4729125837756455
799 3724 0.6630109695381284
799 3739 -0.6621292066955189
799 3574 1.0
799 3589 -0.7052398318013202
800 3784 0.14868938818405647
800 3799 1.0
800 3814 -0.7902788964763687
800 3829 0.1241896501057051
800 3845 0.20947927020179857
800 3860 0.4273692226287917
800 3875 -0.4914077998911424
800 3890 -0.7651553774272629
800 3754 -0.2857816934627447
800 3769 0.18516621929460478
813 814 -0.9083084479378795
813 828 -0.31854334016327523
813 3425 -0.06453464140354029
813 3440 1.0
813 3455 -0.3976052660134186
813 3470 0.6644552192273478
813 3485 -1.0
813 3500 0.7140409061459586
813 3515 -0.22003544980219153
813 3530 -0.22542153174508156
813 3544 -0.00583455333262842
813 3559 -0.42360595989342054
813 3394 0.2555730059852375
813 3409 -0.17987694710404517
814 815 0.5536831118661012
814 829 0.08422069197828538
814 3605 0.06345186410989893
814 3620 0.007624391189943717
814 3635 -0.45842701014224574
814 3650 0.6339636431258071
814 3665 -0.042383454517481066
814 3680 0.09980529611299448
814 3695 -0.6938901029125178
814 3710 0.35665548017889226
814 3724 0.028749040606670485
814 3739 0.5563440932149262
814 3574 -0.18301713032739714
814 3589 0.006689321012879562
815 830 -0.5870227656515705
815 3785 -0.07875653588384682
815 3800 -0.16373205101803215
815 3815 -0.10054420560199372
815 3830 -0.2809359481956718
815 3845 -0.2636791490518282
815 3860 0.3228384798947748
815 3875 -0.40333874035236866
815 3890 -0.2620799743813699
815 3754 0.009220478867486802
815 3769 0.26788346237405297
828 829 0.7315821128181008
828 3425 0.09913886564446635
828 3440 -0.4952133151309704
828 3455 0.8198618407625035
828 3470 1.0
828 3485 0.09523855381367681
828 3500 0.927747771575108
828 3515 0.25869654899748196
828 3530 0.13995147785404483
828 3544 -0.3475503721574888
828 3559 0.26441779207329275
828 3394 0.31949762228127165
828 3409 -0.6799422376551885
829 830 0.27252562776515
829 3605 0.4583044868047939
829 3620 -0.30900828572470695
829 3635 -0.541955117728078
829 3650 0.290001108322902
829 3665 -0.19707869496335534
829 3680 -0.19616672686708447
829 3695 0.39394687220328806
829 3710 -0.3797798432748196
829 3724 0.10333892327684821
829 3739 0.009049592342716625
829 3574 -0.13704111432057903
829 3589 0.1429718043299
830 3785 -0.12097168085629255
830 3800 0.7127179825761959
830 3815 -0.41962085729580567
830 3830 0.31821473056549865
830 3845 0.20206828176682406
830 3860 0.9260974559371639
830 3875 -0.6809804705587461
830 3890 -0.16289965409607607
830 3754 -0.30870917917197505
830 3769 -0.05954942791167965
843 844 0.2255119163251391
843 858 -0.41155051849912433
843 3425 -0.044271208331750515
843 3440 -0.2547152012238325
843 3455 -0.23543233096042118
843 3470 -0.05402372824433937
843 3485 0.8836545935731196
843 3500 0.2598506428701826
843 3364 0.07491568293801076
843 3379 -0.07953942987346245
843 3394 -0.2662574563051777
843 3409 0.26079195027005797
844 845 0.028039883719484415
844 859 0.034980852657889874
844 3605 -0.18094227931597026
844 3620 -0.144301226778778
844 3635 0.2718290042500207
844 3650 -0.8960056401981124
844 3665 -0.20195354894535508
844 3680 0.6424475725828153
844 3515 -0.4580058982113398
844 3530 -0.016214388074985788
844 3544 0.9202812711798192
844 3559 0.3732143052013566
844 3574 -0.5046675359496552
844 3589 0.8491885725171177
845 860 -0.42026885206468056
845 3785 -1.0
845 3800 -0.3338518713459052
845 3815 -0.43790147628796994
845 3830 0.5479338959108628
845 3845 0.004367910051221384
845 3860 -0.6266299386667498
845 3695 -0.30139389050981114
845 3710 0.08111240081142562
845 3724 0.13433080038342746
845 3739 -0.08408371159439214
845 3754 -0.21572483022919517
845 3769 -0.025032618565603598
858 859 0.33283769401979013
858 3425 1.0
858 3440 -0.06550001555506517
858 3455 0.2809147331620351
858 3470 -0.421805153132266
858 3485 0.12283687816722023
858 3500 0.059137730310627475
858 3364 -0.3238172963159858
858 3379 0.20945272573522639
858 3394 -0.24202384307639144
858 3409 0.4826502902466922
859 860 -0.5326076060793022
859 3605 -0.6284944757812713
859 3620 -0.7515171493112464
859 3635 0.3368561723711857
859 3650 -0.6790183075125837
859 3665 0.19762708119689695
859 3680 0.5986633623248321
859 3515 -0.5173271274634887
859 3530 -0.17136047685911104
859 3544 -0.3918618936765605
859 3559 1.0
859 3574 -0.2023062834877355
859 3589 -0.6840755424540959
860 3785 -0.45903710380924495
860 3800 -0.1858575307225997
860 3815 0.4801521527589663
860 3830 -0.06049697367164294
860 3845 -0.8745969991045086
860 3860 0.2565662667350178
860 3695 -0.06824860236747296
860 3710 0.10821371428512028
860 3724 -0.04082995862947033
860 3739 0.23352817638613466
860 3754 0.7986264770399035
860 3769 0.1446983245070744
873 874 1.0
873 888 -0.17051037351568082
873 3425 0.5040533890256632
873 3440 -0.6025026186989376
873 3455 0.1772362804967975
873 3470 0.033756506387836165
873 3485 0.5821440407628923
873 3500 0.14290276552316175
873 3365 -0.6474132169275101
873 3380 0.2241764824915476
873 3395 0.1728890324002622
873 3410 -0.41128156291392665
874 875 -0.8670421551439588
874 889 0.48679862973175914
874 3605 -0.4968334643859981
874 3620 1.0
874 3635 0.16616406459273547
874 3650 0.4512959025051897
874 3665 -0.04114609515925834
874 3680 1.0
874 3515 -0.4591298585415707
874 3530 -0.31729125599653646
874 3545 -0.07120832732879355
874 3560 -0.6924460320031092
874 3575 -1.0
874 3590 -1.0
875 890 0.017436071813127167
875 3785 0.5434957184582724
875 3800 -0.10790746605060819
875 3815 -0.1336934888964881
875 3830 0.26383931300567764
875 3845 -0.48401474616855183
875 3860 0.4918296799607161
875 3695 0.13006574990744743
875 3710 -0.652731359622482
875 3725 -0.1118442202091273
875 3740 0.6345157928521034
875 3755 -0.2015485757878908
875 3770 0.4816145044416633
888 889 -1.0
888 3425 -0.10461399820576985
888 3440 -0.13951251410491677
888 3455 -0.1776126423536034
888 3470 0.1130056667430172
888 3485 0.37079931548538575
888 3500 -0.3517186467979525
888 3365 0.18344376754602595
888 3380 0.28441208994920625
888 3395 0.34761415592164185
888 3410 0.16942254980092336
889 890 0.544957013079933
889 3605 -0.5296589976149043
889 3620 -0.8304349627570242
889 3635 0.1519287541308813
889 3650 -0.4531130622284834
889 3665 0.3018819194801514
889 3680 -0.01496882318645137
889 3515 -1.0
889 3530 -0.08042588810776982
889 3545 -0.3559714024991152
889 3560 0.5492294519061381
889 3575 0.011883564540367646
889 3590 -0.17918181076360426
890 3785 0.46286340333788517
890 3800 0.3728875466511334
890 3815 -0.6832436304991963
890 3830 0.8591762422980123
890 3845 -0.18886324125361165
890 3860 0.23787624845313157
890 3695 -0.12782462971316297
890 3710 0.30785169897539577
890 3725 0.7719972039098819
890 3740 -0.3411492072651981
890 3755 0.3950698393651289
890 3770 0.14966147277676517
903 904 0.30201139347547235
903 918 -0.4068385689747297
903 3425 -0.3853172842981371
903 3440 -0.26571965777733725
903 3365 0.38516813516390175
903 3380 0.9713819210823845
903 3395 -0.17505191081561727
903 3410 0.4832542206157111
904 905 -0.04161333710936442
904 919 0.4389822973949657
904 3605 1.0
904 3620 -0.9224831365446383
904 3455 -0.3381199294032522
904 3470 -0.2950726203956593
904 3485 0.750234656458073
904 3500 -0.1195240188291074
904 3515 0.7526531544432505
904 3530 0.6399802405152629
904 3545 0.38135245549164004
904 3560 0.7741445974222965
904 3575 -0.7315841704889747
904 3590 -1.0
905 920 1.0
905 3785 -0.17791080735423595
905 3800 0.0032288970197979065
905 3635 -0.36962001950849577
905 3650 0.3804583477177524
905 3665 -0.7697858876003792
905 3680 -0.10675546654079379
905 3695 0.08398635559564592
905 3710 0.8333550906066531
905 3725 0.22824803485536518
905 3740 0.34666885791940855
905 3755 0.011771217650250335
905 3770 0.10303624432733434
918 919 0.49394781506857044
918 3425 -0.5694188414762653
918 3440 0.4671719484602146
918 3365 0.17963499292396695
918 3380 -0.22489221771084333
918 3395 0.09480913800430224
918 3410 0.4000986192015521
919 920 0.18094297547070293
919 3605 0.7849229766769615
919 3620 -0.48081121197643106
919 3455 -0.4740340477929266
919 3470 -0.127295403413003
919 3485 -0.013904978418426665
919 3500 0.28908722408052584
919 3515 -0.07603456737858853
919 3530 -0.08162871278767993
919 3545 -0.5729021588269093
919 3560 -0.18203840595062468
919 3575 0.1555084918380827
919 3590 -0.4961859636990444
920 3785 0.6824580752727482
920 3800 -0.2835665747785842
920 3635 -0.10009683019910676
920 3650 -0.05813550988756963
920 3665 0.4127021816062696
920 3680 0.1385809120310199
920 3695 -0.24513676485306296
920 3710 0.05579392200355607
920 3725 0.07624636186819478
920 3740 -0.32631855675203175
920 3755 0.31902864648096074
920 3770 0.14681752226491984
933 934 -0.12067768346613157
933 948 0.3455920131263875
933 3425 0.2374973167833286
933 3440 -0.47557641178305815
933 3365 -0.7803626089795974
933 3380 -0.6683587498014127
933 3395 0.30898560830734273
933 3410 0.6901676032363537
934 935 0.05240773369196299
934 949 0.34123174495092895
934 3605 -0.5493900996152424
934 3620 -0.5725883562446361
934 3455 -1.0
934 3470 -0.5365103540941489
934 3486 0.7839837819813993
934 3501 0.38932964584438273
934 3516 0.6815850310069426
934 3531 0.5142073637194267
934 3545 0.1504598931392145
934 3560 -0.4170414337201336
934 3575 0.9192075875827962
934 3590 -0.23631271660954212
935 950 0.05444550436979324
935 3785 -0.7436761817490314
935 3800 0.12478714011752161
935 3635 -0.9891905729733615
935 3650 0.2744558613443997
935 3666 -0.37325790131994935
935 3681 -0.38625578423389895
935 3696 0.24444651571719722
935 3711 -0.3126591989461463
935 3725 -0.8298505866847604
935 3740 0.3693570705953753
935 3755 -0.42936607273352295
935 3770 0.9285395978350479
948 949 -0.6040438500188599
948 3425 0.1928729135790053
948 3440 0.7701049233923858
948 3365 0.299075588623697
948 3380 0.10267476162903094
948 3395 0.12766695154936353
948 3410 0.5854824283446702
949 950 0.5533545278387006
949 3605 -0.31111183409555937
949 3620 -0.12402765328799957
949 3455 -0.5046346271803714
949 3470 -0.035827813414471145
949 3486 0.06587504487455115
949 3501 0.5395713574945464
949 3516 0.16576083233484945
949 3531 -0.5660201859994067
949 3545 0.3457748366793597
949 3560 0.10489272881510299
949 3575 0.25400912643600987
949 3590 -0.05899223092141701
950 3785 -0.08551710721935299
950 3800 -0.37332948252172177
950 3635 0.6138028842823133
950 3650 -0.0072629227775685284
950 3666 -0.11619008008789466
950 3681 0.06349436458016494
950 3696 1.0
950 3711 -1.0
950 3725 -0.3012718611683677
950 3740 0.09539828058093704
950 3755 -0.3359135503675708
950 3770 0.5524598743683411
963 964 0.4102234963415454
963 978 0.07376799937103479
963 3425 0.5000427399007934
963 3440 0.4605657330270752
963 3455 1.0
963 3470 -0.1629839170936501
963 3486 0.327622243834532
963 3501 -0.1815202446106815
963 3516 0.43065809587378406
963 3531 -0.6139981104901924
963 3545 -0.871724743461238
963 3560 -0.2834656541640652
963 3395 -0.07148973424146372
963 3410 0.35447426088207246
964 965 -0.32998644837241736
964 979 0.2577885870547388
964 3605 -0.24786024235508705
964 3620 0.29167776673891876
964 3635 -0.6209146077716381
964 3650 0.11481330723253019
964 3666 0.3451042101749264
964 3681 -0.4456174228228541
964 3696 -0.11870229799085433
964 3711 0.6363077036054519
964 3725 0.2431141960528074
964 3740 1.0
964 3575 0.4273282691036158
964 3590 -0.8030559040358358
965 980 0.7971796662842944
965 3785 0.8096236907093811
965 3800 0.7461598739397709
965 3815 0.19319356315990352
965 3830 0.29394719889335946
965 3846 -0.2787526602067439
965 3861 -0.29887996107187004
965 3876 0.020477473795646323
965 3891 0.3395271331525252
965 3755 0.1005635408643704
965 3770 -0.28136632993634897
978 979 0.002606123077713566
978 3425 -0.28796777218906283
978 3440 -0.5175695290003298
978 3455 0.35833290934413503
978 3470 0.5136980686211161
978 3486 0.38614298364022326
978 3501 -0.24869595843950135
978 3516 0.27030565974384574
978 3531 0.4681234539596911
978 3545 0.8039625060253133
978 3560 -0.254929897188498
978 3395 0.0974865936787466
978 3410 -0.3009219789994264
979 980 -0.47207434589571934
979 3605 -0.29678341956903664
979 3620 0.10338813519372282
979 3635 -0.46195718952785614
979 3650 0.6228265141579671
979 3666 0.3640569013920915
979 3681 -0.024794200082653622
979 3696 0.4917568406074722
979 3711 -0.10950149373504796
979 3725 -0.3552315890338
979 3740 0.44256040698461224
979 3575 0.8611930536597147
979 3590 -0.5950193598831591
980 3785 0.5285993256812583
980 3800 -0.44972789057413354
980 3815 -0.6411303037945116
980 3830 -0.26719473721797876
980 3846 0.5458488665214903
980 3861 -0.36329733187859337
980 3876 -0.12300766562919428
980 3891 0.6832075813005912
980 3755 -0.6047597566349955
980 3770 0.3506330006094151
993 994 0.17098199069819225
993 1008 0.20291641812695901
993 3426 -0.6898498589683469
993 3441 0.11505512527478022
993 3456 -0.3538743040236469
993 3471 0.06427904811409452
993 3486 -0.28219619133433205
993 3501 -0.10170163490236042
993 3516 0.041459529463855414
993 3531 0.34752675761153906
993 3545 -0.07220168742494344
993 3560 -0.14629316484912633
993 3395 0.6572501146166739
993 3410 -0.10911263050240179
994 995 0.10345138331518473
994 1009 -0.18607601320535133
994 3606 -0.14574006645624052
994 3621 0.15722690261694153
994 3636 -0.2948093863382941
994 3651 -0.19889754769747744
994 3666 -0.6285546854637516
994 3681 -0.1638290355269984
994 3696 0.42477100618227526
994 3711 -0.9810829202983842
994 3725 -0.6052560624001128
994 3740 -0.288891805490301
994 3575 0.729130041579967
994 3590 -0.22671169674517777
995 1010 0.39680180614995836
995 3786 0.18631155856691084
995 3801 -0.28661885363765166
995 3816 0.32718162595594846
995 3831 1.0
995 3846 0.6393906142400158
995 3861 -0.1541670754026689
995 3876 0.7504685648788048
995 3891 -0.43650096179258935
995 3755 -0.1277796435540514
995 3770 0.10727233980704497
1008 1009 -0.07948099008315353
1008 3426 -0.10865155023389933
1008 3441 -0.5729382722772294
1008 3456 -0.12862051557816306
1008 3471 -0.467076496580337
1008 3486 -0.1816945346130125
1008 3501 0.595613634629226
1008 3516 -0.025135118105507524
1008 3531 0.38088902606793174
1008 3545 -0.1487701052303172
1008 3560 -0.25801784948343154
1008 3395 -1.0
1008 3410 -0.6170173579195988
1009 1010 -0.4298937473691665
1009 3606 0.23890076901401547
1009 3621 -1.0
1009 3636 -0.05352640891900072
1009 3651 -1.0
1009 3666 0.5297550409492254
1009 3681 0.20340952526902042
1009 3696 -0.2893839712179482
1009 3711 0.35013523484145515
1009 3725 -0.3075782123729778
1009 3740 0.08113317016956091
1009 3575 0.07068987151958256
1009 3590 0.40983358313719137
1010 3786 0.2815410944238428
1010 3801 -0.18447788658568506
1010 3816 0.01638664169727852
1010 3831 0.030574920458195973
1010 3846 -0.41434342721996675
1010 3861 -0.15285978831333158
1010 3876 -0.023954441704534743
1010 3891 0.1023209556209503
1010 3755 0.20202959377155913
1010 3770 -0.49065371349771847
1023 1024 -0.1254427681431265
1023 1038 0.6761851003271728
1023 3426 -0.5035449522380845
1023 3441 0.43895061226873716
1023 3456 -0.19148643002566945
1023 3471 -0.37413622558611465
1023 3486 -0.23298756872302856
1023 3501 0.4643481852814081
1023 3365 0.8578222170243465
1023 3380 0.33574111005644014
1023 3395 -0.05563908813408368
1023 3410 -0.26938835977910036
1024 1025 -0.27979197914038273
1024 1039 0.42735805800155685
1024 3606 0.08404907338746016
1024 3621 0.006700200254690779
1024 3636 0.0655578941728558
1024 3651 -0.09965909027659903
1024 3666 0.6456651817106407
1024 3681 -0.926117510477078
1024 3516 0.6777404743626678
1024 3531 -0.8969628800557168
1024 3545 0.2789097459726697
1024 3560 -0.00872989900762457
1024 3575 1.0
1024 3590 0.02629388800145757
1025 1040 -0.9891918359457073
1025 3786 -0.042707598635148294
1025 3801 -0.06687069988501973
1025 3816 -0.2884867898671055
1025 3831 -0.33072376537564907
1025 3846 0.9154578664751349
1025 3861 -0.0021063464294867966
1025 3696 -0.032452352393731655
1025 3711 0.059189160409989165
1025 3725 -0.9512874775003711
1025 3740 -0.013160243533264573
1025 3755 1.0
1025 3770 0.7950099409125566
1038 1039 0.7521700362226016
1038 3426 0.25466615619433636
1038 3441 -0.13883858238434332
1038 3456 -0.24032539772047035
1038 3471 -0.24817203514426942
1038 3486 0.2763090809645828
1038 3501 -0.3347252018531985
1038 3365 -0.03358931211259078
1038 3380 0.0866533735751072
1038 3395 -0.36515717714447554
1038 3410 -0.021018411919609667
1039 1040 -0.25060631737073513
1039 3606 0.07472932827702682
1039 3621 -0.2600624858061398
1039 3636 -0.2964374221084348
1039 3651 0.36488925062972494
1039 3666 0.4016515548834933
1039 3681 -0.3639079393486737
1039 3516 0.008261173240911692
1039 3531 -0.617088700560429
1039 3545 -0.16134261291141663
1039 3560 0.13612020233861524
1039 3575 -0.37050311173774714
1039 3590 -0.9124568239522738
1040 3786 0.24453217979458441
1040 3801 0.1692248687147928
1040 3816 -0.363249444844691
1040 3831 0.16814265192892744
1040 3846 0.10051493814854535
1040 3861 0.4215780058899004
1040 3696 1.0
1040 3711 0.7200368733241777
1040 3725 -0.2065190242502875
1040 3740 -0.06880998798370337
1040 3755 0.09267696856566889
1040 3770 0.3712869284458426
1053 1054 -0.24222375335054253
1053 1068 0.036793605577500055
1053 3426 -1.0
1053 3441 -0.4352589108008547
1053 3456 0.8963414178862223
1053 3471 -0.37023551196663884
1053 3486 -0.1185301822156383
1053 3501 0.5741709822967781
1053 3366 -0.09903197282277416
1053 3381 0.5266410787262331
1053 3396 -0.5232223823013615
1053 3411 -0.34351119246420997
1054 1055 -0.7658143867632046
1054 1069 -0.08326529061711753
1054 3606 0.02258174874529733
1054 3621 -0.3217034576208891
1054 3636 0.8106674322295749
1054 3651 -0.2749660624012585
1054 3666 -0.3059852466619876
1054 3681 0.08593138962738006
1054 3516 -0.21818283248150708
1054 3531 0.3433572403711555
1054 3546 0.11357405728168524
1054 3561 0.3385189664709929
1054 3576 -0.15743111626569475
1054 3591 -0.08863284780329958
1055 1070 0.18186496928405685
1055 3786 0.7118556621629276
1055 3801 -0.22302204582413476
1055 3816 0.21997894101434962
1055 3831 0.029138190467765727
1055 3846 0.23887564966333188
1055 3861 -0.8678678457991449
1055 3696 -0.23462073615731924
1055 3711 0.0044268602707940264
1055 3726 -0.3014551385066734
1055 3741 0.988307282564239
1055 3756 -0.41783992595431424
1055 3771 -0.3513841195149892
1068 1069 0.12342228107002962
1068 3426 -0.3718464966344995
1068 3441 0.26372307831272745
1068 3456 0.26700198454216717
1068 3471 -0.8152378937430844
1068 3486 -0.3163567932371508
1068 3501 -0.38873282090026456
1068 3366 -0.23988544009755863
1068 3381 0.8535281906314498
1068 3396 0.29830400055519773
1068 3411 -0.32131032324460185
1069 1070 0.26769079920157435
1069 3606 -0.41938566750915085
1069 3621 0.262981210149652
1069 3636 1.0
1069 3651 -0.08047340990198835
1069 3666 -0.47957916381025767
1069 3681 0.22457513357324058
1069 3516 -0.5420745950394832
1069 3531 -0.4778446020258017
1069 3546 0.16674423482723502
1069 3561 -0.1565254503666412
1069 3576 -0.47731581476247276
1069 3591 -0.06343983867143779
1070 3786 -0.21239321101592346
1070 3801 0.09238255653372685
1070 3816 0.3269898579657845
1070 3831 0.2775658521385573
1070 3846 0.4784518282482112
1070 3861 -0.2992941848163762
1070 3696 0.3533900508306244
1070 3711 0.1777269773257909
1070 3726 0.4051094742553666
1070 3741 -0.18514841763620785
1070 3756 0.12008251976660857
1070 3771 0.18626783519555468
1083 1084 -0.26379310265521255
1083 1098 -0.023779172609576873
1083 3426 0.03231655110418401
1083 3441 0.2677951623614611
1083 3366 -0.144876740760643
1083 3381 -0.014463469599563981
1083 3396 -0.20728494884575738
1083 3411 -0.6588255447705521
1084 1085 -0.097972296094942
1084 1099 0.5923498828534975
1084 3606 -0.9556753633755933
1084 3621 -0.18343149976292544
1084 3456 0.5186507578943348
1084 3471 0.10587100149907519
1084 3486 0.3435934773794984
1084 3501 0.5507181172117387
1084 3516 -0.7615186541428167
1084 3531 0.0763864053862109
1084 3546 -0.26104543995509394
1084 3561 0.5440357119488577
1084 3576 0.3137163890256007
1084 3591 -0.16012471902956574
1085 1100 -0.11638900762156032
1085 3786 0.6213687500014422
1085 3801 -0.20185166123105952
1085 3636 0.023027644108322892
1085 3651 0.03255394751468551
1085 3666 -0.5575979058296028
1085 3681 0.11693571916311592
1085 3696 0.6750824022606594
1085 3711 0.3676115734733904
1085 3726 0.5011970724133792
1085 3741 -0.3291428329891502
1085 3756 1.0
1085 3771 -0.30189518366451107
1098 1099 -0.35977030412458805
1098 3426 0.43334812942433276
1098 3441 0.41343172309295817
1098 3366 -0.020035471349292514
1098 3381 -0.5744570790636462
1098 3396 -0.19476321621329443
1098 3411 0.37536451519042513
1099 1100 -0.3566830580203257
1099 3606 -0.6985505418016487
1099 3621 0.016002222362338617
1099 3456 -0.40505795905431113
1099 3471 0.5259026865837458
1099 3486 0.3031061319245342
1099 3501 -0.623671297586497
1099 3516 0.6443801615359466
1099 3531 -0.6765767726688221
1099 3546 -0.06350074604340604
1099 3561 -0.22914731349442596
1099 3576 -0.224575271919428
1099 3591 0.8968120534414865
1100 3786 0.16468002878723692
1100 3801 0.1541366745288671
1100 3636 -0.7807056993187067
1100 3651 -0.13077330436532478
1100 3666 -0.9151292324051744
1100 3681 0.5234792485489838
1100 3696 -0.09270792404873973
1100 3711 -0.6917010254285945
1100 3726 0.021300182672206073
1100 3741 1.0
1100 3756 0.01814553313807076
1100 3771 -0.08280273204044013
1113 1114 0.5669731753908739
1113 1128 -0.04765545737061103
1113 3426 -0.3553549250912535
1113 3441 -0.0013279253435452836
1113 3366 -0.26385853181665875
1113 3381 -0.4267427419976186
1113 3396 0.04205830094917118
1113 3411 0.12462137668897016
1114 1115 0.2122961081833974
1114 1129 0.18827413335745952
1114 3606 0.06517274945325975
1114 3621 -0.08368847820747266
1114 3456 0.07095417565153325
1114 3471 0.8053455058784014
1114 3546 0.7145302216305885
1114 3561 0.07616854652285954
1114 3576 -0.3035204297987251
1114 3591 -0.7438758521875186
1115 1130 -0.04350800128001603
1115 3786 0.2407462474939472
1115 3801 0.0063902381600339075
1115 3636 -0.6881973795025214
1115 3651 0.5018714210437852
1115 3726 0.15923364109969462
1115 3741 1.0
1115 3756 -0.8768659265002664
1115 3771 -1.0
1128 1129 0.16361846551595
1128 3426 -0.5085839498159062
1128 3441 0.31964284663173426
1128 3366 -0.6905546479545942
1128 3381 -0.29636724144816046
1128 3396 -0.4850505700895783
1128 3411 -0.10524881162158987
1129 1130 0.21247978891985222
1129 3606 -0.02833220711045988
1129 3621 0.38867769744613667
1129 3456 0.023671414604413462
1129 3471 -1.0
1129 3546 1.0
1129 3561 -1.0
1129 3576 1.0
1129 3591 0.20784742103616696
1130 3786 -0.09225067766881703
1130 3801 0.5783038056537101
1130 3636 0.27065415130711923
1130 3651 -0.30463455339462053
1130 3726 0.025886010219373007
1130 3741 -0.993288709919518
1130 3756 0.7653554428914672
1130 3771 -0.5758180026218703
3364 3365 -1.0
3364 3379 -0.44862913777785324
3365 3366 -0.6930409876178738
3365 3380 -0.16162469127753396
3366 3381 -0.7325238185517691
3379 3380 0.3638743044123723
3380 3381 -0.5766190135756147
3394 3395 -0.6096683773130027
3394 3409 -0.07721649066959937
3395 3396 0.08283953848045657
3395 3410 -0.05786990235151997
3396 3411 -0.10155077168531268
3409 3410 0.1924372041681217
3410 3411 0.008530656568786732
3424 3425 0.18747617164581123
3424 3439 0.0880545901114582
3425 3426 0.46813070291122855
3425 3440 0.35711999545213874
3426 3441 0.21614753630251504
3439 3440 0.4351269858525366
3440 3441 0.07330656276613098
3454 3455 0.270200981991848
3454 3469 0.45784116659062507
3455 3456 0.11301592254770776
3455 3470 0.274552571812121
3456 3471 0.4256525178685557
3469 3470 -0.19405033228567994
3470 3471 -0.6218509962255659
3484 3485 1.0
3484 3499 -0.4720639647295452
3485 3486 -0.5067235976309821
3485 3500 0.6155268375296186
3486 3501 -0.14116466188253765
3499 3500 1.0
3500 3501 0.43759531970868987
3514 3515 -0.05827280073314064
3514 3529 -0.6257606006333085
3515 3516 0.42939621010333223
3515 3530 0.3282518173018343
3516 3531 -0.3456609046118117
3529 3530 -0.04993713878260001
3530 3531 0.35302352372433793
3544 3545 0.6554573157192874
3544 3559 0.5562071194998649
3545 3546 -0.6019314121522201
3545 3560 0.6838357047004812
3546 3561 0.11978408298827661
3559 3560 -0.23419795155551085
3560 3561 0.10370658000896411
3574 3575 0.7068037942088093
3574 3589 -0.013614300829122801
3575 3576 -0.2823397891450632
3575 3590 0.255287835705992
3576 3591 0.09297302008377283
3589 3590 0.5146026898457151
3590 3591 0.6422466787908387
3604 3605 -0.38721989051728606
3604 3619 -1.0
3605 3606 0.26421118687441075
3605 3620 -0.17093556505115418
3606 3621 0.25263643108076833
3619 3620 0.4311419674526799
3620 3621 0.3230015937286599
3634 3635 0.3078442058952084
3634 3649 0.3242251074574494
3635 3636 0.32126975793209267
3635 3650 -0.23304343458118798
3636 3651 -0.2515282081010491
3649 3650 0.33078966901870277
3650 3651 0.24515470714016338
3664 3665 0.2877999512222324
3664 3679 0.34635695754884
3665 3666 0.48103698040892445
3665 3680 -0.20673157061733569
3666 3681 -0.2644636695896634
3679 3680 -0.7603212542124995
3680 3681 0.577290583699957
3694 3695 0.9095424848737547
3694 3709 -0.5706539285846516
3695 3696 -0.09604086051533908
3695 3710 0.2719765756861088
3696 3711 -0.05046317340023046
3709 3710 -0.9234573821492675
3710 3711 -0.12709496063818598
3724 3725 -0.7961288661265524
3724 3739 0.18536645547122224
3725 3726 -0.17553324951437968
3725 3740 0.17929092075668307
3726 3741 0.10186634591258216
3739 3740 1.0
3740 3741 -0.2922276741133548
3754 3755 -1.0
3754 3769 -0.02486399991153384
3755 3756 0.04346287868362054
3755 3770 -0.4735580220582489
3756 3771 0.7616011198640135
3769 3770 -0.10677077367589141
3770 3771 0.39154206100448113
3784 3785 0.5556950018333591
3784 3799 -0.6347499129916508
3785 3786 0.6954929517835138
3785 3800 -0.6727921305579417
3786 3801 -0.6181454853054262
3799 3800 -0.1333034497762319
3800 3801 0.46785187852440363
3814 3815 0.22996530031103318
3814 3829 0.26981835816001787
3815 3816 -0.9982768197640354
3815 3830 -0.1341229104741721
3816 3831 -0.3725911947428324
3829 3830 1.0
3830 3831 -0.36017296541417765
3844 3845 0.11021856915002103
3844 3859 1.0
3845 3846 -0.492636111342995
3845 3860 -0.10667222349783231
3846 3861 0.5310294581658946
3859 3860 0.0007947407794185787
3860 3861 -0.08609991637599274
3874 3875 -0.12224746219040125
3874 3889 -0.06577681846862324
3875 3876 -0.3523010041737637
3875 3890 -1.0
3876 3891 0.24163615742296665
3889 3890 -0.2968867858934352
3890 3891 -0.2862243554293857
