# 
603 603 0.4835147201188328
604 604 0.6847166064231844
605 605 0.9435698316127589
618 618 0.7940218366053524
619 619 0.44688062494885816
620 620 0.39720500899860434
633 633 -0.770619772898472
634 634 0.6801730276613895
635 635 0.5691048969410113
648 648 0.47096992130540005
649 649 -0.15762970213182068
650 650 0.932226333089221
663 663 -0.0837505977478898
664 664 -0.43198650721468446
665 665 -0.17610855563959185
678 678 0.5394905003125795
679 679 0.9295267587358599
680 680 0.0311562539306794
693 693 -0.9384794771837961
694 694 2.5156891324004667
695 695 -1.368834542402073
708 708 0.06013282073239972
709 709 -1.9811687465895205
710 710 -0.6116515781714116
723 723 -1.893049207051609
724 724 -1.4280024185504405
725 725 -0.6058015001725088
738 738 -0.1311134996234817
739 739 -0.6484991502801418
740 740 -1.7909508805859
753 753 -1.3910681714706026
754 754 0.7476985441017238
755 755 -0.020267598036624215
768 768 0.810842081751056
769 769 -0.4522408427177963
770 770 -0.13679866269734
783 783 -0.18316110820137757
784 784 -0.19599424300337367
785 785 -0.4924164944570765
798 798 0.8443916251009477
799 799 -3.387744074092162
800 800 0.06432253566095668
813 813 0.9181065921685192
814 814 1.012449370111412
815 815 1.6671649773641626
828 828 -0.29726324590746595
829 829 1.903085731154215
830 830 -0.9473782198016041
843 843 -2.9337549954592994
844 844 0.9931697040139859
845 845 1.203707800761792
858 858 0.18113250115769855
859 859 0.8658085327350734
860 860 0.12648924722160992
873 873 0.3312877663472148
874 874 0.4372242855859449
875 875 0.2403771771620742
888 888 0.34574955242605193
889 889 -1.5785981191399527
890 890 0.12029764177612076
903 903 -0.9725260424862381
904 904 -1.0410703714654583
905 905 -0.8900288407262128
918 918 0.9608801101644087
919 919 -2.4630283207986077
920 920 1.2390210235104144
933 933 -1.329664304577564
934 934 -0.6223888070641868
935 935 1.4897829841283732
948 948 -0.969984553845478
949 949 -1.0281263961731297
950 950 0.3675331512254316
963 963 0.023186308257668087
964 964 1.1124236776824517
965 965 0.15056127568375263
978 978 -0.3469093571136604
979 979 -2.395670944146094
980 980 1.0706693672864553
993 993 -1.7576649559573938
994 994 -0.8289707242446422
995 995 1.257153113210786
1008 1008 -1.9298304766773722
1009 1009 1.3151266565776787
1010 1010 -0.17956389259821467
1023 1023 1.5100588754860056
1024 1024 0.5378169157392159
1025 1025 0.2356213586608087
1038 1038 0.8880084525777407
1039 1039 0.3075832330871165
1040 1040 1.880469589302904
1053 1053 -0.5772118760481141
1054 1054 -0.766889117562809
1055 1055 2.1644738952131997
1068 1068 -0.6519181168429118
1069 1069 1.3266364436233666
1070 1070 0.2509304914637825
1083 1083 -0.3088149780821911
1084 1084 -0.17663159995410183
1085 1085 0.12187777623641026
1098 1098 -0.2060652301626067
1099 1099 0.2633169434760907
1100 1100 0.28158882491129034
1113 1113 -0.03783245698103434
1114 1114 -0.12956420036400143
1115 1115 0.8408218513834811
1128 1128 -1.1649438777031524
1129 1129 -0.6475692006082533
1130 1130 1.3371319101193464
3364 3364 1.1668342094255382
3365 3365 1.0437652874661152
3366 3366 0.23413992924537452
3379 3379 0.7643168479933942
3380 3380 -0.1611827621330604
3381 3381 1.10572902508485
3394 3394 0.9839647494303497
3395 3395 -0.4144821111640103
3396 3396 -0.36947072658843544
3409 3409 0.4470768046769061
3410 3410 -0.12683281558511642
3411 3411 -0.8173661942306875
3424 3424 2.164530812696485
3425 3425 -0.5556455211357415
3426 3426 0.8183129643410303
3439 3439 -1.264537466424553
3440 3440 0.3151288626286967
3441 3441 -0.3900065635814545
3454 3454 -0.9468302558520892
3455 3455 -0.9052642278436944
3456 3456 -0.4801103638175327
3469 3469 -1.498724158542433
3470 3470 1.431494950117665
3471 3471 1.8602695456484877
3484 3484 0.1968828916008184
3485 3485 2.4479276212413636
3486 3486 -0.03616737192838154
3499 3499 1.3119325115421399
3500 3500 0.21078135480259044
3501 3501 0.6896923113475072
3514 3514 1.5337076516362562
3515 3515 -0.3581205218104166
3516 3516 -1.2403800676990455
3529 3529 -0.6153590162092923
3530 3530 -1.9914337588025488
3531 3531 -1.5049689251328093
3544 3544 -0.8018719141136591
3545 3545 1.9568234682937788
3546 3546 0.4594242984333641
3559 3559 -1.2807323984722057
3560 3560 0.10178306574267053
3561 3561 -0.02009751224340143
3574 3574 -0.10693210688061588
3575 3575 1.103407416402686
3576 3576 0.9696089262296324
3589 3589 -0.06400722550263326
3590 3590 0.11239488372936263
3591 3591 -1.3413771947353974
3604 3604 -0.5610922212924744
3605 3605 0.652301384326764
3606 3606 1.1784932828581502
3619 3619 -1.0427592753802426
3620 3620 -1.4276031770628106
3621 3621 -3.2933327405255515
3634 3634 0.33822273131621405
3635 3635 0.5900309666432852
3636 3636 -1.0726225484128986
3649 3649 -0.881598555347426
3650 3650 -0.6282498024069475
3651 3651 0.7564423548515762
3664 3664 -2.027194345264508
3665 3665 -0.7352862058310873
3666 3666 0.47801228925281597
3679 3679 0.7989866870789584
3680 3680 0.774985203789998
3681 3681 -0.6310423651239926
3694 3694 -1.4903423194375367
3695 3695 0.8051035738863164
3696 3696 0.10827705014925668
3709 3709 -0.2527872850474474
3710 3710 -0.6092031355952123
3711 3711 -2.6786560735037033
3724 3724 0.022093868639956733
3725 3725 0.12898321128207593
3726 3726 0.07427547965813416
3739 3739 -1.2809861808870315
3740 3740 0.20604030120796524
3741 3741 1.112839429420906
3754 3754 -1.1009968400464878
3755 3755 1.4958535969559843
3756 3756 0.8366062868251348
3769 3769 -0.10576607870109578
3770 3770 0.3668624235445714
3771 3771 1.3325481454262071
3784 3784 1.9736388950431247
3785 3785 0.928256548822949
3786 3786 -1.3425844037289836
3799 3799 0.6219407672244849
3800 3800 -0.2822343925882757
3801 3801 0.3271263247102942
3814 3814 -0.1693838290423899
3815 3815 -1.1756885700063517
3816 3816 -0.6029267501787359
3829 3829 -0.49148091368763575
3830 3830 1.5561827920261093
3831 3831 1.1857931016943992
3844 3844 0.7343370750147328
3845 3845 0.0910709201032454
3846 3846 -0.4334375982350278
3859 3859 0.1845278901588255
3860 3860 0.40751873371125913
3861 3861 -0.05541856924014198
3874 3874 -0.47472321662656525
3875 3875 1.1309563583610485
3876 3876 -0.1942691759759415
3889 3889 -0.39355230427129323
3890 3890 -1.5100543600443577
3891 3891 0.20775956917732438
603 604 0.1872825298778089
603 618 0.3133638448064043
603 3484 0.23934997062334862
603 3499 -0.4764920624086658
603 3514 -0.5390633422391877
603 3529 -0.48722403047186824
604 605 -0.003657524062657991
604 619 0.5487403271593214
604 3664 0.4529666467730866
604 3679 -0.31199917867976923
604 3694 -0.8575323954735096
604 3709 0.4063560457984331
605 620 8.031252382127372e-05
605 3844 0.3478902450037419
605 3859 -0.5255598062408577
605 3874 0.25968750640745064
605 3889 0.12150352176776687
618 619 0.31547802156115934
618 3484 -0.6465123905471357
618 3499 -0.6246788907867533
618 3514 -0.5363182634550633
618 3529 0.1299578058335136
619 620 0.40227328186588557
619 3664 0.1265575771234868
619 3679 -0.23797707726502942
619 3694 0.07793335108548953
619 3709 -0.05581037933932846
620 3844 0.4993773493704652
620 3859 -1.0
620 3874 -0.29939776745932034
620 3889 -0.4905066312347325
633 634 0.6773537377487814
633 648 -0.13882598169487553
633 3424 -0.6322030505218352
633 3439 0.22193410282681483
633 3454 -0.008154235497676061
633 3469 -0.7028019217683202
633 3484 0.5052655397672985
633 3499 0.7468160539805031
633 3514 0.10023107482914292
633 3529 0.49783739708121644
634 635 -0.23350073509170316
634 649 -0.7526779579159547
634 3604 0.07659361556016911
634 3619 0.48056282096607633
634 3634 0.6363359809825712
634 3649 -0.5506824460734361
634 3664 0.08216424247181393
634 3679 0.43532331044065653
634 3694 -1.0
634 3709 0.32521911096658257
635 650 -0.7264182838173063
635 3784 0.2388837083358122
635 3799 0.02504069641876332
635 3814 0.2444645137708738
635 3829 -0.6510038448769658
635 3844 0.15169774379593215
635 3859 -0.3109146722785524
635 3874 0.20997754461350984
635 3889 0.1822949690035202
648 649 -0.2566914707367535
648 3424 -0.3043812028921441
648 3439 0.775257604851103
648 3454 0.01849055099274641
648 3469 0.3784809043300267
648 3484 0.1366266200094551
648 3499 0.3124553130673781
648 3514 0.023996945581527818
648 3529 -0.5261436765590835
649 650 -0.10794680684776559
649 3604 0.11337960972874014
649 3619 -0.008990615034070984
649 3634 0.11250509084622744
649 3649 0.194472094612529
649 3664 0.061090202701632075
649 3679 0.11446524883235018
649 3694 -0.8296843785337895
649 3709 -0.5573631809994968
650 3784 -0.2214364155771318
650 3799 -0.2172688763105932
650 3814 0.32438030157482417
650 3829 0.2510791214892135
650 3844 -1.0
650 3859 -0.28794723514317216
650 3874 -0.3248757783490363
650 3889 0.0175086387185038
663 664 1.0
663 678 0.05639554572418972
663 3424 -0.5868146142376286
663 3439 0.14901727704959805
663 3454 0.6194739193598557
663 3469 -0.07588705371432616
663 3484 0.19602524259143647
663 3499 0.02345960458253424
664 665 0.291469943791286
664 679 0.31244643507995223
664 3604 0.6479604755860006
664 3619 0.32088166137073515
664 3634 0.4660491032680835
664 3649 0.3031793582666262
664 3664 0.1626683252014661
664 3679 0.29417807953293335
664 3514 -0.020298906939159277
664 3529 0.07705969074355477
665 680 -0.15587230168165797
665 3784 -0.0470453967990111
665 3799 0.697485416046978
665 3814 -0.6671890357451628
665 3829 0.2483513172365626
665 3844 -0.48050659054214245
665 3859 0.6632447565046701
665 3694 0.7496226455958319
665 3709 -0.5281454894145964
678 679 0.23678119385500568
678 3424 0.0451612825337538
678 3439 0.552214951558881
678 3454 -0.434669968480396
678 3469 -0.19877756779331146
678 3484 0.01846090786588044
678 3499 -0.08611218702121647
679 680 -0.041927216082083774
679 3604 0.13648727437497016
679 3619 0.3190572817706521
679 3634 -0.21952203780569912
679 3649 0.259280142987191
679 3664 -0.6716124939981749
679 3679 0.025233349122800647
679 3514 0.21245850581244347
679 3529 -0.45487436997066166
680 3784 0.6893905909253293
680 3799 0.6513680998801846
680 3814 0.22097249181465703
680 3829 -0.5281302434884474
680 3844 1.0
680 3859 -0.355857216534848
680 3694 0.7031352646084377
680 3709 0.04589788144972547
693 694 0.36233408219831514
693 708 0.27419830510175397
693 3424 0.09625113677542665
693 3439 -0.8523960070873119
693 3454 -0.430177585391691
693 3469 -0.09216161162305399
693 3484 -0.6334665284020812
693 3499 -0.12442217829457385
693 3364 0.6884349927541632
693 3379 -0.5799923855096331
693 3394 0.5558410506131171
693 3409 -0.8903842577174609
694 695 0.06851552826098112
694 709 0.35385117140747724
694 3604 -1.0
694 3619 -0.46662004309109545
694 3634 0.6463099897659548
694 3649 -0.5599958735221349
694 3664 0.2854228891136003
694 3679 -0.040777722052962935
694 3514 -0.5895991888327007
694 3529 0.0884390477240634
694 3544 -0.17560923378879897
694 3559 0.40256954557417074
694 3574 0.058694035627477645
694 3589 -0.12291216893975207
695 710 -0.3306309404123202
695 3784 -0.2836925943961079
695 3799 -0.01216542976136224
695 3814 0.22211771509279452
695 3829 -0.43652786188405096
695 3844 0.6458411211439752
695 3859 -0.29522467458992824
695 3694 0.3744662821935609
695 3709 -0.8251047608179197
695 3724 1.0
695 3739 0.33340321077345036
695 3754 0.3543648913963872
695 3769 0.3396039424469402
708 709 0.4523348705262497
708 3424 0.04401816638338921
708 3439 -0.6468598294925633
708 3454 0.30506391220318896
708 3469 0.2034312604781075
708 3484 0.6450643319232092
708 3499 0.7537372915110873
708 3364 0.7285172460365
708 3379 -0.22882715741150203
708 3394 -0.4732091379669024
708 3409 -0.3341510681830211
709 710 -0.5833404908204871
709 3604 -0.9967587169843138
709 3619 1.0
709 3634 -0.5072749745462477
709 3649 -1.0
709 3664 -0.32851353895400953
709 3679 0.7171851629987321
709 3514 0.1411624228123377
709 3529 -0.025929155797602854
709 3544 -0.4262227541718013
709 3559 -1.0
709 3574 0.1716591561899559
709 3589 0.07864028401829871
710 3784 0.42039663528349536
710 3799 0.44671236969292527
710 3814 0.058833674214787385
710 3829 0.03359562330449426
710 3844 1.0
710 3859 0.15318953962120388
710 3694 1.0
710 3709 -0.7031935178734982
710 3724 -0.1368939862276258
710 3739 -0.2243017795224499
710 3754 -0.21937027672877205
710 3769 0.5129483443492768
723 724 0.4007381047791028
723 738 -0.825996097583906
723 3424 -0.37254183161265414
723 3439 0.13607389579849818
723 3364 -0.4448912689116533
723 3379 0.47838941360310877
723 3394 -0.34654689253936427
723 3409 -0.46656365091401725
724 725 0.598091932606442
724 739 0.6552663002089558
724 3604 -0.9213893846099188
724 3619 0.7733642566153294
724 3454 -0.3484561690087115
724 3469 -1.0
724 3484 -0.10171318489307771
724 3499 -0.26754921711610724
724 3514 0.42033813848879575
724 3529 -0.5003200687643837
724 3544 -1.0
724 3559 0.16499719160035284
724 3574 -0.08400931788602028
724 3589 0.029717573501563222
725 740 0.21347610592175076
725 3784 -1.0
725 3799 0.0036410350391295524
725 3634 -0.0025764398243948213
725 3649 0.06155672879769425
725 3664 0.9739370150550615
725 3679 -1.0
725 3694 -0.3999201359738087
725 3709 -0.2879523107655088
725 3724 0.6470868462019125
725 3739 -0.29884367682835067
725 3754 -0.5009169116672805
725 3769 0.401568568961464
738 739 -0.40484931811331565
738 3424 0.4955200073385875
738 3439 0.28914136120256434
738 3364 0.17207542056109343
738 3379 0.17231805918979456
738 3394 -0.10629794823954834
738 3409 -0.5513758339121098
739 740 -0.4571644651514571
739 3604 -0.7353174090998963
739 3619 1.0
739 3454 0.5393882800349198
739 3469 -0.06109648607337862
739 3484 -0.0903617177299534
739 3499 -0.2109110600387249
739 3514 -0.3172584484405316
739 3529 0.2912942865998638
739 3544 -0.21056643641556003
739 3559 0.64519632780199
739 3574 0.4940887810610704
739 3589 0.18237457741245122
740 3784 0.48434695966029223
740 3799 -0.5016792814350947
740 3634 -0.14563421114005975
740 3649 0.22062520926564344
740 3664 -0.03794229402572756
740 3679 0.13970703599309287
740 3694 0.1407356829552008
740 3709 0.3173098050781001
740 3724 -0.9578315416013335
740 3739 -0.1489712322509054
740 3754 0.30912749886589574
740 3769 -0.06521943671198879
753 754 0.4776757872032779
753 768 0.30772424407319193
753 3424 -0.34113197431104847
753 3439 -0.6781090251133679
753 3364 -0.02205681806240214
753 3379 -0.9427016870360229
753 3394 0.08430114918426192
753 3409 -0.6432161152799734
754 755 -0.21077641115548845
754 769 0.960246172006483
754 3604 -0.007503009690688574
754 3619 -0.14881571642390498
754 3454 0.6246803111173879
754 3469 -0.15900629246343953
754 3485 0.7645648441072541
754 3500 0.22657725710105023
754 3515 -0.18368059390831487
754 3530 0.0702391426830796
754 3544 0.5450017541732861
754 3559 -0.05330402030885047
754 3574 0.037660940185288615
754 3589 0.06523547459782887
755 770 0.09297632147534478
755 3784 0.1309410735526024
755 3799 0.4100525715315166
755 3634 0.13179054659254372
755 3649 0.026794881808665284
755 3665 -0.46635036901145904
755 3680 -0.2490852179417497
755 3695 0.6257473593444823
755 3710 -0.8765205416876297
755 3724 0.4099991678458878
755 3739 -0.06796135753002094
755 3754 0.14317562263342556
755 3769 -0.5212267898770107
768 769 0.43261774343200265
768 3424 -0.6886951133738668
768 3439 1.0
768 3364 0.6115839599412758
768 3379 -0.4555066874115885
768 3394 -0.13325315733857107
768 3409 -0.3675965972712253
769 770 0.4908614171763157
769 3604 -0.20753400024380353
769 3619 0.13920301570490926
769 3454 -0.5300105762165577
769 3469 0.13911581799506564
769 3485 -0.11003218156788161
769 3500 0.1267600261159979
769 3515 0.6618745745382557
769 3530 0.1405431005270909
769 3544 0.2589131843269379
769 3559 -0.04271424729954325
769 3574 -0.27999669807315075
769 3589 0.4789076479861336
770 3784 0.1810701273104559
770 3799 0.26684137766078203
770 3634 0.15874871776573787
770 3649 0.10483904682753312
770 3665 -0.0510405021810756
770 3680 0.007178631773803065
770 3695 0.18670212937845512
770 3710 -0.04566119583836606
770 3724 0.2876100875061793
770 3739 -0.06631579371635948
770 3754 -0.09753259175507195
770 3769 -0.3870581478455551
783 784 -0.06320209124475361
783 798 -0.2583279761534561
783 3424 0.4266318528125074
783 3439 0.3474412250087796
783 3454 -0.4618330057844825
783 3469 -1.0
783 3485 -0.2218732372368625
783 3500 0.0819531872231564
783 3515 0.8579445937595332
783 3530 -0.5019252836937161
783 3544 -0.4722896877674199
783 3559 -0.27677488743287487
783 3394 -0.17213306966351316
783 3409 0.027636348558110965
784 785 0.20495905585089422
784 799 -0.016122137055460197
784 3604 -0.21492200078916188
784 3619 -0.35716287885435827
784 3634 0.06036106930329939
784 3649 -0.3765408392573024
784 3665 -1.0
784 3680 -0.007722616731469165
784 3695 -0.14761490204643102
784 3710 -0.3650375462139508
784 3724 -0.8381966916664972
784 3739 0.13166764870424938
784 3574 0.41110005405207567
784 3589 -0.8305356120059866
785 800 0.032709576165657867
785 3784 0.20348694985961116
785 3799 -0.7474245948390815
785 3814 -0.3951489984477706
785 3829 0.008328875863140961
785 3845 -0.1442226525333951
785 3860 -0.32485779966617706
785 3875 -0.4887209470118897
785 3890 0.7345570240344093
785 3754 -0.2708043711403337
785 3769 -0.4131540360196575
798 799 -0.15383519913236196
798 3424 -0.38656481988800306
798 3439 0.19209473527341636
798 3454 -0.0019495816727617575
798 3469 0.5431293527038026
798 3485 -0.5598000618272916
798 3500 0.5629963976654588
798 3515 -0.3639738613777758
798 3530 -0.31854609183749893
798 3544 0.06778224850369181
798 3559 0.527661341421053
798 3394 -0.9755807681949464
798 3409 0.2700687714823113
799 800 -0.1993159982941927
799 3604 -0.49502913709674107
799 3619 0.550369223120537
799 3634 0.45767620029579964
799 3649 -0.0778155525294479
799 3665 1.0
799 3680 -0.4599365535130581
799 3695 -0.7320371114984002
799 3710 -0.2997602834033822
799 3724 0.10651753601058248
799 3739 0.7063788139823917
799 3574 0.3347319065439879
799 3589 0.9685280548448848
800 3784 0.4863324237688026
800 3799 0.44799121161076566
800 3814 -0.12314670503309895
800 3829 -0.6208659378864954
800 3845 0.07823412729904353
800 3860 1.0
800 3875 0.6726113668647788
800 3890 0.05847050676790499
800 3754 -0.25325552667447526
800 3769 -0.5896549541825012
813 814 -0.3939397415485329
813 828 0.05394511967545852
813 3425 0.2728342275892844
813 3440 -0.17579642501534065
813 3455 -0.5790288433760427
813 3470 -0.922368380866008
813 3485 0.6521892108748693
813 3500 0.4393255704170974
813 3515 -0.14640737174877377
813 3530 -0.9610602430084967
813 3544 0.18115173633396714
813 3559 -0.23023160420715275
813 3394 0.06952305671131541
813 3409 -0.2747998904925734
814 815 -0.06584814096766343
814 829 0.6038099393113668
814 3605 -1.0
814 3620 -0.10845333228446777
814 3635 0.7808212232715159
814 3650 0.2603664273250304
814 3665 -0.7896272820534569
814 3680 -0.12737008523528537
814 3695 0.4889852738747082
814 3710 0.29737970856461776
814 3724 -0.32255099904416934
814 3739 0.004046595894245131
814 3574 -0.4515780176223205
814 3589 -0.025202380440170855
815 830 -0.011946133724059489
815 3785 1.0
815 3800 0.5528212624634126
815 3815 -0.781914085075769
815 3830 -0.05750636362759097
815 3845 0.33870080636366223
815 3860 0.45403400353887874
815 3875 -0.2964499165704567
815 3890 0.1117699890377361
815 3754 -0.7298190189443138
815 3769 0.1830357755415913
828 829 0.2652088377217183
828 3425 -0.004325788898157909
828 3440 0.12342070096112628
828 3455 0.2826222633162732
828 3470 -0.03301579360490258
828 3485 0.12482861561214176
828 3500 -0.2580688712188085
828 3515 0.574010464915148
828 3530 -0.9510786633021253
828 3544 0.19329360108545535
828 3559 -0.21504626177649733
828 3394 0.3669187966442248
828 3409 -1.0
829 830 0.34267163723397237
829 3605 -0.14726382704128882
829 3620 0.20983898686257682
829 3635 -0.060166967075360046
829 3650 -0.6604021355486301
829 3665 -0.04170352440795208
829 3680 -0.19842125971369862
829 3695 -0.7377072081637884
829 3710 -0.2233207423879239
829 3724 -0.7635431267820956
829 3739 -0.416775950281479
829 3574 -0.02301513999679672
829 3589 0.41619621224230646
830 3785 0.5217534417035081
830 3800 0.11031713238098323
830 3815 0.16866156681927358
830 3830 0.788152989424889
830 3845 -0.20555408074884887
830 3860 -0.07820999009309432
830 3875 -0.3860353138300905
830 3890 -0.013838398311344893
830 3754 -0.26183283781901545
830 3769 -0.3524046030911401
843 844 -0.467387927228876
843 858 -0.3151737810236299
843 3425 -0.6164204435717213
843 3440 0.4213349187285633
843 3455 -0.12943871803182153
843 3470 0.8898577430704676
843 3485 -1.0
843 3500 0.2732666248260937
843 3364 0.5416261921936452
843 3379 0.055951906840322585
843 3394 -0.38784879232803793
843 3409 0.22284184408716884
844 845 0.912838745491174
844 859 -0.48505466999871977
844 3605 0.13828870182375416
844 3620 -0.33399420554536485
844 3635 -0.2667508575824638
844 3650 0.3661880583782692
844 3665 -0.34589296688318627
844 3680 -0.41010711105652237
844 3515 -0.2773736988942352
844 3530 -0.17677897953239696
844 3544 0.3696436131644994
844 3559 -1.0
844 3574 0.7872109003017337
844 3589 -0.710453553410325
845 860 -0.5181312908914391
845 3785 -0.47904300169549247
845 3800 0.18151314915898323
845 3815 -1.0
845 3830 0.052886659410305535
845 3845 0.5658889489785685
845 3860 0.22817033354238833
845 3695 0.7259719673823106
845 3710 0.3086051086095943
845 3724 -0.40730895253810784
845 3739 0.32088341609799426
845 3754 0.23755563765837168
845 3769 0.47498158611297725
858 859 0.2991121724498234
858 3425 0.43548245752607084
858 3440 -0.9711118920127836
858 3455 -0.5789694975529999
858 3470 0.7133195408746373
858 3485 1.0
858 3500 -0.3910940538117846
858 3364 0.0412804541129186
858 3379 0.33130056242820904
858 3394 0.11146007404101936
858 3409 0.6708721227250287
859 860 -0.5640888452747578
859 3605 -0.45061476471086653
859 3620 0.21696703473684753
859 3635 0.5501679745423371
859 3650 0.2554403064038601
859 3665 0.514470248939744
859 3680 0.4148016579011603
859 3515 0.22138988865335874
859 3530 0.4316232269533828
859 3544 -0.03786811789179584
859 3559 0.04909643528869044
859 3574 0.31855763374910284
859 3589 0.13182176780042099
860 3785 -0.7081658793896983
860 3800 -0.0013643678363891812
860 3815 -0.2181496811059571
860 3830 0.40374411019916123
860 3845 -0.6840653734884917
860 3860 0.2253908920366413
860 3695 -0.6227613941550618
860 3710 0.6325131526265793
860 3724 -0.2819985270029466
860 3739 0.005446100573340777
860 3754 0.4730334115608998
860 3769 1.0
873 874 0.23958763668724967
873 888 -0.006893354465906575
873 3425 -0.2839888557453135
873 3440 -0.41414975451607333
873 3455 0.4501250694560261
873 3470 -0.04632705198412494
873 3485 -0.24790503902440747
873 3500 -0.5132733461396256
873 3365 -0.03748188192953999
873 3380 -0.3969960074189076
873 3395 0.13018841711479298
873 3410 0.17912365240772
874 875 -0.3635087318368843
874 889 -0.06616453691588217
874 3605 0.6930581573720369
874 3620 0.2697081872947006
874 3635 0.21149116620386038
874 3650 -0.7387233807215349
874 3665 0.11581508937524894
874 3680 0.02700794227315593
874 3515 0.5245363221430471
874 3530 0.01603578549181368
874 3545 -0.16125915562703402
874 3560 0.1453956008611305
874 3575 -0.5958702530396439
874 3590 -0.9669184866181969
875 890 0.9735392958122723
875 3785 -0.12871317787699416
875 3800 0.46092731532711684
875 3815 -0.35063406819585496
875 3830 -0.3089471499776009
875 3845 0.3568219280650987
875 3860 -0.0987649526137176
875 3695 0.17065488413481927
875 3710 -0.012529169741597079
875 3725 0.7193424309997037
875 3740 0.15280039878001314
875 3755 -0.31183691796533036
875 3770 0.08516144777728227
888 889 -0.009045932409233045
888 3425 -0.4053194363901511
888 3440 1.0
888 3455 -0.49872146887287483
888 3470 -0.032447941470415284
888 3485 -0.9050332475351914
888 3500 -0.3413385092796627
888 3365 -0.3025593439530548
888 3380 0.4813693584150305
888 3395 -0.6610092377559175
888 3410 -0.18284489535534046
889 890 0.3167048604738852
889 3605 0.3144870914272292
889 3620 -0.09666496958828749
889 3635 0.925404168759312
889 3650 -0.04721913835177329
889 3665 0.37927005087429433
889 3680 -0.5680730225316479
889 3515 0.11570837824298104
889 3530 0.36224550956970075
889 3545 -0.16017179647342997
889 3560 -0.09240950441199121
889 3575 0.6588149798431399
889 3590 0.4422374982071283
890 3785 0.7290314006254759
890 3800 -0.11216494119447047
890 3815 -0.945738308914478
890 3830 -1.0
890 3845 0.3313361371665513
890 3860 0.1497717271395669
890 3695 -0.28923784875095865
890 3710 -0.08817359842808782
890 3725 0.06925983252503082
890 3740 -0.5657503006356149
890 3755 0.4134979439177166
890 3770 0.09418226291556647
903 904 0.09968004791435697
903 918 0.3908130480860715
903 3425 -0.293851786647532
903 3440 0.07391223307270205
903 3365 0.4209436959900604
903 3380 0.039787712154149835
903 3395 0.2424359211216774
903 3410 0.20808426172798308
904 905 -0.307282604184562
904 919 -0.00039609263632112965
904 3605 0.9545184068401436
904 3620 -0.04937133386448436
904 3455 -0.6043061629837455
904 3470 -0.7561028336090625
904 3485 0.7156899855285296
904 3500 -0.2729748442899132
904 3515 0.33977094647501443
904 3530 -0.40635824329953846
904 3545 -0.21761067400001513
904 3560 0.03628366693170738
904 3575 0.2178982483722383
904 3590 0.20644292444687612
905 920 1.0
905 3785 -0.7391365449931022
905 3800 -0.09793370254079466
905 3635 -0.14738077136990535
905 3650 0.15569676426965326
905 3665 -0.28979260008481533
905 3680 -0.333652134910397
905 3695 -0.019128987007369702
905 3710 0.4516693414888955
905 3725 -0.4151823321880673
905 3740 -0.3868249110341368
905 3755 0.4983102935551393
905 3770 -1.0
918 919 -0.11718323230848068
918 3425 0.26621414625239165
918 3440 0.16006743451016178
918 3365 0.5297756470334226
918 3380 -0.5666451251585595
918 3395 -0.6846379106385476
918 3410 -0.09547262232514618
919 920 -0.5100265052025932
919 3605 -0.3649956571927134
919 3620 0.9615322550579534
919 3455 0.6573545521018246
919 3470 1.0
919 3485 -0.7804625963133834
919 3500 -0.26269952080567655
919 3515 0.175335006199934
919 3530 -0.9063815627859835
919 3545 1.0
919 3560 0.7491717174255625
919 3575 0.3871287730313359
919 3590 0.7521249830015823
920 3785 0.547776922638008
920 3800 -0.5129563810292801
920 3635 0.3871837500979249
920 3650 -0.5888406480221006
920 3665 -0.29764122189887043
920 3680 -0.2584100530676461
920 3695 0.6180743861523865
920 3710 -0.10614364112199891
920 3725 0.002815834232430434
920 3740 0.3091013951840492
920 3755 0.39517069818254963
920 3770 -0.04562590803116769
933 934 0.8031420218929404
933 948 -0.7833648326262079
933 3425 0.21735324971278255
933 3440 0.272629042026247
933 3365 -0.23793027573775322
933 3380 0.1644159529208085
933 3395 -0.8940200748446121
933 3410 0.8508515397933943
934 935 -0.27063905791045695
934 949 0.42093040085026867
934 3605 -0.2731647024356009
934 3620 0.3431905312576485
934 3455 0.17850817135128721
934 3470 0.082875455163975
934 3486 -0.029260433882362203
934 3501 -0.19268136837194888
934 3516 -0.059111575114346074
934 3531 -0.04214784965482647
934 3545 0.3495876692172762
934 3560 -0.9821805437217336
934 3575 0.16936977681003323
934 3590 0.9776564557157359
935 950 -0.13785025202442497
935 3785 -0.015428767535972306
935 3800 -0.3164033658228657
935 3635 0.05261606010851809
935 3650 -0.08825101384849024
935 3666 -0.3356560596664137
935 3681 -0.507370261193111
935 3696 0.23338579058445458
935 3711 -0.7468081960300462
935 3725 -1.0
935 3740 -0.10522476234804329
935 3755 1.0
935 3770 -0.6403686501786263
948 949 0.048420620389851406
948 3425 0.841214703454404
948 3440 0.28545543407785223
948 3365 -0.48473733023375914
948 3380 0.4681824220528124
948 3395 0.24747218407614435
948 3410 -0.05776328856936191
949 950 0.2625432718730416
949 3605 1.0
949 3620 0.07473570227884134
949 3455 0.3818719856621898
949 3470 0.41376883821211125
949 3486 0.7744459709979783
949 3501 -0.31227273563810953
949 3516 -0.48055608126586996
949 3531 0.14332402938647287
949 3545 -0.3536613762305962
949 3560 -0.5716714541218751
949 3575 -0.720114635078129
949 3590 -0.2447373915275342
950 3785 -0.8192550565917388
950 3800 0.26891824067573594
950 3635 0.12459119340058292
950 3650 -0.1950924613426949
950 3666 0.3855439131759001
950 3681 0.07614163451002806
950 3696 0.2666574085957789
950 3711 -0.25430411923962437
950 3725 0.4125053808207478
950 3740 -0.09473770696453587
950 3755 -0.28445341711761524
950 3770 0.40813951123133724
963 964 0.04838312393574037
963 978 0.44930341504214955
963 3425 0.2507509588996992
963 3440 0.2554313385227875
963 3455 0.098714753202998
963 3470 -0.4532215791913841
963 3486 0.021210072814047395
963 3501 0.35072575444601284
963 3516 0.5376959040389192
963 3531 0.15300016794118237
963 3545 -0.2472761610814345
963 3560 -0.6271582544810664
963 3395 0.4269154019516132
963 3410 -0.3408600469807591
964 965 0.04981749510966316
964 979 -0.2608602788437565
964 3605 0.3181197532557168
964 3620 -0.8969200141740338
964 3635 -1.0
964 3650 0.18248472657310508
964 3666 -0.2706540974495956
964 3681 0.24263868150943607
964 3696 1.0
964 3711 -0.3268227106344269
964 3725 0.7845364991446167
964 3740 0.11129470165373512
964 3575 0.17292871701049872
964 3590 0.0052649105682430804
965 980 -0.31925572083971493
965 3785 -0.00653396956362339
965 3800 -0.8949371148381254
965 3815 -0.11128728544378712
965 3830 0.43305684634383396
965 3846 -0.42203923296712803
965 3861 0.3669583351868925
965 3876 0.031090647849938462
965 3891 0.19214306371274648
965 3755 -0.04011641883502746
965 3770 0.3497610486688711
978 979 0.5387398916147782
978 3425 0.21167184980050396
978 3440 -0.9375961341787923
978 3455 0.1663528504948478
978 3470 -0.6906077524697803
978 3486 -0.02988914374284465
978 3501 -0.21944597926369916
978 3516 -0.8780924808020494
978 3531 -0.22423006773228732
978 3545 -0.22007154373597249
978 3560 -0.3936858550676239
978 3395 0.3904937776345972
978 3410 0.4576435752314568
979 980 0.41745208042016696
979 3605 -0.5229886817582416
979 3620 -0.3790889321371994
979 3635 -0.3924558765910325
979 3650 -0.3920062876684571
979 3666 -0.40331956048273754
979 3681 -0.09482749204665872
979 3696 -0.31904435674678183
979 3711 -0.03225472681725078
979 3725 -0.06225129513551198
979 3740 -0.30310055341277475
979 3575 -0.31589539571725
979 3590 0.35200996087415
980 3785 -0.06702602032985197
980 3800 -0.08423297284993242
980 3815 0.5465276660749023
980 3830 -0.9481349199248649
980 3846 0.10368123299565922
980 3861 0.0014194147368652395
980 3876 1.0
980 3891 0.5912898310939873
980 3755 -0.3364366019980352
980 3770 -0.14552468470869123
993 994 0.37250224111904157
993 1008 -0.29133479505519655
993 3426 -0.7565957097394015
993 3441 0.5289555254639482
993 3456 0.41316894733250503
993 3471 -0.25877841903253035
993 3486 -0.2378994341946526
993 3501 0.012889963665814241
993 3516 -0.10561079195149148
993 3531 0.9425483107820848
993 3545 0.21593615513034406
993 3560 0.727212559710364
993 3395 0.32355863407040686
993 3410 -0.20771605804139257
994 995 0.6551833859875652
994 1009 0.33142830407954565
994 3606 -0.1411865804711684
994 3621 -0.22255959041911302
994 3636 -1.0
994 3651 0.21054288966991302
994 3666 0.17720386011945702
994 3681 0.20036238413975765
994 3696 0.1424333829907463
994 3711 0.45272847609985073
994 3725 0.20603552791080934
994 3740 -0.22201185380225177
994 3575 -0.12362540398276055
994 3590 0.4550968433036694
995 1010 -0.2697502350966073
995 3786 0.8351895279865339
995 3801 0.3672014841492533
995 3816 -0.047539807548486177
995 3831 -0.5988412647851251
995 3846 1.0
995 3861 -0.6616313279125952
995 3876 -0.5905560059929585
995 3891 -0.4225488967226998
995 3755 0.3253904314745112
995 3770 0.17756736239515084
1008 1009 -0.5846813087427489
1008 3426 1.0
1008 3441 0.11856549576211274
1008 3456 1.0
1008 3471 0.8701609621890253
1008 3486 0.3209155394776583
1008 3501 -0.010740273561951176
1008 3516 0.1481154093455838
1008 3531 0.4139541634504028
1008 3545 -0.3678979371417797
1008 3560 0.3377950570322712
1008 3395 -0.5043077810510754
1008 3410 -0.0716266956592201
1009 1010 -0.38875664047959063
1009 3606 0.0228153832007724
1009 3621 0.3919436987906632
1009 3636 0.30145649024614224
1009 3651 0.9410830276469462
1009 3666 -0.2484736255308254
1009 3681 -0.04128994044686397
1009 3696 -0.3541614337680899
1009 3711 -0.42013637767925927
1009 3725 0.5608123079325337
1009 3740 0.5098907919232535
1009 3575 -0.009024736551286425
1009 3590 0.6407781776344051
1010 3786 -0.06719824472056131
1010 3801 -0.29828288748972914
1010 3816 -0.6595619094045158
1010 3831 1.0
1010 3846 -0.16027478334484468
1010 3861 -0.23065508443935998
1010 3876 -0.041566297913283916
1010 3891 0.370107328863185
1010 3755 -0.6713967735766926
1010 3770 1.0
1023 1024 -0.17444297759581762
1023 1038 -0.2026421833473543
1023 3426 -0.004051766481274511
1023 3441 -0.2898554680408587
1023 3456 0.03155999842417151
1023 3471 -0.13826673145483265
1023 3486 -0.11987437294122195
1023 3501 0.14584229434882615
1023 3365 0.6533354041812461
1023 3380 -0.0021263179525520316
1023 3395 0.13823722403586494
1023 3410 0.10799373971426518
1024 1025 1.0
1024 1039 -0.6640396881808068
1024 3606 -1.0
1024 3621 1.0
1024 3636 -0.18543163973870608
1024 3651 0.6708331160593513
1024 3666 -0.08434276239908677
1024 3681 -0.1480889146074463
1024 3516 0.8909507270771604
1024 3531 -0.07469328207614213
1024 3545 0.3178983924759347
1024 3560 -0.7831097708914114
1024 3575 -0.6072429952449988
1024 3590 -0.369533279198986
1025 1040 -0.49376847114534644
1025 3786 0.8234604392811583
1025 3801 0.7051636475116159
1025 3816 -0.2031509626578675
1025 3831 -0.513380420788945
1025 3846 -0.036806364424391086
1025 3861 0.4997308591479659
1025 3696 -0.30057193967012225
1025 3711 0.8052635402661669
1025 3725 0.06864089493827906
1025 3740 0.05879998508182542
1025 3755 -0.32853987715799005
1025 3770 0.24872861922520423
1038 1039 -0.5583720935766656
1038 3426 0.6141691543162747
1038 3441 -0.12175879411622474
1038 3456 0.3673760797062698
1038 3471 0.37715551248076357
1038 3486 -0.6955232382928895
1038 3501 -0.13923605332193587
1038 3365 -0.5770087316821513
1038 3380 0.7237443311478131
1038 3395 0.08230658048499599
1038 3410 -0.3790711917786565
1039 1040 0.13782990202610093
1039 3606 0.6406232605752682
1039 3621 -0.44846452416596666
1039 3636 -0.15482458853522968
1039 3651 0.2578424908646498
1039 3666 -0.43401213029964836
1039 3681 1.0
1039 3516 0.05980506066708695
1039 3531 0.5662311898294682
1039 3545 -0.6470871071651837
1039 3560 -0.7986288933527175
1039 3575 0.12868928629436788
1039 3590 0.2839833600231509
1040 3786 -0.8706631664430238
1040 3801 -0.5779115108081623
1040 3816 -0.30576839198495537
1040 3831 -0.4542220807303076
1040 3846 0.3599313271651174
1040 3861 0.3260098574744732
1040 3696 0.5161186047495157
1040 3711 0.7591812058161316
1040 3725 -0.8326016268575198
1040 3740 0.12748400229604348
1040 3755 0.3815209588857541
1040 3770 0.12503227251879612
1053 1054 0.732011802773755
1053 1068 -1.0
1053 3426 -0.3043604377681575
1053 3441 0.051156045408281496
1053 3456 1.0
1053 3471 0.7339970673416256
1053 3486 -0.12631705924468453
1053 3501 -0.7427727891225485
1053 3366 -0.47045290316068367
1053 3381 0.18078041618342705
1053 3396 0.3175970064974551
1053 3411 0.39464685301999863
1054 1055 -0.07549994429910524
1054 1069 -0.467676738059327
1054 3606 0.7637950204545499
1054 3621 -0.36293381885175735
1054 3636 0.030955168173133932
1054 3651 -0.0761461082138957
1054 3666 -0.3820100898813141
1054 3681 -0.19081792541459947
1054 3516 0.14254135081136338
1054 3531 -0.11510348322894527
1054 3546 0.06558370053657774
1054 3561 -0.16374723271768252
1054 3576 -1.0
1054 3591 0.13557377970693923
1055 1070 0.3497708038487541
1055 3786 -0.3056039171581136
1055 3801 1.0
1055 3816 1.0
1055 3831 -0.6529385096862524
1055 3846 0.042021071185520835
1055 3861 0.023724677069876746
1055 3696 0.7553962479145456
1055 3711 0.08825427259442822
1055 3726 0.38157994239435966
1055 3741 -0.01978363894684491
1055 3756 -0.0005240120241328595
1055 3771 0.24394443137689087
1068 1069 -0.4627700035190034
1068 3426 -0.32234108582023735
1068 3441 -0.3002826166426037
1068 3456 0.19073775687459443
1068 3471 -0.1762315652303995
1068 3486 0.39269763012674974
1068 3501 0.03515786026854859
1068 3366 0.6360911085038538
1068 3381 -1.0
1068 3396 -0.3205088339542686
1068 3411 -1.0
1069 1070 0.290547248333504
1069 3606 0.4472372200218722
1069 3621 -0.020230146830349637
1069 3636 0.7507624674500917
1069 3651 -0.5283226123064063
1069 3666 -0.07580914241166772
1069 3681 -0.7715661670176688
1069 3516 0.25482946125454775
1069 3531 0.043680507515857725
1069 3546 1.0
1069 3561 0.18603494668259896
1069 3576 0.03320871749448347
1069 3591 -0.3361823691402888
1070 3786 0.6790074925663655
1070 3801 0.0746561699793187
1070 3816 0.5983565255242658
1070 3831 0.6251722596006929
1070 3846 -0.4503358322568089
1070 3861 1.0
1070 3696 0.033232039127651124
1070 3711 0.0322740426153543
1070 3726 0.2114718498401246
1070 3741 0.2829408777502758
1070 3756 0.2058766030649362
1070 3771 0.7961882608015032
1083 1084 0.6065093339850858
1083 1098 0.7589951043859907
1083 3426 -0.19681752309141098
1083 3441 0.6748067101986459
1083 3366 0.52306816535105
1083 3381 -0.2491869358761617
1083 3396 -0.6832169658648901
1083 3411 0.06911023166885256
1084 1085 0.8463144335033962
1084 1099 -0.6886643460252718
1084 3606 -0.23729426200512976
1084 3621 0.3298662744559252
1084 3456 0.28946681226383464
1084 3471 0.8733972630740352
1084 3486 -0.2338793474152715
1084 3501 -0.586996378222876
1084 3516 0.549538983630136
1084 3531 0.3474085079852309
1084 3546 0.08978840368335032
1084 3561 -0.7085677237028976
1084 3576 -0.8034197030602517
1084 3591 0.08248479116300422
1085 1100 -0.562809717062227
1085 3786 -0.1354885785731243
1085 3801 -0.5078833431392934
1085 3636 0.5833321296524725
1085 3651 -0.25410957639689236
1085 3666 -0.6119750137314304
1085 3681 0.5701495745532074
1085 3696 -0.13456999371912337
1085 3711 -0.4393062825115453
1085 3726 -0.4466875219100489
1085 3741 0.312887913802217
1085 3756 -0.48212954594345037
1085 3771 -0.5141565424919649
1098 1099 -0.15612594726708987
1098 3426 -0.5747914381444019
1098 3441 -0.8116073866591214
1098 3366 0.0054052183236033115
1098 3381 -0.48166430789836534
1098 3396 0.25964765033546805
1098 3411 -0.25067713129246394
1099 1100 0.49349208265647726
1099 3606 0.15793797914154356
1099 3621 0.32450553283190114
1099 3456 -0.431410040433456
1099 3471 0.7188898730204782
1099 3486 0.14265328140237438
1099 3501 -0.5585631465678919
1099 3516 -0.9106732804412425
1099 3531 -0.03289150347971481
1099 3546 -0.9668986694787091
1099 3561 0.40815409650451234
1099 3576 0.9237501325010363
1099 3591 -0.0296096984967594
1100 3786 -0.7257409040557418
1100 3801 -0.2651686876513926
1100 3636 0.6615474207237757
1100 3651 -0.4857804769896125
1100 3666 -0.05898727344104454
1100 3681 0.7415485140532824
1100 3696 1.0
1100 3711 0.7610117447741458
1100 3726 -0.15765314616831522
1100 3741 -0.012110410696499822
1100 3756 0.29215686599856944
1100 3771 0.6558481152084598
1113 1114 0.08140375535734815
1113 1128 -0.042308667007134426
1113 3426 0.3521869899130417
1113 3441 -0.5090101221783803
1113 3366 -0.2557063711907495
1113 3381 -0.31377892769693294
1113 3396 -0.6300184883806395
1113 3411 0.21590527413263708
1114 1115 -0.23947438752933728
1114 1129 0.1264918744559721
1114 3606 0.054435544154200044
1114 3621 0.10394699469280054
1114 3456 0.291102195772355
1114 3471 -0.3481379020960937
1114 3546 0.34377984893567975
1114 3561 0.12291825408669188
1114 3576 -0.0426020198147834
1114 3591 -0.5300768193251503
1115 1130 0.08197184092585715
1115 3786 -0.023133761662425107
1115 3801 0.9249352855636916
1115 3636 -0.09730778942751464
1115 3651 1.0
1115 3726 0.11933281719842893
1115 3741 -0.12388576501308128
1115 3756 0.2595111433132855
1115 3771 -0.7495330097766658
1128 1129 -0.695614121327343
1128 3426 -0.61420991124206
1128 3441 -0.46520569845061
1128 3366 -0.2348185596056381
1128 3381 0.1285219580273257
1128 3396 -0.32011760197945804
1128 3411 0.4526341891736669
1129 1130 0.3110506084049813
1129 3606 1.0
1129 3621 0.10592425222102458
1129 3456 -0.08190325163558496
1129 3471 0.3372640917598433
1129 3546 -0.6337673506935855
1129 3561 0.17729091181179737
1129 3576 -0.04090612811512139
1129 3591 -0.002373648239992852
1130 3786 -0.4750270180585206
1130 3801 0.15944153720213325
1130 3636 -0.7795995886586529
1130 3651 0.4440722999657358
1130 3726 -0.00549280507849565
1130 3741 -0.25588358747943535
1130 3756 0.14412030265918738
1130 3771 0.16135927220947657
3364 3365 0.08659164631281507
3364 3379 -0.0319831832377853
3365 3366 0.3925525889727745
3365 3380 -0.2689918546239439
3366 3381 -0.6313526884339941
3379 3380 0.14312088768889739
3380 3381 0.8348199980343312
3394 3395 0.03294510389056965
3394 3409 0.2817948859072214
3395 3396 0.8104196572844795
3395 3410 -0.551437441209305
3396 3411 -0.6290102239917473
3409 3410 0.0012685889408606886
3410 3411 0.49528224979563745
3424 3425 1.0
3424 3439 0.30531180706375444
3425 3426 0.3761888317116699
3425 3440 -0.4653009152354712
3426 3441 0.8354927959645535
3439 3440 -0.07851846586684179
3440 3441 0.020341624730783957
3454 3455 0.6470432869322215
3454 3469 0.5870949004525385
3455 3456 0.13637648086670237
3455 3470 -1.0
3456 3471 0.3369715772689132
3469 3470 0.01751838250147422
3470 3471 0.800576312243472
3484 3485 0.5989759134629324
3484 3499 0.22862798002808526
3485 3486 0.41094717393487207
3485 3500 -0.11802673943675847
3486 3501 -0.31558510278135304
3499 3500 -0.431470744247343
3500 3501 0.3772030249018688
3514 3515 -0.8344759681372812
3514 3529 -0.03098137681723439
3515 3516 0.11079629757450847
3515 3530 0.39745140330222645
3516 3531 -0.04981416734219553
3529 3530 0.07915639192802108
3530 3531 -0.28052516011887496
3544 3545 -0.4049624881466586
3544 3559 0.7276390367953909
3545 3546 -0.905752574992909
3545 3560 -0.6785945877190236
3546 3561 0.11781228238298494
3559 3560 -0.17308972610731718
3560 3561 -0.23502686063783562
3574 3575 -0.4715317176706668
3574 3589 0.33476339979335307
3575 3576 0.3446607442780039
3575 3590 1.0
3576 3591 0.21721409602115357
3589 3590 -0.5519379610349542
3590 3591 0.18818080025101866
3604 3605 -0.052781929588833675
3604 3619 -0.2838627785306601
3605 3606 0.31681841079187334
3605 3620 -0.3280417108391487
3606 3621 -1.0
3619 3620 -0.3058827893827876
3620 3621 0.2010590283656064
3634 3635 0.122945945695907
3634 3649 0.39454188092226317
3635 3636 -0.6961996078324927
3635 3650 0.7775181202075356
3636 3651 -0.46156960623938814
3649 3650 -0.21865679878202782
3650 3651 -0.23127708596148838
3664 3665 -0.0002849315961941582
3664 3679 0.3461476323739754
3665 3666 -0.09610880111209211
3665 3680 0.8056827779039193
3666 3681 0.4185934252942781
3679 3680 0.29863683239502603
3680 3681 0.12028127462744692
3694 3695 -0.36758208173041884
3694 3709 -0.48100448605740453
3695 3696 0.28428651692217577
3695 3710 -0.3705562899944381
3696 3711 -0.11284442594487731
3709 3710 -0.11156998918537163
3710 3711 -0.2216454299220321
3724 3725 0.9472471761187115
3724 3739 0.7269854560734248
3725 3726 0.7683875666291871
3725 3740 -0.7100042760037714
3726 3741 0.15990812637537735
3739 3740 0.41749717212120396
3740 3741 0.7841379832396891
3754 3755 0.8736229627816103
3754 3769 -0.5387190612446404
3755 3756 -0.7744265888068511
3755 3770 -1.0
3756 3771 0.0372144882072829
3769 3770 0.05045041367139856
3770 3771 -0.2391312162628072
3784 3785 0.163826487942948
3784 3799 0.4379234774360312
3785 3786 -0.46115460465538255
3785 3800 0.3116152746132236
3786 3801 -0.47387080023505257
3799 3800 -0.35762938994528726
3800 3801 -0.07697962267165526
3814 3815 -0.3411779985661258
3814 3829 0.41382071198872167
3815 3816 -0.8163055736410685
3815 3830 -0.06201071574083524
3816 3831 0.419444157523199
3829 3830 1.0
3830 3831 0.6608337078294411
3844 3845 0.7089177412048547
3844 3859 -0.17675763737102484
3845 3846 -0.18130516429231242
3845 3860 0.12579567467824815
3846 3861 -0.26823114849468416
3859 3860 -0.009489590377181157
3860 3861 0.13313733802785024
3874 3875 -0.6507276922641922
3874 3889 -0.45296588237606744
3875 3876 -0.6866487716934082
3875 3890 0.317131377117729
3876 3891 0.10770994328784071
3889 3890 -0.4764239684771513
3890 3891 1.0
