# 
603 603 1.3640550197236916
604 604 0.4302178121946454
605 605 0.7028338593972158
618 618 1.4123809882803895
619 619 -1.0013625185693873
620 620 -0.8435346244728197
633 633 -0.6227667611649917
634 634 0.37576346083516193
635 635 -0.49535606254593567
648 648 0.008382916826276591
649 649 -0.7717785162863154
650 650 0.37786428006334677
663 663 0.5499325879923797
664 664 -0.25514518642393824
665 665 -1.258605423595782
678 678 -0.7014535382313791
679 679 -0.5419807154295871
680 680 1.0054241027187685
693 693 -1.4958706936973016
694 694 -2.181162831091706
695 695 -0.5192403193194889
708 708 -0.4187744554196081
709 709 1.0979869676199696
710 710 0.3405127133690262
723 723 -1.099699014790416
724 724 1.0441390427904509
725 725 1.0176972519932526
738 738 0.5607256791031476
739 739 1.7116798737028542
740 740 0.0038572631630555193
753 753 1.4795727410343864
754 754 0.3389750536681516
755 755 -0.26814602426526246
768 768 1.0399640409564006
769 769 -0.9018077840203418
770 770 0.6606027437544828
783 783 -0.42391823831223285
784 784 1.740744201046709
785 785 0.9745007254329742
798 798 0.5610877840841579
799 799 -1.9315966201306316
800 800 0.3215592882735748
813 813 -1.321564716274669
814 814 0.01420603937312369
815 815 0.6126431669460318
828 828 0.3445032028519217
829 829 0.698021281466859
830 830 1.1594767120631642
843 843 -0.19342432543386126
844 844 0.7620048223667785
845 845 0.940599463783373
858 858 -0.18474243515458905
859 859 0.22196040628606156
860 860 -0.5261237723695532
873 873 -0.9572008755371036
874 874 0.620030787871535
875 875 -0.3192558685277689
888 888 0.12729661269710954
889 889 -0.6071327027727104
890 890 0.47925357776211647
903 903 -0.261543864305381
904 904 0.2901180909106139
905 905 -0.00319245991580154
918 918 1.7165106829614534
919 919 1.5306538703144121
920 920 0.4805327372835333
933 933 -0.06483252413936537
934 934 0.1430269783975575
935 935 0.5128559974831285
948 948 0.39850171212604685
949 949 0.24878341177757593
950 950 -1.3037792954609198
963 963 -0.7206360345403872
964 964 -1.0402344664500691
965 965 0.452831689010344
978 978 0.8206836031975488
979 979 0.12110597270201631
980 980 -0.799916135599827
993 993 2.0242635003424145
994 994 -0.47551562302290634
995 995 0.628680303463096
1008 1008 1.758855983849838
1009 1009 -1.0361465316564746
1010 1010 -0.5256010934536025
1023 1023 -0.05644571157293059
1024 1024 0.9021670271558492
1025 1025 1.0183881532901395
1038 1038 -0.009624321362426717
1039 1039 -0.7132163729732249
1040 1040 0.9833701154120252
1053 1053 0.16478784440564784
1054 1054 1.9720976563802262
1055 1055 -1.213899050268241
1068 1068 -1.1330479247646092
1069 1069 -0.37115074469957027
1070 1070 0.799209294325872
1083 1083 0.6916013119610596
1084 1084 0.7257773827337533
1085 1085 -0.2354586218137825
1098 1098 -0.0145919326354023
1099 1099 0.5093124335187985
1100 1100 1.6952168945730663
1113 1113 0.03533712433349169
1114 1114 0.04689453260391001
1115 1115 -0.30923365663511876
1128 1128 -0.07060554916792974
1129 1129 -0.30724989685101173
1130 1130 0.02565661255139575
3364 3364 -0.785110790547588
3365 3365 0.7532483795016156
3366 3366 0.8513149967444871
3379 3379 -1.473763077939097
3380 3380 0.680364056730757
3381 3381 -1.3784680889024752
3394 3394 0.16401034037045917
3395 3395 1.8948571121932958
3396 3396 -0.8118387202562477
3409 3409 -1.5392798351311958
3410 3410 0.8636352582222943
3411 3411 1.2014322914357571
3424 3424 -0.09442058754726057
3425 3425 0.27920205623417393
3426 3426 0.19106666855826718
3439 3439 -1.2584363735119273
3440 3440 0.6882920233866197
3441 3441 -0.4603056265847266
3454 3454 0.7114878817126925
3455 3455 1.6047534594279842
3456 3456 0.468091615195289
3469 3469 0.4626586098656231
3470 3470 0.22744472205758975
3471 3471 -0.668173913515688
3484 3484 0.6075379232260911
3485 3485 -0.07250773355283568
3486 3486 0.8539912714478343
3499 3499 1.710707610116332
3500 3500 1.2518250682164502
3501 3501 -0.17863096813799276
3514 3514 -0.6577842803537114
3515 3515 -1.7724774677467188
3516 3516 0.14537610653430974
3529 3529 -0.2422607740244157
3530 3530 0.747961266149036
3531 3531 -0.9213986674073872
3544 3544 1.0847709919536128
3545 3545 1.3908687000876065
3546 3546 0.11267537714646227
3559 3559 0.2987681333193317
3560 3560 1.2140393722812304
3561 3561 2.2671367875418755
3574 3574 0.7466355958944836
3575 3575 1.0271188488765182
3576 3576 1.6742417896353043
3589 3589 -1.3330920449862016
3590 3590 0.9931613669991112
3591 3591 -0.7022119244606384
3604 3604 -0.41335247757859905
3605 3605 -1.8520743403998536
3606 3606 0.5783896076320464
3619 3619 1.2289255379485649
3620 3620 -0.9062182631644984
3621 3621 1.7829938586533232
3634 3634 2.254480553264765
3635 3635 -1.0058645019659798
3636 3636 -0.8850119715717207
3649 3649 -0.28198398924118295
3650 3650 -0.6276605042966016
3651 3651 0.5304125867740509
3664 3664 -0.2521546918217424
3665 3665 0.42102463193920314
3666 3666 -0.2702772725891364
3679 3679 0.42129551198090154
3680 3680 2.3451121251074745
3681 3681 -0.21092797057465362
3694 3694 1.3342616482469216
3695 3695 -0.5070947107978533
3696 3696 1.43628749121297
3709 3709 0.27552621217727724
3710 3710 -0.9279675815380272
3711 3711 -1.2802877150322578
3724 3724 -1.2581961708005729
3725 3725 0.2714354026186101
3726 3726 0.503785835485912
3739 3739 0.8846533250901832
3740 3740 0.914135032335669
3741 3741 0.37675408001061045
3754 3754 1.3106887452863025
3755 3755 -0.6832676114437081
3756 3756 -0.4911500133264017
3769 3769 -0.6536453432770902
3770 3770 0.8522883745216917
3771 3771 -0.33065884063444007
3784 3784 0.28318951506793133
3785 3785 0.5269592860709609
3786 3786 -1.3040250327534675
3799 3799 -0.7633500591669
3800 3800 0.9686681885336691
3801 3801 0.9391982705094511
3814 3814 1.0929536916040612
3815 3815 0.3382046541824711
3816 3816 0.28694037122477545
3829 3829 0.5258125766157556
3830 3830 -0.2256661756329558
3831 3831 1.3429622972499942
3844 3844 0.7646130522743311
3845 3845 -0.10226310040916725
3846 3846 -0.9163864923948174
3859 3859 1.8028294916289482
3860 3860 -0.08643055308572371
3861 3861 -0.7464007054345277
3874 3874 0.15479428084068997
3875 3875 -1.891693409656962
3876 3876 -0.11449939986338571
3889 3889 0.6897371810890275
3890 3890 0.15487770146857952
3891 3891 1.1534048111670898
603 604 -0.13508601008848328
603 618 0.26784173121220556
603 3484 0.8793858082003901
603 3499 0.18430823983000394
603 3514 0.4982863927152839
603 3529 -0.252951728892058
604 605 0.4816487171433457
604 619 -1.0
604 3664 -0.13843030980157742
604 3679 0.5338283951757641
604 3694 0.14168540182362283
604 3709 1.0
605 620 0.8872205670485958
605 3844 0.16662768230408273
605 3859 0.597729018431686
605 3874 -0.07978599077820202
605 3889 -0.02810064494658384
618 619 -0.7233155008206534
618 3484 0.07278261038580568
618 3499 -0.7476596826154349
618 3514 -0.1908231348096245
618 3529 0.7492957746928096
619 620 0.49340412290828356
619 3664 0.22750646285074413
619 3679 -0.42300978361079566
619 3694 -0.383507093398362
619 3709 -0.2366870166983139
620 3844 0.7720512452752507
620 3859 0.7062758796806916
620 3874 0.46934060327943145
620 3889 -0.2681992606384255
633 634 -0.04157186352219337
633 648 -0.901642620949899
633 3424 -0.3234147219644684
633 3439 0.5190070347777264
633 3454 -0.028105046739605385
633 3469 -0.10358638816625916
633 3484 -0.428441062316597
633 3499 -0.29592843224074117
633 3514 -0.40307113346561413
633 3529 -0.3671178733211896
634 635 0.15214676500914148
634 649 0.8205795409050308
634 3604 -0.818969596986202
634 3619 -1.0
634 3634 0.3183650797753994
634 3649 -0.9405412050834767
634 3664 -0.16032237422012438
634 3679 0.47227158939004676
634 3694 -0.7088049172042246
634 3709 0.15645768288454337
635 650 -0.6800902520567016
635 3784 0.46170151871746284
635 3799 -0.2316010312756435
635 3814 -0.5998673879244325
635 3829 0.15893552459739838
635 3844 0.7560216212773005
635 3859 0.017284524714965832
635 3874 -0.06344240851712417
635 3889 -0.3644606693789373
648 649 0.05516922783173487
648 3424 0.40525703494498266
648 3439 -0.5787355011798431
648 3454 -0.6280846577581986
648 3469 0.6626660635861189
648 3484 0.2805969722142396
648 3499 0.4235853281491064
648 3514 0.2199052819620423
648 3529 0.8049381038484512
649 650 -0.4303536261733361
649 3604 -1.0
649 3619 0.04627851164492582
649 3634 -0.08270195527525119
649 3649 0.7668127525128933
649 3664 -0.46314381669637167
649 3679 -0.17187998998386284
649 3694 0.09881127874126226
649 3709 -0.41019119388813585
650 3784 0.17562814723968123
650 3799 -0.4704831865423329
650 3814 -0.4358772339413359
650 3829 0.5304092483159171
650 3844 -0.04061281343914424
650 3859 0.20432633101213346
650 3874 0.07402006007975924
650 3889 -0.4189047370065688
663 664 0.015133570436222793
663 678 0.37603495914605856
663 3424 -0.25814885189715653
663 3439 -0.09746031219848995
663 3454 -0.3262326822450624
663 3469 0.02793730255876691
663 3484 0.5104247725460833
663 3499 -0.17027289388701292
664 665 0.04318869626443347
664 679 0.10291718760534645
664 3604 0.3788195894088504
664 3619 -0.2558139350868451
664 3634 0.4141203983586184
664 3649 -0.22049125059854435
664 3664 0.0305391881152033
664 3679 0.15920094170029891
664 3514 0.12682930471547202
664 3529 0.35257237960364923
665 680 -0.20207395090414357
665 3784 -0.07920733298348506
665 3799 -0.07102414013127957
665 3814 0.6828963412528323
665 3829 -1.0
665 3844 0.6100765221034473
665 3859 -0.43247110053265764
665 3694 1.0
665 3709 -0.008336396797984967
678 679 -0.40036949806687355
678 3424 0.3902627281931827
678 3439 -0.021436514050020377
678 3454 0.3348078354998053
678 3469 -0.1318996583427632
678 3484 0.4795759934203882
678 3499 0.5192767078405299
679 680 -0.4070330372187766
679 3604 -0.21012145252609007
679 3619 -0.32481320471485325
679 3634 0.28971823437858446
679 3649 -0.06455000701028335
679 3664 0.1453408806412955
679 3679 0.7207115416401536
679 3514 -0.446622348152938
679 3529 0.012258776314920821
680 3784 0.6017822103166786
680 3799 0.5266955319106957
680 3814 -0.2938890095304599
680 3829 0.013105551572192191
680 3844 -0.6831148624545057
680 3859 -0.4000502060061506
680 3694 -0.22867373986444844
680 3709 -0.33253407533110235
693 694 0.3941828620268026
693 708 -0.042639804149126014
693 3424 -0.057522452004586194
693 3439 0.9944500616123496
693 3454 0.28523230798042076
693 3469 0.13664307082804425
693 3484 -0.23687418007145014
693 3499 0.03659499513370831
693 3364 0.8108353767658657
693 3379 -0.38117881319764796
693 3394 -0.4080003018338656
693 3409 -0.5964877922206061
694 695 -0.08819402043428752
694 709 0.6209143958236462
694 3604 -0.14699392750125
694 3619 -0.24961437982133255
694 3634 0.5752879148205419
694 3649 -0.2555674243398888
694 3664 0.4750374417301908
694 3679 0.5853326257229926
694 3514 -0.608985615353646
694 3529 -0.19731049151604377
694 3544 -0.21373759795288833
694 3559 0.19860419230663748
694 3574 0.6338608897854757
694 3589 -0.15031568129738215
695 710 -0.3565826022823553
695 3784 -0.4718127137511369
695 3799 0.7963194313302323
695 3814 0.7644853637183443
695 3829 -0.06053744524436871
695 3844 -0.49173694245188193
695 3859 0.43568477089454494
695 3694 -1.0
695 3709 -0.28735181270896665
695 3724 -0.5179805750624781
695 3739 -0.905518325289872
695 3754 0.5604423297458768
695 3769 0.20200759015429728
708 709 0.7404324345003772
708 3424 -0.012060779255638497
708 3439 0.624959310414946
708 3454 0.5086029680913593
708 3469 -0.11969423510757222
708 3484 0.08630826834553867
708 3499 -0.37115546919081255
708 3364 0.11461046011792231
708 3379 -0.38197299192134887
708 3394 -0.25599607830132093
708 3409 1.0
709 710 0.42255830567240665
709 3604 -1.0
709 3619 0.395159120782592
709 3634 -0.5974384827394368
709 3649 0.819095012970329
709 3664 0.09868696935365168
709 3679 -0.6022864748521899
709 3514 -0.3546351459320625
709 3529 0.11002005576630135
709 3544 -0.6536231098337869
709 3559 -0.23797702149525135
709 3574 -1.0
709 3589 -0.8820579441758324
710 3784 -0.11203300263161181
710 3799 -0.13565579545674736
710 3814 -0.16720528688258862
710 3829 0.47550297278632914
710 3844 0.32949817097278594
710 3859 -0.6380600686403869
710 3694 -0.6174443320551942
710 3709 -0.537667752484238
710 3724 -0.6380788921662354
710 3739 0.6367955715275478
710 3754 0.022338841637466297
710 3769 1.0
723 724 -0.046368041186140255
723 738 0.943709085054092
723 3424 -0.04875922872685255
723 3439 -0.36571507692725996
723 3364 -1.0
723 3379 -0.26570879173500134
723 3394 -0.09450518460662875
723 3409 -0.08465779593854529
724 725 -0.3501449973118062
724 739 -0.27232073275281127
724 3604 -0.3450110225835214
724 3619 0.2410577689311578
724 3454 0.37241796156171775
724 3469 -0.34078950941944935
724 3484 0.25480849686616547
724 3499 0.6089958538347504
724 3514 -0.9221421595866841
724 3529 0.826318939911424
724 3544 0.11687097894780991
724 3559 -0.07405491385534071
724 3574 -0.06275266511011228
724 3589 0.38569672409171935
725 740 -0.4564752163278796
725 3784 0.5835447445220667
725 3799 -0.23811714064801107
725 3634 -1.0
725 3649 -0.2312836075113304
725 3664 0.012109378990746059
725 3679 0.4422023912264904
725 3694 -0.03382512065668118
725 3709 -0.23854428567345792
725 3724 -0.24421547875002328
725 3739 -0.0016555717924665227
725 3754 0.47669589986748956
725 3769 -0.22587315410232361
738 739 0.08264580377730067
738 3424 -0.5386558558451042
738 3439 -0.3279642114963161
738 3364 -0.1144719565438295
738 3379 -0.43177887300439244
738 3394 1.0
738 3409 0.39748265562236634
739 740 0.27433962710767573
739 3604 0.6246117133181469
739 3619 0.09606303030524352
739 3454 -0.5245140462472628
739 3469 -0.2560098002572707
739 3484 0.8685883730085442
739 3499 0.22707349293419563
739 3514 0.08962879689128267
739 3529 0.10775885994501497
739 3544 -0.46175870685291326
739 3559 0.043676610952285526
739 3574 -0.5645159135759942
739 3589 -0.05200805429161972
740 3784 0.3220690979067892
740 3799 -0.22450403600674027
740 3634 -0.6356060742946202
740 3649 0.1299980188132321
740 3664 -0.26670022849937275
740 3679 0.47860303894531114
740 3694 0.3720823103240035
740 3709 -0.5736986806263313
740 3724 -0.565901879608435
740 3739 -0.2706977886989556
740 3754 -0.7334218027135296
740 3769 0.2902521651272771
753 754 0.7855550467242338
753 768 0.16963111636972114
753 3424 0.3763162772957046
753 3439 -0.614195133946942
753 3364 0.46394105870175634
753 3379 0.7425710311411389
753 3394 -0.10076938460712545
753 3409 -0.20109079450335415
754 755 -0.3361419272362652
754 769 -0.012533830374825977
754 3604 -0.6093031465399578
754 3619 -0.12793486169140353
754 3454 0.05644288595114563
754 3469 0.23378170798886588
754 3485 -0.2126071210818793
754 3500 -1.0
754 3515 -0.7722128062203567
754 3530 0.7702022052893024
754 3544 0.19608451949089278
754 3559 -0.7871122576681351
754 3574 -0.30636460935595
754 3589 -0.21004582656891077
755 770 1.0
755 3784 -0.11046152181985033
755 3799 0.4309153828147194
755 3634 0.9620640204333784
755 3649 -0.20827401660565686
755 3665 0.6763724636080984
755 3680 -0.35057185633473975
755 3695 -0.09429530436196971
755 3710 0.198440935500974
755 3724 -0.5250754128035572
755 3739 0.12151177914787258
755 3754 -0.04853814303722807
755 3769 -1.0
768 769 0.22553810005540034
768 3424 -1.0
768 3439 0.935764461696459
768 3364 -0.12604918755437852
768 3379 0.26674727010055593
768 3394 -0.5647466452948061
768 3409 -1.0
769 770 -0.36522950406379573
769 3604 -0.24551530718177605
769 3619 0.18401044265299832
769 3454 -1.0
769 3469 -0.5469727153112037
769 3485 -0.2577699652804165
769 3500 -0.3078945008257179
769 3515 0.10852895798203181
769 3530 -0.0829489155225634
769 3544 0.36455921781479833
769 3559 0.6592902705872867
769 3574 0.2985380158180418
769 3589 0.21265020150832917
770 3784 0.4878148980430316
770 3799 -1.0
770 3634 0.07453621013801776
770 3649 0.16932900497585293
770 3665 0.02531692002161262
770 3680 0.3236911658629205
770 3695 -0.7416102495744251
770 3710 -1.0
770 3724 0.12338445508305838
770 3739 0.17094344679182294
770 3754 -0.3453606121085576
770 3769 -0.41377098748114455
783 784 0.775352927800425
783 798 -0.25995892048931485
783 3424 0.780882026286985
783 3439 -0.5402592815601839
783 3454 1.0
783 3469 0.06083141842675151
783 3485 0.5861160045290262
783 3500 -0.19983298968725946
783 3515 0.34661874635785234
783 3530 -0.40516772847046795
783 3544 0.2852634883383205
783 3559 0.024717923340229615
783 3394 -0.0439134382899575
783 3409 -0.026942002024985624
784 785 0.1502751070877983
784 799 -0.5503629370790855
784 3604 -0.43597091099692215
784 3619 0.16193746015530988
784 3634 -0.8817198274069878
784 3649 -0.5150415371397252
784 3665 -0.32185844952457476
784 3680 -0.023355253253942616
784 3695 -0.1657203983373564
784 3710 0.14840008491874865
784 3724 0.5985145601847972
784 3739 -0.08435656911842765
784 3574 0.3304571388855269
784 3589 0.7752555783570747
785 800 0.03787562280730281
785 3784 -0.27501703333498156
785 3799 -0.7925866625326555
785 3814 0.17158270254823274
785 3829 -0.262281605203356
785 3845 0.43218399552564823
785 3860 0.7581101858693523
785 3875 0.6729321691147951
785 3890 -1.0
785 3754 -0.3531526864584629
785 3769 -0.7516540402807678
798 799 0.39835055939818437
798 3424 0.3490138776387023
798 3439 0.8719700042326635
798 3454 -0.17750440517528238
798 3469 -0.08898286316903085
798 3485 -0.09095387277440238
798 3500 0.21033477620673566
798 3515 -0.7725796981413621
798 3530 -0.5815404156736068
798 3544 -0.4823149102409276
798 3559 0.09519949958141914
798 3394 0.5275317590019665
798 3409 -0.8190465894157112
799 800 0.2915740350380618
799 3604 0.10018412861841472
799 3619 0.10235496303384521
799 3634 -0.30091330985747666
799 3649 0.18050667031824186
799 3665 0.34016772259885175
799 3680 -0.3054530636075817
799 3695 0.101576100416617
799 3710 0.04981656467584325
799 3724 0.4160314281492382
799 3739 0.5199399473553579
799 3574 -0.7786454944187274
799 3589 -0.3783937860981861
800 3784 0.31169831083191024
800 3799 -1.0
800 3814 0.00602298208591543
800 3829 0.6247703025709728
800 3845 -0.2797115154042015
800 3860 -0.542807440330931
800 3875 -0.1101326309436107
800 3890 0.0981591200261938
800 3754 -0.012881992315378411
800 3769 0.5444295398139943
813 814 -0.2553298313416198
813 828 -0.7122083129871398
813 3425 -0.34606924536007805
813 3440 -0.28062460671760125
813 3455 -0.33427484293995485
813 3470 0.7797054540262457
813 3485 0.7374321602566644
813 3500 -0.3177967575490516
813 3515 0.11380603992103512
813 3530 0.26940264014324444
813 3544 -0.3215169597691765
813 3559 0.11768538521861116
813 3394 -0.14124821621617295
813 3409 -0.17478491808041402
814 815 0.24465121521407213
814 829 -0.4333536215569865
814 3605 -0.5399429507586734
814 3620 0.705006120021925
814 3635 0.7195428778667392
814 3650 0.40818243367076046
814 3665 0.1315786621334964
814 3680 -0.17948529463841353
814 3695 0.13556839944988017
814 3710 0.39177384145690264
814 3724 -0.8084323220483159
814 3739 -0.21260152962906226
814 3574 -0.026762422607551396
814 3589 0.4206752474151952
815 830 -0.4441002522853364
815 3785 -0.4353494924813615
815 3800 0.18160864334982396
815 3815 0.27055402762947994
815 3830 -0.43937465599440934
815 3845 -0.23677844743163073
815 3860 0.2599732650092081
815 3875 0.13767934645282068
815 3890 0.8050991769906094
815 3754 0.31415427272666824
815 3769 -0.5232890287795365
828 829 -0.36723584536797327
828 3425 0.6747921892647031
828 3440 0.00850227786035066
828 3455 -0.17331972478784327
828 3470 1.0
828 3485 -0.8616501285766789
828 3500 0.7946809179040066
828 3515 0.09163781011541033
828 3530 -0.5142995280474433
828 3544 -0.0849463069423318
828 3559 0.49672967210265506
828 3394 -0.5353413863779812
828 3409 -0.18275668495914343
829 830 -0.16983997897394204
829 3605 -0.7549840693258301
829 3620 0.20802835245434526
829 3635 0.8432117884020753
829 3650 -0.5914626250540169
829 3665 0.06468288417864461
829 3680 0.00444422127890116
829 3695 -0.26964680762468135
829 3710 -0.5651613102164845
829 3724 0.06895521071804654
829 3739 1.0
829 3574 0.17971917144284735
829 3589 0.03841656060763487
830 3785 -0.01236728598383301
830 3800 0.4531815249659279
830 3815 -0.5949841404088209
830 3830 0.24975426986393945
830 3845 -0.04375529681497703
830 3860 -0.780886081336804
830 3875 -0.0028146550356664703
830 3890 0.3026160068413128
830 3754 0.13263923500148322
830 3769 -0.7083757984681598
843 844 0.2207014967414945
843 858 0.06605136347933134
843 3425 0.6943301419065464
843 3440 -0.3643949875566426
843 3455 -0.2463571701416016
843 3470 0.01170819935830835
843 3485 -0.0059562399533022795
843 3500 0.3373081988883527
843 3364 -0.3768850825103757
843 3379 -0.18084977834717444
843 3394 -0.37921991499544105
843 3409 -0.21000151745477869
844 845 0.3298382649852358
844 859 -0.05880247543650779
844 3605 -0.3038846720546915
844 3620 0.21214029777165286
844 3635 -0.81027984273594
844 3650 0.38425501436107395
844 3665 0.33515502491931276
844 3680 -0.27244784837193176
844 3515 -0.10341111341714686
844 3530 -0.532577710291743
844 3544 0.16897108027513394
844 3559 -0.4621324212785825
844 3574 -0.478759967392899
844 3589 -0.27026854312347554
845 860 -1.0
845 3785 -0.12746323849489144
845 3800 1.0
845 3815 0.1656728254704232
845 3830 0.15064512334112523
845 3845 0.30802033840178894
845 3860 -0.7798309596989107
845 3695 -0.45992300835696537
845 3710 -0.27578893901246215
845 3724 -0.7969743613094783
845 3739 -0.1328825817870341
845 3754 1.0
845 3769 -0.19523978723603622
858 859 -0.16812056830522118
858 3425 -0.2668102386830556
858 3440 -0.20841446627520172
858 3455 0.4774072614702121
858 3470 0.9669258772695467
858 3485 -0.8123411331639366
858 3500 -0.24215133104392694
858 3364 0.8466259147888245
858 3379 0.3028486360983377
858 3394 1.0
858 3409 0.3282688607488027
859 860 -0.6120013796883402
859 3605 0.3057757897783724
859 3620 -0.2532155583146355
859 3635 -0.45927927344399083
859 3650 0.5263422993126867
859 3665 0.28598788773448536
859 3680 -0.7564719757535113
859 3515 -1.0
859 3530 0.3852408329364176
859 3544 -0.0878320994706175
859 3559 0.17837421724149471
859 3574 0.5258111706378115
859 3589 0.07624460903040715
860 3785 0.3585953930591156
860 3800 -0.1746522374457509
860 3815 -0.342096533975978
860 3830 -0.3613869667462172
860 3845 -0.7655872067321073
860 3860 -0.10843370720871635
860 3695 -0.28974328240586084
860 3710 0.677001491025495
860 3724 0.9947786308866534
860 3739 0.05710482358426421
860 3754 0.42342287850269766
860 3769 0.23158646642555947
873 874 -0.056523109708378344
873 888 0.1071873014365148
873 3425 0.009344208720470116
873 3440 -0.5519582682427282
873 3455 0.11968395198225852
873 3470 0.1993778299973637
873 3485 0.22141590397802213
873 3500 0.09663150701770966
873 3365 -0.22801560090899672
873 3380 -0.9983137506556085
873 3395 0.5161179997520383
873 3410 -0.2977838669550568
874 875 -0.02454567139094496
874 889 -0.11047144465860782
874 3605 -0.13383617173277765
874 3620 0.7788854943801672
874 3635 -0.23618705678786348
874 3650 -0.9475864603130659
874 3665 0.1851027465097006
874 3680 0.41299815733572565
874 3515 -0.37751070112885626
874 3530 1.0
874 3545 -0.11379196460033691
874 3560 0.22881598373505638
874 3575 -0.8254541998731493
874 3590 0.21247042179140754
875 890 -0.04879232002546912
875 3785 -0.34295690289432207
875 3800 -0.11827190624642477
875 3815 -0.21111537605417874
875 3830 -0.002765972317592357
875 3845 0.23499611969073134
875 3860 0.05739698335231701
875 3695 0.3020196038788591
875 3710 -0.6055958220088551
875 3725 0.6458079474231163
875 3740 0.692889490896611
875 3755 -0.3495616819765856
875 3770 0.5178935763926087
888 889 0.07157340588211722
888 3425 0.21487182769349134
888 3440 -0.3299584030477362
888 3455 0.014959537774765807
888 3470 -0.23411557342360767
888 3485 0.22405247846687568
888 3500 -0.11533109599164156
888 3365 0.4032122080256353
888 3380 0.08471874711177191
888 3395 -0.07864521923099736
888 3410 0.028106474083239436
889 890 0.15578452975712873
889 3605 -0.35422987710194903
889 3620 0.18233092681484467
889 3635 -0.41565934632540347
889 3650 -0.19133361876302288
889 3665 -0.1774917421974608
889 3680 0.41401301461945983
889 3515 0.7747901573374115
889 3530 -0.08728794846237295
889 3545 0.00734207805848455
889 3560 0.15684416702715268
889 3575 0.37337745861618254
889 3590 0.19450415400885995
890 3785 0.447609160063711
890 3800 -0.5628208851119323
890 3815 -0.3485662743221691
890 3830 -0.48344071359243085
890 3845 0.4431824920347709
890 3860 -0.33304182218177736
890 3695 -0.04671580190113146
890 3710 -0.21441688305410725
890 3725 -0.11599672221285062
890 3740 -0.14850943823077778
890 3755 0.1372070059301084
890 3770 -0.2485461776813954
903 904 0.034697186403607534
903 918 0.23047067716789954
903 3425 -0.4262748576507668
903 3440 0.3011629230159319
903 3365 0.6827647292486436
903 3380 0.0924517188679649
903 3395 0.007748769851474782
903 3410 0.2504279020193419
904 905 -0.4018932700031313
904 919 -0.2787237958937871
904 3605 0.8499654152956551
904 3620 0.6474492236277243
904 3455 0.9886857588063455
904 3470 0.18738467411980403
904 3485 0.31296715360282623
904 3500 -0.4452897061898923
904 3515 0.45860907455250466
904 3530 -0.23172131859901393
904 3545 0.5190394577829631
904 3560 -0.7719133443263148
904 3575 0.8173748295919246
904 3590 -0.5892390611346017
905 920 0.24070175891573872
905 3785 -0.46773714477284345
905 3800 0.050287045974682795
905 3635 0.3525813691211474
905 3650 -0.7375635897198569
905 3665 0.4151336600299332
905 3680 0.511331125989109
905 3695 -0.7175587022154617
905 3710 -0.2128649676691701
905 3725 -0.03955005453496934
905 3740 -0.5719223712426691
905 3755 -0.43748330861825535
905 3770 0.42369605505009
918 919 0.051176917789459854
918 3425 -0.1431830525705974
918 3440 -0.3401755267459871
918 3365 -0.018591224986085085
918 3380 -0.16539331964646586
918 3395 0.483829708053804
918 3410 -0.441652121305377
919 920 -0.5252891888867952
919 3605 -0.1953819801820423
919 3620 -0.7888756445794034
919 3455 -0.2805104179173575
919 3470 0.5545020522859844
919 3485 0.9850416368678874
919 3500 -0.724698755646741
919 3515 0.2509286865531894
919 3530 0.3365787854506136
919 3545 -0.041371168027351204
919 3560 0.0031564744094944998
919 3575 0.2901882071823043
919 3590 -0.04549887017939944
920 3785 0.6167892004220837
920 3800 0.23583406120587602
920 3635 0.3142084785522752
920 3650 -0.4237236557982348
920 3665 -0.32680594603763685
920 3680 0.3049803354016228
920 3695 -0.195865050578068
920 3710 0.17621116928379094
920 3725 -0.0038189860821522723
920 3740 -0.3519020372555401
920 3755 1.0
920 3770 -0.1298698455356433
933 934 0.18359763348128436
933 948 -0.4236089978998848
933 3425 -0.35245003562613453
933 3440 -0.4429063488657463
933 3365 -0.43432894091667895
933 3380 -0.8430630657127655
933 3395 0.5027596319748984
933 3410 -0.5273847296559152
934 935 -0.49933574074682197
934 949 0.22289067419836767
934 3605 -0.5986007059428473
934 3620 -0.3411095185617827
934 3455 -0.3089687990196543
934 3470 0.658588043074896
934 3486 0.3457933995951694
934 3501 -0.3033188022159945
934 3516 0.04008635400934193
934 3531 0.3735398460484836
934 3545 -0.5116579534081259
934 3560 0.6086164947625151
934 3575 -0.40274779176049536
934 3590 -0.13829159406821773
935 950 -0.1377435406283933
935 3785 -0.14313758713042132
935 3800 0.1996319616474836
935 3635 -0.4970017976815627
935 3650 -1.0
935 3666 -0.4991459183735032
935 3681 0.7200403342825257
935 3696 -0.26148808861356154
935 3711 -0.08506676592201345
935 3725 -0.2734364879405472
935 3740 0.4575685017391176
935 3755 0.44662809515891677
935 3770 0.1571301533648757
948 949 0.11610258766007484
948 3425 0.12582195796696835
948 3440 0.8447367281867686
948 3365 0.352237723101981
948 3380 0.2550209802505313
948 3395 -0.4066687909042504
948 3410 0.049485201119595736
949 950 -0.7834977931272779
949 3605 -0.11619722074626122
949 3620 0.4537672557255776
949 3455 0.3754879694173248
949 3470 1.0
949 3486 0.5903270994874884
949 3501 -0.2779681560373058
949 3516 -0.025822918653911446
949 3531 0.23981299086510713
949 3545 -0.03698032781749455
949 3560 -0.03477622782465287
949 3575 -0.41092299606357247
949 3590 -0.05128508477849928
950 3785 0.537236303619493
950 3800 0.2997630478125562
950 3635 1.0
950 3650 -0.48307259356946636
950 3666 -0.05757327914081912
950 3681 -0.4861326475167317
950 3696 -0.8090836836490641
950 3711 -0.3696771640379384
950 3725 0.5660003063282919
950 3740 -0.16949632204837026
950 3755 0.3118223418007069
950 3770 0.35023493463114574
963 964 -0.1549580587084162
963 978 -0.018092507242406672
963 3425 0.1946723088952116
963 3440 -0.0636961209990661
963 3455 0.6159365381591675
963 3470 0.15049129694430605
963 3486 -0.016477630922481584
963 3501 -0.5731145378575149
963 3516 -0.23323821875265258
963 3531 -0.8338817497036519
963 3545 0.28143851550709953
963 3560 0.3340447678572145
963 3395 -0.5303734357623718
963 3410 0.19795593206814366
964 965 0.30244332945071023
964 979 0.3293826045135264
964 3605 0.8090635372050323
964 3620 -0.29537471976705276
964 3635 0.569136506168783
964 3650 -0.4659703305455295
964 3666 0.22519199675462825
964 3681 0.12337239506941311
964 3696 0.07199576981813433
964 3711 0.6407783626370946
964 3725 0.2996412707286685
964 3740 0.33307260444164993
964 3575 0.15308353237440855
964 3590 0.05713746945799661
965 980 -0.9560462691828547
965 3785 -0.20498815371710666
965 3800 -0.032899958223087916
965 3815 -0.3956204721745685
965 3830 0.4526425701867032
965 3846 0.1657900593370797
965 3861 -0.06403846553036156
965 3876 0.07008319259173687
965 3891 1.0
965 3755 -1.0
965 3770 0.13269282926900258
978 979 -0.988018867696575
978 3425 -0.33408062635347474
978 3440 -0.8559294307349016
978 3455 -1.0
978 3470 -0.14969068373759206
978 3486 -0.07593720797162629
978 3501 0.2557874539990518
978 3516 -0.7792001449430735
978 3531 -0.02932322349565323
978 3545 0.7489370218959772
978 3560 -0.2411160040653847
978 3395 -0.13280257482545618
978 3410 -0.43607446778880105
979 980 -0.3180665320463042
979 3605 0.5919402203134345
979 3620 -0.08853226225934378
979 3635 -0.11852057475980039
979 3650 -1.0
979 3666 0.4420236171706596
979 3681 -0.45885024711117034
979 3696 0.3903855071388532
979 3711 0.7071286375541125
979 3725 1.0
979 3740 0.5229185714355461
979 3575 0.060275131601580316
979 3590 -0.3461125314643563
980 3785 0.1946898116544845
980 3800 0.9580959068627256
980 3815 -0.3909594359574164
980 3830 0.5049355227945166
980 3846 -0.557703445118393
980 3861 0.6169311933983088
980 3876 0.08292207607224598
980 3891 -0.26762058336074784
980 3755 0.17712471703315352
980 3770 -0.03939676398571989
993 994 -0.11593344179085317
993 1008 0.06227276535603798
993 3426 -0.4366739978936716
993 3441 -0.29138126339186265
993 3456 0.11221812703280244
993 3471 -0.043937417222461375
993 3486 0.1812552795196684
993 3501 -0.3017133039804393
993 3516 0.006479846736481457
993 3531 0.06333043565186684
993 3545 0.6709811664338842
993 3560 -0.12934920329818841
993 3395 -0.27074520015313996
993 3410 -0.24348747862907688
994 995 1.0
994 1009 -0.35298694818313264
994 3606 -0.8795689261117641
994 3621 0.0849816639860463
994 3636 0.6852979430843409
994 3651 -0.4967309640813607
994 3666 0.17976712440792578
994 3681 0.5029783371976613
994 3696 -0.20039391187583291
994 3711 -0.11716677322762065
994 3725 -0.5607292400085433
994 3740 -0.3427907178856701
994 3575 -0.08968830968587935
994 3590 -0.570270338623496
995 1010 -0.45301037186679544
995 3786 0.61199244357757
995 3801 0.5767977246621723
995 3816 0.22148641614061632
995 3831 0.25531299210360275
995 3846 -0.14097378178418762
995 3861 -0.5207474996270315
995 3876 0.44201341869604704
995 3891 -0.11809111447695216
995 3755 -0.11189252758713979
995 3770 0.06996644977651974
1008 1009 -0.4013602969455235
1008 3426 -0.5832542725936295
1008 3441 0.8807092328061916
1008 3456 0.18001318316651022
1008 3471 -0.05821706593562333
1008 3486 0.6573903962868209
1008 3501 -0.05733513537441189
1008 3516 0.4795951466332814
1008 3531 -0.6380232097530419
1008 3545 0.6700604607226431
1008 3560 -0.006623844252753564
1008 3395 -0.2299538888221394
1008 3410 -0.5082817426439534
1009 1010 -0.3594442727730698
1009 3606 -0.6805978330512179
1009 3621 -0.68301135119146
1009 3636 0.07791500119515628
1009 3651 -0.15418203476390535
1009 3666 0.27395682621742484
1009 3681 0.05420187194929803
1009 3696 0.620069176051413
1009 3711 0.49106743704889716
1009 3725 0.4783136577734106
1009 3740 0.013061728457963656
1009 3575 -0.5355007012837417
1009 3590 -0.23284168476846054
1010 3786 -0.5691567982361603
1010 3801 0.387981076539156
1010 3816 -0.6979882257801736
1010 3831 -0.34278538042880025
1010 3846 0.7691860376028801
1010 3861 0.13988131549998184
1010 3876 -0.6207290250523517
1010 3891 0.0774946431362368
1010 3755 0.18019519905178005
1010 3770 0.6320268753226764
1023 1024 0.9333782213643628
1023 1038 -0.2164840917619688
1023 3426 0.7803776206159041
1023 3441 0.8520750594375301
1023 3456 -0.27663375497656756
1023 3471 0.2781571851999603
1023 3486 0.07626458382292146
1023 3501 0.28889956154280205
1023 3365 -0.08219210408373703
1023 3380 -0.13421317733756774
1023 3395 0.520305233621208
1023 3410 0.20903317331102386
1024 1025 -0.8909579251453452
1024 1039 0.30387992496782446
1024 3606 0.11824681994662217
1024 3621 -0.9466385073465226
1024 3636 -0.8695619126509077
1024 3651 -0.3554472359820877
1024 3666 0.25577038368311783
1024 3681 0.39529372578728483
1024 3516 -0.2736009624867806
1024 3531 0.407991862024351
1024 3545 0.33290831002244964
1024 3560 0.26279645525580014
1024 3575 0.1944278278390803
1024 3590 -0.3332519256633648
1025 1040 0.6922039990407596
1025 3786 -0.235884472250391
1025 3801 -0.506199092893065
1025 3816 0.016190217625889066
1025 3831 -0.44503235371214206
1025 3846 0.2300584754880704
1025 3861 0.7333671249444341
1025 3696 -0.32632319789740394
1025 3711 0.05373880915667701
1025 3725 -0.1794830194275742
1025 3740 -0.23753580938894883
1025 3755 0.18091463556128803
1025 3770 0.25982264030568475
1038 1039 0.1886939417081116
1038 3426 0.599585654450827
1038 3441 -0.7531802545886775
1038 3456 -0.4844029470812124
1038 3471 -0.29952179137811324
1038 3486 0.2955259018742157
1038 3501 -0.38869790159889467
1038 3365 -0.4548388583753169
1038 3380 0.7082292964980772
1038 3395 -0.3804009261071436
1038 3410 -0.7823076406205703
1039 1040 0.8540294868590702
1039 3606 -0.4226919660845879
1039 3621 0.09554588213210141
1039 3636 -0.9452575714553054
1039 3651 0.5885321199290247
1039 3666 0.4619141717450819
1039 3681 0.6631496592631152
1039 3516 -0.9298824122124748
1039 3531 -0.26373877407986374
1039 3545 -0.4757361510587308
1039 3560 -0.9836477910129477
1039 3575 0.9512487704071381
1039 3590 -0.5632740973561192
1040 3786 0.46275658195639713
1040 3801 0.059479010919617076
1040 3816 -0.6079790739470646
1040 3831 0.8643462041069051
1040 3846 -0.3535757711619721
1040 3861 -0.4805149708802199
1040 3696 0.11230389541188557
1040 3711 -0.030930757996404688
1040 3725 -0.04881453139216185
1040 3740 -0.2967633072688586
1040 3755 -0.07389356150588708
1040 3770 -0.2914333301501724
1053 1054 0.19394150080652955
1053 1068 -0.36093244192156965
1053 3426 0.22571259420139736
1053 3441 -0.518531791390222
1053 3456 -1.0
1053 3471 -0.200390257466079
1053 3486 0.10959063222855524
1053 3501 0.33592542339902143
1053 3366 0.45783950081347163
1053 3381 0.5275721094602649
1053 3396 0.8409280858087368
1053 3411 -0.4022840275082461
1054 1055 -0.02229050043265838
1054 1069 -0.431253141521922
1054 3606 -0.6687597054004458
1054 3621 0.544429630614174
1054 3636 -0.07198791252876471
1054 3651 -0.14134078638158198
1054 3666 -0.3473186816811648
1054 3681 0.6680608286931601
1054 3516 -0.3267788033074
1054 3531 0.5328267194414132
1054 3546 1.0
1054 3561 0.22919407362673241
1054 3576 1.0
1054 3591 -0.7358337912500058
1055 1070 0.697017739023065
1055 3786 -0.3100069631562386
1055 3801 0.16197601462307418
1055 3816 0.12545514539719915
1055 3831 -0.666320111710791
1055 3846 -0.15174787538500004
1055 3861 0.2832655503619843
1055 3696 -0.7078597179751127
1055 3711 -0.3626347218658742
1055 3726 0.3555448509809961
1055 3741 -0.09459479831820707
1055 3756 -0.441944389941769
1055 3771 -0.818211162440919
1068 1069 -1.0
1068 3426 0.09626790627784704
1068 3441 0.010317769052565333
1068 3456 -0.07435817706921422
1068 3471 -0.8137112022149537
1068 3486 0.3183756425190458
1068 3501 0.3956849275563832
1068 3366 0.3740109298640406
1068 3381 -0.3915339991232098
1068 3396 0.42355740317697765
1068 3411 0.3245354666874733
1069 1070 0.6405324256068073
1069 3606 0.15157726213094125
1069 3621 1.0
1069 3636 -0.3570413859302831
1069 3651 -0.428833510604596
1069 3666 -0.5784852320725407
1069 3681 0.6245536820844997
1069 3516 -0.9358021880680317
1069 3531 0.24974568574127096
1069 3546 0.0539142320397289
1069 3561 0.07382767531591984
1069 3576 0.055024379923335726
1069 3591 -0.15951293645491424
1070 3786 -0.09496089124164311
1070 3801 0.2087526683160051
1070 3816 -0.5615000537852348
1070 3831 -1.0
1070 3846 -0.233764673654924
1070 3861 0.3793165087574553
1070 3696 -0.3545560537696294
1070 3711 0.08969155347487778
1070 3726 -0.13511200358226508
1070 3741 0.5862646890379335
1070 3756 0.7746592634335389
1070 3771 -0.8142944361998099
1083 1084 0.4494780627468957
1083 1098 -0.9109969755388919
1083 3426 -0.13190230783499093
1083 3441 0.1273406418404415
1083 3366 -0.2966184444921018
1083 3381 -0.16279242572708313
1083 3396 0.7822985693648056
1083 3411 -0.4919371931789151
1084 1085 -0.9767078987125529
1084 1099 0.4300139128192115
1084 3606 0.040592642118105426
1084 3621 0.6165294902989366
1084 3456 -0.06687278118920921
1084 3471 0.4450077255060361
1084 3486 -0.5427967084791585
1084 3501 -0.1219682855162375
1084 3516 -0.8593942023554146
1084 3531 0.9942127468754838
1084 3546 0.19766781850234927
1084 3561 0.050205302493911176
1084 3576 -0.10038613650789087
1084 3591 -0.03838636226925017
1085 1100 -0.6330035778491663
1085 3786 -0.8613113121345146
1085 3801 0.39154286428394863
1085 3636 -0.2642145356637321
1085 3651 0.3877288749140003
1085 3666 0.2967429373052579
1085 3681 0.1986906387779529
1085 3696 -0.3724793416658824
1085 3711 -0.14491502481754456
1085 3726 -0.018299927486436985
1085 3741 0.330453993349626
1085 3756 0.6567574931813767
1085 3771 0.7676717808982447
1098 1099 -0.39076494456216765
1098 3426 -0.31039049358930115
1098 3441 -0.47185262779410375
1098 3366 0.8342481693075414
1098 3381 0.6312158933533752
1098 3396 0.5724519066051952
1098 3411 0.18959477014493922
1099 1100 0.13326393589937896
1099 3606 0.3497280066287185
1099 3621 0.0511625288060128
1099 3456 -0.46335405342995534
1099 3471 -0.2940494008751155
1099 3486 -0.008255335794272954
1099 3501 -0.720609042634782
1099 3516 0.4910053368941057
1099 3531 0.5179354013711301
1099 3546 -0.5365477462029147
1099 3561 0.7977936057760184
1099 3576 -0.0821304717700411
1099 3591 0.34622481606362143
1100 3786 0.32387819887919217
1100 3801 0.2133379568686682
1100 3636 -0.3360525927008227
1100 3651 0.2144787114535603
1100 3666 -0.48446134678798686
1100 3681 -0.33983520984793636
1100 3696 -0.4104589293990223
1100 3711 0.5060291873094966
1100 3726 -0.12444128943245235
1100 3741 -0.5440355499642481
1100 3756 -0.01804107225361067
1100 3771 -0.38574099824129393
1113 1114 0.29472449085238256
1113 1128 -0.007985469481072231
1113 3426 0.436865906247873
1113 3441 -0.2675512941787707
1113 3366 -0.7118574758408492
1113 3381 0.3522401101637443
1113 3396 0.5991700611022927
1113 3411 -0.3129215527298932
1114 1115 -0.4004384553581084
1114 1129 -0.20110560475154415
1114 3606 0.27078156004977866
1114 3621 0.16619705967337434
1114 3456 -0.0013612251332876376
1114 3471 -0.4550701300341405
1114 3546 -0.059518953812812816
1114 3561 0.605836235971756
1114 3576 0.06524929084744395
1114 3591 0.04501875931074365
1115 1130 0.1775075403707021
1115 3786 0.6476733238847604
1115 3801 -0.8250488993524218
1115 3636 0.6529391788513808
1115 3651 -0.16061873748963465
1115 3726 -0.061359084681737536
1115 3741 -0.30871619131128664
1115 3756 0.5726059518791283
1115 3771 0.21578096263797994
1128 1129 0.2227218876923483
1128 3426 0.46522689435155007
1128 3441 -0.5123991013540764
1128 3366 -0.5543582488157588
1128 3381 0.6125954004512314
1128 3396 0.4586797260524058
1128 3411 -0.17893019842033017
1129 1130 0.1739435401461475
1129 3606 -0.02369564958903281
1129 3621 -0.4968038739761599
1129 3456 -0.14525711939009417
1129 3471 -0.38725873332892663
1129 3546 0.5289761219558949
1129 3561 -0.5474912346861617
1129 3576 0.07816716416202715
1129 3591 -0.26101362339378836
1130 3786 -0.041798414044681355
1130 3801 -0.06478303694151372
1130 3636 0.25123322407989984
1130 3651 -0.5317190581076575
1130 3726 0.21348345868080507
1130 3741 -0.2650784219878406
1130 3756 -0.005880941938514287
1130 3771 -0.014192024588542127
3364 3365 0.5221470061796654
3364 3379 -0.1211431825279338
3365 3366 -0.5023751747439145
3365 3380 0.8508536275210643
3366 3381 0.7197907751529861
3379 3380 -0.5607266628104117
3380 3381 0.023037042185200782
3394 3395 0.5594945506134766
3394 3409 0.06398001144901352
3395 3396 -0.650934792496095
3395 3410 -0.46431683018307407
3396 3411 0.37077380751932243
3409 3410 0.41799759043492235
3410 3411 -0.7837288100554632
3424 3425 -0.1278921037217974
3424 3439 -0.6086600988502197
3425 3426 0.08318633267249241
3425 3440 0.2849627949084249
3426 3441 0.022844599503280445
3439 3440 -0.01201588059807164
3440 3441 0.7897134136856805
3454 3455 -0.24624433135362103
3454 3469 -0.44529586066283994
3455 3456 0.764979242833324
3455 3470 -0.14204968225210562
3456 3471 -0.5505166259594627
3469 3470 -0.1014814506104353
3470 3471 -0.7326843017429978
3484 3485 -0.4907923120225866
3484 3499 0.9076962773728952
3485 3486 -0.13128556216520076
3485 3500 0.32108478988670835
3486 3501 0.3170059891907022
3499 3500 -0.21516533708331506
3500 3501 -0.44822449277146365
3514 3515 -0.251882155774951
3514 3529 0.00861332935044313
3515 3516 0.5843282095803085
3515 3530 0.19499673372120552
3516 3531 0.3459137110581117
3529 3530 -0.1422170519981153
3530 3531 -0.9165210770770835
3544 3545 -0.3318799219509449
3544 3559 -0.8392100394037934
3545 3546 0.48760975893868774
3545 3560 -0.09639716678353305
3546 3561 -0.5935517216881337
3559 3560 -0.07584981422932227
3560 3561 -0.3239329942483971
3574 3575 -0.47728869134846824
3574 3589 0.0946782753338226
3575 3576 -0.06264190688477422
3575 3590 -0.32141545119003734
3576 3591 0.2315812672366346
3589 3590 0.3791015528795941
3590 3591 0.010430955072334472
3604 3605 -0.5724734591316085
3604 3619 -0.3898276705165729
3605 3606 0.11187833173691
3605 3620 -0.32435468474502194
3606 3621 0.1418264062182285
3619 3620 0.1497772075492172
3620 3621 0.05285816550041449
3634 3635 -0.13397621852058997
3634 3649 -0.32602475382280416
3635 3636 0.1592878160571753
3635 3650 0.4613362649909561
3636 3651 0.4664680942853471
3649 3650 0.5005402157519485
3650 3651 -0.2645633256890167
3664 3665 0.21310798924167562
3664 3679 -0.6866866527802216
3665 3666 0.17669756987253818
3665 3680 -0.210155756938977
3666 3681 0.5369352180814992
3679 3680 -1.0
3680 3681 -0.13171141166777142
3694 3695 -0.7881787678280201
3694 3709 -0.6786736812675537
3695 3696 -0.8406156934603632
3695 3710 -0.2745465975216627
3696 3711 -0.04673158105870894
3709 3710 0.33871836038016845
3710 3711 -0.3050977916703968
3724 3725 0.42304896380352086
3724 3739 0.04330098515357042
3725 3726 0.1705105345334378
3725 3740 0.8363057698653784
3726 3741 -0.6387704129115843
3739 3740 0.016944226539526742
3740 3741 0.8435351781174264
3754 3755 0.5705221787953877
3754 3769 -0.05927003099775072
3755 3756 0.1568066133038544
3755 3770 0.10920246882531438
3756 3771 -0.19332641993060434
3769 3770 0.6005547029839838
3770 3771 0.24110583835403554
3784 3785 0.3720018724385665
3784 3799 -0.07038198457185273
3785 3786 -0.1452304888660395
3785 3800 0.15424961214388855
3786 3801 0.26899247867531734
3799 3800 0.9839277393218891
3800 3801 0.668145394207591
3814 3815 0.08495121100009935
3814 3829 -0.363019398827368
3815 3816 -0.021670557819838343
3815 3830 0.03857170806500482
3816 3831 -0.15084414368459256
3829 3830 0.25132189081647466
3830 3831 -0.6220451231626175
3844 3845 -1.0
3844 3859 -0.18722177744288115
3845 3846 -0.4650254050921296
3845 3860 0.9573976922420775
3846 3861 -0.1715053334273362
3859 3860 0.1111777132066978
3860 3861 -0.017117061230029214
3874 3875 0.343818311065715
3874 3889 0.6916047068195992
3875 3876 0.11935033349259241
3875 3890 0.0708916301260425
3876 3891 0.4360083883036893
3889 3890 0.26517375990580566
3890 3891 0.6471941240906547
