# 
603 603 0.3777172703279333
604 604 -0.9459939990571187
605 605 0.7066487939606195
618 618 1.474772838019944
619 619 -0.19202692626427031
620 620 0.14400433592877365
633 633 -0.9931443106111747
634 634 -1.234602187816948
635 635 0.6723344458054147
648 648 0.6050694324780682
649 649 -0.3170565693941105
650 650 1.0889596687384353
663 663 1.9814814181199798
664 664 -0.18622049452333808
665 665 0.5045114984850764
678 678 0.11431917025367334
679 679 -1.207975880049757
680 680 0.05970080682775348
693 693 1.066885850862741
694 694 0.12109123423675945
695 695 -1.2196408886451944
708 708 -0.0840994095391448
709 709 -0.15396448851585354
710 710 -0.7015606056805131
723 723 -0.3294048732133593
724 724 0.43685774072891836
725 725 -0.8012522393915731
738 738 0.6870646107367915
739 739 -1.2305138320899145
740 740 0.6936287669120883
753 753 -1.5796972139853263
754 754 -0.6217481015328012
755 755 -0.399776726388843
768 768 2.115609965412462
769 769 -0.6282125527627188
770 770 1.1456746351885112
783 783 -0.20789809042253185
784 784 0.4668148639002329
785 785 0.6152981521479971
798 798 -0.872748501840171
799 799 0.9607247217157983
800 800 -0.6205875763803389
813 813 -0.12582545713426532
814 814 0.7580718943422549
815 815 0.25234599476759983
828 828 -0.13863596540800893
829 829 -0.7063001087496733
830 830 0.7977282318945312
843 843 0.11012128010987697
844 844 1.9218827800093465
845 845 0.8186883570982487
858 858 0.36454484194988224
859 859 2.504694216026068
860 860 -1.9502457482135935
873 873 -0.28921794078514296
874 874 0.1514674707920173
875 875 1.1691545712070879
888 888 0.9411552805261097
889 889 1.1653420819292395
890 890 0.38651045137601164
903 903 -0.5861330005821447
904 904 1.0219965583883168
905 905 -1.1683121167119606
918 918 1.1240676296473775
919 919 1.4580453400971876
920 920 0.6314505849193698
933 933 -0.06774815650086939
934 934 -0.0526949168794448
935 935 0.1756230614457889
948 948 0.16815661133416568
949 949 -1.7815625403565316
950 950 0.23926507598509925
963 963 0.3114010057569761
964 964 0.5337873844602925
965 965 -0.8083406598607676
978 978 -0.6271243190068727
979 979 0.29208035881540584
980 980 -0.9466249563090182
993 993 0.3033117557362953
994 994 -1.7640072765013282
995 995 0.6173655143153486
1008 1008 0.31988276628488505
1009 1009 -0.23563519074761854
1010 1010 0.5068443868671464
1023 1023 0.4219505411981046
1024 1024 0.21586675026474392
1025 1025 -0.3361244729951755
1038 1038 -0.24187104096057224
1039 1039 -1.0657391589333236
1040 1040 -0.6565152606855326
1053 1053 2.3040760716036015
1054 1054 0.020793915068584048
1055 1055 0.07950896360843819
1068 1068 -1.860062562415255
1069 1069 1.3100665134641736
1070 1070 0.7294998608261458
1083 1083 2.0794707257168525
1084 1084 1.1546176813584172
1085 1085 2.9068742997328894
1098 1098 1.21597044452741
1099 1099 -1.9402630895889335
1100 1100 0.36146751694066226
1113 1113 0.05669467115751704
1114 1114 -0.3731163954117463
1115 1115 0.3729672655364193
1128 1128 0.8121036715432844
1129 1129 0.5381962289061207
1130 1130 -0.5798062379854089
3364 3364 0.5453741930692811
3365 3365 0.044728581235367576
3366 3366 -1.069761222016789
3379 3379 1.2920617738559934
3380 3380 0.42859196021753077
3381 3381 -1.0228031070370789
3394 3394 -0.2179988635270189
3395 3395 0.8109511795172586
3396 3396 0.3800922436633996
3409 3409 1.309502566397425
3410 3410 0.15860474549706025
3411 3411 -1.0854617002810654
3424 3424 -0.5547846881497498
3425 3425 0.06786453960433075
3426 3426 1.3219478842372565
3439 3439 0.11920711063584338
3440 3440 -1.4023556161339756
3441 3441 2.047746397811377
3454 3454 -1.4800911353087685
3455 3455 -2.47133699824977
3456 3456 0.2944159129060811
3469 3469 0.8305881610923557
3470 3470 -1.2069191271818036
3471 3471 -0.30312221308256265
3484 3484 0.16771730775233298
3485 3485 -0.0020545984283814006
3486 3486 0.17316087544612072
3499 3499 -0.8788398837385683
3500 3500 1.8543737531872084
3501 3501 0.09074670671923218
3514 3514 -0.991435045296643
3515 3515 -0.5563932754300566
3516 3516 -0.6224077069741696
3529 3529 -0.3851971520772875
3530 3530 0.05298238504298727
3531 3531 -0.2788894580870428
3544 3544 0.30291387931842934
3545 3545 -0.5038957665457804
3546 3546 -0.2984747239218066
3559 3559 -0.41494546120036474
3560 3560 -0.7469564620850618
3561 3561 0.9951064364936217
3574 3574 0.9372862278318316
3575 3575 1.8640487261708345
3576 3576 -0.9723339698658532
3589 3589 -0.45852558184810366
3590 3590 1.8693837604779224
3591 3591 0.7370838149313934
3604 3604 0.034550114462237075
3605 3605 -0.0023525821648963776
3606 3606 1.3435535116789679
3619 3619 -0.0509748154456332
3620 3620 0.06649030382148093
3621 3621 0.11342680323639343
3634 3634 -0.05161471081132237
3635 3635 0.6984413062339975
3636 3636 1.0189902236908952
3649 3649 -0.19847454000417902
3650 3650 0.6875313041781318
3651 3651 -1.7094899305246951
3664 3664 1.2379468622946506
3665 3665 0.651020846456749
3666 3666 0.3599541495484916
3679 3679 -0.12148377920836831
3680 3680 0.4145777343537451
3681 3681 0.17748668133629172
3694 3694 -0.014730550481196304
3695 3695 0.4066811077999334
3696 3696 -1.9268972151116608
3709 3709 1.1143268958266839
3710 3710 0.2207828502879578
3711 3711 0.5729427732019435
3724 3724 0.5336336727148349
3725 3725 -0.5142107586558294
3726 3726 1.1688255761526263
3739 3739 -0.18359034526437573
3740 3740 -0.5298882946581894
3741 3741 0.28414099604403154
3754 3754 -0.7984828213346469
3755 3755 0.4928526336883769
3756 3756 -0.15073143630404864
3769 3769 -1.1541143508329965
3770 3770 -0.6076584070370323
3771 3771 -1.4536106938162574
3784 3784 0.9517425785480819
3785 3785 0.8165324491736973
3786 3786 -0.3164039708037275
3799 3799 -1.588973172344702
3800 3800 -0.8097759363036987
3801 3801 0.25305644556344187
3814 3814 0.17570843806290162
3815 3815 0.275696363881745
3816 3816 0.8565458059349624
3829 3829 1.7781899580224991
3830 3830 -0.8930490446271697
3831 3831 -1.2976655940487696
3844 3844 -0.3365962735554964
3845 3845 -1.5866113410140676
3846 3846 -1.9433934521732021
3859 3859 0.013232438846722597
3860 3860 -1.081706928369114
3861 3861 1.7462616094687382
3874 3874 -0.21706139561170354
3875 3875 -1.1794313073589797
3876 3876 -1.8092530346959936
3889 3889 -1.8659344335876642
3890 3890 0.6386615926302581
3891 3891 1.8024375646587882
603 604 -0.1216551126780726
603 618 0.48668249180037054
603 3484 0.13301889450010232
603 3499 -0.10276011736693873
603 3514 0.18886206694146962
603 3529 -1.0
604 605 0.4456590037093244
604 619 0.26414708076894233
604 3664 -0.04047448425755458
604 3679 -1.0
604 3694 -0.09274370697294783
604 3709 0.03344905688877708
605 620 -0.46865015750551164
605 3844 0.2641417999328264
605 3859 0.10002616923178488
605 3874 0.34633916609038234
605 3889 -0.7280563849634897
618 619 -0.29063174686244386
618 3484 -0.1720119244747883
618 3499 0.15522141206211015
618 3514 -0.8726799969634529
618 3529 0.1150330897687586
619 620 -0.17801999809924704
619 3664 1.0
619 3679 0.5198534326491289
619 3694 1.0
619 3709 0.49584685694270814
620 3844 0.5034083617091912
620 3859 -0.5453221385681494
620 3874 -0.09665498206025586
620 3889 -0.5763863324412478
633 634 -0.3683985951229315
633 648 -0.0226905097475139
633 3424 -0.2786373518557386
633 3439 0.2758406031363131
633 3454 -0.5903253860294905
633 3469 1.0
633 3484 0.7748025658370864
633 3499 1.0
633 3514 0.2936067493449218
633 3529 0.253862029580358
634 635 -0.14416985620565018
634 649 0.658252468391943
634 3604 -0.2326482483564591
634 3619 -0.3391602934416985
634 3634 -0.2649671744471411
634 3649 0.6539284443014477
634 3664 -0.14457339848209247
634 3679 -0.03732883046086931
634 3694 -0.2674642593256306
634 3709 0.7748809469295374
635 650 -0.1584669721304565
635 3784 0.2283417715704087
635 3799 -0.48611625455346363
635 3814 0.036754296731565286
635 3829 0.1661241080418951
635 3844 -0.21119684936060276
635 3859 0.1295150207812896
635 3874 0.2316082502091646
635 3889 0.7579757503618993
648 649 0.19390051939123257
648 3424 0.1076358960346023
648 3439 0.6566758798245862
648 3454 0.4374715420309382
648 3469 -0.14564156485340263
648 3484 0.2567514380025452
648 3499 -0.6437051769110945
648 3514 -0.6377338265543516
648 3529 -0.5894762449135745
649 650 0.9560744497812328
649 3604 0.22589304557213213
649 3619 -0.0478179608636105
649 3634 -1.0
649 3649 -0.7157806434494435
649 3664 -0.22031985350192498
649 3679 -0.4163184814434215
649 3694 -0.6296659128015557
649 3709 0.4402734964056083
650 3784 0.45762144919118686
650 3799 0.5134723079935777
650 3814 0.36412722646787155
650 3829 0.3198260410590089
650 3844 -0.17830562705659056
650 3859 0.18466024182975246
650 3874 0.24249703963775815
650 3889 -0.8111869002521844
663 664 0.7199027369155232
663 678 0.24974647023192004
663 3424 0.7452868424767163
663 3439 0.26424460920795245
663 3454 -0.2437666469089443
663 3469 -0.44412063737492674
663 3484 0.17697414874438325
663 3499 -0.5197193325790979
664 665 0.9120920474768153
664 679 0.20840766911635242
664 3604 0.4880304153818059
664 3619 -0.32491198830944196
664 3634 -0.013752185003116237
664 3649 -0.2893260311696684
664 3664 0.6241528708951719
664 3679 0.3295433810239453
664 3514 -0.057246755542362936
664 3529 -0.0865256867530464
665 680 -0.6383129824556167
665 3784 -0.5552964217850105
665 3799 0.499197517708377
665 3814 0.708552023460667
665 3829 -0.1301998461698396
665 3844 0.8765204981288744
665 3859 0.0921432919182125
665 3694 0.014228623139136743
665 3709 0.22666639690038215
678 679 -0.4378594341675087
678 3424 0.5482413503933302
678 3439 -0.1650361476768326
678 3454 0.013795940823418885
678 3469 -0.4582929847270129
678 3484 -0.2902186531553455
678 3499 -0.40974330152959365
679 680 -0.33898506916727567
679 3604 -0.23218404780208765
679 3619 0.33295340305850224
679 3634 -0.13543776643348004
679 3649 0.41854962643718907
679 3664 0.7950667203075347
679 3679 -0.6008806550786562
679 3514 -0.6185573090145361
679 3529 -0.04116883962575672
680 3784 0.5777693840421199
680 3799 -0.2941305993833539
680 3814 0.44004422835937446
680 3829 0.6044687624973734
680 3844 0.4582911501149125
680 3859 -0.2541238909584443
680 3694 -0.648048240009984
680 3709 -1.0
693 694 0.2701199070040082
693 708 0.06019735729958152
693 3424 -0.32042855323361746
693 3439 -0.44039802213859364
693 3454 0.12556380412264234
693 3469 0.691198543263965
693 3484 -0.28026149685488894
693 3499 0.31665026230714916
693 3364 -0.616791778217512
693 3379 0.2479606178414464
693 3394 0.6074192443157207
693 3409 -0.5042358389221484
694 695 0.8216752173929267
694 709 0.4376762791366815
694 3604 -0.48772184354567966
694 3619 0.1387085287489103
694 3634 -0.6839094542632556
694 3649 -0.4681920371838578
694 3664 -0.173057613841987
694 3679 -0.2580018927703087
694 3514 -0.31989676423632035
694 3529 -0.7710335127677064
694 3544 0.13754740116066183
694 3559 -1.0
694 3574 -1.0
694 3589 0.22791956322078336
695 710 -0.2323995041707884
695 3784 0.6076964239756452
695 3799 -0.4697733603300744
695 3814 0.034882401125276005
695 3829 -0.16774011195748398
695 3844 0.22517764009359753
695 3859 1.0
695 3694 0.18368123599236985
695 3709 0.4323352884221269
695 3724 -0.29447275868593054
695 3739 0.249515121334219
695 3754 0.319783640555322
695 3769 -0.3743700230688541
708 709 0.010279618034027022
708 3424 -0.7274524268196624
708 3439 1.0
708 3454 1.0
708 3469 0.04778743233560096
708 3484 -0.44893250058496625
708 3499 -0.33673901230774617
708 3364 0.4785508481286638
708 3379 0.5837533609757558
708 3394 -0.33004175094981614
708 3409 -0.28884507506054324
709 710 0.022139858562358512
709 3604 0.4680543117258367
709 3619 -0.0380059974704096
709 3634 -0.10361831587856073
709 3649 0.528733677664631
709 3664 -0.474486440808491
709 3679 -0.07005724993261372
709 3514 0.1492100354369267
709 3529 0.1955999418436518
709 3544 0.1120909855858363
709 3559 -0.487435419814005
709 3574 0.37945447437222707
709 3589 0.049455655427350115
710 3784 -0.15358223820432276
710 3799 -0.23679646505884844
710 3814 -0.08945422177263214
710 3829 0.4578471774013539
710 3844 -0.09001348220166336
710 3859 0.23399667398252527
710 3694 -0.48845407249727707
710 3709 0.0055697512170756955
710 3724 0.007792039466073494
710 3739 0.46571298195542576
710 3754 0.6252972387593481
710 3769 0.022194834306405817
723 724 -0.23643258249572763
723 738 -0.8343115226441467
723 3424 0.02065522998758143
723 3439 -0.11108215077753071
723 3364 -0.4352451472437627
723 3379 1.0
723 3394 -0.4232249533738569
723 3409 -0.6608424705644189
724 725 -0.21152126965435547
724 739 0.13550926992216691
724 3604 0.6468548402281598
724 3619 0.4022039840209734
724 3454 -0.2242916755388325
724 3469 0.7034020136176045
724 3484 0.4502366281865328
724 3499 -0.22172028553966877
724 3514 -0.04336150785612867
724 3529 0.08724187576065719
724 3544 -0.697506531618716
724 3559 -0.27463830744291806
724 3574 0.07893391525610283
724 3589 0.08373196842784687
725 740 0.7074344463601763
725 3784 0.27612880824597114
725 3799 0.2096349783935073
725 3634 -0.07216432234168048
725 3649 0.06501240710233
725 3664 -0.0024511346754847226
725 3679 -1.0
725 3694 0.5074693737387195
725 3709 -0.32548900228908556
725 3724 0.21655183172315748
725 3739 0.09062669364551743
725 3754 0.760917239344543
725 3769 -0.4372473536315794
738 739 -0.6306748576851051
738 3424 -0.2529380212166425
738 3439 -0.31781187261796734
738 3364 -0.397110986782893
738 3379 -0.42239390119849346
738 3394 0.4517435751678413
738 3409 0.2140413449510105
739 740 -0.8364235408351967
739 3604 0.3040301521280941
739 3619 -0.12439124657213818
739 3454 -1.0
739 3469 0.0314574274398357
739 3484 -1.0
739 3499 -0.0013650671592904844
739 3514 -0.033402304923316
739 3529 0.4230103939019958
739 3544 -0.2028836971637654
739 3559 -0.8608269079824692
739 3574 0.02395052378370188
739 3589 -0.2188662177759684
740 3784 0.4422013552148893
740 3799 -0.6418178569964452
740 3634 -0.4013109229663984
740 3649 0.0932563509229116
740 3664 0.2377892515349313
740 3679 -0.22007708742340537
740 3694 -0.6540733018236089
740 3709 0.18025223806907859
740 3724 -0.6625420466081576
740 3739 -0.661123663564461
740 3754 -0.4307307725340945
740 3769 0.05367595939459007
753 754 -0.226930250732483
753 768 -0.45738168866799916
753 3424 -0.14517114874695805
753 3439 0.030050279144787324
753 3364 -1.0
753 3379 0.23455550459187727
753 3394 -0.46200428440111413
753 3409 -0.28797687971355784
754 755 0.2088109538682183
754 769 -0.2992337890919167
754 3604 0.26933919638338133
754 3619 -0.20793024902928686
754 3454 0.9639444713456119
754 3469 -0.005756770203371518
754 3485 -0.2841334371867164
754 3500 0.010519038359909444
754 3515 -0.28564938772730897
754 3530 0.043480246390104275
754 3544 0.34761832942810317
754 3559 0.6851550891569355
754 3574 0.020464556438048474
754 3589 -0.011243168313535862
755 770 0.1017418094448316
755 3784 0.49010357671920274
755 3799 -0.22957596314095302
755 3634 0.3890790270416024
755 3649 -0.17454196994178
755 3665 -0.14174387228460705
755 3680 0.28382918576054816
755 3695 0.5942826457066468
755 3710 0.5708405434318353
755 3724 -0.30820859162346137
755 3739 0.14232321374547074
755 3754 0.23197505014158792
755 3769 0.070966131798772
768 769 0.7852536875771277
768 3424 0.5334717360852946
768 3439 0.27564168210604156
768 3364 0.17379978909612379
768 3379 1.0
768 3394 0.3970428985773778
768 3409 0.23218611464928193
769 770 0.8154884272271927
769 3604 0.5155699208481904
769 3619 -0.869068493110517
769 3454 -0.06344738872092028
769 3469 -0.15653869911625062
769 3485 0.20169551301800992
769 3500 -0.36254263309466156
769 3515 0.24341522531469573
769 3530 -0.16085625609197626
769 3544 0.5408456605203742
769 3559 0.3710662973568162
769 3574 -0.03481385804683375
769 3589 -0.02625868883351077
770 3784 0.5532295634021903
770 3799 -0.014278956182051149
770 3634 0.7873147919754531
770 3649 0.50579276660915
770 3665 -0.28134981448348756
770 3680 -0.49822034603925547
770 3695 0.16852064479526838
770 3710 -0.0016368708718568522
770 3724 -0.04277215794892327
770 3739 -0.7552079866588051
770 3754 0.21068897770602746
770 3769 0.13877501454468713
783 784 1.0
783 798 -0.10378342213598023
783 3424 0.18618868186161922
783 3439 -0.9748736111819367
783 3454 1.0
783 3469 0.16243277284976404
783 3485 0.06634627643822176
783 3500 0.43786907259624813
783 3515 -0.2719670968620971
783 3530 0.16726983063145542
783 3544 -0.4221137291471386
783 3559 0.5077181511385548
783 3394 -0.1117377688757599
783 3409 1.0
784 785 0.4742567348812352
784 799 0.18447405677338635
784 3604 0.0990704805228099
784 3619 -0.6861102731053788
784 3634 0.5694188225974268
784 3649 0.3959433526328745
784 3665 0.07739491893874653
784 3680 -0.2443045852762987
784 3695 0.562546962397193
784 3710 -0.20963841986333298
784 3724 -0.13234063076006145
784 3739 -0.053334086799142144
784 3574 0.46871497201639584
784 3589 0.024608504372560513
785 800 0.32469703808033856
785 3784 -0.13857544844324918
785 3799 -0.5261718853939507
785 3814 0.9531791053341779
785 3829 -0.26301445669092277
785 3845 -0.31828198977279076
785 3860 0.12250225300023032
785 3875 -0.5527820797806285
785 3890 0.29734228702572013
785 3754 -0.06101957974164074
785 3769 -0.1985442406803204
798 799 -0.540602527576869
798 3424 0.41987652857757646
798 3439 0.3026326177389523
798 3454 0.878095789511321
798 3469 0.27781443919834853
798 3485 0.5070265824840909
798 3500 -0.010693918476844705
798 3515 0.1641877447755615
798 3530 -0.47636391752848284
798 3544 0.35588474530903025
798 3559 0.8158710808454734
798 3394 -0.49067100341453973
798 3409 0.20822356082229243
799 800 0.5795400531829923
799 3604 0.37062195239502504
799 3619 0.11137532173711717
799 3634 0.2833740200009581
799 3649 -0.10162777014029738
799 3665 -0.786968068345336
799 3680 0.7027306409812021
799 3695 0.6633566125848777
799 3710 -0.4148817527578113
799 3724 0.2990878450417542
799 3739 0.538405599234957
799 3574 0.24575359759978535
799 3589 0.304323941567434
800 3784 0.09171268069797386
800 3799 -0.2320586835330486
800 3814 -0.06379392376908921
800 3829 0.4787392875671551
800 3845 -0.015518179247104979
800 3860 -0.2999741138535169
800 3875 -0.3953079126250914
800 3890 0.6338424067290904
800 3754 0.17376364255070847
800 3769 0.9885893436195816
813 814 0.05467831132124434
813 828 -0.8474023404141732
813 3425 -0.3013998064401286
813 3440 -0.039600690204782185
813 3455 0.8784615111504461
813 3470 -0.14005478536617094
813 3485 -0.11623668313285718
813 3500 -0.7014948466866524
813 3515 -0.5694058074806952
813 3530 0.009869739490196695
813 3544 0.2901367161551027
813 3559 0.517390366721154
813 3394 0.08414561606825259
813 3409 -0.4227315580512086
814 815 0.6287852553802485
814 829 -0.02148001304326236
814 3605 -0.343857706820795
814 3620 -0.12143198541721643
814 3635 0.002487895707018079
814 3650 -0.13923185700486562
814 3665 0.4530044672547237
814 3680 -0.9620351656330932
814 3695 -0.19734959163251362
814 3710 -0.0291638435285264
814 3724 0.037873523015091254
814 3739 -0.44617352757067846
814 3574 -0.6193843466637432
814 3589 -0.3927498025447446
815 830 -0.41867129009325027
815 3785 1.0
815 3800 -0.8724414963203245
815 3815 -0.2370636892181874
815 3830 -0.18573206928778024
815 3845 -0.15428223239756914
815 3860 -0.5426820599339093
815 3875 0.3303171905265131
815 3890 0.33255634158018793
815 3754 0.3098040657723252
815 3769 0.04534943444338756
828 829 -0.15582984077731166
828 3425 0.7171205072807924
828 3440 -0.19173976371341644
828 3455 -0.3263366308966235
828 3470 0.7850254395354168
828 3485 0.03828377003524499
828 3500 0.2316658868288914
828 3515 0.8602198212976413
828 3530 -0.6787087104126361
828 3544 -0.07315017441665174
828 3559 -1.0
828 3394 -0.05025848140672347
828 3409 0.33116880589019737
829 830 0.5387336242117785
829 3605 -0.0677564373275908
829 3620 0.06510379020068932
829 3635 0.7979743701957458
829 3650 -0.09956384493745962
829 3665 0.6760084480326688
829 3680 -0.4388005949569718
829 3695 0.15159512159267147
829 3710 -0.8612654478896931
829 3724 0.04540043184556166
829 3739 -0.020863629516922298
829 3574 -0.24511994270070978
829 3589 0.18594676800222595
830 3785 0.12865312975033655
830 3800 0.6489272944728302
830 3815 0.11105081367291357
830 3830 -0.08248254805917199
830 3845 -0.3848183946510741
830 3860 -1.0
830 3875 0.08918346849715067
830 3890 0.6877962936492786
830 3754 1.0
830 3769 -0.032591426697480705
843 844 -0.25413947065878845
843 858 1.0
843 3425 0.8599536226785336
843 3440 -0.6570692051821435
843 3455 -0.4195818754580587
843 3470 0.23776407579936992
843 3485 -0.07894923347205837
843 3500 0.343866514616456
843 3364 -0.3945980926807563
843 3379 0.4167294475440457
843 3394 0.18230660005574387
843 3409 0.4625448473632571
844 845 -0.7983514574086782
844 859 0.38163300261839295
844 3605 -0.5661407616076496
844 3620 -0.06492742562837481
844 3635 -0.5485117253240364
844 3650 -0.10819587515123794
844 3665 0.03188801603862595
844 3680 -0.6744803661845448
844 3515 0.09908687900705594
844 3530 -0.6331753632449151
844 3544 0.3013188614401193
844 3559 -0.13651616210193693
844 3574 0.10958105457704814
844 3589 0.17247854512223385
845 860 1.0
845 3785 -0.37413325699181194
845 3800 0.16447235421561407
845 3815 0.058227080252660005
845 3830 -0.262945324198035
845 3845 -0.1957743259069
845 3860 -0.20362358676650608
845 3695 -0.8005921330003422
845 3710 0.6277675834656766
845 3724 1.0
845 3739 0.3981242129238403
845 3754 0.5270190068014682
845 3769 -0.2915982214347853
858 859 -0.31068952546301754
858 3425 -0.5460643966592412
858 3440 1.0
858 3455 -0.011268895955040084
858 3470 -0.20807795683935779
858 3485 0.20392079587395445
858 3500 0.022195107875408706
858 3364 0.798498536016438
858 3379 -0.11383264997071299
858 3394 -0.26747462105663794
858 3409 0.16537237364509072
859 860 -0.414805850019455
859 3605 0.04802693181409266
859 3620 -0.17847494950181111
859 3635 -0.5974529695551627
859 3650 0.3561303851749263
859 3665 0.10943998844195482
859 3680 -0.47568820355930264
859 3515 0.3081460994013047
859 3530 0.780336540001905
859 3544 0.37424493703555745
859 3559 0.0893294510507244
859 3574 -0.2834191903896941
859 3589 0.5005475501751665
860 3785 -0.15619845687990688
860 3800 -0.18666853084917345
860 3815 -0.43201332795347436
860 3830 -0.11505219355352025
860 3845 -0.21737084341230187
860 3860 -0.04021527016977597
860 3695 -0.18942470330770353
860 3710 0.32866494527933976
860 3724 -0.3273143194847608
860 3739 -0.17391038752864765
860 3754 0.022403882411636905
860 3769 0.6461171084639151
873 874 0.1695795698641809
873 888 0.6793464313008646
873 3425 -0.8154164094069914
873 3440 0.15383101550170303
873 3455 -0.007826529424273804
873 3470 -0.8708279408328253
873 3485 0.9908329503780482
873 3500 -0.30339194639574246
873 3365 -0.40031715298990755
873 3380 -0.08757512015393508
873 3395 0.4800715298882783
873 3410 -0.005804669048344577
874 875 0.7183959901893109
874 889 -0.3214129730001718
874 3605 0.39438641022459425
874 3620 -0.302716387147722
874 3635 0.6909138402349785
874 3650 0.10270423802882529
874 3665 0.606806732343765
874 3680 0.09349278962780352
874 3515 -0.5326289665163138
874 3530 -0.32320355594085276
874 3545 0.10254446930665825
874 3560 0.23161764693111905
874 3575 -0.7068413554870613
874 3590 -0.2826775285398452
875 890 0.9939970437070406
875 3785 0.3050272686338546
875 3800 0.24609618526564322
875 3815 0.9095819431431098
875 3830 0.3054091475795007
875 3845 -0.7982954027050979
875 3860 -0.29851924698112753
875 3695 0.08766663748347776
875 3710 1.0
875 3725 -0.6341253356485035
875 3740 0.1694370431703759
875 3755 -0.22563814196482157
875 3770 -0.05193150634865004
888 889 0.8452791827641589
888 3425 0.8906385644439527
888 3440 -0.4033288054848938
888 3455 0.027249013057135375
888 3470 0.7007503115952182
888 3485 -0.5659526752506719
888 3500 0.3869642949277418
888 3365 0.8800360600335883
888 3380 0.7020097191786392
888 3395 -0.059909432616402594
888 3410 -0.24631988014659825
889 890 0.17062115487732032
889 3605 0.2925406424620856
889 3620 -0.24622919385878733
889 3635 -0.4637137854830102
889 3650 -0.9120891141043989
889 3665 0.14506558030122788
889 3680 -0.6221706087262214
889 3515 -0.6820641969114918
889 3530 -0.7742142874843055
889 3545 -0.34476434849788057
889 3560 -0.2656046205439543
889 3575 0.12947215666709846
889 3590 -0.2145009651872319
890 3785 0.2406786629043959
890 3800 -0.4090210528263593
890 3815 0.7893359120038872
890 3830 -0.0315280783653302
890 3845 -0.29107147269465355
890 3860 0.3894544131140074
890 3695 -0.0980407149355075
890 3710 0.4457628525375862
890 3725 0.21244749741602503
890 3740 -0.40904953941581057
890 3755 0.01363182674896058
890 3770 0.2978554126235993
903 904 0.9205987410072215
903 918 -0.09586646786454374
903 3425 -0.7560988801445656
903 3440 -0.2664896697195312
903 3365 0.7949829478542801
903 3380 0.03659491529425467
903 3395 0.48262463632001945
903 3410 -0.10670392190931989
904 905 -1.0
904 919 0.08465882558191419
904 3605 -0.5446084422597992
904 3620 0.6866713047180987
904 3455 0.6316286833413349
904 3470 -0.09214067897594264
904 3485 -0.02990864524556639
904 3500 -0.17803548117573398
904 3515 0.5328876184361245
904 3530 -0.3091906794771772
904 3545 -0.458379797426872
904 3560 -0.5105971694084733
904 3575 0.3634052908712764
904 3590 -0.4244849391767057
905 920 0.35062933305970007
905 3785 -0.1694409970442505
905 3800 -1.0
905 3635 0.12031590215350298
905 3650 0.36979414788922904
905 3665 -0.14753757408735177
905 3680 -0.5208993919919084
905 3695 0.33989677388099093
905 3710 -1.0
905 3725 0.3267658917206857
905 3740 -0.5030566313061513
905 3755 1.0
905 3770 -0.8963493975788146
918 919 -0.15498054510487574
918 3425 -0.9503048228282126
918 3440 0.4036606941155484
918 3365 0.15685474071197714
918 3380 0.44922418476753107
918 3395 0.5004499257393745
918 3410 -0.28345377419047085
919 920 -0.10686913272363378
919 3605 0.00605669683628009
919 3620 0.6226157782459597
919 3455 -0.027462938691942457
919 3470 -0.662056595640356
919 3485 0.3655668320729861
919 3500 0.06738052826291786
919 3515 0.15600230564629963
919 3530 -0.6600430024039823
919 3545 -0.10501483764211733
919 3560 0.04010243811718828
919 3575 0.3166375128376672
919 3590 0.7352920093827676
920 3785 0.34606120480570435
920 3800 0.2189705346436645
920 3635 -0.0519967853865172
920 3650 -0.07279112024788914
920 3665 -0.3191036487448802
920 3680 0.32134082358180954
920 3695 0.12834692746591622
920 3710 0.22721933973064987
920 3725 0.40017304615339194
920 3740 0.17794918380063846
920 3755 0.45951156744249794
920 3770 0.4791137540219069
933 934 -0.15111551496327136
933 948 -0.06926607255653495
933 3425 -0.38473299996451493
933 3440 0.3187506564773791
933 3365 -0.11707621333285194
933 3380 0.27592514229944426
933 3395 0.16737660259858927
933 3410 -0.4966404270343675
934 935 -0.7924197945632265
934 949 -0.25588545561632053
934 3605 0.33038928992508476
934 3620 0.7632668599946377
934 3455 0.08432129001661584
934 3470 -0.15852833690012666
934 3486 0.9462098341974712
934 3501 0.021163436711158216
934 3516 -0.3886811463590787
934 3531 0.5337675727278111
934 3545 0.3771288924305823
934 3560 -0.9493392287087515
934 3575 -0.07084408274213061
934 3590 0.8045927926640345
935 950 0.8397611886922154
935 3785 -0.9927363417700968
935 3800 -0.18366915460942143
935 3635 -0.19245749746069338
935 3650 -0.302200617678272
935 3666 -0.542655616872497
935 3681 -0.262575626349544
935 3696 0.1482494758088467
935 3711 -0.10726555091155048
935 3725 0.58262175818109
935 3740 -0.45341400345942673
935 3755 0.13517274489091285
935 3770 0.08696694693073323
948 949 -0.19411072904609372
948 3425 -0.9126129301123991
948 3440 -0.3671708991359029
948 3365 0.012030458750965024
948 3380 0.692927839237658
948 3395 -0.5231839082378239
948 3410 -0.12162771059952054
949 950 -0.23758099228941024
949 3605 0.41930956440950057
949 3620 -0.29008314542849933
949 3455 0.1724364930470031
949 3470 -0.058042791620629745
949 3486 -0.28141448645387207
949 3501 -0.5617550242351721
949 3516 0.6394073949912856
949 3531 -0.24074408681357765
949 3545 -0.4071878700501417
949 3560 -0.6370413656815371
949 3575 0.08511526652864303
949 3590 0.404101958667829
950 3785 0.552606768407252
950 3800 0.336068356034551
950 3635 -0.06318838937707245
950 3650 -0.19619379392960093
950 3666 -0.7356185830492756
950 3681 0.14989624448723363
950 3696 -0.19302673392965924
950 3711 -0.6124108461336218
950 3725 0.13486791960039607
950 3740 -0.8489382882615898
950 3755 0.513670600226405
950 3770 -0.8601630903980197
963 964 0.6334027566294375
963 978 -0.42652422606223755
963 3425 -0.06310049079048036
963 3440 0.9769024650839605
963 3455 0.5693465842921803
963 3470 -0.7875013506039912
963 3486 0.041871901933558116
963 3501 0.998815473045139
963 3516 0.1517119516060971
963 3531 -0.08899181055381959
963 3545 -0.4607935929537409
963 3560 -0.6247329322378241
963 3395 0.36159243663004065
963 3410 0.6516192152447029
964 965 -0.16879710730879288
964 979 -1.0
964 3605 0.7983643195058729
964 3620 0.057736478408775924
964 3635 -0.5041915642675022
964 3650 0.19680653236314904
964 3666 0.21216837648747194
964 3681 -0.3609756301812163
964 3696 0.383568559821581
964 3711 0.12739411468507766
964 3725 0.2548083159420745
964 3740 0.2619081462927772
964 3575 0.2581909921907716
964 3590 0.10638890866857403
965 980 -0.1859028005756562
965 3785 0.09267457534230884
965 3800 -0.10929375120363793
965 3815 0.46287697488999446
965 3830 0.13943820136618215
965 3846 -0.15237736259575052
965 3861 -0.2605928650982637
965 3876 0.4581695035605296
965 3891 -0.10898304384075622
965 3755 -0.012909999680513125
965 3770 0.11804804584733221
978 979 0.20038457922735237
978 3425 -0.16433692810168601
978 3440 0.3738038106773851
978 3455 -0.36236226315069414
978 3470 0.11798156363385918
978 3486 -0.953191595401983
978 3501 0.7345416045448027
978 3516 -0.2669775134907865
978 3531 -0.006220869027875777
978 3545 0.6072696406247117
978 3560 0.16075001065302258
978 3395 -0.41478261335051736
978 3410 0.35595206926533424
979 980 -0.15454594512556977
979 3605 -0.4263291145264583
979 3620 -0.34240181737109504
979 3635 -0.24069997079171854
979 3650 0.25022645092281276
979 3666 0.2584974278999985
979 3681 -0.3914406325789697
979 3696 -0.12026008210834713
979 3711 -0.9262401295125331
979 3725 -0.7928355137696834
979 3740 0.41518243622368245
979 3575 -0.6376442117165758
979 3590 -0.3760098575707728
980 3785 0.1701338751657729
980 3800 -0.6315578093404438
980 3815 0.07075991897262664
980 3830 -0.11724455688809748
980 3846 -0.6063533601368313
980 3861 0.4718399071776365
980 3876 -0.4236064838531637
980 3891 -0.49951330719999937
980 3755 0.03709308659724736
980 3770 0.7876516770570821
993 994 -0.008351802310339216
993 1008 -0.7226288451533001
993 3426 -0.5485153567014106
993 3441 -0.4799240869502672
993 3456 -0.6986077985603558
993 3471 -0.13272013873314678
993 3486 -0.5862402428882783
993 3501 -0.06022599087584121
993 3516 -0.9755973188780961
993 3531 0.7288305349572123
993 3545 -0.4702131846049514
993 3560 0.2929612334012783
993 3395 -0.604763740478407
993 3410 0.4469917286035473
994 995 -0.232783876582123
994 1009 0.03162812128833456
994 3606 -0.06943517114422984
994 3621 0.15509296981899265
994 3636 -0.2270587939448028
994 3651 -1.0
994 3666 -0.4453861419975627
994 3681 0.3996944535235488
994 3696 -0.6755940835711081
994 3711 0.0007547321146896577
994 3725 0.3956041860794165
994 3740 0.33176115329822703
994 3575 0.34886012331661986
994 3590 -0.09110190647490858
995 1010 -0.5215196970305577
995 3786 -0.36767599971495707
995 3801 0.21277252755246798
995 3816 -0.5801464092382849
995 3831 -0.041460702744841656
995 3846 -0.4675584413418065
995 3861 -0.17012649192646087
995 3876 -0.46926703703769546
995 3891 -0.6641869022095607
995 3755 -0.5002952153534688
995 3770 0.08269511536345549
1008 1009 0.5340175305209047
1008 3426 -0.16378950878511572
1008 3441 -0.6796221506926434
1008 3456 0.31188459969861
1008 3471 -0.04744905948281202
1008 3486 -0.34462115335142796
1008 3501 -0.5836155094084147
1008 3516 -0.5021987117892488
1008 3531 0.05536598416072737
1008 3545 -0.7634326779346211
1008 3560 0.4018069376226177
1008 3395 -0.5437826800403853
1008 3410 0.802413975670734
1009 1010 0.035086322407590305
1009 3606 0.8637633005156461
1009 3621 0.24511881419978923
1009 3636 0.5067780521520913
1009 3651 0.3692023206231897
1009 3666 -0.7940341470028398
1009 3681 -0.3035838819975787
1009 3696 0.2760663244296377
1009 3711 -0.8345749988980942
1009 3725 0.07786008455144525
1009 3740 -0.04655725586312628
1009 3575 -0.27137138285276324
1009 3590 -0.5922822519984874
1010 3786 0.20674794805506191
1010 3801 0.6309024253527127
1010 3816 -0.6689023664810994
1010 3831 0.7033797231389469
1010 3846 0.323228961231965
1010 3861 0.39615664334854533
1010 3876 0.6377394125346776
1010 3891 -0.8468726436366176
1010 3755 0.7666578373401116
1010 3770 -0.5073225795522102
1023 1024 -0.8111747038815086
1023 1038 -0.4291301802118926
1023 3426 0.05854293040529633
1023 3441 0.015238594053748016
1023 3456 0.14802317724757208
1023 3471 0.48007176485780145
1023 3486 -0.1468273010554514
1023 3501 -0.48746796839315787
1023 3365 0.09880047978299049
1023 3380 0.4280972553110768
1023 3395 0.059034428186379266
1023 3410 0.8789497847565689
1024 1025 -0.6176421126986176
1024 1039 0.40647758702778103
1024 3606 -1.0
1024 3621 0.1409848180417672
1024 3636 0.17039707542063834
1024 3651 0.07518944844429014
1024 3666 -0.003874947315232657
1024 3681 -0.9040076569524456
1024 3516 -0.4199091633117253
1024 3531 0.09413468432862827
1024 3545 -0.05454171573915651
1024 3560 0.4089871163386335
1024 3575 0.12909186465477324
1024 3590 0.04435799004682592
1025 1040 0.17464573897413646
1025 3786 -0.1251269546600436
1025 3801 -0.11089683642400568
1025 3816 -0.015595972504574418
1025 3831 0.6767481154760298
1025 3846 -0.3244976078064089
1025 3861 -0.8553491204318334
1025 3696 -0.4557330710075404
1025 3711 0.3593043540308547
1025 3725 0.08457486023536326
1025 3740 -1.0
1025 3755 0.17319719743483716
1025 3770 0.6261466399949278
1038 1039 0.4189139361893095
1038 3426 0.9576315942964642
1038 3441 0.37132254042570045
1038 3456 -0.3536729570113052
1038 3471 -0.41683071695210655
1038 3486 -0.5317812336705874
1038 3501 -0.021710479548262752
1038 3365 0.10909550649332325
1038 3380 -0.104415708508209
1038 3395 0.2664409404040677
1038 3410 0.3672132285972435
1039 1040 -0.009574769599388612
1039 3606 -0.2317202318751625
1039 3621 0.6298947891580801
1039 3636 0.8966684169631604
1039 3651 -0.09782081263363096
1039 3666 -0.32920675786881753
1039 3681 -0.15244175088646994
1039 3516 0.1462499180187654
1039 3531 0.2854800764528441
1039 3545 -0.2623370737332927
1039 3560 -0.7632921443106011
1039 3575 -0.7027338735167904
1039 3590 -0.29638406833483505
1040 3786 0.4892071778663351
1040 3801 -0.11939379754085742
1040 3816 0.13309123816946422
1040 3831 0.1773911459790981
1040 3846 0.14308509163752345
1040 3861 0.3378903427533793
1040 3696 0.9303661890288977
1040 3711 0.8935845065974967
1040 3725 -0.24745772036027885
1040 3740 0.2762318257725242
1040 3755 0.20402650866426772
1040 3770 0.1762515385851423
1053 1054 0.3382435412122682
1053 1068 -0.25295963342286476
1053 3426 -0.4271961093233964
1053 3441 0.18391254229602458
1053 3456 -0.1932272710464992
1053 3471 -0.41531124971264727
1053 3486 0.021941617034037162
1053 3501 0.08601541122084105
1053 3366 -0.06583848946370835
1053 3381 0.8569188637311749
1053 3396 -0.6854893550202661
1053 3411 -0.31500685521175004
1054 1055 0.6081147448050932
1054 1069 -0.3432589781022117
1054 3606 0.6034246688277287
1054 3621 0.2695193640584951
1054 3636 -0.2980772802775326
1054 3651 -0.8425376316254815
1054 3666 -0.3115142698677935
1054 3681 0.6866605124436682
1054 3516 -0.6061713560263889
1054 3531 -0.36026042792316176
1054 3546 -0.20738128850418439
1054 3561 0.07957543065812814
1054 3576 -0.5841096709484187
1054 3591 0.5566144453443665
1055 1070 -0.7846596314564197
1055 3786 -0.5909537605973983
1055 3801 -0.030325031754276616
1055 3816 -0.6243876383312513
1055 3831 -0.6709450881227951
1055 3846 -0.8500315483473267
1055 3861 -0.15785267764329097
1055 3696 -0.39442031072470646
1055 3711 0.2890979329868895
1055 3726 0.16292157247908734
1055 3741 0.03947366899427037
1055 3756 0.15704932339440497
1055 3771 0.6097228979778441
1068 1069 -0.014367201719585186
1068 3426 -0.11366684098777079
1068 3441 0.2541243212407571
1068 3456 0.5050410011313478
1068 3471 -0.17516282433912028
1068 3486 -0.17917529066223134
1068 3501 0.20784985770097392
1068 3366 0.2260094112072567
1068 3381 0.48725563722579907
1068 3396 0.1909327024939119
1068 3411 0.4096270418192584
1069 1070 -0.12761125970677192
1069 3606 -0.6830117394862406
1069 3621 0.10089296173542951
1069 3636 0.6919369457938308
1069 3651 0.9096646683782322
1069 3666 0.6662332795824353
1069 3681 -0.29365576517925945
1069 3516 0.0102293506272457
1069 3531 -0.007660649714424712
1069 3546 -0.2326249498186875
1069 3561 0.2672026774605718
1069 3576 -0.07144076905761886
1069 3591 0.1663056203327343
1070 3786 -0.605632034235137
1070 3801 -0.09896317429952263
1070 3816 1.0
1070 3831 -1.0
1070 3846 0.20169525566823723
1070 3861 0.38592841104547376
1070 3696 0.05369978619640725
1070 3711 -0.22239780850490992
1070 3726 0.06098124697783063
1070 3741 -0.02606967460398284
1070 3756 0.5635720396286484
1070 3771 0.0653695342682192
1083 1084 -0.7549498536600291
1083 1098 0.1798874820769418
1083 3426 -0.5143828976626845
1083 3441 0.12536290819633045
1083 3366 -0.09206844518412167
1083 3381 -0.026322255571325007
1083 3396 0.7046441453734006
1083 3411 -0.490940721334859
1084 1085 -0.24308847602302747
1084 1099 -0.25269793104838845
1084 3606 0.46257291883911483
1084 3621 -0.38313388164824314
1084 3456 -0.27194090836524526
1084 3471 -0.01638271471160128
1084 3486 0.1987820160489139
1084 3501 -0.9256756328354181
1084 3516 0.27602592258910863
1084 3531 0.015797523349940754
1084 3546 -0.44745496508713467
1084 3561 0.4069586061619107
1084 3576 0.27631145019680436
1084 3591 0.4035405253378032
1085 1100 -0.6452857545229298
1085 3786 -0.5915006731089872
1085 3801 0.7490716207125372
1085 3636 0.00855582603039812
1085 3651 -0.5756817932158298
1085 3666 -1.0
1085 3681 -1.0
1085 3696 0.3318026215124402
1085 3711 -0.3259616523482921
1085 3726 -0.035906904665683984
1085 3741 0.1342285821022607
1085 3756 0.027786078613999975
1085 3771 0.2880668019144896
1098 1099 0.7200453514674381
1098 3426 0.011409602412331105
1098 3441 0.21645221673811865
1098 3366 0.22510204857750368
1098 3381 -0.3387101941936435
1098 3396 -0.3403381228247116
1098 3411 0.4172459344217593
1099 1100 0.6050186981007479
1099 3606 -0.29980933057355913
1099 3621 -0.3017835631208969
1099 3456 0.09036780118441662
1099 3471 0.10269660868771316
1099 3486 0.41219088004385723
1099 3501 0.46373683566116397
1099 3516 0.425553486158907
1099 3531 -0.14225286500092918
1099 3546 0.39827318373978443
1099 3561 0.017864845620719067
1099 3576 0.4321626498228839
1099 3591 -0.10288134492453876
1100 3786 -0.12348471291713876
1100 3801 -0.23384608843030255
1100 3636 -0.07408748746342388
1100 3651 1.0
1100 3666 -0.563964121717858
1100 3681 -0.5388068272935294
1100 3696 -0.9454105301206042
1100 3711 -0.722346002452561
1100 3726 0.13576874451086077
1100 3741 0.43248058932663946
1100 3756 -0.13935864323033126
1100 3771 -1.0
1113 1114 -0.20478450148922137
1113 1128 -0.2827336490950394
1113 3426 -0.014149198387524082
1113 3441 0.9388231168113235
1113 3366 0.7172750968502327
1113 3381 0.11559389405745414
1113 3396 1.0
1113 3411 0.4647911257203722
1114 1115 -1.0
1114 1129 1.0
1114 3606 -0.35527124389908926
1114 3621 0.22922246224102785
1114 3456 0.6539927181184617
1114 3471 0.2850708945880765
1114 3546 0.7641568595648955
1114 3561 -0.10186656406248452
1114 3576 -0.14206818796054524
1114 3591 0.23474254078006
1115 1130 -0.6693325096695865
1115 3786 -0.2584953852321317
1115 3801 -0.42022144459868715
1115 3636 -0.7570414306963805
1115 3651 -0.4286520860385122
1115 3726 -0.28236988212557407
1115 3741 -0.09351700116852109
1115 3756 0.23877903561954467
1115 3771 -0.30128899867577846
1128 1129 0.471226821274493
1128 3426 0.46290036610113916
1128 3441 -0.28494892800024746
1128 3366 -0.49641184623512585
1128 3381 -0.20761139942323242
1128 3396 -0.6854789037866116
1128 3411 -0.057609649639015825
1129 1130 -0.0494497948321052
1129 3606 0.19936827378917987
1129 3621 0.45957222602925213
1129 3456 0.7488348841854455
1129 3471 -0.30130767387502355
1129 3546 0.5285915985210109
1129 3561 -0.37667711154772215
1129 3576 0.35106837205232744
1129 3591 -0.3466920670713318
1130 3786 -0.4516827712278761
1130 3801 1.0
1130 3636 0.9150966973033335
1130 3651 -0.02979220636216167
1130 3726 0.07338272496337778
1130 3741 -0.11156429182980028
1130 3756 0.14380297046122228
1130 3771 0.3606192625511785
3364 3365 0.3526564603857048
3364 3379 0.10557362877433549
3365 3366 0.2039224738925282
3365 3380 0.4721600255546121
3366 3381 -0.2196767753253113
3379 3380 0.48959447741688417
3380 3381 0.5014950308708345
3394 3395 0.32313030227344725
3394 3409 -0.04204828646349581
3395 3396 0.31991066866604034
3395 3410 0.22953553066586818
3396 3411 -0.009065895215896614
3409 3410 -0.11826990860826307
3410 3411 0.4057075353071119
3424 3425 -0.2649919051247649
3424 3439 0.2119958296379664
3425 3426 -0.7052037994219289
3425 3440 -0.3298098160260483
3426 3441 -0.07396765421664013
3439 3440 -1.0
3440 3441 -0.20745431363215874
3454 3455 0.22158607650555534
3454 3469 0.2499873063370434
3455 3456 0.038730399437802474
3455 3470 0.1253029661896412
3456 3471 0.05686218532501589
3469 3470 1.0
3470 3471 1.0
3484 3485 -0.1648981019936736
3484 3499 0.37361403289426154
3485 3486 0.5112348343221258
3485 3500 0.01964372063195767
3486 3501 -0.006712752488800219
3499 3500 -0.37766527871908934
3500 3501 0.6770255034655679
3514 3515 0.9342361256027154
3514 3529 -0.09041535913362501
3515 3516 -0.24778354460884547
3515 3530 -0.09765198318038218
3516 3531 1.0
3529 3530 0.8707495923302337
3530 3531 -0.0656395308153933
3544 3545 0.2516085737075986
3544 3559 0.28627647540270784
3545 3546 0.21564243424306806
3545 3560 0.16271208862097822
3546 3561 0.16810685296894975
3559 3560 0.42255352921934597
3560 3561 0.5499770987485295
3574 3575 1.0
3574 3589 -0.11459107803225475
3575 3576 -0.5434945815235345
3575 3590 -0.22437685635866522
3576 3591 -0.2889130873889982
3589 3590 -0.6091196080549394
3590 3591 0.5283470162847784
3604 3605 -0.05139661174010285
3604 3619 0.7370961695103552
3605 3606 1.0
3605 3620 0.15953234228362762
3606 3621 -0.23014671890123098
3619 3620 0.037871124768306154
3620 3621 0.5762218787466205
3634 3635 0.4530202588567597
3634 3649 1.0
3635 3636 -0.8829947577750452
3635 3650 0.6318869591074766
3636 3651 0.487048711931265
3649 3650 -0.02505445342412502
3650 3651 0.13865899606734972
3664 3665 0.42826340452604106
3664 3679 0.25649934275116415
3665 3666 0.07813178729023522
3665 3680 0.24987323483503468
3666 3681 0.40065618714351264
3679 3680 0.21383319564307324
3680 3681 0.039598002571131094
3694 3695 0.11229977835228598
3694 3709 -0.14305282068341563
3695 3696 -0.40778598876238253
3695 3710 0.021509049569344376
3696 3711 0.10168490600312406
3709 3710 0.47203510667738857
3710 3711 0.07912173810567726
3724 3725 -0.11471351676094906
3724 3739 -0.3144626472684764
3725 3726 -0.13936049758966687
3725 3740 0.22423357555289838
3726 3741 -0.5755923854190723
3739 3740 -0.6675411029956357
3740 3741 -0.08251810283902783
3754 3755 0.6290000212941799
3754 3769 -0.4159136254013938
3755 3756 0.5903454451258575
3755 3770 -0.12915371407874335
3756 3771 -0.8752915555655417
3769 3770 0.10075605706882734
3770 3771 -1.0
3784 3785 0.1770898203706959
3784 3799 0.40155933154611106
3785 3786 -0.02906848415524185
3785 3800 0.43817158520586913
3786 3801 0.2261886072452931
3799 3800 1.0
3800 3801 -0.27158555246865196
3814 3815 -0.31470326115451197
3814 3829 -0.3803193265264266
3815 3816 0.32003819974250153
3815 3830 -0.536566823478089
3816 3831 0.4707311500113124
3829 3830 0.24131287422289355
3830 3831 -0.04091715798718432
3844 3845 0.699253046247927
3844 3859 -0.1068483327131085
3845 3846 -0.0415072662031339
3845 3860 -0.9515453193968588
3846 3861 0.24021176542685432
3859 3860 0.14512977237128802
3860 3861 0.33428298902767817
3874 3875 -0.10927380750462849
3874 3889 0.4435902926379184
3875 3876 -0.5962722764356315
3875 3890 -0.4044267340723434
3876 3891 -0.26927888644866416
3889 3890 -0.06790005787804967
3890 3891 -0.24911995810258966
