# 
603 603 1.618630373038364
604 604 -0.9252706169841359
605 605 -0.6656398907023424
618 618 2.6483255281814424
619 619 -1.2652520480502678
620 620 0.5770946856463768
633 633 2.2011622671744084
634 634 1.0707023088451624
635 635 -1.1915308008262748
648 648 -0.34907249532490847
649 649 0.08926638707877219
650 650 -0.8616449062073511
663 663 1.2046655301664377
664 664 0.4463288017669646
665 665 -0.1518597402588433
678 678 -0.9281107597194098
679 679 0.053404081419087625
680 680 0.24594090758292791
693 693 0.6671378022817936
694 694 -1.7764956653767823
695 695 0.4884333047456615
708 708 -0.46103963329860503
709 709 1.6601264388242483
710 710 1.9008462127284962
723 723 -0.8526807017671465
724 724 -0.23035407960243617
725 725 -0.2945935392950541
738 738 1.0704583974572417
739 739 0.1904109475570381
740 740 0.1475709459311353
753 753 0.21364902742982814
754 754 -0.9023528053441432
755 755 0.4403405634631368
768 768 2.692657264753951
769 769 0.6606541261801527
770 770 -0.4202630355695334
783 783 0.3714651329452389
784 784 1.2430877002837335
785 785 -0.4450197615569102
798 798 0.3132617438192453
799 799 -0.23090324979091334
800 800 0.7703398582461193
813 813 -0.666471499756939
814 814 1.3756387106575634
815 815 0.28444480219088536
828 828 0.23686091786332752
829 829 0.23278944627500595
830 830 0.10100520456223927
843 843 -0.0921597934150417
844 844 0.3349103971318374
845 845 -1.1346527220504188
858 858 -1.2164334285209557
859 859 -0.44261674588334643
860 860 1.063478438392823
873 873 -1.5151630325944436
874 874 -0.8355975171553135
875 875 -0.5321479440420293
888 888 0.023305643853168936
889 889 0.9436738597539237
890 890 -0.6547008160279835
903 903 -0.9123786029017503
904 904 -0.9699371642288303
905 905 1.4900016675601622
918 918 -0.3206713058599277
919 919 0.7934284563667646
920 920 0.1922829601432724
933 933 -0.8987517787031514
934 934 0.7375417463466836
935 935 -1.6656073776812816
948 948 0.8606525153158058
949 949 0.00986009010558052
950 950 -1.7994755073809392
963 963 0.3685864807398758
964 964 -0.8612173839574653
965 965 -0.42469976797913894
978 978 -0.20858160720752594
979 979 -0.7103396807144393
980 980 0.0052998337543993315
993 993 0.5685291227314386
994 994 0.40693092019743715
995 995 -0.8030520544651135
1008 1008 0.29840293367434695
1009 1009 0.1435794829431235
1010 1010 -0.3108294317920783
1023 1023 1.3023865797158882
1024 1024 -0.009931896288655174
1025 1025 1.4656824975141889
1038 1038 -0.30361555117085504
1039 1039 0.09912665698214791
1040 1040 -0.40680208859685874
1053 1053 -0.7025061234403475
1054 1054 0.3818590125664234
1055 1055 1.2814582717567202
1068 1068 -0.16190081887781213
1069 1069 -0.7045504786361586
1070 1070 0.6542689500049794
1083 1083 0.815969286643226
1084 1084 0.36424898199006883
1085 1085 -0.3652554469468198
1098 1098 -0.2387801961237108
1099 1099 1.2678768084454015
1100 1100 -2.5268567361638286
1113 1113 0.9034074312288938
1114 1114 1.246654347255722
1115 1115 0.3447352943982888
1128 1128 -1.7950023913921787
1129 1129 1.183589924903628
1130 1130 0.1250476483655028
3364 3364 -1.1755332298517143
3365 3365 -1.078185035294376
3366 3366 1.910473264031192
3379 3379 -1.3560326792225514
3380 3380 -0.8929832566302783
3381 3381 -2.966112680605629
3394 3394 -0.79541536266565
3395 3395 0.2821758325016011
3396 3396 -0.9124955881531274
3409 3409 1.536838192513727
3410 3410 0.791044074597675
3411 3411 -2.4853562891989283
3424 3424 -0.03558513236252437
3425 3425 -0.2571342790391621
3426 3426 2.5094234278328
3439 3439 -1.4734686751383315
3440 3440 -0.21353652265959666
3441 3441 0.464268310461836
3454 3454 -0.2020330492841646
3455 3455 -1.4687763871610806
3456 3456 0.8329339539155773
3469 3469 -0.43669257350562507
3470 3470 0.8870549123363513
3471 3471 -0.63514095425048
3484 3484 -1.5283542444994145
3485 3485 -0.039736208000940514
3486 3486 -0.7136993002019205
3499 3499 -0.6228991690138843
3500 3500 0.47273344460709277
3501 3501 0.6354446092619609
3514 3514 2.284664211662821
3515 3515 0.8721158230780804
3516 3516 -0.9785381582881325
3529 3529 -0.2906600744250008
3530 3530 0.2984206593566292
3531 3531 0.213708715383894
3544 3544 0.562300881424459
3545 3545 0.6127164809765608
3546 3546 0.025539923723086146
3559 3559 0.10149147289413141
3560 3560 0.0813369961870137
3561 3561 -0.36738208457774213
3574 3574 0.15315771439003428
3575 3575 -0.9534270972358739
3576 3576 0.19472839618240298
3589 3589 0.8054908360949545
3590 3590 -0.13675949297460782
3591 3591 -0.761447240628337
3604 3604 1.666305572990111
3605 3605 0.11632516864736335
3606 3606 -0.5559884902411322
3619 3619 1.1465532160404257
3620 3620 2.087832482755548
3621 3621 0.5834444003833525
3634 3634 0.12340728708123302
3635 3635 -1.6380234681207178
3636 3636 -1.3838625931313504
3649 3649 0.7915567125545167
3650 3650 -0.3338721398285471
3651 3651 0.11867534100119818
3664 3664 1.4215860979498651
3665 3665 -1.4391099380327248
3666 3666 0.05985769590463219
3679 3679 1.0372827748365088
3680 3680 0.7324002027339728
3681 3681 0.09674518474500352
3694 3694 0.1392516070963712
3695 3695 -1.2713840822229276
3696 3696 1.0015603079604463
3709 3709 -0.6981077662501478
3710 3710 -0.835630195141545
3711 3711 2.252042224626244
3724 3724 1.300395651754942
3725 3725 0.3642857131044591
3726 3726 -1.8859137591102297
3739 3739 1.4371417939972262
3740 3740 -0.7781338010944596
3741 3741 1.0936125964851737
3754 3754 -1.8920083501329172
3755 3755 0.02639348853771134
3756 3756 -0.9112917968748437
3769 3769 1.0134698403144111
3770 3770 1.0284532108380169
3771 3771 1.282006861461389
3784 3784 -0.15704722962905143
3785 3785 -0.44159582358432165
3786 3786 0.04314120567928628
3799 3799 0.20259796351850398
3800 3800 0.03221373276981074
3801 3801 -1.514387265349313
3814 3814 0.19580364400990918
3815 3815 -1.406416396358717
3816 3816 -1.2518251649391334
3829 3829 0.09770748545525518
3830 3830 2.0605091877660784
3831 3831 -1.406128715593183
3844 3844 0.5435887627205016
3845 3845 0.44537122513683813
3846 3846 0.40930413421189404
3859 3859 0.008338145468076586
3860 3860 0.8652802651037041
3861 3861 0.9556978534367936
3874 3874 1.008715740408395
3875 3875 0.4144163578528972
3876 3876 -0.40852542524781715
3889 3889 -0.4052751629421178
3890 3890 -0.7487525376380451
3891 3891 -1.673305267973091
603 604 -0.0765950036378989
603 618 -0.3203470031356016
603 3484 -0.3187720550157729
603 3499 -0.003197528485182401
603 3514 0.5440918447401643
603 3529 0.330248511781483
604 605 0.17823322771628616
604 619 0.21802500390300616
604 3664 0.30374196128166236
604 3679 0.5476455167029595
604 3694 -0.34916475575310785
604 3709 0.12481847696915546
605 620 -0.48704668013772073
605 3844 -0.25412240936129304
605 3859 0.09946443577872437
605 3874 -0.24360535373808795
605 3889 0.13060040549602356
618 619 0.11156300742845003
618 3484 0.1610708362314893
618 3499 -0.6114469042073615
618 3514 -0.8552363222000628
618 3529 -0.8062730812578683
619 620 -0.5758793978191578
619 3664 -0.31776681707698046
619 3679 0.06811703085799113
619 3694 0.2131233810333655
619 3709 0.2544764795925433
620 3844 -0.6213074938352974
620 3859 0.044502094713201996
620 3874 0.4340160081791692
620 3889 -0.717029286581165
633 634 0.6442995346655574
633 648 -0.19745693422545216
633 3424 -0.323000219849338
633 3439 0.6684765776897776
633 3454 -0.6232429715035869
633 3469 0.6532714269844533
633 3484 0.187245897031852
633 3499 0.4845840102481605
633 3514 0.76530299721096
633 3529 -0.7986717345630108
634 635 0.5508247591450703
634 649 -1.0
634 3604 -0.39281369309332526
634 3619 0.16285918043380912
634 3634 0.7843538070853604
634 3649 0.19007768237989134
634 3664 0.20774217972186126
634 3679 0.17078469655195905
634 3694 -0.35848437290026003
634 3709 0.2170571678573007
635 650 -0.554447206737144
635 3784 -0.46984950928835767
635 3799 -0.09187289272164997
635 3814 0.09988125951276225
635 3829 -0.44691889343513985
635 3844 -0.41011077656232464
635 3859 0.25400680223925887
635 3874 0.20251038244604358
635 3889 -0.3106388507561327
648 649 0.05092050053833171
648 3424 -0.22580429428829366
648 3439 -0.3545280969968139
648 3454 0.2741135076282764
648 3469 -0.10323408537211666
648 3484 0.4091313086725073
648 3499 0.5918138436024002
648 3514 -0.04453015802848205
648 3529 1.0
649 650 0.4539246314192187
649 3604 -0.11818045440108199
649 3619 0.046100093829678834
649 3634 0.0056738723610690244
649 3649 0.2602248139999429
649 3664 0.3772088066016928
649 3679 -0.33269338915390206
649 3694 -0.056264215218173264
649 3709 0.7260557989819276
650 3784 -0.37369711794568383
650 3799 0.601086823317536
650 3814 -0.5175879706268598
650 3829 -0.7066348802757833
650 3844 0.6223839536982628
650 3859 0.46424375049614935
650 3874 -0.5904248516256535
650 3889 0.7183755260619719
663 664 -0.6947702899326892
663 678 -0.390706239594331
663 3424 0.2274333838052706
663 3439 0.14296132514668333
663 3454 0.1918754714674959
663 3469 -0.16132385733732185
663 3484 0.69915431425766
663 3499 -0.3126228125678711
664 665 0.16647062141656918
664 679 -0.2047275959443758
664 3604 -0.20529768023109873
664 3619 0.10490454383012923
664 3634 0.19698620343119455
664 3649 0.07049643471786166
664 3664 0.030754714987537537
664 3679 0.2591256757245286
664 3514 0.47942239536489645
664 3529 0.15654281940923123
665 680 0.14891153896129572
665 3784 0.7651833101469079
665 3799 0.34781151386023995
665 3814 -0.7667799194773147
665 3829 0.06817219052741631
665 3844 -0.4330426771655418
665 3859 -0.4775453081932819
665 3694 0.33922594233228276
665 3709 0.2022421220682856
678 679 -0.22617446109563857
678 3424 0.28669117916313036
678 3439 -0.16527035548341074
678 3454 -1.0
678 3469 -0.2175944625906723
678 3484 0.3407909187362414
678 3499 -0.7475184706443799
679 680 0.5275193579567833
679 3604 0.6254266913773738
679 3619 -0.25456541433882185
679 3634 -0.2362710473987259
679 3649 0.14524351968249694
679 3664 1.0
679 3679 0.5648461436771084
679 3514 0.4491221062295642
679 3529 -0.9308320623454635
680 3784 0.1623947205252425
680 3799 -0.23710255128818494
680 3814 0.03835504340180441
680 3829 -0.05492739891757405
680 3844 0.7575148961713442
680 3859 -0.16456957191866525
680 3694 0.31300767748528713
680 3709 0.1364212288043977
693 694 0.03630319787132026
693 708 0.18947972481287492
693 3424 -0.02976525537191465
693 3439 -0.004963883051981269
693 3454 -0.6689286686832081
693 3469 -0.38011001338691497
693 3484 -0.5465749095895474
693 3499 0.3732566018591034
693 3364 -0.31422951395405974
693 3379 0.4049592088974985
693 3394 -0.18669839822393094
693 3409 0.3721958483776549
694 695 -1.0
694 709 0.3295691929833086
694 3604 -0.07203551280381425
694 3619 0.4536479878974072
694 3634 -0.029635532373940704
694 3649 0.3662552358715574
694 3664 -0.5717982632897451
694 3679 -0.4903445010278372
694 3514 -0.2499751269981253
694 3529 0.5547332903129262
694 3544 0.34164064419025414
694 3559 -0.912758758860358
694 3574 -0.6611216769188966
694 3589 0.24163328199223053
695 710 -0.16644543332069475
695 3784 0.08597185807301716
695 3799 -1.0
695 3814 -0.4337542340864692
695 3829 -0.023961551811416643
695 3844 -0.32612696986518
695 3859 0.7842055480545906
695 3694 0.256638353722522
695 3709 -0.44292958872921534
695 3724 0.9154171788198178
695 3739 0.42013387453234086
695 3754 -0.6055316481993354
695 3769 0.7467532245496808
708 709 -0.41667441944246925
708 3424 0.16242395623444572
708 3439 -0.45328429403384407
708 3454 -0.5003527593897361
708 3469 0.08168285682482591
708 3484 0.08662985474071032
708 3499 -0.3253925858637212
708 3364 -1.0
708 3379 0.4665160187150748
708 3394 -0.45034323941799853
708 3409 0.3132994968804281
709 710 1.0
709 3604 -0.6183281250978065
709 3619 -0.026524373494366132
709 3634 0.5056449541006564
709 3649 0.12418019598572912
709 3664 -0.2184475560214352
709 3679 -0.3003130035745974
709 3514 -0.31617510816574423
709 3529 0.3637363024238796
709 3544 0.12966787726433004
709 3559 -1.0
709 3574 0.7946799283766564
709 3589 -0.12377000260862042
710 3784 -0.07900478118082159
710 3799 -0.15664606361077463
710 3814 -0.7119946240620221
710 3829 1.0
710 3844 -0.3039130154624118
710 3859 0.3276595201895826
710 3694 -0.2692605245851967
710 3709 0.1977351407500157
710 3724 0.36827402457137637
710 3739 0.161049065668598
710 3754 -0.2244268545682361
710 3769 0.2292207691732121
723 724 0.5827907500846873
723 738 -0.805518159578383
723 3424 0.5416195431759608
723 3439 0.507609388214883
723 3364 -0.2676886658684691
723 3379 0.27971161926383475
723 3394 -0.605909022924234
723 3409 -0.24571533393548795
724 725 0.05635235477795592
724 739 -0.48660839714452625
724 3604 0.9862295291867922
724 3619 -0.5832822529092946
724 3454 0.11705042917087626
724 3469 0.8765167751623613
724 3484 0.43803734944352196
724 3499 0.27082788344147446
724 3514 0.4569720154380012
724 3529 -0.324844162819807
724 3544 -0.3181532951273275
724 3559 -0.04556255601881989
724 3574 0.2918603989620317
724 3589 -0.1871016189863783
725 740 -0.1437262811468165
725 3784 0.7745216075592929
725 3799 -0.9662014584350137
725 3634 -0.06310321173587966
725 3649 -0.012944135048138851
725 3664 0.07246863269717263
725 3679 0.08090311606110787
725 3694 -0.14272432631603363
725 3709 -0.023235799667077204
725 3724 -0.5863897159670054
725 3739 -0.1983948830899426
725 3754 0.4293048843917161
725 3769 -0.9161171536823096
738 739 -0.03332964520876663
738 3424 0.13493641277807894
738 3439 0.1501680581065089
738 3364 -0.1908089344480134
738 3379 -0.37847746213511685
738 3394 -0.10316927801640141
738 3409 0.34355897528794127
739 740 -0.33710281200928055
739 3604 -0.6671788238175949
739 3619 0.08143957314538655
739 3454 -0.4874109232177775
739 3469 -1.0
739 3484 -0.3710750347157443
739 3499 0.8445072479831932
739 3514 0.04400645505415785
739 3529 0.12751908391047
739 3544 -0.6542750671698343
739 3559 0.07783714663613676
739 3574 -0.12446793284819313
739 3589 -0.08712599842608726
740 3784 0.5222591874616093
740 3799 0.023156960017646975
740 3634 -0.784480245419008
740 3649 0.1309215993227516
740 3664 0.5987276864640401
740 3679 -0.29578777410252877
740 3694 -0.21952709451646768
740 3709 -0.19000384909189108
740 3724 -0.15402832883941905
740 3739 -0.3120940303716353
740 3754 0.09061717790285456
740 3769 0.5989706261484364
753 754 0.048628582625771063
753 768 0.7115794999304588
753 3424 -0.16828662969285596
753 3439 0.11091700273282538
753 3364 0.6441667870745914
753 3379 0.25405082393590145
753 3394 -0.38421653914161663
753 3409 -0.17374312394707536
754 755 0.49233760431396933
754 769 0.09240467970605426
754 3604 1.0
754 3619 -0.08703963382901535
754 3454 0.28719124323281797
754 3469 -0.2594224355803267
754 3485 0.6900879567431722
754 3500 0.5594639894785404
754 3515 0.440685215511057
754 3530 0.6204653090932014
754 3544 0.22280160919849515
754 3559 -0.027763439433000626
754 3574 0.2993535865377536
754 3589 -0.39275997269315693
755 770 -0.42176629694598333
755 3784 -0.32830131734235823
755 3799 -0.01371578999216731
755 3634 0.010950047019232353
755 3649 -0.22626616932008375
755 3665 0.5340322590540969
755 3680 -0.5582260940332332
755 3695 -0.029145062392927287
755 3710 -0.4948865470901549
755 3724 -0.08194024532071453
755 3739 0.279644367110614
755 3754 0.19768350447325952
755 3769 -0.03649565543852624
768 769 0.7528035039651911
768 3424 0.07213024147592721
768 3439 0.4191004181274836
768 3364 0.31826035647513745
768 3379 1.0
768 3394 0.829751777436479
768 3409 -0.13564314415404366
769 770 0.3248139964232965
769 3604 -0.32341358906579076
769 3619 -0.3811290782912284
769 3454 0.32608083917950137
769 3469 1.0
769 3485 -0.4556131303876269
769 3500 0.9453639420726746
769 3515 -0.3624093566172534
769 3530 -0.47630532966485845
769 3544 0.25167726175300353
769 3559 -0.6280050140269474
769 3574 1.0
769 3589 -1.0
770 3784 -0.7992464479036996
770 3799 -1.0
770 3634 0.08179125211838291
770 3649 0.15081506486670612
770 3665 -0.4570611959061321
770 3680 0.9443884913245101
770 3695 -0.06951183388361062
770 3710 0.33206271851931635
770 3724 -0.43775731601232115
770 3739 0.008949981528491847
770 3754 -0.2498098279456964
770 3769 -0.4648792019529569
783 784 -0.147285917278707
783 798 -0.20512427549370257
783 3424 -0.6647001903578027
783 3439 -0.028310330383602297
783 3454 -0.8757325235198138
783 3469 0.1636847429483403
783 3485 0.6346017713004871
783 3500 0.11712985209893235
783 3515 0.4806909036060108
783 3530 0.4179915732958599
783 3544 -0.0327149105996844
783 3559 0.6626906433058034
783 3394 1.0
783 3409 -1.0
784 785 -0.07917744218250143
784 799 0.03425277432675024
784 3604 0.0593272535645031
784 3619 0.5469023679637629
784 3634 0.6865119682326617
784 3649 1.0
784 3665 0.6083494068627601
784 3680 -0.03817701943029375
784 3695 1.0
784 3710 0.4883035487924306
784 3724 0.6749079142819692
784 3739 0.47635866014771777
784 3574 0.1748171362147255
784 3589 0.11161454039105864
785 800 -0.19946798229371765
785 3784 -0.8785534626787567
785 3799 0.6042948678654596
785 3814 -0.20140063994776636
785 3829 0.0486315203167058
785 3845 0.8467220206182384
785 3860 0.018319617713498312
785 3875 -0.27707128171909684
785 3890 -0.008502295202149726
785 3754 -0.04968445646711412
785 3769 0.5405053246105552
798 799 -0.08525724947278529
798 3424 0.30892018625298956
798 3439 0.33748019817761327
798 3454 0.14336027699776646
798 3469 -0.41016655291881315
798 3485 -0.1165239387828662
798 3500 -0.5230131080017436
798 3515 -0.7113982502934396
798 3530 -0.01627862665567384
798 3544 0.17889006389872608
798 3559 -0.25208039829624646
798 3394 -0.32303132363578313
798 3409 0.17464374354723544
799 800 1.0
799 3604 0.11560766974087958
799 3619 1.0
799 3634 -0.04425929587553852
799 3649 0.0815121526440167
799 3665 0.4011205071933026
799 3680 0.18170526253110747
799 3695 0.19278978728096544
799 3710 0.22456562834946014
799 3724 0.43629240558229543
799 3739 -0.35425038300738
799 3574 -0.536595692050534
799 3589 -0.31156376533915425
800 3784 -0.6246064647084749
800 3799 -0.6460302680832285
800 3814 1.0
800 3829 0.7583214811149845
800 3845 0.23161093261834179
800 3860 -0.39632085561188607
800 3875 0.8828406722264365
800 3890 1.0
800 3754 0.6710717255027006
800 3769 0.7159721295694067
813 814 -0.048722132975823035
813 828 0.7573176296924148
813 3425 0.13236962675230662
813 3440 0.25976204679935944
813 3455 -0.12438422301737773
813 3470 -0.08368348327399032
813 3485 -0.30833894097188563
813 3500 0.14018661751137212
813 3515 0.22273702649045987
813 3530 0.45151249287987244
813 3544 0.8862284724738875
813 3559 -0.4558238881520551
813 3394 0.35500079311263577
813 3409 -0.3159078407091789
814 815 0.0347504781682355
814 829 0.9102855460031684
814 3605 -0.26029183208528667
814 3620 -0.26426131051430035
814 3635 0.268813840013769
814 3650 0.9355693817333393
814 3665 -1.0
814 3680 -0.11996153677786499
814 3695 0.6584113014658567
814 3710 -0.4242776524929676
814 3724 -0.7622820941111507
814 3739 -0.17533464760790726
814 3574 0.2789610255825231
814 3589 0.3749916971991669
815 830 0.34083999937969117
815 3785 -0.32436396550748486
815 3800 0.6499685530837389
815 3815 -0.26752925032925073
815 3830 1.0
815 3845 0.1316251431955768
815 3860 0.024735895751284383
815 3875 0.1559747171829313
815 3890 -0.4953755716334041
815 3754 0.035787318502819104
815 3769 -0.30625475770406835
828 829 0.8698932162022359
828 3425 -0.02631126958603481
828 3440 -0.4382720412434186
828 3455 -0.2231899085099532
828 3470 -0.42542673691258165
828 3485 -0.23194881527889902
828 3500 -0.04133719819032849
828 3515 1.0
828 3530 -0.26727621049200256
828 3544 -0.21492567299420204
828 3559 0.17501981190982155
828 3394 0.07874631283256812
828 3409 -0.7994458990678981
829 830 0.3275183678518296
829 3605 1.0
829 3620 -0.006669223809750259
829 3635 0.13778046825903276
829 3650 0.44655233260670824
829 3665 0.06467826703616238
829 3680 -0.6136969460875121
829 3695 -0.26657244286112763
829 3710 0.4545111204242859
829 3724 -0.013725781175217153
829 3739 0.007848894515736088
829 3574 -0.09249304589477753
829 3589 0.1469503111717857
830 3785 -0.2479376542831269
830 3800 -0.16083956415814607
830 3815 0.6222339738637125
830 3830 -1.0
830 3845 -0.934209794335744
830 3860 -0.13774380023818517
830 3875 -0.003008981387542445
830 3890 -0.06548810181052385
830 3754 0.48596234537933314
830 3769 -0.8767216208470201
843 844 -0.7262396048602099
843 858 -0.3175179070669722
843 3425 0.5739637797396667
843 3440 0.6783490476552105
843 3455 0.2618434365037895
843 3470 -0.8941340534083057
843 3485 -0.697427140451848
843 3500 -0.5168163424964278
843 3364 0.006668289363033104
843 3379 -0.570300664712178
843 3394 0.11355316626684202
843 3409 -0.1938814055408018
844 845 -0.5387722103406548
844 859 -0.5618203132654828
844 3605 0.17669904189411328
844 3620 -0.05731021605273748
844 3635 -0.10293213457766869
844 3650 0.19956345558094105
844 3665 -0.2407511215049652
844 3680 0.4735222270364653
844 3515 -0.7529581304945153
844 3530 0.6205759145860679
844 3544 -0.11590176694017366
844 3559 -0.5318117209030081
844 3574 0.2799575812969443
844 3589 -0.057973056774140115
845 860 0.14350921629195537
845 3785 -0.3074059227353947
845 3800 -0.008055328159027573
845 3815 0.18247264702557345
845 3830 -0.3485792229219289
845 3845 -0.294167252310787
845 3860 0.2927969280121317
845 3695 -0.13835457051909647
845 3710 -0.2512808853426083
845 3724 -0.058620417441372634
845 3739 -0.8534954512647334
845 3754 -0.36933009041326453
845 3769 0.04566113684451684
858 859 -0.5044215727665792
858 3425 0.21244945237299842
858 3440 -0.41590873655018323
858 3455 -0.8629519165574826
858 3470 0.11900041377243116
858 3485 -0.6320192417535823
858 3500 0.030949164944552614
858 3364 1.0
858 3379 0.5464640930089367
858 3394 0.5363877397563365
858 3409 -0.017358809038554645
859 860 0.6730385966562797
859 3605 -0.516646730651844
859 3620 0.6415870604362208
859 3635 0.5018771068837072
859 3650 -0.6047280761694701
859 3665 -0.12197978090937693
859 3680 -0.04320153263287951
859 3515 0.22105436638975393
859 3530 -0.13256423521798874
859 3544 -0.16995727120320864
859 3559 -0.7440748476733746
859 3574 -0.4117004343414033
859 3589 0.12510607292785597
860 3785 -0.6861653156185927
860 3800 0.6127791850792118
860 3815 -0.5683230456806505
860 3830 -0.8381110859794074
860 3845 0.075137348526854
860 3860 0.1952222976895364
860 3695 0.22066713045117953
860 3710 -0.03155023368788946
860 3724 -1.0
860 3739 -0.16318800705180936
860 3754 0.7537776424161943
860 3769 0.6681221525215153
873 874 -0.39583640742469856
873 888 1.0
873 3425 0.6309992702294311
873 3440 0.16602998071061614
873 3455 0.9343201597276906
873 3470 -0.4290937049403263
873 3485 0.7312009523272316
873 3500 0.23067911475393968
873 3365 -0.9296633832085842
873 3380 -0.9231785474880287
873 3395 -0.17272436115530856
873 3410 0.9930043687187939
874 875 -0.3866998590721836
874 889 -0.06494379310482223
874 3605 0.15825822696371267
874 3620 0.11124813373585118
874 3635 -0.200479874401612
874 3650 -0.7760281157904101
874 3665 0.45940564643924464
874 3680 -0.0011064086282433154
874 3515 -0.005898960205410556
874 3530 0.46761999143432653
874 3545 -0.17932468930945075
874 3560 0.0642852082550113
874 3575 0.10211664011950713
874 3590 -0.42436258006266503
875 890 0.23113562693761977
875 3785 -0.18779207071900816
875 3800 0.19691231440878423
875 3815 0.3531175052885708
875 3830 0.9319068340158615
875 3845 -0.07651116557466196
875 3860 1.0
875 3695 0.11330076979908607
875 3710 0.6988321346766415
875 3725 -0.8949647209240276
875 3740 0.33498775532807756
875 3755 -0.2567854539213813
875 3770 -0.4236133430830985
888 889 -0.14482054062137195
888 3425 -0.058419490610027776
888 3440 0.25508297941619756
888 3455 0.37929182390171545
888 3470 -0.35347342985519903
888 3485 -0.23022807968082973
888 3500 -0.08532424286589016
888 3365 -0.3540878347125943
888 3380 -0.857546884319143
888 3395 0.0012459351159959462
888 3410 -0.07189005337291662
889 890 -0.062060247862776204
889 3605 -0.48777584104807925
889 3620 0.1892456770621936
889 3635 0.19149949658674204
889 3650 -0.39227386884888393
889 3665 0.17439511714162326
889 3680 -0.13488388154473335
889 3515 0.38783719248175214
889 3530 -1.0
889 3545 -0.17672038734193732
889 3560 -0.463580112715939
889 3575 -0.35678682821036267
889 3590 -0.47768087301722617
890 3785 -0.20402678836777216
890 3800 0.20271052604238882
890 3815 0.3293965014937468
890 3830 -0.03004159581238575
890 3845 0.007419429304974975
890 3860 0.8883934292817647
890 3695 0.2162428761644384
890 3710 -0.6822593571656039
890 3725 -0.879990137086676
890 3740 0.5158285707130158
890 3755 -0.9178917646257057
890 3770 0.4159813447569982
903 904 0.13314287014507376
903 918 -0.4667730398342319
903 3425 0.2637821763291551
903 3440 0.483929373602519
903 3365 -0.7099307700235976
903 3380 0.5962121273720208
903 3395 -0.18610631476114906
903 3410 -0.6100780054175491
904 905 0.08161276931446433
904 919 0.10397875960234373
904 3605 0.009789623856468083
904 3620 0.12287828099961277
904 3455 0.4144334753914264
904 3470 -0.895799021560293
904 3485 -0.4234119712023127
904 3500 -0.5501675273874757
904 3515 0.5194143396123194
904 3530 -0.0700048704873981
904 3545 -0.6384194317975578
904 3560 -0.14133188305881844
904 3575 -0.638277471441591
904 3590 0.5583743011213297
905 920 -0.6831089237561925
905 3785 1.0
905 3800 -0.08301478190521025
905 3635 0.04304748412941968
905 3650 0.5227731584806179
905 3665 -0.4698658234879437
905 3680 0.015615568356765658
905 3695 0.029128988400673482
905 3710 -0.4023036123332721
905 3725 -0.15100238964541243
905 3740 -0.8361073637858834
905 3755 0.8707013424163016
905 3770 0.018840681389081747
918 919 0.2350120178601014
918 3425 -0.6167014504249112
918 3440 0.476534537115739
918 3365 -0.5152583328838781
918 3380 0.22287706468122065
918 3395 -0.3121601747411701
918 3410 -0.5783176336982635
919 920 -0.4380656445780951
919 3605 -0.026026841513958864
919 3620 -0.7670695292201778
919 3455 0.4877691597859311
919 3470 0.29297815771979857
919 3485 -0.5678601048635765
919 3500 -0.03907173462710483
919 3515 -0.28233335910268714
919 3530 -0.4729582358153706
919 3545 0.45142988718115473
919 3560 -0.12099339212147538
919 3575 0.5529153854064678
919 3590 0.11018347608457962
920 3785 -0.850270890442846
920 3800 0.20813751430656616
920 3635 0.4603714030921648
920 3650 0.3037821677015985
920 3665 -0.2817871385624336
920 3680 0.22328442024010814
920 3695 -0.11021113172524882
920 3710 0.7494062668791398
920 3725 0.8343174474064807
920 3740 -0.9730676145847649
920 3755 -0.5644163483197704
920 3770 0.42652381769432934
933 934 -0.02530738597585216
933 948 -0.8198616561450752
933 3425 -0.719383217632653
933 3440 0.13530553625870048
933 3365 -0.500950648829271
933 3380 0.15691500024001293
933 3395 -0.42044228303325204
933 3410 0.16803546306973038
934 935 -0.03674858211534975
934 949 0.05484166286585569
934 3605 -0.4552983900224005
934 3620 0.1517072008388346
934 3455 -0.042241675062585915
934 3470 -0.3089579594373164
934 3486 0.12909679374509855
934 3501 -0.6973791256669079
934 3516 -1.0
934 3531 -0.6081475758033131
934 3545 0.31930715527150644
934 3560 -0.14390618013860812
934 3575 0.1837362784446496
934 3590 -0.7287724529489971
935 950 -0.35466845679264536
935 3785 0.5943094314580694
935 3800 -0.15683197019922726
935 3635 -0.05824583451077523
935 3650 0.4449190123874375
935 3666 1.0
935 3681 0.022877710728470953
935 3696 0.047447259034655534
935 3711 -0.7534942038355015
935 3725 -0.3383255074522669
935 3740 -0.07197306383825286
935 3755 0.1295202575960456
935 3770 -0.34934420345453265
948 949 -0.3895595708377849
948 3425 -0.23371195155420943
948 3440 -0.07266220763826325
948 3365 -0.6270865177952406
948 3380 -0.6100728481496341
948 3395 -0.46842569689212143
948 3410 0.8089688642226494
949 950 -0.929856153520011
949 3605 -0.06425628187818941
949 3620 -0.32064807411261415
949 3455 0.0398025440641007
949 3470 1.0
949 3486 -0.1270963182251374
949 3501 -0.6430571313023836
949 3516 -0.7048092089489916
949 3531 0.7306393399646208
949 3545 -0.3455086790480411
949 3560 -0.10333440463930293
949 3575 -0.3846628823117085
949 3590 -0.3999083950177795
950 3785 0.08992439151056643
950 3800 -0.4082341179643513
950 3635 0.5491578083258113
950 3650 0.3165403636441147
950 3666 -0.3484024174004046
950 3681 -0.7153560290414138
950 3696 0.37167166928224216
950 3711 -0.6933059453129428
950 3725 -0.09791916901875393
950 3740 0.533738818198674
950 3755 -0.45265135967586145
950 3770 0.33141836821412074
963 964 -1.0
963 978 0.34433395934067035
963 3425 1.0
963 3440 -0.3302914728532992
963 3455 -0.3485886824571381
963 3470 0.08222169184986013
963 3486 -0.1717323815811317
963 3501 -1.0
963 3516 -0.7723294011432686
963 3531 0.40466597477404237
963 3545 -0.14218580358281419
963 3560 -0.5356893136094464
963 3395 0.5483426457289722
963 3410 -0.552953536507461
964 965 0.7054142956506158
964 979 0.10000049690698692
964 3605 0.16053192646385922
964 3620 0.8744217653247545
964 3635 -0.3459037164950379
964 3650 -0.10199939418675383
964 3666 0.13231366492860036
964 3681 -0.25441360307599425
964 3696 -0.34800817286394237
964 3711 -0.4536734215567021
964 3725 -0.6069491009885534
964 3740 -0.38416660681555576
964 3575 -0.3119472148227466
964 3590 -0.09715775563481413
965 980 0.34008374713917144
965 3785 -0.39722961029672615
965 3800 0.031263509929973975
965 3815 0.30080652419079
965 3830 -0.46441080768062876
965 3846 -0.6276957720267432
965 3861 -0.08209247589539648
965 3876 -0.09561631572889587
965 3891 -0.6711140579888442
965 3755 0.1903284893191354
965 3770 0.427671944203869
978 979 -0.5345345161194694
978 3425 -0.005062493887684363
978 3440 0.23196891860275148
978 3455 0.20498111887866743
978 3470 -0.7245731590615189
978 3486 0.3618278330111449
978 3501 -0.443721935278948
978 3516 -0.11278192221804552
978 3531 -0.2483163480030172
978 3545 0.8555922802570486
978 3560 0.21121187089409055
978 3395 -0.3510372681713352
978 3410 -0.8548860099034806
979 980 -0.3899854004748033
979 3605 -0.7416983736394704
979 3620 -0.002000223659148781
979 3635 1.0
979 3650 -0.4027454579039709
979 3666 -0.3370586840026616
979 3681 -0.11123499272220229
979 3696 1.0
979 3711 -0.3690567770167202
979 3725 0.1523276274833728
979 3740 0.9139160854493935
979 3575 0.5221724430501876
979 3590 -0.7838461884157515
980 3785 -0.6462848887257354
980 3800 0.3172801967092946
980 3815 0.38497968095540663
980 3830 -0.8638935147145673
980 3846 -0.35021493587963637
980 3861 -0.5534626352890308
980 3876 -0.4952233752285004
980 3891 0.9400922749400624
980 3755 -0.47415646404335593
980 3770 0.09306572440898767
993 994 0.18619904524919356
993 1008 0.2899451967887295
993 3426 0.5573666473969867
993 3441 -0.8499087564773343
993 3456 0.35323289075911063
993 3471 0.06671125303149504
993 3486 -0.11335433584130553
993 3501 0.6481641393345307
993 3516 -0.16854456991339728
993 3531 -0.37797112333459304
993 3545 0.44962298386758004
993 3560 -0.04185634477608743
993 3395 -0.2613913361670646
993 3410 0.30852011815503316
994 995 0.514550028657514
994 1009 0.1313190362712754
994 3606 0.38873083102177736
994 3621 -0.6163421985925294
994 3636 0.1490338099204666
994 3651 0.24180348909761376
994 3666 -0.8596778426040408
994 3681 -0.07194468966843398
994 3696 0.7185540055787248
994 3711 0.021770832040638684
994 3725 0.30255426044229156
994 3740 -0.5600742087146603
994 3575 -0.29267155663579214
994 3590 0.14474924513738163
995 1010 0.18421089157676168
995 3786 1.0
995 3801 0.20705854131685836
995 3816 0.7658247075222647
995 3831 0.13862188838741335
995 3846 -0.1920790898167306
995 3861 0.9958150444201588
995 3876 -0.2052735015696496
995 3891 -0.09913169717864974
995 3755 0.05373532616704541
995 3770 -0.7720433949173313
1008 1009 -1.0
1008 3426 -0.1753111713386044
1008 3441 0.33840861208344253
1008 3456 -0.32474016198411504
1008 3471 0.324170176990455
1008 3486 -0.09774874115075333
1008 3501 -0.6295269216139174
1008 3516 0.33000135001250686
1008 3531 -1.0
1008 3545 -0.06003751716693082
1008 3560 -0.5162991756312065
1008 3395 -0.5723980218647413
1008 3410 0.9854230122917769
1009 1010 0.03393651174271566
1009 3606 -0.5639605499556459
1009 3621 -0.10361666188237056
1009 3636 0.2999454171914768
1009 3651 0.29367899110196355
1009 3666 0.5589625119764228
1009 3681 0.39823236533283124
1009 3696 0.26276100307423833
1009 3711 0.22352087689510355
1009 3725 1.0
1009 3740 -0.22226767437239212
1009 3575 -0.7872005383886096
1009 3590 -0.39817878461485867
1010 3786 0.23137626262691904
1010 3801 -0.02947550586177161
1010 3816 -0.8302773713783005
1010 3831 -0.0724375879787792
1010 3846 -0.47536485612431684
1010 3861 0.22043832537505653
1010 3876 0.49408031516197237
1010 3891 0.11852989593500457
1010 3755 -0.2773727225223926
1010 3770 0.16722210536376803
1023 1024 0.15181742423117417
1023 1038 -0.4960865334963654
1023 3426 0.41064709719622267
1023 3441 -0.3172038158481172
1023 3456 -0.3815128618385651
1023 3471 -0.3804878858996182
1023 3486 -0.06555650052175334
1023 3501 -0.3789264574832549
1023 3365 0.9338923604939651
1023 3380 -0.5634759671197858
1023 3395 0.2736785019114971
1023 3410 -0.3622539128525708
1024 1025 0.4621029124624988
1024 1039 -0.3330285147529366
1024 3606 -0.4790888609057802
1024 3621 0.19425835090768473
1024 3636 0.7982174306682996
1024 3651 0.21894858663448533
1024 3666 -0.311326306771264
1024 3681 0.1111987378163468
1024 3516 0.4356516328314975
1024 3531 0.29557857865858933
1024 3545 -0.4225849668370236
1024 3560 -0.14601677625047432
1024 3575 -1.0
1024 3590 -0.29928822245920134
1025 1040 1.0
1025 3786 -0.43038824048463237
1025 3801 -0.09651766156635667
1025 3816 -0.7065855844645922
1025 3831 -0.03062567874937737
1025 3846 -0.21256291470912544
1025 3861 0.3708259707818196
1025 3696 0.22312367763406837
1025 3711 0.5603526874681923
1025 3725 -0.2898003174028619
1025 3740 0.005770654800357544
1025 3755 -0.4661527356521818
1025 3770 0.562964508077824
1038 1039 -0.15347633224042448
1038 3426 -0.5394784815694053
1038 3441 -0.2913564273232629
1038 3456 0.5884194626982551
1038 3471 0.18878459850955115
1038 3486 0.28982596037252517
1038 3501 0.03894387241618698
1038 3365 -0.03842457497531477
1038 3380 0.8036356355361357
1038 3395 0.18297416512361178
1038 3410 0.27483052737794966
1039 1040 -0.26788819245367057
1039 3606 -0.6668886944915763
1039 3621 0.20724809467040087
1039 3636 0.9747065309280462
1039 3651 0.49012269098618894
1039 3666 0.31230125565201605
1039 3681 0.10433375734584684
1039 3516 -0.8385263985657965
1039 3531 -0.9480550933526547
1039 3545 0.7016083394694029
1039 3560 -0.07314972823645413
1039 3575 -0.416228793621966
1039 3590 -0.04070205444731584
1040 3786 -0.3801098232309829
1040 3801 -0.667169011545575
1040 3816 -0.1540482724860177
1040 3831 -0.13210309184382904
1040 3846 1.0
1040 3861 -0.4962411651725558
1040 3696 0.3204791968125052
1040 3711 -0.22451421793482434
1040 3725 0.5892272333731179
1040 3740 0.17674514712384762
1040 3755 -0.7297259858533574
1040 3770 -0.061055178204038094
1053 1054 -0.11776640561940196
1053 1068 0.5665665674785049
1053 3426 0.7587309546869884
1053 3441 0.47406825527380486
1053 3456 0.01748907585125366
1053 3471 0.04587064944448255
1053 3486 0.5411174455668578
1053 3501 -0.8147813229881166
1053 3366 -0.5464983561757415
1053 3381 0.3045591084469457
1053 3396 0.16732430821482014
1053 3411 0.14787436916549887
1054 1055 0.7562364373688895
1054 1069 0.6661307960851225
1054 3606 -0.4156582580527321
1054 3621 1.0
1054 3636 0.2309708052616875
1054 3651 -0.30049632414621386
1054 3666 -0.3048220159259083
1054 3681 -0.022305618396219154
1054 3516 0.6766688723008161
1054 3531 0.03472896161637229
1054 3546 0.5692954968707375
1054 3561 0.3578577831544274
1054 3576 -0.1620567224542634
1054 3591 0.589121789913707
1055 1070 -0.2169147690094536
1055 3786 0.17341222337795534
1055 3801 -0.2874433105407367
1055 3816 0.08094728631818075
1055 3831 -0.1587390632581246
1055 3846 -0.08086546435878761
1055 3861 -0.0032908607241874943
1055 3696 0.3238393841484597
1055 3711 -0.012226799419019045
1055 3726 0.06682659061486526
1055 3741 0.29513468744434057
1055 3756 0.9546995916996225
1055 3771 0.5159901423184853
1068 1069 -0.0830761256324984
1068 3426 -0.1758836789310616
1068 3441 -0.4109307604069157
1068 3456 -0.5187273357770321
1068 3471 0.28942366229313266
1068 3486 -0.4096366152441063
1068 3501 -1.0
1068 3366 0.5089255348104686
1068 3381 -0.49590111266284775
1068 3396 0.3455481339452489
1068 3411 0.35843231530321723
1069 1070 -0.13248852852386578
1069 3606 0.3882810895512818
1069 3621 0.054447025975674426
1069 3636 0.26774110849382865
1069 3651 0.9154258965622923
1069 3666 -0.3730591242593045
1069 3681 0.4732080589774897
1069 3516 -0.5669602788605594
1069 3531 -0.9604666717519545
1069 3546 0.2627199038789263
1069 3561 -0.2823733715894918
1069 3576 0.6093886968933558
1069 3591 -0.04950293094142163
1070 3786 -0.7244360391239903
1070 3801 -0.61704591137648
1070 3816 0.7757834342732886
1070 3831 0.7557529914339531
1070 3846 -0.7155428691749832
1070 3861 0.489546762929987
1070 3696 -0.4148535113175128
1070 3711 -0.5314390295134515
1070 3726 0.49872842399514894
1070 3741 -0.588882559124106
1070 3756 -1.0
1070 3771 -0.5080458980489024
1083 1084 0.5131875765945606
1083 1098 -0.9861495843476232
1083 3426 -0.6286911337530152
1083 3441 -0.4630441375882858
1083 3366 -1.0
1083 3381 1.0
1083 3396 -0.46218595600230167
1083 3411 0.6512085687481844
1084 1085 -1.0
1084 1099 -0.08544341955154768
1084 3606 -0.37832986760342147
1084 3621 -0.3693746951103387
1084 3456 0.027359746167718323
1084 3471 0.15932657637915917
1084 3486 -0.019458319956796005
1084 3501 -0.20415393650689045
1084 3516 0.13396507711369118
1084 3531 0.32717064271258256
1084 3546 -0.28221914402279613
1084 3561 0.24217770579872433
1084 3576 0.20703406643765418
1084 3591 0.3743966784646205
1085 1100 0.007558384943212596
1085 3786 0.24167287804361978
1085 3801 -0.6404130536522485
1085 3636 0.3964124401108278
1085 3651 -0.12410631972466145
1085 3666 0.6042892209030328
1085 3681 -0.1413614071762812
1085 3696 -0.18663369688906456
1085 3711 0.4093758802869588
1085 3726 0.1278774025885219
1085 3741 0.38734252654306606
1085 3756 -0.4158823681586977
1085 3771 -0.3960766830869976
1098 1099 0.8297397938062306
1098 3426 -0.38728570251084427
1098 3441 0.6427941095704497
1098 3366 -0.7177759262675198
1098 3381 -0.12775164234392875
1098 3396 -0.1586658895493922
1098 3411 -0.17987626843325424
1099 1100 0.2932219299421102
1099 3606 -0.15048977314525094
1099 3621 0.6787896229503627
1099 3456 0.8429969221753572
1099 3471 0.08613971016914275
1099 3486 0.1653096325106304
1099 3501 0.2991104606902462
1099 3516 0.11440678011502217
1099 3531 0.669604455363008
1099 3546 -0.2725012349724017
1099 3561 0.49401029026825044
1099 3576 -0.509073892394496
1099 3591 0.24864330359295223
1100 3786 -0.4177144205415305
1100 3801 0.13520578535242858
1100 3636 0.9886936325273761
1100 3651 -0.232395631948751
1100 3666 -0.12564475502399441
1100 3681 0.07563665664596109
1100 3696 0.09550613807138236
1100 3711 -0.5720196435163699
1100 3726 -1.0
1100 3741 -0.1090242690029688
1100 3756 -0.2726892596701529
1100 3771 0.05277712627958882
1113 1114 -0.3030584452301264
1113 1128 -0.274538162833462
1113 3426 -0.18864538743686443
1113 3441 -0.575285169252779
1113 3366 -0.125575656108971
1113 3381 -1.0
1113 3396 -0.2612460169421951
1113 3411 -0.5878139318172264
1114 1115 -0.3439435802184992
1114 1129 -0.42804987878571815
1114 3606 0.1292819438643781
1114 3621 0.1814062994560371
1114 3456 -0.30459887781591144
1114 3471 0.24111722299108848
1114 3546 1.0
1114 3561 0.21611444335003016
1114 3576 0.03817603082005888
1114 3591 0.1503893119353583
1115 1130 -0.12878479176799895
1115 3786 -0.08948303237903142
1115 3801 0.22993455111065864
1115 3636 -0.12022147933685834
1115 3651 0.07550466007875171
1115 3726 -0.3537432549475155
1115 3741 0.18660264257421552
1115 3756 0.026035082498145082
1115 3771 -0.0068654672342856465
1128 1129 0.14585112267177008
1128 3426 -1.0
1128 3441 -0.01609543257635853
1128 3366 -0.1190239672795032
1128 3381 0.5533005917301608
1128 3396 0.6324434010671031
1128 3411 0.8321398377299329
1129 1130 0.6162721578565453
1129 3606 0.29799926792415016
1129 3621 0.1467016401215265
1129 3456 0.06830084101896064
1129 3471 0.3767169878079672
1129 3546 0.25464624728019986
1129 3561 -0.3637478059274283
1129 3576 -0.22660946813147356
1129 3591 -0.6511574896048783
1130 3786 0.31928921913005126
1130 3801 -0.7323325203305248
1130 3636 0.07483979482673099
1130 3651 0.4775407902546396
1130 3726 0.8637332346437078
1130 3741 0.023496536337093938
1130 3756 0.6042524094469046
1130 3771 0.9841321933183891
3364 3365 0.11916627877234844
3364 3379 0.13030242171101278
3365 3366 -0.5298040850410926
3365 3380 -0.28658361039410213
3366 3381 -0.66971269008955
3379 3380 0.6441792522681319
3380 3381 -0.8995670380206184
3394 3395 0.6863595611646514
3394 3409 -0.33081526943849393
3395 3396 -0.6818143032359353
3395 3410 0.47825757796803775
3396 3411 -0.06872597399068904
3409 3410 0.6285613102614845
3410 3411 -0.4608599040443701
3424 3425 -0.04013094645938927
3424 3439 0.3996380026280809
3425 3426 0.6063889991350707
3425 3440 0.7863844943128155
3426 3441 0.40467335558917644
3439 3440 -0.19890780582434822
3440 3441 0.027636486149497035
3454 3455 0.008433271251409236
3454 3469 -0.34619302346263275
3455 3456 0.49799788262940625
3455 3470 -0.5660815288750919
3456 3471 1.0
3469 3470 -0.33667872534849497
3470 3471 -0.09923128057628494
3484 3485 0.504937374341585
3484 3499 -0.14345271746639018
3485 3486 0.6088574786985457
3485 3500 -0.07369934910915357
3486 3501 0.39727915637521016
3499 3500 0.32115099942693054
3500 3501 -0.10104196363615627
3514 3515 0.04819196050058454
3514 3529 -0.27346208894741214
3515 3516 0.4911128088318403
3515 3530 -0.05109133916920256
3516 3531 0.00419709901754222
3529 3530 -0.43004306607305387
3530 3531 -0.03959866558901634
3544 3545 -0.48974092879683473
3544 3559 -0.07664786803241667
3545 3546 -0.009582520063218341
3545 3560 -0.14906105085959756
3546 3561 1.0
3559 3560 -0.18696903811037188
3560 3561 0.6057438041510574
3574 3575 -0.8500843455095731
3574 3589 -0.6019020035728323
3575 3576 0.5134614149461828
3575 3590 1.0
3576 3591 -0.7155321787518142
3589 3590 0.34532792282547253
3590 3591 -0.5744653713599535
3604 3605 0.013693461954824489
3604 3619 1.0
3605 3606 -0.38168273743318426
3605 3620 -0.27757498530590796
3606 3621 0.6358647066426494
3619 3620 0.3277881256871631
3620 3621 -0.2821001351500835
3634 3635 -0.3663435449714608
3634 3649 -0.39099090360752586
3635 3636 -0.8227886840561677
3635 3650 0.0031711373938471143
3636 3651 -0.2751275380033191
3649 3650 -0.1009670648658822
3650 3651 0.9978204162300645
3664 3665 -0.5307689239162343
3664 3679 -0.1308633781849717
3665 3666 0.7041634785514247
3665 3680 -0.35201702483413566
3666 3681 0.9671187756136316
3679 3680 0.23318707492350754
3680 3681 -0.4622290576946874
3694 3695 -0.11972324376090292
3694 3709 -0.4494624185627226
3695 3696 -0.44392634397691233
3695 3710 0.20899960298138173
3696 3711 0.062492219665470694
3709 3710 0.2410835537636081
3710 3711 1.0
3724 3725 -0.3540376851356176
3724 3739 -0.10333536107424252
3725 3726 0.7762497922901336
3725 3740 0.1907250953429991
3726 3741 0.6052719831952151
3739 3740 -0.1107580957298694
3740 3741 0.8478287835078389
3754 3755 -0.1539762241244804
3754 3769 0.32352544960100116
3755 3756 -0.008811971297891512
3755 3770 0.0033609019742575907
3756 3771 0.060857079175678494
3769 3770 0.1967143098340411
3770 3771 0.3924844302213434
3784 3785 0.3107723749055266
3784 3799 0.08404038773749105
3785 3786 -0.8198186456066824
3785 3800 0.2563323786196188
3786 3801 -0.10188100704978509
3799 3800 0.8453315091933106
3800 3801 -0.18275763903086306
3814 3815 -1.0
3814 3829 0.22695174688567468
3815 3816 -1.0
3815 3830 -0.7992508546488531
3816 3831 -0.3131051042102025
3829 3830 -0.5541723902396384
3830 3831 -0.05338239886067837
3844 3845 0.47476739538385426
3844 3859 0.7393836787029215
3845 3846 0.42124746347632513
3845 3860 -0.5537482505535127
3846 3861 0.09826139065580182
3859 3860 0.34242567360938253
3860 3861 -0.4879022664425903
3874 3875 1.0
3874 3889 0.5759203531780843
3875 3876 0.17037824929586104
3875 3890 -0.21079977080428086
3876 3891 -0.2024231630487067
3889 3890 -0.06728931582051492
3890 3891 -0.1718749337995218
