# 
603 603 -0.5537022352500222
604 604 1.0137672741963557
605 605 -0.6057263694420392
618 618 -0.4159096845987611
619 619 0.7034576757013878
620 620 -0.1458829068444716
633 633 0.6689303875624364
634 634 -0.4590939821973117
635 635 -0.16602861912330402
648 648 0.37379274737303025
649 649 -1.4943839417906488
650 650 -0.28125579983443894
663 663 0.34219446343661414
664 664 -0.9644008916571012
665 665 -1.3773759873743867
678 678 -0.7122148530552143
679 679 0.3722215923406069
680 680 -1.0111455037270949
693 693 0.3990708059487421
694 694 -1.0880290380571196
695 695 0.9822548899647551
708 708 -0.8176054716861616
709 709 1.7775412891808569
710 710 -0.5997531658942706
723 723 -0.7739549035552554
724 724 -0.5780786900090441
725 725 -0.5185848831547493
738 738 0.0827960672085769
739 739 0.12713303656637773
740 740 0.38080008000978804
753 753 -1.9816449753492864
754 754 1.1573781842178472
755 755 0.6830235279232931
768 768 0.18333289327373367
769 769 -0.24153415740417714
770 770 0.4722694495944178
783 783 2.525209650652867
784 784 -0.05420473610709945
785 785 -0.41555824991040996
798 798 1.5960603642920084
799 799 -0.5877206322693924
800 800 0.4362296660136134
813 813 -0.29463135345534575
814 814 0.6383769030231037
815 815 0.013646790987758178
828 828 -1.9341343055133282
829 829 -0.08427913292829833
830 830 -1.2202812587639769
843 843 1.6678528239144592
844 844 -1.4109092589037777
845 845 0.7845710157369922
858 858 -1.6768161242588902
859 859 0.38049338184395126
860 860 -0.18866052229677333
873 873 -0.4714986460898931
874 874 -0.5991940897924125
875 875 -0.786536673572849
888 888 -0.87413223911937
889 889 0.5226276957269624
890 890 -0.39135475840326445
903 903 -0.49038284818903316
904 904 0.6337306477343838
905 905 0.09791634473858274
918 918 -0.14411328800921153
919 919 1.419426713451006
920 920 -0.042317013643303945
933 933 1.1096015442694558
934 934 -0.7844524516438933
935 935 0.46062333003996503
948 948 0.14619160047220708
949 949 -0.2502461544020901
950 950 0.43829199189091345
963 963 -0.053083418241981796
964 964 0.29630801952353936
965 965 -1.8965276126069026
978 978 0.12370680807086365
979 979 1.8578316557027206
980 980 -0.6685756090513326
993 993 1.8075744309522561
994 994 0.28561196483714013
995 995 0.7981194586138982
1008 1008 -1.2695788324253838
1009 1009 -0.2425625949887935
1010 1010 -1.195751984913604
1023 1023 -0.14692963651830113
1024 1024 -0.5845492609146511
1025 1025 2.7028589965734584
1038 1038 -0.5002918105529007
1039 1039 -0.8455227571761368
1040 1040 0.5598696341376004
1053 1053 1.5479865920323048
1054 1054 0.5937106300738604
1055 1055 -1.4503371972669354
1068 1068 1.279369695515358
1069 1069 -0.7817300123657324
1070 1070 0.30505791905464774
1083 1083 -0.2799681597860956
1084 1084 -0.5583502739499719
1085 1085 0.1671563148646087
1098 1098 0.7840938241789498
1099 1099 -0.520733039718696
1100 1100 0.8679471672572332
1113 1113 0.3280767524627867
1114 1114 -0.6271522219931935
1115 1115 0.2932343612898583
1128 1128 1.7304839237898308
1129 1129 0.5847927199415924
1130 1130 0.4566708945794875
3364 3364 -0.40818637009467107
3365 3365 0.7681765884204478
3366 3366 0.5326956250348597
3379 3379 0.4280071356177145
3380 3380 -0.18175976714323167
3381 3381 -0.631341309850284
3394 3394 0.5443155244117346
3395 3395 -1.7770739857246254
3396 3396 0.08173077906195363
3409 3409 -0.6091444860812438
3410 3410 -2.571985607297297
3411 3411 0.15108084773200028
3424 3424 -0.5927250889032486
3425 3425 0.8126099606750369
3426 3426 1.4641335094378884
3439 3439 -0.7070749955199056
3440 3440 -0.13380302659718793
3441 3441 -0.23325654463639717
3454 3454 0.47171151745738077
3455 3455 -1.001260447790896
3456 3456 -0.36264263226820764
3469 3469 0.8823620617779415
3470 3470 1.034392051505441
3471 3471 -0.8684012606579355
3484 3484 0.36539141134024383
3485 3485 0.373327609945591
3486 3486 -0.34770864788410466
3499 3499 -0.2563682770653518
3500 3500 0.715769950953529
3501 3501 -0.8972956949020691
3514 3514 -0.4649906943698333
3515 3515 0.22398328240991544
3516 3516 0.4045698011495739
3529 3529 0.8442541376496326
3530 3530 -0.08673062287467824
3531 3531 -0.4010806607382983
3544 3544 -0.06601359953220573
3545 3545 1.2131471923227497
3546 3546 0.2412824307699326
3559 3559 -1.9720067773015926
3560 3560 -0.44552702312959835
3561 3561 -0.1558334760795494
3574 3574 -0.23778010565855426
3575 3575 -0.4059488189438176
3576 3576 -1.496337588999732
3589 3589 -0.2921927612477987
3590 3590 0.8323323769075974
3591 3591 -1.041993626464094
3604 3604 0.4887059856679808
3605 3605 0.5289481339986598
3606 3606 2.3777150543634047
3619 3619 -1.0566432391213116
3620 3620 -0.45035397548897665
3621 3621 -1.532077791713828
3634 3634 0.24231767253141964
3635 3635 0.20328234880414314
3636 3636 -0.7418338953855339
3649 3649 -1.6585400299525268
3650 3650 1.79364365199794
3651 3651 -0.6228803922568947
3664 3664 -0.7288417319419247
3665 3665 -0.2807696433056147
3666 3666 0.21041021535618348
3679 3679 0.8778750831070172
3680 3680 -1.3245227785084417
3681 3681 0.8838166083613046
3694 3694 0.9798723913193097
3695 3695 -0.18871567559688437
3696 3696 -2.0096745354883563
3709 3709 1.6120303611124027
3710 3710 1.2200652754289492
3711 3711 0.14332926481323735
3724 3724 0.25590661304027784
3725 3725 -0.20185394226154865
3726 3726 0.14377042626050723
3739 3739 0.28196777649477023
3740 3740 -0.05425244810266784
3741 3741 -0.7026709317616175
3754 3754 -0.49841302166879925
3755 3755 -0.5349256557864486
3756 3756 -1.673103009499036
3769 3769 1.7992625801984856
3770 3770 -1.2769589021873713
3771 3771 0.5371955900663637
3784 3784 -1.36951587402994
3785 3785 -0.812592001866474
3786 3786 -0.4855026901755955
3799 3799 0.7498843958739437
3800 3800 0.9198082892582683
3801 3801 -0.6648709492702648
3814 3814 -1.4955942626989953
3815 3815 0.21036553521154874
3816 3816 -0.09515594456906742
3829 3829 0.1066979355119082
3830 3830 -1.9248980907369133
3831 3831 -1.6227145292870941
3844 3844 -0.5988423842765368
3845 3845 -1.717838468659503
3846 3846 -0.9735807396260047
3859 3859 0.22425577521706105
3860 3860 1.3616121933405887
3861 3861 0.7887543316233268
3874 3874 0.9280258495675693
3875 3875 0.23576545350154646
3876 3876 0.930548662048782
3889 3889 0.34475164142651044
3890 3890 -1.2696277766432678
3891 3891 2.1817334666439745
603 604 0.18298778891609355
603 618 0.20605363232136953
603 3484 1.0
603 3499 -0.6217485237125463
603 3514 -0.18616067912597722
603 3529 0.23419126143659824
604 605 0.01848001258416433
604 619 -0.1138083145013798
604 3664 -0.4639625486893861
604 3679 -0.6990917321326756
604 3694 -0.011141510402958585
604 3709 -0.3554707111147313
605 620 -0.16296729532577528
605 3844 -0.2998552075624989
605 3859 -0.5008779040480635
605 3874 0.02227886050470443
605 3889 0.7957652826726842
618 619 -0.2010395605857636
618 3484 0.5076488224467424
618 3499 -0.8402093084531699
618 3514 -0.09950386896528039
618 3529 -0.11368724022638603
619 620 0.8904498995878876
619 3664 0.6268461166958819
619 3679 0.40551625677208797
619 3694 0.07542758834085708
619 3709 -0.2417960582763948
620 3844 -0.8890678972087073
620 3859 0.5984302676475727
620 3874 -0.5107869855742223
620 3889 0.20360472486039827
633 634 0.18408850797371024
633 648 -0.7437370235847043
633 3424 -0.02099151847135556
633 3439 0.6821980138162821
633 3454 -0.3221685470075154
633 3469 -0.25470383944038605
633 3484 -0.5729501255413976
633 3499 0.6562405526627593
633 3514 -0.4749065980489086
633 3529 0.48795242776034875
634 635 0.8400126648766352
634 649 -0.8669254731224776
634 3604 -0.5530380698915373
634 3619 -0.08180125162011007
634 3634 -0.008363993385597835
634 3649 -0.03023689728751497
634 3664 0.4947902216479662
634 3679 -0.010882107677876542
634 3694 -0.16347256200361304
634 3709 -0.8871755635854599
635 650 -0.3394391376927071
635 3784 -0.5816292360838051
635 3799 0.3264527632076595
635 3814 0.8375317072454999
635 3829 -0.4307048796188769
635 3844 0.3736056333538954
635 3859 0.30925609976142726
635 3874 0.16936846522295546
635 3889 -0.30395293516071265
648 649 0.05072002129439592
648 3424 -0.7594858093138208
648 3439 0.7569015820427396
648 3454 1.0
648 3469 1.0
648 3484 0.616468941899536
648 3499 -0.5836626731110492
648 3514 -0.6077660291885094
648 3529 -0.41060869924223287
649 650 -0.0398328702504903
649 3604 -0.32032266796653075
649 3619 -0.3737600694475228
649 3634 0.5624701683632215
649 3649 -1.0
649 3664 -0.11567362239192758
649 3679 0.07222071203453753
649 3694 0.4309990136029567
649 3709 -0.7637345839076924
650 3784 -0.04225242066631895
650 3799 -0.3674292464654905
650 3814 -0.3358824228586372
650 3829 0.05219841393324716
650 3844 0.7248020020077818
650 3859 -0.5309994927363885
650 3874 -0.4086639327382891
650 3889 0.6363432042951056
663 664 0.0027360963879429403
663 678 0.495969645271611
663 3424 -0.26911606422355927
663 3439 -0.061284360208716505
663 3454 0.1852953001651999
663 3469 0.04419449307259776
663 3484 -0.03895657694126052
663 3499 0.036544732563921455
664 665 0.3849605109615002
664 679 0.622121756284782
664 3604 0.7284357654341371
664 3619 -0.54230350794664
664 3634 0.37306211742264067
664 3649 0.693712360820437
664 3664 0.4260409458802083
664 3679 -0.42802154430809164
664 3514 0.040475891225632346
664 3529 0.5039932111268809
665 680 0.06744018478300418
665 3784 1.0
665 3799 -0.5376945563795619
665 3814 -0.7934252830204055
665 3829 -0.31199133814419766
665 3844 -0.046794635692517066
665 3859 -0.08581141890978886
665 3694 -0.07790102062305466
665 3709 -0.7197467562413358
678 679 0.06215916920249974
678 3424 0.013403196724400733
678 3439 0.29347246050270387
678 3454 0.5178124504583257
678 3469 0.8116376652046869
678 3484 0.06095073072237027
678 3499 0.45669448397083856
679 680 0.0016095149323797776
679 3604 -0.9905784922815931
679 3619 0.09087152859650675
679 3634 -0.5259238190851415
679 3649 -0.7585478886285622
679 3664 -0.0433843601356245
679 3679 -1.0
679 3514 0.9568370042778042
679 3529 0.05781975499266186
680 3784 0.44680582498945565
680 3799 -0.3240182713485657
680 3814 0.23860173422770128
680 3829 -0.026854015351943098
680 3844 0.9414641395035667
680 3859 0.24751491367857423
680 3694 -0.44742096503901835
680 3709 0.22336746716977987
693 694 0.07794948014182207
693 708 1.0
693 3424 0.6485701854746438
693 3439 0.06909079573410302
693 3454 0.5264659621244917
693 3469 0.2141427771731676
693 3484 -0.38364247942523405
693 3499 0.5322689511934747
693 3364 -0.05437448824771307
693 3379 0.8212112942780531
693 3394 -0.18531725400502877
693 3409 -0.30303753307387016
694 695 0.1494901159309582
694 709 0.295029240904545
694 3604 0.28709024446482034
694 3619 0.6118939567277597
694 3634 0.440132251920197
694 3649 0.6157075314755265
694 3664 0.1203687361313542
694 3679 -0.15671304900708755
694 3514 0.0891450964862659
694 3529 0.12394977289647453
694 3544 -1.0
694 3559 -0.5250382607422486
694 3574 0.3893412754711377
694 3589 -0.16750590447211267
695 710 0.4975066991286421
695 3784 -0.512216037893536
695 3799 -0.13559025308097078
695 3814 -0.5363486123571186
695 3829 0.3926586554769883
695 3844 0.4444116835559332
695 3859 0.7239266503777472
695 3694 -0.048363970341148865
695 3709 -1.0
695 3724 0.2834168306950185
695 3739 1.0
695 3754 0.4925237580682677
695 3769 -0.3098278430328515
708 709 0.6579416181816524
708 3424 -0.18327222995205034
708 3439 0.044285037845766234
708 3454 -0.24711951776081745
708 3469 -0.3773118423524996
708 3484 -0.33499612411020346
708 3499 0.7617472001494985
708 3364 0.040576249215112326
708 3379 -0.47645218259911354
708 3394 0.6632110478858249
708 3409 -0.6340957213610755
709 710 0.2130536901070618
709 3604 0.5170405468920355
709 3619 -0.4538824659483816
709 3634 -0.13359138818038482
709 3649 -0.8527577334688677
709 3664 -0.23261897502511006
709 3679 -0.1727142574135774
709 3514 -1.0
709 3529 -0.2659484965406564
709 3544 -1.0
709 3559 -0.8772297890273034
709 3574 -0.21523267789830716
709 3589 -0.25132331997099155
710 3784 0.6515552738504087
710 3799 0.3453535361531369
710 3814 0.2805606718490463
710 3829 -0.03595077072623177
710 3844 -0.030708677998594846
710 3859 -0.8173663332897297
710 3694 0.21735705091638852
710 3709 -0.062063795502241906
710 3724 -0.3188643807799088
710 3739 0.18329005366866546
710 3754 -0.41648588223990235
710 3769 -0.3945686895851543
723 724 0.13729915420189037
723 738 -0.683712580953801
723 3424 -0.3629651965785235
723 3439 -0.305019773646487
723 3364 0.33865302941821046
723 3379 -0.32869705882268185
723 3394 0.5428834084377017
723 3409 -0.1365357539824996
724 725 1.0
724 739 0.0017282984523815698
724 3604 0.3205874806610399
724 3619 -0.18101497292219548
724 3454 -0.3373478990459273
724 3469 -0.3298552728955829
724 3484 0.13040649300913387
724 3499 -0.3555423516696492
724 3514 -0.8311309907358074
724 3529 -0.36519401759676456
724 3544 0.9858353438981587
724 3559 0.20979705599648737
724 3574 0.6121657352478036
724 3589 0.15598804076897102
725 740 -0.12094664379652256
725 3784 0.393723037063187
725 3799 0.10130929118435494
725 3634 0.682502917194334
725 3649 -0.3492617149913683
725 3664 -0.18538431817415693
725 3679 0.5632446677278958
725 3694 -0.377381767160438
725 3709 0.39774951009835585
725 3724 -0.6641934375569076
725 3739 0.5525653609232326
725 3754 -0.7995763050129868
725 3769 -0.127483143303121
738 739 0.14293082448912225
738 3424 0.10784527900730521
738 3439 -0.3615988043095234
738 3364 -0.4570120792523864
738 3379 -0.49506284105033804
738 3394 0.0014492217170579756
738 3409 -0.003998876687018482
739 740 0.10326990922572474
739 3604 0.7585130241123568
739 3619 -0.04367871563564289
739 3454 -0.18312551206257605
739 3469 0.408546110965638
739 3484 -0.24569726094187216
739 3499 -0.06902431867915026
739 3514 0.18232494097124982
739 3529 0.07608520173537496
739 3544 -0.05503264664025683
739 3559 -0.7624956482302007
739 3574 0.13347451491889353
739 3589 -0.9440320900507861
740 3784 0.9503464995263633
740 3799 -0.4468724055958968
740 3634 0.8863203519103802
740 3649 0.13084245306303843
740 3664 -0.4138315590432099
740 3679 0.9536300333910773
740 3694 -0.25398275471979065
740 3709 -0.2806562362860446
740 3724 -0.1143664101411099
740 3739 0.7511407010490011
740 3754 0.03921525183894111
740 3769 0.48066445869153196
753 754 0.33847948570562536
753 768 0.5553665412117599
753 3424 -0.26459852091174446
753 3439 0.29769175550905935
753 3364 -0.03986690991781225
753 3379 0.1870126565529824
753 3394 -0.8424562642530109
753 3409 0.21323854815124074
754 755 0.05534641942574715
754 769 1.0
754 3604 0.5990934195745149
754 3619 -0.08775245749782055
754 3454 0.3908569858001039
754 3469 -0.5735288604092031
754 3485 -0.2158410886490077
754 3500 0.9952077403969724
754 3515 0.13179608505311566
754 3530 0.6463436395398974
754 3544 -0.0641658499833616
754 3559 0.2504665913327914
754 3574 -0.5373083713882051
754 3589 0.24569901598682584
755 770 0.4116062153517451
755 3784 -0.5112547690796798
755 3799 -0.27026715248714234
755 3634 -0.23908885341619535
755 3649 -0.5276504849750985
755 3665 0.014760949942432855
755 3680 0.4642125406690163
755 3695 0.25514826079702946
755 3710 -0.17303843801729252
755 3724 0.3278290703999445
755 3739 0.0718680623033288
755 3754 0.18789689256630016
755 3769 -0.10023338759886034
768 769 -0.9220907332084965
768 3424 -0.545285365328026
768 3439 -0.25093239537023787
768 3364 0.5165917375299474
768 3379 0.2480180822728076
768 3394 -0.5694860532359993
768 3409 0.36181929813548724
769 770 0.10605873283105278
769 3604 0.49360783425705274
769 3619 -0.25549166368446347
769 3454 0.339312563248101
769 3469 -0.04905417072830021
769 3485 -0.014984716530653546
769 3500 -0.35422806964056736
769 3515 0.8302262129073352
769 3530 0.21224670771985324
769 3544 -1.0
769 3559 -0.3344042950420062
769 3574 0.951423157967246
769 3589 0.22377075116900033
770 3784 1.0
770 3799 -0.5241376550576716
770 3634 -0.17583843020018583
770 3649 -0.5329045532439097
770 3665 0.1854867597112658
770 3680 0.4472274023435934
770 3695 0.07939062766114734
770 3710 0.09794766113565995
770 3724 -0.15645510702677587
770 3739 -1.0
770 3754 -0.7598844371132006
770 3769 -0.5456022160167797
783 784 0.0028713713082714125
783 798 -0.44495922618900935
783 3424 -0.392171117253962
783 3439 -0.52054685884827
783 3454 -0.2774149425646194
783 3469 0.38655372955873213
783 3485 0.21576632698645526
783 3500 0.6427630094124431
783 3515 0.3163086016829887
783 3530 -0.08400368216770622
783 3544 -0.5925025912184885
783 3559 0.17138148095896197
783 3394 0.20811353031848515
783 3409 -0.07337520630148803
784 785 0.34848056263862537
784 799 -0.12371672501538836
784 3604 -0.6635710140405865
784 3619 0.027751604335288484
784 3634 -0.9081251898755379
784 3649 0.21495607720362775
784 3665 0.328610157248071
784 3680 -0.37725907369411066
784 3695 0.36597422503282506
784 3710 0.32356048958425526
784 3724 -0.0633124514172521
784 3739 -0.1048945910215438
784 3574 0.37379323521168495
784 3589 0.08050044977107043
785 800 -0.3269860613284543
785 3784 0.031486158505653485
785 3799 0.3638329702408898
785 3814 -0.1391516062334923
785 3829 -0.1659765264121115
785 3845 -0.05517088728542146
785 3860 -0.211865444438222
785 3875 0.6252761469825037
785 3890 -0.5038677570233892
785 3754 -0.11679971565344432
785 3769 0.0420105294301976
798 799 -0.02929188244978535
798 3424 -0.299358731373862
798 3439 -0.16585680701195457
798 3454 -0.4002639299862257
798 3469 0.43231187612990796
798 3485 0.2606632737562853
798 3500 1.0
798 3515 -0.15709653073098273
798 3530 -0.39393587732224217
798 3544 0.14659144394390247
798 3559 0.664882398525185
798 3394 0.5236067883864789
798 3409 0.4055078178305657
799 800 0.09564471859843317
799 3604 0.0925822368101375
799 3619 0.8829483279370866
799 3634 0.30167336445600873
799 3649 0.14920111727672658
799 3665 -0.019505228955825748
799 3680 0.535639104629924
799 3695 0.7786738591310065
799 3710 0.3338362623658317
799 3724 0.6528791687191439
799 3739 0.02087330824255448
799 3574 -0.13506533594388215
799 3589 -0.5373719731868791
800 3784 -0.02774827170080216
800 3799 0.1090268488226598
800 3814 -0.3275076737001213
800 3829 -0.11295950999326825
800 3845 1.0
800 3860 -0.02853265566613348
800 3875 -0.6779003147501838
800 3890 0.644555916146332
800 3754 1.0
800 3769 0.3158862584048278
813 814 -0.6231197899188359
813 828 0.5260114624820013
813 3425 -0.7346641826623607
813 3440 0.6894123756155497
813 3455 -0.7102203500225344
813 3470 0.21553504937863668
813 3485 0.20532012280064005
813 3500 0.31148970558328104
813 3515 0.18935079470874883
813 3530 -0.4572390536943189
813 3544 1.0
813 3559 -0.309913386891463
813 3394 -0.23407120701832673
813 3409 0.22064341969145254
814 815 -0.6791779900373693
814 829 0.009373586409932706
814 3605 0.08831413889882027
814 3620 0.17516933979628393
814 3635 0.5738625211212888
814 3650 -0.014204520529641001
814 3665 -0.2785251671078954
814 3680 -0.2340096236958595
814 3695 -0.3940154298830992
814 3710 -0.25378800442716115
814 3724 0.5110136048074743
814 3739 -0.5187128844427424
814 3574 -0.566193002587513
814 3589 0.10399094305878412
815 830 0.23842980723556492
815 3785 0.11375021384329365
815 3800 0.7087363825899762
815 3815 -0.5131455835999744
815 3830 -0.3218745553519652
815 3845 0.4768360318913949
815 3860 0.4231316905936802
815 3875 -0.3839567992829403
815 3890 0.24260925967796423
815 3754 -0.5038090158242217
815 3769 -0.1651036512499993
828 829 -0.3875109648426579
828 3425 0.13301007144997828
828 3440 0.3199020373830797
828 3455 -0.19457355238280058
828 3470 1.0
828 3485 0.316797194783175
828 3500 -0.41942413297733194
828 3515 0.41057428463785245
828 3530 0.18227721676692765
828 3544 -0.5034452399572344
828 3559 0.6317381314817728
828 3394 0.891086881181404
828 3409 -0.772757803485355
829 830 -0.08445423958228027
829 3605 0.6461302191739168
829 3620 -0.006080678119056056
829 3635 -0.04494257268384558
829 3650 -0.4818876645453197
829 3665 0.1997809727084224
829 3680 0.5828402065949998
829 3695 0.1884422496522581
829 3710 -0.10922405417615808
829 3724 -0.1041871099720512
829 3739 -0.43797226261058275
829 3574 0.15703782985775436
829 3589 -0.23361834043890745
830 3785 0.20612824558144893
830 3800 0.468789968166235
830 3815 0.40433327714917705
830 3830 0.44194066980639174
830 3845 0.09379161170553979
830 3860 0.28348088170108016
830 3875 0.16022525968947773
830 3890 0.36974497457855954
830 3754 -0.09848153127273705
830 3769 0.2773167385144747
843 844 0.3519088217785456
843 858 0.011370315753551732
843 3425 0.11773897949178923
843 3440 0.053755395064992835
843 3455 -0.7843694017812263
843 3470 -0.0035487136216587984
843 3485 -0.1275535002573728
843 3500 0.6375825425418445
843 3364 0.002259891128850396
843 3379 0.021449361156821185
843 3394 -0.23818774283667843
843 3409 -0.25074137250419637
844 845 -1.0
844 859 0.39943010728419664
844 3605 -0.5414045885262017
844 3620 0.6840991624666711
844 3635 -0.02572532844638375
844 3650 -0.18676778171888841
844 3665 -0.2797991687894898
844 3680 -0.02303865343492716
844 3515 0.26986690137822833
844 3530 0.7244183684800677
844 3544 0.23771648447012025
844 3559 0.10451457763014693
844 3574 -0.06378258380408072
844 3589 -0.0019532338824565783
845 860 0.45652536649674297
845 3785 -0.12181191113757944
845 3800 -0.8316231838259376
845 3815 0.3844379837033702
845 3830 1.0
845 3845 0.2950529074654757
845 3860 -0.8162317417888276
845 3695 -1.0
845 3710 0.6083343201464881
845 3724 -0.28059900878323496
845 3739 0.2751980369576702
845 3754 -0.028790185342041297
845 3769 0.03406077305604691
858 859 -0.18539477322123213
858 3425 0.1835196993692366
858 3440 0.1463590129936853
858 3455 -0.35306747244772413
858 3470 0.943945186351143
858 3485 0.35363498782341884
858 3500 1.0
858 3364 0.5559749758665067
858 3379 -0.6388500361725904
858 3394 -0.05452890820525215
858 3409 -0.6467599422749112
859 860 -0.2020818585250894
859 3605 -0.5306916964485213
859 3620 0.7929826295284738
859 3635 0.17880437621015544
859 3650 -0.9236849696630063
859 3665 0.29812438300709604
859 3680 0.10370621436727943
859 3515 -0.8904276282703387
859 3530 0.46562724238456604
859 3544 0.16220775359468179
859 3559 0.3379969795968777
859 3574 0.1912371147839707
859 3589 0.04183011610835632
860 3785 -0.3582625341390408
860 3800 0.6669606277140788
860 3815 0.5654086816156807
860 3830 0.11853224397549253
860 3845 0.4808082791659208
860 3860 0.44137946079734985
860 3695 -0.703722699447769
860 3710 0.2485911727069959
860 3724 -0.2056622277034447
860 3739 -0.24088753330549836
860 3754 0.5020452503816989
860 3769 0.15733157651961485
873 874 0.1057276490945947
873 888 0.6760395360755526
873 3425 0.3023955113220334
873 3440 0.4399090847009819
873 3455 -0.7697406639261031
873 3470 -0.32100032540478884
873 3485 0.04068505564188648
873 3500 -0.13459024360705826
873 3365 0.5173958710014906
873 3380 0.04836261263701971
873 3395 0.20143617231781263
873 3410 -0.7302287722569697
874 875 0.0146774439293883
874 889 -0.6542016753217641
874 3605 0.8795913686530104
874 3620 -0.2472828026603809
874 3635 0.42711076454848035
874 3650 0.20787938608771986
874 3665 0.2810895812322193
874 3680 -0.03432011244152791
874 3515 -0.35172843482064875
874 3530 -0.8496992444232137
874 3545 0.07327906813224454
874 3560 -0.43012453457053385
874 3575 0.496445995663923
874 3590 -0.217005497745205
875 890 -1.0
875 3785 0.6531085815137613
875 3800 0.12058860772125622
875 3815 0.782985421864751
875 3830 -0.6700631231691574
875 3845 0.7347986819385611
875 3860 -0.5961623381593288
875 3695 -0.6742775676971074
875 3710 -0.029611903380879354
875 3725 0.47160322693077555
875 3740 -0.3306939381529372
875 3755 0.7119676904470954
875 3770 0.017917650852118848
888 889 -0.22237967306707795
888 3425 -0.11209935702980371
888 3440 -0.5656109001062712
888 3455 0.6860019049110357
888 3470 0.6416259083550498
888 3485 0.13814911091854173
888 3500 0.3408443251330279
888 3365 0.7914458928617062
888 3380 0.5615407172101624
888 3395 0.2896411886772286
888 3410 -1.0
889 890 0.014439900937943085
889 3605 0.3911078570379812
889 3620 -0.012962615278581793
889 3635 -0.16289646360391297
889 3650 0.8044239315600383
889 3665 0.32341512011811324
889 3680 0.002064301492365197
889 3515 0.3211892502677355
889 3530 0.8072494322748861
889 3545 0.548342374421002
889 3560 0.7104008361502437
889 3575 -0.03495002161433446
889 3590 -0.5126220207143134
890 3785 -0.5475877635752784
890 3800 -0.4232246688104223
890 3815 -0.0921036969403361
890 3830 -0.386512009326657
890 3845 -0.0564452141243303
890 3860 -0.5133598548669361
890 3695 -0.7037187364704196
890 3710 -0.24688191832054243
890 3725 -0.6507475314831386
890 3740 -0.04672215274640493
890 3755 0.4134016436081737
890 3770 0.0808941506429877
903 904 0.255812909746647
903 918 -0.4338566184375207
903 3425 -0.3712988052161188
903 3440 -1.0
903 3365 0.15726490416358668
903 3380 0.9245486370201927
903 3395 0.1461116961208174
903 3410 0.014368576439307567
904 905 0.5904124097918944
904 919 0.1344196595276596
904 3605 0.2485611484864095
904 3620 0.021796883933734183
904 3455 0.8500501869627408
904 3470 -0.35535793482821665
904 3485 0.07932780461444167
904 3500 0.28630854507418146
904 3515 0.6220312662393549
904 3530 -0.7521197080236971
904 3545 0.5024869411714977
904 3560 1.0
904 3575 0.5519836216345011
904 3590 0.047226281559999174
905 920 1.0
905 3785 -0.35555750095059624
905 3800 0.4202639807986548
905 3635 0.3369987262928329
905 3650 -0.22295553590511144
905 3665 0.02744087475332223
905 3680 -0.9946349256307175
905 3695 -0.5718457687768105
905 3710 -0.21205660411725535
905 3725 -1.0
905 3740 -0.7289478280316517
905 3755 0.030409690599577353
905 3770 0.7239717542300211
918 919 0.7628210349015891
918 3425 0.4980242746462462
918 3440 0.36315490348876517
918 3365 -0.3548972479468466
918 3380 0.3233481719238357
918 3395 -0.3989087197186353
918 3410 0.020938641408411333
919 920 -0.8157100875217849
919 3605 0.10458910583949199
919 3620 0.30470097329257584
919 3455 1.0
919 3470 -0.6903252499643774
919 3485 -0.17418140654836756
919 3500 0.4720886531511225
919 3515 0.17613559835973594
919 3530 0.46059358491966124
919 3545 0.4520693953155973
919 3560 -0.1822949030130329
919 3575 -0.3194308263647765
919 3590 -0.23426885354709343
920 3785 0.8385876214393637
920 3800 0.9526392785646572
920 3635 -0.11860836986647103
920 3650 -0.1244838106398743
920 3665 -1.0
920 3680 -1.0
920 3695 0.412222240701023
920 3710 0.26714573701083355
920 3725 -0.14412529852495978
920 3740 -0.07653436037524833
920 3755 0.8272718593833476
920 3770 -0.807316507296153
933 934 0.11166199640767191
933 948 0.4170750949604912
933 3425 -0.31728586364451483
933 3440 -0.00709629843069363
933 3365 -0.9504565860422599
933 3380 0.31724779784566437
933 3395 0.09600356282180353
933 3410 -0.2020802150124786
934 935 -0.8944557055092053
934 949 -0.5744141716890665
934 3605 0.5853971220190809
934 3620 -0.7953314725479275
934 3455 -0.03151851195134317
934 3470 0.5142602616298683
934 3486 -0.05110564445731936
934 3501 -1.0
934 3516 0.16588497476166725
934 3531 -0.2845534090880322
934 3545 0.9384013509294127
934 3560 0.6551946590424587
934 3575 0.5476364223113089
934 3590 -0.285913184388588
935 950 0.4914260544967042
935 3785 0.30174481016207244
935 3800 -0.07334419189760433
935 3635 0.5014320173273661
935 3650 0.4994118050947103
935 3666 0.25469681919175785
935 3681 -0.5399165623122203
935 3696 -0.19787789617497484
935 3711 0.32600668400599325
935 3725 -0.15548220722198428
935 3740 -0.26341849839196
935 3755 -0.04151183697551612
935 3770 0.6835461200003037
948 949 0.8022782068349847
948 3425 -0.12858518588562534
948 3440 0.3508032656629358
948 3365 0.19890306265154978
948 3380 -0.27193171750525097
948 3395 -0.04687894814511417
948 3410 -0.4795935602036757
949 950 0.293173937847569
949 3605 -0.08899783188278372
949 3620 -0.19216518593752632
949 3455 -0.4138964310764069
949 3470 0.04573169587601399
949 3486 0.606301839813401
949 3501 0.2879370191898538
949 3516 -0.001297745764340128
949 3531 0.0352150862973406
949 3545 0.2936697099013991
949 3560 -0.18190404346458106
949 3575 -0.10327676489081837
949 3590 1.0
950 3785 -0.5444030302573276
950 3800 -0.7540155375445823
950 3635 -0.14626164364419117
950 3650 0.9343321332522511
950 3666 0.7775415926157094
950 3681 0.29451243902999896
950 3696 -0.21270474681685872
950 3711 -0.5618631021235604
950 3725 0.11350763190005012
950 3740 -0.4903706233490578
950 3755 0.21740331275951694
950 3770 0.4197410533589326
963 964 -0.2879334954511771
963 978 0.5862602571971743
963 3425 0.2155629438556806
963 3440 -0.2882006291419663
963 3455 -0.6354952554041927
963 3470 -0.040166494379418785
963 3486 0.23411878824887064
963 3501 0.07317572200919244
963 3516 -1.0
963 3531 0.03307856010959043
963 3545 -0.7610948362108053
963 3560 -0.9128482831539793
963 3395 -0.5137018002704895
963 3410 0.5000091993945885
964 965 -0.11936697479475321
964 979 -0.4757790060819663
964 3605 -0.08313983132881649
964 3620 -0.7182079626764721
964 3635 -0.09128508181841909
964 3650 0.3585952199392432
964 3666 -1.0
964 3681 -0.7348337205093397
964 3696 0.03205469670194033
964 3711 -0.3607406753331573
964 3725 0.16289545561494242
964 3740 0.6386129111302224
964 3575 -0.7331514564804539
964 3590 -0.45482915740211205
965 980 -0.4533263736336017
965 3785 -0.14495492249171513
965 3800 0.49930034385013894
965 3815 -0.5570258561531316
965 3830 -0.11534023209908814
965 3846 -0.5578242923575392
965 3861 -0.2873134359878119
965 3876 0.5815900858923346
965 3891 -0.25428941598407745
965 3755 0.568038143456008
965 3770 -0.38306205567514157
978 979 0.34986765513440105
978 3425 0.2923338307749361
978 3440 0.5509957760309891
978 3455 -0.17063953940590149
978 3470 0.25517378167318905
978 3486 0.22521114929441202
978 3501 0.24008807919983777
978 3516 -0.20597636267261626
978 3531 0.3702842054544904
978 3545 0.0171447830466448
978 3560 -0.07213331547572549
978 3395 0.2768948922927752
978 3410 -0.07569063261054898
979 980 0.4461129262607314
979 3605 -0.13963439610056483
979 3620 0.66452044750482
979 3635 0.3123027040110199
979 3650 -0.06076038007537467
979 3666 -0.6019877727035594
979 3681 0.5381416424454452
979 3696 0.40079274964199874
979 3711 0.10260843272878031
979 3725 -0.7089246137789617
979 3740 -0.20528216845673242
979 3575 -0.13836533155174255
979 3590 0.3677513024247591
980 3785 0.03668934068963993
980 3800 -0.7185534437047082
980 3815 -0.5409117641022755
980 3830 -0.521518617862251
980 3846 -0.17395648897374275
980 3861 0.464907605802451
980 3876 -0.6668197358823501
980 3891 -0.2585163100566329
980 3755 -0.9213654330239962
980 3770 0.29995452134834694
993 994 -0.6421844811376995
993 1008 0.21754949719101865
993 3426 0.5603457215805722
993 3441 0.9278098542742285
993 3456 -0.14863581750886212
993 3471 0.31623360969519076
993 3486 0.4688388545174962
993 3501 0.4989152674444565
993 3516 0.654891606262951
993 3531 0.1598441452756362
993 3545 0.985750280233128
993 3560 -0.01460548223699915
993 3395 0.7277225491451111
993 3410 -0.3232811893926542
994 995 -1.0
994 1009 -0.4731707313068314
994 3606 0.005082066728679617
994 3621 0.2742666698164732
994 3636 -0.3443987681448746
994 3651 0.09641087118457463
994 3666 -0.05090191661224296
994 3681 -0.6904410757773902
994 3696 0.5493703756879477
994 3711 0.3057961499319579
994 3725 -0.46386659586221546
994 3740 0.3145068080746206
994 3575 -0.27140987811037626
994 3590 -0.91720522197537
995 1010 0.3473816916617575
995 3786 0.04416729872975708
995 3801 1.0
995 3816 0.3339888718713681
995 3831 -0.13001839270237278
995 3846 0.60192144397526
995 3861 0.19311607573726544
995 3876 -0.4816632595006932
995 3891 0.34287063652862215
995 3755 -0.21554144974540823
995 3770 -0.6839755238611317
1008 1009 -0.8774865863990425
1008 3426 0.2467173003103595
1008 3441 0.3490582048885971
1008 3456 -0.6206579504523259
1008 3471 0.33304824143498946
1008 3486 0.1789539040272204
1008 3501 0.7982194566503337
1008 3516 -0.2109708196397008
1008 3531 0.33970641111423405
1008 3545 0.027701589532948434
1008 3560 0.7149732373292343
1008 3395 0.704785722330063
1008 3410 -0.6007391044061698
1009 1010 0.13738667550449138
1009 3606 -0.645124813582098
1009 3621 -0.6170399206571496
1009 3636 -0.6537870970011027
1009 3651 -0.5447744781603479
1009 3666 -0.5854720508580842
1009 3681 -0.2954466743763961
1009 3696 -0.22701449896015752
1009 3711 -0.7098511985681423
1009 3725 0.1412987586575126
1009 3740 -1.0
1009 3575 0.5090724988293216
1009 3590 -0.26154898974448026
1010 3786 0.17845203368088902
1010 3801 -0.20323388739811718
1010 3816 0.09848011393872004
1010 3831 0.21232038362494074
1010 3846 0.43267228412371217
1010 3861 -0.04145229832309898
1010 3876 -0.018297030321035038
1010 3891 -0.18580864399486804
1010 3755 -0.1796858506940217
1010 3770 0.6583104465759205
1023 1024 -0.09600224583230142
1023 1038 -0.37764970210970294
1023 3426 0.3961865144619254
1023 3441 0.001290260841868739
1023 3456 0.6520606668821785
1023 3471 -0.4769248763538847
1023 3486 0.5168882234352127
1023 3501 0.5459221317138933
1023 3365 -0.5000264843274416
1023 3380 -0.5997188515899023
1023 3395 -0.2771108315968873
1023 3410 -0.2956599507761071
1024 1025 -0.1141524248780899
1024 1039 0.21975462063271073
1024 3606 0.6499754428958832
1024 3621 0.038577083888691285
1024 3636 -0.3914664502986494
1024 3651 -0.7751872432467184
1024 3666 0.36454781378754186
1024 3681 0.10496593792411575
1024 3516 -0.005033134636844125
1024 3531 0.01395198856934836
1024 3545 -0.06103957618321407
1024 3560 -0.5954309833026159
1024 3575 0.576144793701088
1024 3590 -0.5401330502213315
1025 1040 -1.0
1025 3786 -0.4189954532085654
1025 3801 -0.11233722357154406
1025 3816 -0.0006301418433424497
1025 3831 -0.009513771445131344
1025 3846 -0.5439862935690175
1025 3861 -0.2532190468010221
1025 3696 -0.21342778768397797
1025 3711 0.21069090503291477
1025 3725 0.1953682805135767
1025 3740 0.07423150759762315
1025 3755 1.0
1025 3770 -0.43536144641992564
1038 1039 0.22016693202894685
1038 3426 -0.40178747151458466
1038 3441 0.786134984883809
1038 3456 0.023229804397002066
1038 3471 1.0
1038 3486 0.40406310267991
1038 3501 0.48338855535335074
1038 3365 0.4253405095226054
1038 3380 0.3246220910066523
1038 3395 -0.19100598906512195
1038 3410 -0.10666651392169561
1039 1040 -0.17723113447952765
1039 3606 0.05390458843032665
1039 3621 -0.2164235594243438
1039 3636 0.4284249727868253
1039 3651 -0.3792803936158993
1039 3666 -0.6152183294269922
1039 3681 -0.20812076044447006
1039 3516 0.19602245271485225
1039 3531 -0.2780733010439295
1039 3545 -0.9849279415200591
1039 3560 -0.6669338357994201
1039 3575 -0.08510995894420274
1039 3590 1.0
1040 3786 0.7915221230394366
1040 3801 -0.3814557837127599
1040 3816 -0.9083968116415483
1040 3831 -0.3660595094403068
1040 3846 0.7247151993212821
1040 3861 0.3330671523349137
1040 3696 -0.09043148695252824
1040 3711 -0.39850781101667737
1040 3725 -0.587482148729683
1040 3740 0.23391249664688443
1040 3755 0.4082345896188471
1040 3770 0.46369452156427177
1053 1054 -0.06507005539911076
1053 1068 0.89374197577361
1053 3426 0.09958428053571154
1053 3441 -0.6586736635319452
1053 3456 -1.0
1053 3471 -0.9584389929635049
1053 3486 1.0
1053 3501 -0.060052313648865596
1053 3366 -0.2163000869241513
1053 3381 0.21950957251897643
1053 3396 -0.08042956091938558
1053 3411 1.0
1054 1055 0.02203300418909784
1054 1069 -0.2706335503403671
1054 3606 0.3562106269829932
1054 3621 -0.09203484501976494
1054 3636 -0.5730757874630137
1054 3651 0.009653760025838759
1054 3666 0.5107203598463357
1054 3681 -0.0981645192547605
1054 3516 0.10609240784156146
1054 3531 0.35637735010215166
1054 3546 0.6732737823808713
1054 3561 -0.09101619651560285
1054 3576 -0.48097262101081173
1054 3591 0.6277442967275267
1055 1070 -0.3995874051103396
1055 3786 -0.05677235320220903
1055 3801 0.15801538127255177
1055 3816 0.3370514439572869
1055 3831 0.88275586893754
1055 3846 0.04466525029222473
1055 3861 0.3406590954962649
1055 3696 0.3807875644936667
1055 3711 0.20506031384828705
1055 3726 0.2686066710771214
1055 3741 0.2906444969272083
1055 3756 0.5636464296549464
1055 3771 0.02617691440063584
1068 1069 -0.3304261432291587
1068 3426 0.6691339466876485
1068 3441 -0.2056879842604375
1068 3456 0.11228788684023044
1068 3471 0.2365629538678686
1068 3486 0.46142111162801924
1068 3501 0.29247713407985126
1068 3366 -0.3756971298893719
1068 3381 0.3369406105147848
1068 3396 -0.8340905665046972
1068 3411 0.14535903557740812
1069 1070 0.022275803098177806
1069 3606 -0.16339086321429547
1069 3621 0.3529680990018389
1069 3636 -0.382578402625467
1069 3651 0.44807774423514346
1069 3666 -0.6276898478148804
1069 3681 0.2226465674840856
1069 3516 -0.3677638471065514
1069 3531 0.3551819962518782
1069 3546 -0.6798457845312303
1069 3561 0.1926810658220435
1069 3576 -0.19042198852458048
1069 3591 0.8154407350801657
1070 3786 0.16916168470686113
1070 3801 0.48450080005231305
1070 3816 0.060843926023190956
1070 3831 -0.45596828983947385
1070 3846 0.09795936228298548
1070 3861 0.19997718689786206
1070 3696 -0.05511925595852041
1070 3711 -0.021276539859880823
1070 3726 0.14416837616480396
1070 3741 0.7981628029068447
1070 3756 0.15412421608597268
1070 3771 -0.2618866550634728
1083 1084 0.16950247403484764
1083 1098 0.6494977637475323
1083 3426 -0.3107920871672308
1083 3441 -0.6929702437564438
1083 3366 -0.16690200790944468
1083 3381 -0.7128629579944453
1083 3396 -0.2815372951481778
1083 3411 0.9675648322695984
1084 1085 -0.15912206729599848
1084 1099 -0.5953182272180692
1084 3606 0.11868051022858181
1084 3621 -0.5459467472699984
1084 3456 0.3602570020203076
1084 3471 -0.6599676130369734
1084 3486 -0.33668576088734925
1084 3501 0.4178778200055256
1084 3516 -0.4117929842163049
1084 3531 -0.6366771895076913
1084 3546 0.18357076040151696
1084 3561 -0.035098379442372186
1084 3576 0.07448503487997313
1084 3591 -0.445550613230828
1085 1100 -0.11584121749391828
1085 3786 -0.03882732163143938
1085 3801 -0.040703498802728284
1085 3636 0.6058937754483413
1085 3651 -0.14936428339630733
1085 3666 0.19644855584349558
1085 3681 0.5181306031194532
1085 3696 -0.17826796060259584
1085 3711 0.5681596411953659
1085 3726 -0.356823116262061
1085 3741 -0.19034283641684144
1085 3756 -0.5338951413046568
1085 3771 -0.33116758736309587
1098 1099 -0.7436483106161668
1098 3426 0.6129208181926912
1098 3441 0.7991856226593589
1098 3366 0.7141911827414734
1098 3381 -0.1914852987712046
1098 3396 0.008233540981452014
1098 3411 -1.0
1099 1100 -0.00852791451890323
1099 3606 -0.08125942539334455
1099 3621 0.7949953927368715
1099 3456 -1.0
1099 3471 -0.30803994800073176
1099 3486 0.34132076745806045
1099 3501 0.10690213735145651
1099 3516 0.9527911462426689
1099 3531 0.23522988398933103
1099 3546 -0.7278611631582952
1099 3561 -0.06269772705743708
1099 3576 0.14847038399735027
1099 3591 -0.565106644612709
1100 3786 -0.44805055724355
1100 3801 -0.00895711442600185
1100 3636 -0.17126198406265447
1100 3651 0.05631212256540041
1100 3666 0.18960190557287693
1100 3681 0.3198235790573819
1100 3696 0.24064723587964623
1100 3711 -0.364608808764473
1100 3726 -0.18894005898195165
1100 3741 -0.38795689489498963
1100 3756 -0.051369718504674186
1100 3771 1.0
1113 1114 0.3323443836945177
1113 1128 -0.1415899840953554
1113 3426 -0.45112752504848613
1113 3441 -0.0569766016940574
1113 3366 0.0456802043382278
1113 3381 -0.8883765711662563
1113 3396 0.5038203066825278
1113 3411 -0.081722924409486
1114 1115 0.5700026955821503
1114 1129 -0.05496223954540853
1114 3606 0.009258864518217443
1114 3621 -0.3141561418148077
1114 3456 0.2849593231219491
1114 3471 -0.5243273576730781
1114 3546 -0.8049257896877957
1114 3561 0.2221964851619289
1114 3576 0.7925232186182654
1114 3591 0.03882083614383166
1115 1130 -0.4561713379148386
1115 3786 0.40578662844529056
1115 3801 0.7525197198491741
1115 3636 0.11193162559911046
1115 3651 -0.11268091968632864
1115 3726 0.4633423676548369
1115 3741 1.0
1115 3756 0.17727551747581963
1115 3771 -0.14888200923231942
1128 1129 0.11470393803465953
1128 3426 0.3015615602188797
1128 3441 0.22492438972609932
1128 3366 -0.34297471095030957
1128 3381 0.5468880741914748
1128 3396 0.4346169482898938
1128 3411 0.24142328346709968
1129 1130 1.0
1129 3606 -0.016562944366345214
1129 3621 0.5582038161720899
1129 3456 0.00851716412216379
1129 3471 0.056110956835067956
1129 3546 -0.19999000073514686
1129 3561 0.02483108731208563
1129 3576 -0.0673146464831052
1129 3591 -0.2752216727877097
1130 3786 -0.25116580395585186
1130 3801 -0.2254486635975211
1130 3636 0.03635710589249586
1130 3651 -0.5478562036409349
1130 3726 0.8566880875541076
1130 3741 0.41137576704646567
1130 3756 -0.12330676205598047
1130 3771 0.3914575098402222
3364 3365 -0.6261987945972939
3364 3379 0.2566696666072475
3365 3366 -0.6793914251532328
3365 3380 -0.39115362502056594
3366 3381 -0.14939600197231964
3379 3380 -0.14250130017736956
3380 3381 -1.0
3394 3395 0.6533200374580618
3394 3409 0.046021714502469446
3395 3396 -0.252551021260178
3395 3410 -0.18646224224060892
3396 3411 -0.2244974157620905
3409 3410 0.961596962129916
3410 3411 -0.05045699600232981
3424 3425 0.5345416906133948
3424 3439 -0.6463567859563627
3425 3426 0.2639486281957322
3425 3440 -0.09308935160446676
3426 3441 0.8322582829531409
3439 3440 -0.020066314849835773
3440 3441 -0.0990826470329384
3454 3455 -0.0065980872003041195
3454 3469 -1.0
3455 3456 0.08355019703876068
3455 3470 0.4017502904106953
3456 3471 -0.09702002761508685
3469 3470 -0.36922486690552164
3470 3471 -0.22686674285999314
3484 3485 0.21358504136531387
3484 3499 -0.41190002815771065
3485 3486 0.3321344660229013
3485 3500 0.11308217105051174
3486 3501 -0.13701865410019767
3499 3500 0.9181793302974026
3500 3501 -0.20958131363710403
3514 3515 1.0
3514 3529 -0.6751314927276312
3515 3516 -0.5689401656981299
3515 3530 0.37078921222576205
3516 3531 0.8148564225684817
3529 3530 -0.21295215531107356
3530 3531 0.4169214232043112
3544 3545 -0.3555168128459101
3544 3559 0.7212596555556539
3545 3546 1.0
3545 3560 0.6481235162679553
3546 3561 0.006795789638286487
3559 3560 0.13052946357046635
3560 3561 0.7791427429258441
3574 3575 -0.831794634814727
3574 3589 -0.29402647704359575
3575 3576 -0.015429887638212703
3575 3590 0.041824345032607554
3576 3591 -0.6442241771514352
3589 3590 -0.7971530906596704
3590 3591 -0.00924659981169665
3604 3605 0.2995204299249543
3604 3619 0.03603575816401244
3605 3606 -1.0
3605 3620 0.116288224446821
3606 3621 0.3376651401120862
3619 3620 0.5312096539626675
3620 3621 0.110726466021691
3634 3635 0.7207416307631789
3634 3649 0.13363829257621623
3635 3636 0.2925260819072204
3635 3650 1.0
3636 3651 -0.040274243470260276
3649 3650 0.03674599014882784
3650 3651 0.5947452912433541
3664 3665 -0.5020797424524397
3664 3679 -0.2979468786112466
3665 3666 0.30709153081636775
3665 3680 -0.12992762609465047
3666 3681 0.07661988637896713
3679 3680 0.28102398437842085
3680 3681 0.4471545236577444
3694 3695 0.44618021946426994
3694 3709 -0.5516889212033838
3695 3696 -0.45755392263316746
3695 3710 0.16848689790979599
3696 3711 0.11677908936237187
3709 3710 0.9618812801113603
3710 3711 -0.2894116204564106
3724 3725 -0.49255962975636397
3724 3739 -0.05963342674810027
3725 3726 -0.04545257926950726
3725 3740 -0.5120985312117231
3726 3741 -0.09744210779021427
3739 3740 -0.3866074556159449
3740 3741 -0.6077816235103547
3754 3755 0.586981390409729
3754 3769 -0.1822257748010145
3755 3756 -0.6987175189052292
3755 3770 1.0
3756 3771 -0.07945181379993313
3769 3770 0.5972711862462868
3770 3771 -0.5587482517905301
3784 3785 0.1726322908038452
3784 3799 -0.7259331139755849
3785 3786 -0.4205177831989456
3785 3800 0.21819016487472256
3786 3801 -0.5530351126253156
3799 3800 0.21280535788086977
3800 3801 0.23931669022361046
3814 3815 -0.36695516788807275
3814 3829 0.04848415690865508
3815 3816 0.14684634044932973
3815 3830 -0.20356234138283855
3816 3831 -0.5831039658444672
3829 3830 -0.31404268384508804
3830 3831 0.2756073165800927
3844 3845 0.2672135906093022
3844 3859 -0.6048977033325527
3845 3846 0.870471289131014
3845 3860 0.46713554916674427
3846 3861 0.4282831889042892
3859 3860 -0.07413102963549859
3860 3861 -0.6582470455802009
3874 3875 -0.4663805845800893
3874 3889 0.03400388084478376
3875 3876 0.5834900049066288
3875 3890 -0.602823528072289
3876 3891 -0.7506753264711115
3889 3890 -0.3534463049577828
3890 3891 -0.5472374397521577
