# 
603 603 -0.5640539423179993
604 604 2.1129322337247642
605 605 -1.1280332713860073
618 618 1.7532847320085745
619 619 -0.12208879038334074
620 620 -1.9841548320730775
633 633 -0.8749981585354432
634 634 0.9637165784236711
635 635 -0.35510265933995766
648 648 -1.453728247192073
649 649 0.029524489467725637
650 650 0.060876193316275896
663 663 -1.0944717692153696
664 664 0.4512256908969006
665 665 0.379566044534215
678 678 -0.08298062107129711
679 679 -0.2897785704959197
680 680 -2.067561464764657
693 693 0.6640573935272144
694 694 -0.532356430739374
695 695 1.2619184727534534
708 708 -0.2982822810900304
709 709 0.9691186884181123
710 710 -0.6239657337204266
723 723 0.15687840877995166
724 724 0.13303154681864549
725 725 -1.2146245070655517
738 738 -0.35140605445011264
739 739 -0.5858616201406227
740 740 0.41438686648602735
753 753 1.9128442934894836
754 754 -0.36694145777323084
755 755 0.5326888181734477
768 768 -0.17506325191396846
769 769 0.7392297972366295
770 770 0.4557071817684405
783 783 1.151127672669843
784 784 -0.7222207672302415
785 785 -1.1234860765609833
798 798 0.40025658198938285
799 799 1.5610459417652935
800 800 1.494456410566054
813 813 1.2613603644769655
814 814 -0.7635635880987603
815 815 0.7793849553791473
828 828 1.398597413270078
829 829 -0.17095184141860092
830 830 0.5467929818751018
843 843 1.2548910307536143
844 844 -1.209477611862709
845 845 -0.6454368781819535
858 858 1.143560899221646
859 859 -0.25573048878914906
860 860 1.2878790606111716
873 873 -0.021122289660631444
874 874 1.3550173608600706
875 875 1.1342143606580484
888 888 -0.4578053030253594
889 889 -0.6776248822683881
890 890 0.7762181417930393
903 903 -0.8590006998766717
904 904 -0.3826252036633612
905 905 0.32175036749004193
918 918 0.3438505656591986
919 919 -0.15978671383802975
920 920 -1.355613744786191
933 933 0.018650800992285013
934 934 0.26184291003481447
935 935 0.39595160412308084
948 948 -0.166575041032307
949 949 1.0065061589416722
950 950 0.4296960526417437
963 963 -0.1936371826856721
964 964 0.4196302825899854
965 965 -2.0170810815317437
978 978 0.850319028483037
979 979 1.128051574019957
980 980 0.46963789280081336
993 993 -1.4012206407128012
994 994 0.8133833210826752
995 995 -0.05039260881532367
1008 1008 0.0486119983717286
1009 1009 0.11874040197708688
1010 1010 1.147012317643969
1023 1023 -0.18485779522798018
1024 1024 0.18448469611903442
1025 1025 -0.17809041261815403
1038 1038 1.1576332128326987
1039 1039 -0.27801679985033906
1040 1040 -1.4737890918450736
1053 1053 -0.4400187722037763
1054 1054 0.6697310656576467
1055 1055 -0.5165687959515403
1068 1068 -1.7085390239092815
1069 1069 0.29070147403026975
1070 1070 -1.34296026399438
1083 1083 -0.7307809229216309
1084 1084 -0.24625486186357903
1085 1085 -1.0105740001225598
1098 1098 -1.5046605288785952
1099 1099 -1.0053404499457594
1100 1100 0.16992203657131244
1113 1113 0.008968028446487634
1114 1114 -0.6447207603096032
1115 1115 -2.3100799959456513
1128 1128 1.0646023310637553
1129 1129 -0.6788759876411272
1130 1130 1.1850010646591824
3364 3364 1.6838876395075322
3365 3365 -0.023210903976822645
3366 3366 -0.05607637541191927
3379 3379 0.26502785358968867
3380 3380 0.7052180660399147
3381 3381 -1.2140650635928611
3394 3394 0.10957531114097065
3395 3395 -0.18071325526966428
3396 3396 -0.28108815833192924
3409 3409 0.5824745064335283
3410 3410 0.24389299047891858
3411 3411 1.083401545211887
3424 3424 -0.06390302746447946
3425 3425 -0.3856136037299449
3426 3426 -0.7670108273440663
3439 3439 1.0642766382292084
3440 3440 0.5088574205244167
3441 3441 0.7384702886073634
3454 3454 1.1605955223496593
3455 3455 -0.5251364276441809
3456 3456 -0.030389746662667538
3469 3469 0.0035092435307335825
3470 3470 -0.506549894589197
3471 3471 1.1931617246673047
3484 3484 0.43778336879734786
3485 3485 -0.7910363636950097
3486 3486 -0.02770336694909902
3499 3499 0.12081499566427832
3500 3500 0.2595675927519032
3501 3501 -0.4821057373339177
3514 3514 2.7160936379911256
3515 3515 1.7752621380810936
3516 3516 0.5942914191587073
3529 3529 -0.6077587020321639
3530 3530 -1.006046674903772
3531 3531 1.592849179819651
3544 3544 -1.674782137460823
3545 3545 -1.0059050591210075
3546 3546 0.17411897359101877
3559 3559 -0.6872724622144606
3560 3560 -0.5673332580571486
3561 3561 1.8047598662687716
3574 3574 -0.05039251584026093
3575 3575 1.4704397165349834
3576 3576 0.4390557429667062
3589 3589 0.5169363630732812
3590 3590 -0.7621917604676332
3591 3591 0.7273931635430102
3604 3604 -0.008380259660355865
3605 3605 0.7001463953745936
3606 3606 1.2056408968222447
3619 3619 -1.2051011821408475
3620 3620 1.720934400221713
3621 3621 1.3677467255986266
3634 3634 0.35475804710569353
3635 3635 -0.2982103096369219
3636 3636 -0.709832373274535
3649 3649 -1.6763151786737018
3650 3650 -0.32700709304349085
3651 3651 -0.341910791474252
3664 3664 -0.8307986697038608
3665 3665 1.5509100630565587
3666 3666 -0.46291783305102024
3679 3679 -0.6386954053583691
3680 3680 0.6256902713385825
3681 3681 2.6552716516349593
3694 3694 0.042429671808429104
3695 3695 1.644739782079673
3696 3696 -0.061775758126204665
3709 3709 0.36039351013403986
3710 3710 0.8983541453380309
3711 3711 0.9369582464477231
3724 3724 1.711247089682954
3725 3725 -0.11558544450095763
3726 3726 0.8909089545007721
3739 3739 -0.8649392586197668
3740 3740 1.0019887347113108
3741 3741 -1.7798730002412981
3754 3754 -0.5870611648689941
3755 3755 0.8769546284448481
3756 3756 0.6998672484180833
3769 3769 -0.004517861345116843
3770 3770 1.558780759001447
3771 3771 -2.9038510000668043
3784 3784 -0.954375290981036
3785 3785 0.7415805769439711
3786 3786 0.18245504855783456
3799 3799 -0.35428906745911376
3800 3800 0.3726550075746196
3801 3801 -0.5761119546296194
3814 3814 0.4125401114165139
3815 3815 0.6653310902674079
3816 3816 0.2366140550805233
3829 3829 -0.9958093119817437
3830 3830 -0.21915752418212966
3831 3831 -0.7445634507518163
3844 3844 -2.589520290909878
3845 3845 0.08561533867745924
3846 3846 -0.8610759508640236
3859 3859 0.3518561287989989
3860 3860 -0.1655516390529721
3861 3861 -0.4562498044842796
3874 3874 0.59998758930826
3875 3875 0.16073711968321183
3876 3876 -0.46778684778086066
3889 3889 -0.6047166725018497
3890 3890 0.4337305423282883
3891 3891 -0.8490951657201532
603 604 0.356103989763138
603 618 1.0
603 3484 -0.08174325182461231
603 3499 1.0
603 3514 -0.09260892872533216
603 3529 -0.48079457051863844
604 605 0.40072567358896316
604 619 -0.35611646268343666
604 3664 0.029110903017596366
604 3679 -0.5445648796168148
604 3694 -0.3711973760540046
604 3709 -0.06611784269696044
605 620 -0.06441693419303092
605 3844 -0.46858534391579504
605 3859 0.05029864710790318
605 3874 0.14212942723165925
605 3889 0.2253276223494267
618 619 0.2513770679887951
618 3484 -0.4051143157857302
618 3499 0.8313523188684375
618 3514 0.7276965791402582
618 3529 -0.6786516750633336
619 620 0.3400696577392304
619 3664 -0.24262634034145353
619 3679 0.13012348269373528
619 3694 -0.2736390327938459
619 3709 0.4762244955492105
620 3844 -0.4433547933029635
620 3859 0.5836790826790318
620 3874 -0.9305594296896533
620 3889 0.3129398262902794
633 634 -0.8080717100823255
633 648 0.5831693312563129
633 3424 -0.016076288269247844
633 3439 0.21417720223766057
633 3454 -0.9332545409294356
633 3469 0.14518485815057447
633 3484 -1.0
633 3499 -0.044406608385766856
633 3514 -0.42877230897712104
633 3529 0.08057061261612172
634 635 -0.5434914798222344
634 649 0.5857424722494886
634 3604 -0.19205947096611722
634 3619 -1.0
634 3634 0.43821744277561475
634 3649 -0.287356805926938
634 3664 0.7664922651903687
634 3679 -0.02563413814568508
634 3694 1.0
634 3709 0.47092494484281383
635 650 -0.18155940420220865
635 3784 0.3631017890864531
635 3799 -0.2558537649170487
635 3814 0.31955599424952513
635 3829 -0.8262740468167931
635 3844 -0.16901376490893336
635 3859 -0.7439450792264092
635 3874 0.2669652535410155
635 3889 0.07082084785423665
648 649 -0.03453715220923665
648 3424 0.023297398570589347
648 3439 0.08325985695364119
648 3454 0.3983593331258128
648 3469 -0.329929970609583
648 3484 0.05778320263400854
648 3499 -0.8059819215277709
648 3514 0.1813559289850849
648 3529 -0.04864276438380833
649 650 0.550967468281174
649 3604 -0.046220374071653594
649 3619 -0.26572446033867586
649 3634 -1.0
649 3649 -1.0
649 3664 -0.376589535559489
649 3679 -0.10511462460583797
649 3694 -0.4846808451810979
649 3709 0.4353318608883733
650 3784 0.18694879619802943
650 3799 -0.17605206470176052
650 3814 -0.4035977766008728
650 3829 -0.17917102803724555
650 3844 0.3320851669146213
650 3859 0.573395243115437
650 3874 0.3943086584840928
650 3889 -0.44251223376073073
663 664 -0.3347495756068938
663 678 0.45587486720552367
663 3424 -0.03358376910629164
663 3439 -0.30580264634230003
663 3454 -0.07039387548049329
663 3469 0.27114621305702086
663 3484 -0.5113458961070552
663 3499 0.6941461915458449
664 665 -0.4950091139962124
664 679 0.14287416325263202
664 3604 -0.058626825270997315
664 3619 0.3690321374506273
664 3634 0.44522359586233723
664 3649 1.0
664 3664 -0.3009511210147973
664 3679 0.5977899942074503
664 3514 0.027936210889529522
664 3529 -0.5190666286430683
665 680 0.9048393428403468
665 3784 0.19795477427709185
665 3799 -0.8665169652009483
665 3814 0.29562541439023554
665 3829 0.5361957163931194
665 3844 -0.6265006898234006
665 3859 -0.23880008220509039
665 3694 -0.5989430998764721
665 3709 -0.1969179314638134
678 679 0.48713486341091067
678 3424 -0.05847411851493507
678 3439 0.11293078190009008
678 3454 -0.14892695586228616
678 3469 0.2304668348901083
678 3484 -0.34002651886562346
678 3499 -0.4114928841726437
679 680 0.24472734802018367
679 3604 0.1660335302641421
679 3619 -0.3430119055666084
679 3634 -0.17890453730543154
679 3649 0.6261554257925704
679 3664 -0.22893976685530865
679 3679 -0.13159362578225464
679 3514 0.7523068770150925
679 3529 0.11286521606199493
680 3784 -0.2349397643010892
680 3799 -0.009405298164867315
680 3814 0.13885644940105907
680 3829 -0.7171694307790095
680 3844 -0.25087651374751035
680 3859 0.5542992701982988
680 3694 0.47217642091796735
680 3709 -0.11577901758122389
693 694 0.6161894431891937
693 708 -0.07219168485605405
693 3424 0.13632686791471418
693 3439 -0.04355328034414053
693 3454 -0.613434981392189
693 3469 0.16723457732491254
693 3484 -0.34066876560582415
693 3499 0.13392961213311655
693 3364 0.1752697006083968
693 3379 -0.43840675124441386
693 3394 -0.12056425301969638
693 3409 -0.5155287080903002
694 695 0.05104044596429633
694 709 0.2150179547499225
694 3604 0.0750195122272433
694 3619 0.2948265384956857
694 3634 0.03983885448768646
694 3649 0.2210088549651447
694 3664 -0.21793344132187772
694 3679 0.04432374448027996
694 3514 -0.10033041451432731
694 3529 -0.1400569884357988
694 3544 0.6919034438522695
694 3559 0.04260362118730123
694 3574 -0.7749628845598073
694 3589 -0.6577006966100405
695 710 -0.25724118789938105
695 3784 -0.14084994735621373
695 3799 -0.46367452877222837
695 3814 0.5147495766811202
695 3829 -0.5290200143602363
695 3844 0.33642153820448306
695 3859 0.9200897432773482
695 3694 -0.004115288986627561
695 3709 0.33531453736646594
695 3724 -0.2954965117793956
695 3739 0.04480257241252574
695 3754 -0.4186498513992622
695 3769 -0.13820450785622956
708 709 -0.5164900767212055
708 3424 0.012300992167044892
708 3439 -0.7649474329409651
708 3454 -0.15101097830255802
708 3469 -0.5813039033822762
708 3484 -0.426483594848279
708 3499 -0.24456610327718892
708 3364 -0.1714707016110149
708 3379 1.0
708 3394 0.21917219269569654
708 3409 0.3920030265579761
709 710 0.11424020980289391
709 3604 -0.07448870604363578
709 3619 0.15692567273859978
709 3634 -0.8242626873008907
709 3649 -0.06634521969174345
709 3664 -0.5206934724658333
709 3679 -0.5364222516897669
709 3514 0.05648092308771248
709 3529 0.42469890034882557
709 3544 0.041483095780301876
709 3559 -0.6496341727183461
709 3574 0.31460816313273876
709 3589 0.11516718731096011
710 3784 -0.0009884569101962486
710 3799 -0.2835386675259649
710 3814 -0.05287760842382083
710 3829 -0.481815673235352
710 3844 0.3453206751518501
710 3859 0.08660954115721328
710 3694 0.6356889124117917
710 3709 -0.7264513226694134
710 3724 -0.054207037997401515
710 3739 0.3069929515679719
710 3754 -0.040677886638062474
710 3769 0.28283947692633543
723 724 0.35224852240451887
723 738 -0.6126077073722853
723 3424 -0.7603219988790815
723 3439 0.8030888928159894
723 3364 -0.5437595153451071
723 3379 -0.3200206843999542
723 3394 0.5589622361998632
723 3409 -1.0
724 725 -0.701209949873566
724 739 0.29270951934009415
724 3604 -0.643894916371153
724 3619 -0.4345900278083439
724 3454 1.0
724 3469 -0.6135761406608946
724 3484 0.3622004337402002
724 3499 -0.5634505875322579
724 3514 -0.6894334348260152
724 3529 -0.19249041443370987
724 3544 -0.6298767045515212
724 3559 0.712336153704388
724 3574 -0.04049271122190554
724 3589 0.07859272216208042
725 740 -1.0
725 3784 0.493340942982386
725 3799 0.2461308833311372
725 3634 0.5665100373934089
725 3649 -0.4740023881022578
725 3664 -0.07066831813844335
725 3679 -0.644842651380678
725 3694 0.38219694101637935
725 3709 1.0
725 3724 0.08719216398750074
725 3739 -0.03650352462679208
725 3754 -0.17442197260281989
725 3769 0.21340327508465579
738 739 -0.5917392268203812
738 3424 -0.6062056575349911
738 3439 0.43972876608796474
738 3364 0.15681623192120303
738 3379 -0.24359066403198296
738 3394 -0.49079406420777816
738 3409 0.8205640584008138
739 740 -0.7054146875435425
739 3604 -0.8868012382505926
739 3619 0.6934160321234503
739 3454 0.1609760659073004
739 3469 -0.07303196739259964
739 3484 0.14436155275757298
739 3499 -0.4758367882245214
739 3514 0.7108429955836051
739 3529 0.2613349537411761
739 3544 -0.405536949385442
739 3559 0.10608356983171854
739 3574 0.8483387969566226
739 3589 -0.561140847598132
740 3784 -0.28227872732002507
740 3799 -0.23187825582897503
740 3634 0.6084472019664233
740 3649 -0.1901485688797526
740 3664 0.30679905292681914
740 3679 0.5173119165611634
740 3694 0.9996680936269412
740 3709 -0.5048552745828868
740 3724 -0.3618434065710379
740 3739 0.2538940507424697
740 3754 0.6124170298474426
740 3769 0.042258853092971345
753 754 -0.31514787622301504
753 768 -0.24044423066416548
753 3424 1.0
753 3439 -0.30654202703614436
753 3364 0.40158196953293296
753 3379 0.65461460363291
753 3394 -0.5629425245661258
753 3409 0.8118824011322224
754 755 -0.5957913225178074
754 769 0.03392171534707097
754 3604 0.35868320540917387
754 3619 -0.24260932005349187
754 3454 -0.012937499674836608
754 3469 0.36757074170077203
754 3485 -0.06039784530553585
754 3500 0.6878250672199292
754 3515 -0.6436277747693852
754 3530 -0.31973471482081756
754 3544 0.021581903391850066
754 3559 -0.2791992906560182
754 3574 -0.05182638323418991
754 3589 -0.467177973913354
755 770 0.21348533626209767
755 3784 -0.03153375339726813
755 3799 -0.06565082390371858
755 3634 -1.0
755 3649 0.21321738933895806
755 3665 0.10003930718324994
755 3680 0.5901624472655222
755 3695 -0.2530076424625387
755 3710 -0.22988521643714446
755 3724 -0.5529939527204454
755 3739 0.46298244943313993
755 3754 -0.6287208077413872
755 3769 -0.5702313477203637
768 769 0.6278535482335998
768 3424 0.451990177005412
768 3439 0.6058510529627118
768 3364 0.5790231073166581
768 3379 0.10682307520233013
768 3394 0.27514266221782113
768 3409 -0.12793298246058507
769 770 -0.05178024229928715
769 3604 0.3219075538406799
769 3619 -0.7281859862051268
769 3454 0.7257079794430891
769 3469 0.3558699308238143
769 3485 0.26448986278797826
769 3500 -0.5659473290368923
769 3515 -0.4398577007546753
769 3530 0.5498239707826357
769 3544 0.2334429772095951
769 3559 0.23224193907817978
769 3574 0.5401701540488288
769 3589 -0.45618524381207526
770 3784 -0.011068318433970117
770 3799 0.005243682433092804
770 3634 -0.3493905964024279
770 3649 -0.6979288244708308
770 3665 -0.47209844237126264
770 3680 -0.8321174775412881
770 3695 -0.8471724257379339
770 3710 -0.4571635223810564
770 3724 -0.35477257894870484
770 3739 0.7128600579573611
770 3754 0.0420104623024937
770 3769 0.12279981714273963
783 784 -0.8931722388621749
783 798 -0.24777528321242884
783 3424 -0.08411162741035616
783 3439 -0.28924703173267285
783 3454 0.46986108336937116
783 3469 0.4027863311778123
783 3485 0.0833930293399728
783 3500 0.5326446739858371
783 3515 -0.8253004318616702
783 3530 -0.15106607314745354
783 3544 -0.009789782959372715
783 3559 -0.40020284637044007
783 3394 -0.8816965187772978
783 3409 -0.8256375939454773
784 785 1.0
784 799 0.06631042575610563
784 3604 -0.2806130200185696
784 3619 0.19392085918690302
784 3634 0.12227765357915411
784 3649 -0.018247894668227155
784 3665 0.6630295228538111
784 3680 0.5841006611293263
784 3695 -0.3977837870850535
784 3710 -0.6553991868005732
784 3724 -0.4868533900521209
784 3739 0.5098258285743431
784 3574 0.002550623653005408
784 3589 0.25441536507140994
785 800 0.5002718207536848
785 3784 -0.15996937298665048
785 3799 0.5559488163914715
785 3814 -0.2097855984177877
785 3829 -0.25975606004534596
785 3845 0.33274588000060074
785 3860 0.4962457747021076
785 3875 -0.7182756158671461
785 3890 -0.4545924724370238
785 3754 -0.37416485266710253
785 3769 0.3688886875879268
798 799 0.05049449313778481
798 3424 -0.2835232441269931
798 3439 1.0
798 3454 -1.0
798 3469 -0.22489830024144328
798 3485 0.22319529994597745
798 3500 -0.33508845930303527
798 3515 0.3437497167198712
798 3530 -0.4489759014513062
798 3544 -0.16477186873529895
798 3559 -0.3095220526286376
798 3394 0.6102431840793362
798 3409 -0.21515975744481713
799 800 0.237935693149836
799 3604 -0.24259622284987628
799 3619 -0.25765329429793027
799 3634 -0.05721384395676596
799 3649 0.33938117510706
799 3665 0.3369975387208415
799 3680 0.1284535710148579
799 3695 0.36036321591549864
799 3710 0.1524409386715859
799 3724 -0.43965036443526057
799 3739 0.3144465566508953
799 3574 0.5210638220666604
799 3589 0.010637275570247224
800 3784 -0.042653058125105815
800 3799 0.2394182725667341
800 3814 0.2893614954524046
800 3829 0.6761310091728401
800 3845 0.49985280403886434
800 3860 0.017722334266948806
800 3875 -0.9351175841296558
800 3890 0.10815221727268984
800 3754 -0.18590034814679043
800 3769 -0.28873988374234405
813 814 -0.23462085039044014
813 828 0.7988151387249881
813 3425 -0.3148996336382602
813 3440 0.1260025981157464
813 3455 0.12555406727963558
813 3470 -0.21723206176576038
813 3485 -0.4159775739170302
813 3500 -0.3669254203920416
813 3515 0.5520552498393575
813 3530 -0.01624438786322632
813 3544 1.0
813 3559 -0.6136254818793692
813 3394 0.5205696018406537
813 3409 -0.18532860534394732
814 815 -0.27114596579082617
814 829 0.5484505785223669
814 3605 -0.1023120288126931
814 3620 -0.40639624020045256
814 3635 0.45583253254159134
814 3650 0.21799112407973883
814 3665 -0.2341070146739102
814 3680 0.8394514190083596
814 3695 -0.6912937520612525
814 3710 -0.3728868375547525
814 3724 -0.5494314480384985
814 3739 -0.3083271445252751
814 3574 0.08817824798427816
814 3589 0.1952323444410992
815 830 0.08766902882699469
815 3785 0.8076376304943881
815 3800 -0.8010480982264289
815 3815 0.22654182831334355
815 3830 -0.3215222802607077
815 3845 0.058631157100183656
815 3860 -0.06494934024153043
815 3875 -0.18693729331900574
815 3890 -0.43795178243998667
815 3754 -0.12697081507520627
815 3769 -0.4930325430400953
828 829 0.07484064830971367
828 3425 0.4360693519077458
828 3440 0.3985390680455087
828 3455 -0.4455562264486724
828 3470 0.014452690570960826
828 3485 -0.23576639758273557
828 3500 -0.3159764950644346
828 3515 0.3824487168445725
828 3530 -0.14702673439398697
828 3544 0.19217253348364496
828 3559 -0.5996486915639968
828 3394 0.1877670166230509
828 3409 -0.33519529299254935
829 830 -0.002847367849348675
829 3605 0.1672433099145572
829 3620 0.02325280244091527
829 3635 -0.0568831000373703
829 3650 0.408778203470918
829 3665 0.8658467720837434
829 3680 -0.40839618922740933
829 3695 -0.6191995706634474
829 3710 -0.3594699159125475
829 3724 -0.38318007517779423
829 3739 0.4049771516348638
829 3574 -0.1818735822657605
829 3589 -0.4259548733855827
830 3785 1.0
830 3800 -0.2647175792078783
830 3815 0.21843976299189566
830 3830 0.33863432960439893
830 3845 -0.49787427750367785
830 3860 0.6606098084336134
830 3875 -0.6193962041237866
830 3890 0.23238211042359705
830 3754 -0.4905471431219169
830 3769 -0.3525714339489545
843 844 -0.2771160646663944
843 858 0.9781098434387137
843 3425 0.2048078133566384
843 3440 0.316589177192494
843 3455 0.0418818018325162
843 3470 -0.08731093427191854
843 3485 -0.03792083482203169
843 3500 0.4883563682590939
843 3364 0.13821539897399837
843 3379 -0.14927491807841842
843 3394 -0.10333259161324321
843 3409 0.4538512442646412
844 845 -0.44627166383160327
844 859 0.3746063744299516
844 3605 0.2962258277557229
844 3620 -0.031982527390587726
844 3635 0.2055524403422091
844 3650 0.464935810056485
844 3665 -0.4342894912908438
844 3680 0.3160230016146084
844 3515 0.5010613577983831
844 3530 -0.022123919247634995
844 3544 -0.0911711889936106
844 3559 -0.837316300782084
844 3574 -1.0
844 3589 0.8034355374681285
845 860 0.6181587394852882
845 3785 0.7838051497487954
845 3800 -0.7190092515786521
845 3815 0.14701254852133902
845 3830 -0.3158262162696985
845 3845 -0.534932047924836
845 3860 0.6658595786601039
845 3695 -0.428573423116718
845 3710 -0.5421801858784662
845 3724 -1.0
845 3739 0.20567620313545967
845 3754 0.21828814101207336
845 3769 -1.0
858 859 0.8166538190159058
858 3425 0.19818746489921396
858 3440 0.14986324044092417
858 3455 -0.06471491761354031
858 3470 -0.8121210075434746
858 3485 0.3944669929859593
858 3500 -0.5094500653939706
858 3364 0.5041147187078814
858 3379 -0.16275461858031423
858 3394 -0.8311807775518265
858 3409 0.41876802700679583
859 860 0.6111287004296929
859 3605 0.5454583750045066
859 3620 -0.1917859702202163
859 3635 0.030027850679782045
859 3650 -0.8766012953655273
859 3665 -0.11411423856109765
859 3680 0.09036268158805749
859 3515 0.40070641934931855
859 3530 -0.1800687000363083
859 3544 0.03703320274139249
859 3559 0.30361160120898556
859 3574 -0.29271341943469437
859 3589 -0.036549165653248075
860 3785 0.24652698337681112
860 3800 0.3180444884830287
860 3815 0.2138412033605055
860 3830 0.3562232704134677
860 3845 0.20909138680512604
860 3860 -0.33195284187811724
860 3695 -0.2558152554445807
860 3710 0.5613923525838425
860 3724 -0.5969473014865684
860 3739 1.0
860 3754 -0.2746808560580945
860 3769 -0.5593242297041645
873 874 -0.2569930565332234
873 888 -0.2212900352982747
873 3425 -0.2669630479452811
873 3440 -0.1476327633817292
873 3455 -0.05462625436810904
873 3470 -0.7206196609940337
873 3485 0.643336545874646
873 3500 -0.03471771920833426
873 3365 -1.0
873 3380 -1.0
873 3395 -0.08379739548813074
873 3410 0.007962966157900363
874 875 -0.19990873024336506
874 889 0.08466390894727956
874 3605 0.8534775425076457
874 3620 0.5396303912947962
874 3635 -0.8172224881071481
874 3650 0.7392098749390686
874 3665 -0.08426517251981588
874 3680 -0.855041232929872
874 3515 0.05491228658301722
874 3530 -0.9531058676609511
874 3545 0.3847637813740781
874 3560 1.0
874 3575 0.7995060860536853
874 3590 -0.4724588518725783
875 890 0.13783079218778158
875 3785 1.0
875 3800 -0.705435792638681
875 3815 0.2550552861114404
875 3830 1.0
875 3845 -0.146906189112416
875 3860 -0.23706172722868774
875 3695 0.14676775145127324
875 3710 -0.5260627537588107
875 3725 0.8305566934106633
875 3740 -0.5919995691858082
875 3755 -0.19375636061534351
875 3770 -0.34551206039221066
888 889 -0.2876690471025147
888 3425 -0.3493585401755787
888 3440 0.8376086086431612
888 3455 -0.03334359278789899
888 3470 -0.23789212948903193
888 3485 0.2022672143207322
888 3500 -0.26918338132552755
888 3365 0.18272125392412966
888 3380 0.453513954041099
888 3395 -0.01768183720829361
888 3410 -0.13860473548115348
889 890 0.5056527061749244
889 3605 -0.24358891862357387
889 3620 0.5672883402049083
889 3635 0.6379275207392132
889 3650 -0.2853933976713598
889 3665 0.05249167909745319
889 3680 -0.022991189559876984
889 3515 -0.0022272070238884907
889 3530 0.9439160980370577
889 3545 -0.64424173184791
889 3560 1.0
889 3575 -0.11369615215989248
889 3590 0.3421792988850592
890 3785 0.6337194160059484
890 3800 0.6045413804743528
890 3815 -0.6087836656138556
890 3830 0.188177545005961
890 3845 0.2722836679801363
890 3860 -0.3246322599591675
890 3695 0.10426162029130617
890 3710 0.26097662772564384
890 3725 0.3348324234547971
890 3740 0.38915069426794785
890 3755 0.8219146253243295
890 3770 0.7266841881950202
903 904 -0.32438406484882126
903 918 -0.8434432953527723
903 3425 0.30300061833589226
903 3440 0.07214869536984576
903 3365 0.16059026168570045
903 3380 0.33502172606162656
903 3395 0.4216499332045883
903 3410 -0.47961596084593894
904 905 0.32678665388129785
904 919 -0.07222966360010799
904 3605 0.35582696335538544
904 3620 -0.012770159785885339
904 3455 1.0
904 3470 0.21037861038500652
904 3485 -0.7903878357852049
904 3500 0.7814852082137829
904 3515 -0.28484705398615134
904 3530 -0.024712958796605088
904 3545 -0.34236548217723434
904 3560 -0.5180312077650004
904 3575 -0.1069397736627428
904 3590 0.1368915147459846
905 920 0.14442587060443185
905 3785 0.8858179933409995
905 3800 0.5342894685375746
905 3635 0.6810309860833518
905 3650 0.295089177783484
905 3665 -0.4372053524060087
905 3680 0.725715249171301
905 3695 -1.0
905 3710 0.5949894796584332
905 3725 -0.14497506767461277
905 3740 0.4899389407529705
905 3755 -0.3966643896015164
905 3770 -0.4052107402057433
918 919 -0.5869725724296526
918 3425 -0.7514093974747562
918 3440 -0.25292143179101473
918 3365 0.06263982553161905
918 3380 0.34809914857359564
918 3395 0.5943876515174769
918 3410 0.6304252600075112
919 920 0.9444605194581468
919 3605 -0.07330272831440572
919 3620 -0.09506677789492932
919 3455 -0.21704021933670953
919 3470 -0.04111590466765931
919 3485 -0.68012506728324
919 3500 0.533450025093437
919 3515 -0.5173959419239252
919 3530 -0.8421119927907178
919 3545 -0.45791637247462785
919 3560 0.41366762113014155
919 3575 -0.5664840474102248
919 3590 0.6503196786374499
920 3785 0.42451675035383085
920 3800 -0.1796705139721141
920 3635 -0.36235755920412405
920 3650 0.49220764987911864
920 3665 -0.641179040634282
920 3680 0.27239153155050866
920 3695 -0.17083344142451062
920 3710 -0.1401467256522603
920 3725 -0.8080790533250742
920 3740 -0.12417595215387085
920 3755 -0.7602960154151558
920 3770 0.032440686235245444
933 934 1.0
933 948 1.0
933 3425 -0.06663721190813628
933 3440 -0.2625358527315171
933 3365 0.5958342196303255
933 3380 0.12513694562936747
933 3395 0.8013833414759415
933 3410 0.38903058865784085
934 935 -0.4576719165480766
934 949 -0.053886237365552515
934 3605 0.5152813143363406
934 3620 0.4647562381077916
934 3455 0.3966144295274768
934 3470 0.0239161630893899
934 3486 0.7354005743296714
934 3501 -0.31447646566318127
934 3516 0.46354673773674204
934 3531 -0.20156760833766582
934 3545 0.443678823313434
934 3560 -0.4268715113762587
934 3575 0.3355895564502341
934 3590 -1.0
935 950 -0.32068040339834103
935 3785 -0.35110957136726045
935 3800 -0.52330800789121
935 3635 0.2944272582046272
935 3650 -0.5696649363875727
935 3666 0.3959306052406579
935 3681 -0.8280612689424417
935 3696 -0.12144287607216701
935 3711 0.20121599233583368
935 3725 0.9142405029501969
935 3740 -0.1469140767415576
935 3755 -0.5838400940394416
935 3770 -0.1793986256655007
948 949 0.7076021041947994
948 3425 -0.5105169684302852
948 3440 0.6189651491184587
948 3365 0.022882691594645323
948 3380 -1.0
948 3395 -1.0
948 3410 -0.3880547276350186
949 950 1.0
949 3605 -0.9286555425042662
949 3620 -0.018063343663744305
949 3455 -0.1810450611908932
949 3470 0.22186543613215529
949 3486 -0.3958133493710161
949 3501 -0.3851350394539415
949 3516 -0.6133664256304995
949 3531 -0.12543600047478096
949 3545 -0.4214494842413098
949 3560 0.1112005914794199
949 3575 0.7126068042631444
949 3590 0.4608052786253035
950 3785 -0.37786619166700136
950 3800 -0.3636845191664275
950 3635 -0.14780038858559336
950 3650 -0.5556559337347046
950 3666 0.734730454192839
950 3681 0.8713848268336051
950 3696 -0.21283085222327233
950 3711 -0.039719775155752125
950 3725 -0.9717367693377293
950 3740 -0.20645118324414122
950 3755 0.20411290595505877
950 3770 0.41561694175117153
963 964 -0.2948101686334781
963 978 0.03766676755736909
963 3425 -1.0
963 3440 -0.3520350053528433
963 3455 1.0
963 3470 -0.08465874799986477
963 3486 0.20685138800722166
963 3501 0.06327492092882024
963 3516 -0.006576945704145134
963 3531 -0.19508661735940477
963 3545 0.15936875549901403
963 3560 -0.17913798813200502
963 3395 -0.8497303997088438
963 3410 -0.12820419814919903
964 965 0.1325531025175758
964 979 -0.15080332356291415
964 3605 0.4453346759894013
964 3620 -0.2457301669749939
964 3635 -0.18074702243709137
964 3650 -0.15151217190693192
964 3666 -0.07143504876331329
964 3681 0.08892826299042038
964 3696 0.3954648264905336
964 3711 0.10947404054101338
964 3725 -0.13132949659997353
964 3740 0.7393736691410655
964 3575 -0.34592208778889283
964 3590 -0.10959420775164443
965 980 -1.0
965 3785 -0.6532462570471924
965 3800 0.22770547704685934
965 3815 -0.21741635668388648
965 3830 0.13072198072886007
965 3846 -0.05399653706295299
965 3861 0.7226612776708708
965 3876 -0.9065330285835491
965 3891 -0.240964880751034
965 3755 1.0
965 3770 -0.3702385001039921
978 979 -0.028271915855079266
978 3425 0.726965416873376
978 3440 0.46338515854712076
978 3455 -0.19591558530844488
978 3470 1.0
978 3486 -0.9341687416647354
978 3501 0.008324878786056434
978 3516 0.15681341152292078
978 3531 0.17846651371884698
978 3545 1.0
978 3560 -0.1529344318440917
978 3395 -0.22956194346068226
978 3410 0.3204254234197173
979 980 0.9639592102154714
979 3605 0.8738380274992115
979 3620 -0.3729334055442866
979 3635 -0.04905649264205613
979 3650 -0.3074595454015854
979 3666 -0.13400360120394592
979 3681 -0.5240522363833662
979 3696 -1.0
979 3711 -0.019915182684890523
979 3725 -0.046953277523582394
979 3740 -0.3501090113895782
979 3575 -0.2624678516720873
979 3590 -0.6770563279306008
980 3785 -0.3365784666085599
980 3800 0.49229872496986304
980 3815 0.36544054930523845
980 3830 -0.9703830201972654
980 3846 0.5277176168553317
980 3861 0.17346729701562427
980 3876 -0.19120913000524004
980 3891 0.056089704316778004
980 3755 0.16688528419833185
980 3770 0.1707273091734044
993 994 0.6533099659350097
993 1008 0.25024555319904196
993 3426 -0.16129283325907282
993 3441 -0.2367430631770266
993 3456 0.12159286605718385
993 3471 -0.1133823746119576
993 3486 -0.10449521351022481
993 3501 -0.6844346344678955
993 3516 0.6648902143963228
993 3531 -0.1281141014278887
993 3545 0.160773105879518
993 3560 -0.19127144157503634
993 3395 -0.11896557121542227
993 3410 -0.454420479599453
994 995 -0.44785392151491127
994 1009 -0.2790038222786387
994 3606 0.5446222728716561
994 3621 -0.12268625423255593
994 3636 -0.3157142687122411
994 3651 0.1069237215826237
994 3666 -0.44379424034899817
994 3681 -0.16723840762723197
994 3696 0.6779725756154065
994 3711 -0.5708734443167542
994 3725 0.10954991583712673
994 3740 0.21420386609793382
994 3575 0.7884188300241394
994 3590 -0.4437916775975252
995 1010 -0.3081979422909805
995 3786 0.6354503848317604
995 3801 0.37038850145562974
995 3816 0.2768269347861731
995 3831 -0.2604175054698626
995 3846 -0.4858177277501812
995 3861 -0.2875156677820525
995 3876 0.2220012845013187
995 3891 -0.9704405026028102
995 3755 -1.0
995 3770 0.45833958192763613
1008 1009 -0.4501715453064544
1008 3426 0.4140049195793488
1008 3441 0.2961909519202127
1008 3456 -0.699008094385599
1008 3471 1.0
1008 3486 0.3148308572443005
1008 3501 0.9620498853177963
1008 3516 0.5628994434987704
1008 3531 0.16754106559350238
1008 3545 -0.0009343696484636642
1008 3560 0.07985076041786274
1008 3395 -0.3024899761696055
1008 3410 -0.18858766366475913
1009 1010 0.16519149761515337
1009 3606 -0.4989356621134752
1009 3621 -0.44675343108710475
1009 3636 0.44655682721028195
1009 3651 -0.9757545649809409
1009 3666 0.8767623057907475
1009 3681 -0.8838099763558369
1009 3696 0.2097212204279075
1009 3711 0.31998148729730935
1009 3725 0.8777786622851533
1009 3740 -0.41569248711329704
1009 3575 -0.10491694684838583
1009 3590 0.7174311126257781
1010 3786 0.7309684349293675
1010 3801 0.31004447610484104
1010 3816 -1.0
1010 3831 -0.29667171310949303
1010 3846 -0.11633578798550284
1010 3861 -0.8737149592589275
1010 3876 0.5743678124417539
1010 3891 0.4866772549260674
1010 3755 0.5074026502676361
1010 3770 0.05397518424553877
1023 1024 0.969744791077621
1023 1038 0.18988712726480245
1023 3426 0.7606351744184108
1023 3441 0.4714039531537956
1023 3456 0.9859474542391763
1023 3471 -0.5018051166001494
1023 3486 -0.6913481864763932
1023 3501 0.8608849743115948
1023 3365 0.8636273311842415
1023 3380 -0.7307683798104534
1023 3395 0.22136469919448762
1023 3410 0.1555509728594606
1024 1025 -0.5649637713238971
1024 1039 -0.06580987829871442
1024 3606 -0.3022241770851917
1024 3621 -0.3092445548401072
1024 3636 0.5736797397578859
1024 3651 -0.09765796064126808
1024 3666 -0.3857557209231489
1024 3681 -0.24248881163249023
1024 3516 0.8411343494926175
1024 3531 -0.4123894184250492
1024 3545 -0.6325297450828742
1024 3560 0.28394552227998976
1024 3575 0.3291499775175642
1024 3590 1.0
1025 1040 0.2693107932217018
1025 3786 -1.0
1025 3801 0.2264234686190359
1025 3816 0.21883273912681986
1025 3831 0.15952343188669185
1025 3846 -0.06374263941177193
1025 3861 0.1488051215736306
1025 3696 -0.7458460325472466
1025 3711 -0.36686223359957776
1025 3725 0.06448649867526801
1025 3740 0.5663671916138026
1025 3755 -0.9937733886534988
1025 3770 -0.019348325714494997
1038 1039 -0.14684731322146485
1038 3426 0.14077441646379335
1038 3441 0.17933365406885002
1038 3456 0.8110467926445326
1038 3471 -0.0654836537875297
1038 3486 -0.8443231498710827
1038 3501 0.046496549691196896
1038 3365 -0.1255596214262947
1038 3380 0.5480494097698375
1038 3395 0.36987123472185696
1038 3410 0.6257710729299191
1039 1040 0.27423995698440096
1039 3606 -0.045290155174868514
1039 3621 0.0265930061914415
1039 3636 -1.0
1039 3651 -0.5852099684128448
1039 3666 0.5806093483190237
1039 3681 -0.030263341937727742
1039 3516 -0.5735735393826821
1039 3531 -0.6812967188980943
1039 3545 0.17349146276296507
1039 3560 0.07286420460592391
1039 3575 0.18532683408879908
1039 3590 -1.0
1040 3786 1.0
1040 3801 -0.10933978076151667
1040 3816 -0.06542584986407114
1040 3831 0.402170899700832
1040 3846 -0.8280836624165904
1040 3861 -0.27356397820989536
1040 3696 0.21348430357852938
1040 3711 -0.0851999099498503
1040 3725 0.5655329066765695
1040 3740 0.1629283965908166
1040 3755 0.20457135521929973
1040 3770 0.17526050958607134
1053 1054 -0.44738094277448265
1053 1068 0.0410415446829391
1053 3426 -0.9992848484056447
1053 3441 -0.4540311271574095
1053 3456 0.26131954892477777
1053 3471 0.375923727862051
1053 3486 0.1298325070278315
1053 3501 -0.0646468359683148
1053 3366 -0.3374134733856564
1053 3381 0.7598385508536274
1053 3396 -0.5349003298049793
1053 3411 0.28052484128227057
1054 1055 0.19744582260448898
1054 1069 -0.19374055464191517
1054 3606 -0.01756730582048082
1054 3621 0.6320657008700052
1054 3636 -0.6838675676187651
1054 3651 -0.8837306405991668
1054 3666 -0.47157219523674027
1054 3681 -0.7313709442851559
1054 3516 0.3412103665914346
1054 3531 0.5636850215372264
1054 3546 -0.09338214202501485
1054 3561 -0.10019050781250448
1054 3576 0.3162742950961321
1054 3591 -0.3348454816692252
1055 1070 0.4808752799450655
1055 3786 0.19341401390977708
1055 3801 0.13961030814174047
1055 3816 0.537723981149703
1055 3831 -0.005100521185369022
1055 3846 0.43887575475012475
1055 3861 0.6646478610246745
1055 3696 -0.11889351503451302
1055 3711 0.31503677368309074
1055 3726 0.7907719929162286
1055 3741 0.35687294765816313
1055 3756 0.17770887037950214
1055 3771 -0.40717951046913703
1068 1069 1.0
1068 3426 -0.20681572381832197
1068 3441 -0.4643335156895783
1068 3456 0.2010461010893689
1068 3471 -0.31733913436801525
1068 3486 -0.6144651809678864
1068 3501 0.29400752758016063
1068 3366 -0.851014184271426
1068 3381 -0.008160818252205795
1068 3396 -0.4552549545251019
1068 3411 0.8666304572278994
1069 1070 0.37785154786703723
1069 3606 -0.3715519191856268
1069 3621 0.4036949155388666
1069 3636 -0.18294506577420755
1069 3651 -0.4996685413694162
1069 3666 -0.2033994799785804
1069 3681 0.4018296382539665
1069 3516 -0.5101477826041376
1069 3531 -0.10336947407470193
1069 3546 0.6760816248891447
1069 3561 -0.275250590963317
1069 3576 0.02582980243457273
1069 3591 0.3765883283133352
1070 3786 -0.41846238188518436
1070 3801 0.6449213239138248
1070 3816 -0.04766326726248006
1070 3831 0.12349243982641381
1070 3846 -0.20649958534009563
1070 3861 -0.6348548155496526
1070 3696 0.010469588754587358
1070 3711 -0.3847251404903127
1070 3726 0.6298594584653912
1070 3741 0.03259256756275969
1070 3756 0.02191346860339082
1070 3771 0.7778025701545522
1083 1084 1.0
1083 1098 0.5328394233729881
1083 3426 -1.0
1083 3441 0.4918638078277914
1083 3366 -0.3045201107947284
1083 3381 -0.26620520286004334
1083 3396 -0.1867542436417204
1083 3411 0.4115058954056874
1084 1085 -0.9460818716639
1084 1099 0.15004664306552584
1084 3606 0.42034614761111033
1084 3621 -0.3116186789974179
1084 3456 0.9748102622535677
1084 3471 -0.4631672635569962
1084 3486 -0.5056431181789246
1084 3501 -0.06796239333545599
1084 3516 -0.057016716152517605
1084 3531 -0.4274395368122351
1084 3546 -0.45410549207759154
1084 3561 -0.3266991450916575
1084 3576 -0.08851525386766106
1084 3591 0.4310034089812318
1085 1100 -0.18815813249362565
1085 3786 0.30049251925084614
1085 3801 -0.37192153373504383
1085 3636 0.12113726349268451
1085 3651 0.23907770219354876
1085 3666 -0.6048392131430244
1085 3681 -0.16675396462676864
1085 3696 -0.24908013147187044
1085 3711 0.5601816145847204
1085 3726 -0.6091072460909147
1085 3741 -0.3020250481165638
1085 3756 -0.6492826195480669
1085 3771 0.66087473673335
1098 1099 -0.6148560972871794
1098 3426 0.34440519071186376
1098 3441 -0.03752436153027894
1098 3366 0.47283239341053274
1098 3381 1.0
1098 3396 -0.03811504774466105
1098 3411 -0.7143550618556469
1099 1100 -0.2618000492095465
1099 3606 0.12638037479259875
1099 3621 0.8895312469559582
1099 3456 0.6588925947816178
1099 3471 -0.04589955043405883
1099 3486 -0.5965022608687988
1099 3501 -0.12936114210480865
1099 3516 0.1052868236170446
1099 3531 0.9955855589242744
1099 3546 0.26155457397265974
1099 3561 0.3063596505292998
1099 3576 0.06872996708108085
1099 3591 0.4156881718499603
1100 3786 0.44271265044634384
1100 3801 -0.14954735935820396
1100 3636 0.4892270529519272
1100 3651 -0.20533016783206356
1100 3666 -0.4248833587006306
1100 3681 -0.2896689446095572
1100 3696 -0.6225155411218697
1100 3711 0.49820467388316486
1100 3726 0.4182626943207045
1100 3741 -0.41596169582106024
1100 3756 -0.8156567180178582
1100 3771 0.8839358693423015
1113 1114 -0.06492551435658042
1113 1128 -0.07760975486113737
1113 3426 -0.4589985787945145
1113 3441 -0.809226389810031
1113 3366 -0.3126714499185985
1113 3381 -0.3868534875569621
1113 3396 -0.31375635631467236
1113 3411 0.020186328456733724
1114 1115 0.0007850787851733939
1114 1129 0.4224137921627601
1114 3606 0.6757741755908557
1114 3621 0.6070345004207559
1114 3456 -1.0
1114 3471 -0.5523353642633042
1114 3546 0.06421296206522017
1114 3561 -0.11532574161205464
1114 3576 -0.2658594234809934
1114 3591 -0.7439789142487202
1115 1130 -0.3647154177538417
1115 3786 0.19285648404549663
1115 3801 0.7429501232480156
1115 3636 0.09170467944933237
1115 3651 0.27284069332237443
1115 3726 -0.043446033250504446
1115 3741 -0.4142882295992178
1115 3756 0.7685653480128223
1115 3771 -0.952619306599586
1128 1129 -0.02861319720499383
1128 3426 0.6093223815970183
1128 3441 -0.3550803626667692
1128 3366 0.3924635800570357
1128 3381 0.5458313840268672
1128 3396 -0.25867794633750096
1128 3411 0.4142044238460591
1129 1130 0.5505692305459597
1129 3606 -0.322848680834104
1129 3621 -0.6786240108711842
1129 3456 -0.36615431300206314
1129 3471 -0.20134233489522188
1129 3546 -0.44078489297035167
1129 3561 -0.4023798567431944
1129 3576 -0.555177484997836
1129 3591 0.6189993217098693
1130 3786 -0.34546466227988093
1130 3801 0.3350999004376678
1130 3636 0.6338267419752662
1130 3651 -0.06250192049331296
1130 3726 0.585227803468657
1130 3741 -0.2909613058089698
1130 3756 0.24558913497623164
1130 3771 0.1594248471896817
3364 3365 0.18289086062522208
3364 3379 0.07885156908234389
3365 3366 0.18386387151059466
3365 3380 0.6266945736776788
3366 3381 0.4349837632081964
3379 3380 -1.0
3380 3381 0.2609934889655369
3394 3395 -0.8278304731507294
3394 3409 -0.2987594232930156
3395 3396 -0.2918030976947155
3395 3410 1.0
3396 3411 0.5175844999218067
3409 3410 0.14049434944479702
3410 3411 -0.06339608137556468
3424 3425 0.6546627476356165
3424 3439 -0.0701090662472683
3425 3426 0.1445952378038083
3425 3440 -0.43373824567998853
3426 3441 -0.4156182829765428
3439 3440 0.619849483138105
3440 3441 0.11730209431256955
3454 3455 0.6367060941932801
3454 3469 -0.6494948547719336
3455 3456 1.0
3455 3470 -0.062215769725338474
3456 3471 -0.3297434625037945
3469 3470 -1.0
3470 3471 0.057990474205641886
3484 3485 -0.603070588542881
3484 3499 -0.37581463132321785
3485 3486 0.23593824974516092
3485 3500 -0.07848764835985464
3486 3501 0.6151902439470149
3499 3500 -0.41015312216262173
3500 3501 -0.3176515748869827
3514 3515 0.23175090511049684
3514 3529 1.0
3515 3516 -0.45532478074695465
3515 3530 0.4459145867412586
3516 3531 0.8983656808584866
3529 3530 -0.046329763449637226
3530 3531 -0.24762267337047159
3544 3545 0.42556226412079445
3544 3559 -0.15067205286609597
3545 3546 -0.17130277986349837
3545 3560 0.4338714268982758
3546 3561 -0.17088986075091023
3559 3560 0.27022750851716154
3560 3561 -0.3304518844987565
3574 3575 -0.4088548718580436
3574 3589 0.02818314855653002
3575 3576 -0.00714277117527645
3575 3590 -1.0
3576 3591 0.7372865196304262
3589 3590 -0.6091973923897784
3590 3591 0.09191391616222429
3604 3605 0.229548273632755
3604 3619 0.5557802018679863
3605 3606 0.07354217275304238
3605 3620 -0.24565224143421754
3606 3621 0.7639638536321632
3619 3620 0.5430857385204148
3620 3621 0.5588038796300359
3634 3635 -0.07797755885364761
3634 3649 0.01262243931692977
3635 3636 -0.468347114152257
3635 3650 0.22479633289922332
3636 3651 0.3716288077228647
3649 3650 -0.3334874529294296
3650 3651 -0.5883090721889779
3664 3665 0.43682777173206244
3664 3679 -0.5128716580258569
3665 3666 -0.051816501154039005
3665 3680 -0.19153464062966002
3666 3681 -0.1751104593571251
3679 3680 0.231746328525695
3680 3681 0.5090136474781518
3694 3695 0.10153946842947473
3694 3709 0.367382675039055
3695 3696 0.14607795964423556
3695 3710 -0.23168100828084473
3696 3711 -0.23053664331611548
3709 3710 -0.9079557529859401
3710 3711 -0.058219138032676906
3724 3725 -0.2075855529665906
3724 3739 -0.36591736263755603
3725 3726 0.08796533645084205
3725 3740 1.0
3726 3741 0.09243566476873932
3739 3740 -0.6289600109082374
3740 3741 0.8988616732613004
3754 3755 0.4219279967216198
3754 3769 -0.3687580703883861
3755 3756 0.5612198124748231
3755 3770 -0.726605920531271
3756 3771 1.0
3769 3770 1.0
3770 3771 0.23240391323076048
3784 3785 0.07466823855710737
3784 3799 -0.23964803202413248
3785 3786 -0.3062253844170986
3785 3800 -0.09193144805198607
3786 3801 -0.17062751944618734
3799 3800 0.10339052176157429
3800 3801 0.0032970737407379378
3814 3815 0.6511217451053135
3814 3829 -0.7113662965489707
3815 3816 0.3426386280366934
3815 3830 0.808981902150784
3816 3831 -0.65871803028244
3829 3830 0.26640025331303413
3830 3831 -0.9909346073027678
3844 3845 0.6328401640651348
3844 3859 -0.4282733143744717
3845 3846 -0.27624748837922714
3845 3860 0.5360056243080256
3846 3861 0.3003786355153064
3859 3860 0.7396242428764446
3860 3861 0.7156640383960875
3874 3875 0.10650982282006173
3874 3889 0.1172221815714806
3875 3876 0.24123768208149196
3875 3890 -0.9871790123830141
3876 3891 -0.004457751282820939
3889 3890 0.24975246550052735
3890 3891 -0.42998088884534397
