# 
603 603 -0.7181725270256322
604 604 -0.4391354692045177
605 605 0.22713025396789244
618 618 1.1497585328185698
619 619 -1.1586660719914876
620 620 -0.4376687802483853
633 633 -0.36847266931713046
634 634 0.016648269821844378
635 635 0.27623581518138496
648 648 -0.023138821469931625
649 649 0.6126364203272473
650 650 0.7992341614571083
663 663 0.3929915780198457
664 664 -0.2443761583214086
665 665 0.4171231697332776
678 678 -1.5080276888628088
679 679 -0.05130205087684695
680 680 -0.2558835588585882
693 693 -1.1477848532299018
694 694 2.9956200623118527
695 695 -0.5537595989769268
708 708 0.6901281520948298
709 709 0.17968610236493912
710 710 -1.0514674903773489
723 723 -0.040733651478278385
724 724 0.6661699250498518
725 725 0.5310440200243891
738 738 -0.5812798480242176
739 739 0.1772301840052552
740 740 0.9762114494449009
753 753 -0.6646901949059298
754 754 -2.6298826556957517
755 755 -1.8956577186868016
768 768 0.1559012214824912
769 769 1.0156399561516922
770 770 -1.1265755154126542
783 783 1.3131500836159005
784 784 0.9859063620915921
785 785 -0.050088939651496626
798 798 -0.1300499853544015
799 799 0.2158393427774305
800 800 1.6061067805787848
813 813 -1.1601543463448327
814 814 0.2888321150963598
815 815 -1.6380704695216863
828 828 1.7276790593863234
829 829 -0.7034937218580021
830 830 -1.1877426813534988
843 843 -1.7851555569046573
844 844 -0.34665696502197624
845 845 0.08759376394489708
858 858 -0.9376723916002083
859 859 -0.46279764270418167
860 860 0.761513758027497
873 873 -2.092101406984257
874 874 0.1731067922461929
875 875 1.0083169512495243
888 888 -0.0638746718787068
889 889 -0.9665435054385673
890 890 2.383919595364641
903 903 0.5213713200154187
904 904 1.4248109374272373
905 905 -0.8173435036497722
918 918 0.763211064829561
919 919 -0.9188446881762168
920 920 1.639060292508586
933 933 -1.1606707850940285
934 934 0.6202898264004667
935 935 -0.045241177915762015
948 948 0.07516924127061803
949 949 0.1170874258538651
950 950 -0.2834010646704638
963 963 -0.29695803331941667
964 964 3.144006641553772
965 965 1.1975674912966967
978 978 0.150168911697513
979 979 -0.44996032146236997
980 980 -0.7635554831091734
993 993 -0.45312874665460695
994 994 0.6543484215971674
995 995 -1.187881285211089
1008 1008 -1.3608636113999624
1009 1009 1.8756349029023642
1010 1010 0.41210710150270313
1023 1023 -1.065779088244152
1024 1024 -0.30127453186306413
1025 1025 -1.0371568226011716
1038 1038 0.9069670241992633
1039 1039 -0.5563582174079182
1040 1040 -0.05786131607642604
1053 1053 0.40217687216092946
1054 1054 2.704630519795111
1055 1055 0.17365927719889498
1068 1068 -0.7365271688295756
1069 1069 0.510077207404103
1070 1070 1.0876872519930354
1083 1083 0.4297170325594493
1084 1084 -0.45657901667297335
1085 1085 0.6921179031137014
1098 1098 -1.121745040487009
1099 1099 -0.38727581916620474
1100 1100 -2.3659468093703797
1113 1113 -1.2866050033763339
1114 1114 2.7957732593409963
1115 1115 0.10368972586303518
1128 1128 -0.3207340643490388
1129 1129 1.0665967381135053
1130 1130 0.6866421006416381
3364 3364 0.6452024199839868
3365 3365 0.40760514824092015
3366 3366 -0.15531881084391272
3379 3379 1.5482292138262426
3380 3380 0.8645631492808287
3381 3381 -0.21767652293885997
3394 3394 1.2289253799545445
3395 3395 -0.5260895893053431
3396 3396 0.5316558746406284
3409 3409 0.5989376770323213
3410 3410 -0.7213713209999528
3411 3411 0.5441756445897658
3424 3424 0.5072981505750633
3425 3425 2.0449074457908107
3426 3426 -2.1712819294868377
3439 3439 0.7198392329769219
3440 3440 1.1689434609539389
3441 3441 1.3775615107857124
3454 3454 -0.7589361440846537
3455 3455 -0.6469831855338936
3456 3456 -1.5578340252922325
3469 3469 0.26778057754596507
3470 3470 -1.2526748035565363
3471 3471 -0.012159557448172736
3484 3484 -0.048421597208222984
3485 3485 -0.44314917439039075
3486 3486 -1.0692860518275769
3499 3499 -0.8533541770244306
3500 3500 2.3461796119790574
3501 3501 0.16415389622207835
3514 3514 -0.05643595210995211
3515 3515 1.0199963807476844
3516 3516 -1.1718881744983836
3529 3529 -0.7339282422512423
3530 3530 -1.9740328375258898
3531 3531 -0.4600504312888662
3544 3544 -0.677999913766587
3545 3545 -0.7447967977945923
3546 3546 -0.279943168518272
3559 3559 0.3077027636415235
3560 3560 0.9929727075513607
3561 3561 0.5198518929564743
3574 3574 2.199348878444917
3575 3575 -0.6642231868999653
3576 3576 0.03396016902902491
3589 3589 0.041261813651182304
3590 3590 -1.4797024959226572
3591 3591 -0.7956410010846523
3604 3604 1.6813154405251078
3605 3605 -0.739310058355686
3606 3606 -0.8687996802714903
3619 3619 1.043844454358403
3620 3620 -0.06099073135535496
3621 3621 0.8048535163867744
3634 3634 -1.1371296257073318
3635 3635 0.49451732088464645
3636 3636 -0.658636417244866
3649 3649 -1.5207725641563494
3650 3650 0.1898023720668945
3651 3651 -0.04047216273714306
3664 3664 -0.36673328824704843
3665 3665 -0.008029250773029522
3666 3666 -0.3447732599316687
3679 3679 -0.5349098940324167
3680 3680 -1.1985474472663795
3681 3681 0.16612799895816854
3694 3694 -0.023613506123526275
3695 3695 -1.4459168163088587
3696 3696 -0.023989923882354346
3709 3709 -0.0926333389820882
3710 3710 -0.31215921221071935
3711 3711 -0.6625296798966954
3724 3724 0.7551184012698879
3725 3725 -0.15156089273879148
3726 3726 -0.28326455305878
3739 3739 0.5247769364034425
3740 3740 -0.438335161405393
3741 3741 0.08204879223555929
3754 3754 -0.12831555414588772
3755 3755 -1.7939345651720289
3756 3756 0.225067641233072
3769 3769 -1.1698769753615135
3770 3770 -0.8329591812788755
3771 3771 0.77263596793183
3784 3784 -0.6932063673795638
3785 3785 0.08828109689225773
3786 3786 0.038060800515689434
3799 3799 0.3757305056284228
3800 3800 1.3198661259941493
3801 3801 -0.38562422099506194
3814 3814 0.3904792945790977
3815 3815 -0.27651782284007925
3816 3816 -1.5825343875618096
3829 3829 -0.9289796667712918
3830 3830 -0.1291589261693136
3831 3831 0.3248070161181714
3844 3844 0.07736388929187996
3845 3845 0.8074205815978291
3846 3846 1.13317652199404
3859 3859 -1.5534868582786847
3860 3860 -0.20808388188450916
3861 3861 0.8535356194723421
3874 3874 0.5439079299186108
3875 3875 -2.0418573121390557
3876 3876 1.0098401353454436
3889 3889 1.0167502803812647
3890 3890 0.08677782546642646
3891 3891 -0.12042832110788174
603 604 -0.4574017863945688
603 618 -0.7025170600894979
603 3484 -0.5026560328874443
603 3499 0.603352550219542
603 3514 -0.9884660422664007
603 3529 0.8858650395936783
604 605 0.06771225479079243
604 619 -0.37152263432583665
604 3664 -0.11835406438230188
604 3679 1.0
604 3694 0.8282794447618048
604 3709 0.46663985255447693
605 620 0.3829793203326146
605 3844 0.22506888025724603
605 3859 -0.3093601867419224
605 3874 0.44236278190837275
605 3889 0.4749387622598069
618 619 -0.39535588529286425
618 3484 0.1572937489734654
618 3499 -0.33623904348087497
618 3514 0.532538047934029
618 3529 -0.3378965947925343
619 620 -0.3634243854534494
619 3664 -0.3324293895110578
619 3679 -0.5809836382693767
619 3694 0.5352349947871673
619 3709 0.18777673677510517
620 3844 -0.1587895662153105
620 3859 0.3320758267308041
620 3874 -0.30784091372826144
620 3889 -0.47865735105063245
633 634 0.3215803335848646
633 648 -0.06038685332811686
633 3424 -0.4690642160602256
633 3439 -0.10197297049102748
633 3454 0.03643775078558596
633 3469 -0.15568853843365518
633 3484 1.0
633 3499 -0.2867481036620512
633 3514 -0.14631748688203114
633 3529 0.942020213890497
634 635 0.06338657418821535
634 649 0.4033133098255002
634 3604 1.0
634 3619 0.1784891581825085
634 3634 -0.5849690929722211
634 3649 -0.5582711196342
634 3664 0.13328910801086177
634 3679 0.683940225241278
634 3694 0.103980407588196
634 3709 -0.6734404915505164
635 650 -0.25898762618649795
635 3784 -0.2921344853310374
635 3799 0.02146438788879853
635 3814 -0.09355791023102661
635 3829 -0.25761106267281997
635 3844 0.08863653802272808
635 3859 0.13963776773661463
635 3874 0.25100604991942554
635 3889 0.1691131245063112
648 649 -0.6141584614317379
648 3424 0.20989609331616296
648 3439 0.1657811331490537
648 3454 -0.5577001818549399
648 3469 0.45867841502037193
648 3484 -0.6413346408284412
648 3499 0.7597506716585719
648 3514 -0.034147445519733685
648 3529 -0.12498441607247752
649 650 0.4524146370694577
649 3604 0.08889578314561104
649 3619 0.11073764190686745
649 3634 0.17289169522972547
649 3649 -0.636101275930755
649 3664 0.1897654971886506
649 3679 0.09891723658698098
649 3694 0.43741502831477463
649 3709 -0.27407192734595276
650 3784 -0.3150694242878077
650 3799 -0.3226232607541796
650 3814 0.6619507346161375
650 3829 0.37521888622667005
650 3844 -0.40921013518064103
650 3859 -0.3284955723715576
650 3874 -0.5974652691390268
650 3889 -0.16098512647318516
663 664 -0.3535712720836847
663 678 -0.13129902986804684
663 3424 -0.508098369592079
663 3439 -0.7851137213868427
663 3454 0.09190388021180546
663 3469 0.05707066906852288
663 3484 -0.07503835803823007
663 3499 -0.49965647086118714
664 665 0.29806950931894705
664 679 0.6243927787859989
664 3604 -0.07082223408159162
664 3619 -0.43889249937380265
664 3634 0.1578858136959164
664 3649 0.05010800441752861
664 3664 -0.32679028189767817
664 3679 0.4714934306145547
664 3514 -0.10308212655371679
664 3529 0.4664199083239826
665 680 -0.45555471634999833
665 3784 -0.8978605872201495
665 3799 0.36681788670773857
665 3814 -0.009497666361751481
665 3829 -0.644307722961567
665 3844 0.07663439455473621
665 3859 0.6391500813695079
665 3694 0.27425588374527504
665 3709 -0.21141737625247467
678 679 0.16007496355599352
678 3424 -0.2561899754532856
678 3439 0.07715845453515846
678 3454 0.7210485338797404
678 3469 -0.05848696829078261
678 3484 -0.27104715009535324
678 3499 0.39779244046961715
679 680 -0.15562262856644743
679 3604 0.025084931444346485
679 3619 -0.12039621670933048
679 3634 -0.20069774331415577
679 3649 -0.15269778981349208
679 3664 0.8846222832230429
679 3679 0.5988931343354066
679 3514 0.7087657535094604
679 3529 -0.2114244163600124
680 3784 0.011816122229833886
680 3799 -0.46082708325059873
680 3814 0.06578429038895951
680 3829 -0.9290879668829216
680 3844 -0.4410103794720179
680 3859 0.7153810452236652
680 3694 -0.10169115292277199
680 3709 0.24525877128458498
693 694 -0.07348598098770706
693 708 0.4659487429157449
693 3424 0.8093107583320407
693 3439 -0.34851977075181967
693 3454 -0.09910614534307796
693 3469 -0.8189135497771357
693 3484 -0.3240043902269863
693 3499 -0.3109589203811731
693 3364 0.25133092879428587
693 3379 -0.2430233521385629
693 3394 -0.7371491036106038
693 3409 0.16398519445719106
694 695 -0.30704082953599304
694 709 0.38591056242550265
694 3604 0.24217108664808729
694 3619 -0.0607668144810604
694 3634 0.038216209696943115
694 3649 -0.3362818458531348
694 3664 0.37019813014974595
694 3679 0.39138351711445735
694 3514 0.09462356530951493
694 3529 0.46087948917147153
694 3544 -0.45980056816892567
694 3559 0.038061329231765924
694 3574 -0.3458609972942337
694 3589 -0.2328273350257251
695 710 0.7214690630159035
695 3784 -0.7292577500477799
695 3799 -0.2873436907995702
695 3814 -0.3969482864883085
695 3829 0.32006812934807344
695 3844 0.40689864472431875
695 3859 0.1804670919908493
695 3694 0.05815033383387017
695 3709 0.8236528677888514
695 3724 -0.3240567571384788
695 3739 0.19850229878956088
695 3754 0.07823495516763136
695 3769 -0.6466640654844763
708 709 -0.2680246009675202
708 3424 -0.36028115926982834
708 3439 0.4859964200390219
708 3454 0.5697212907139083
708 3469 0.24603505906332782
708 3484 -0.7624485836227153
708 3499 0.5750997806752326
708 3364 0.3149995883901695
708 3379 0.19402729832522245
708 3394 -0.23341851044385897
708 3409 0.4955742156710551
709 710 -0.7141610917223392
709 3604 -0.6377755454231698
709 3619 0.5813784248770952
709 3634 0.3363734767767918
709 3649 -0.11375005930641667
709 3664 -0.6314855423900534
709 3679 -0.5417397905524394
709 3514 0.11334145060580161
709 3529 1.0
709 3544 0.591334227351547
709 3559 -0.058970763231550656
709 3574 0.7626441008698499
709 3589 0.17539815143418128
710 3784 0.6837815622265978
710 3799 0.2730409054599397
710 3814 0.3763723049036829
710 3829 -0.2570592013233433
710 3844 -0.10687364581750868
710 3859 0.29286181926763527
710 3694 0.08652575853855685
710 3709 -0.3763424363163261
710 3724 1.0
710 3739 0.2706829716545201
710 3754 0.14836269860729656
710 3769 -0.44981160384826313
723 724 -0.14688879063079796
723 738 1.0
723 3424 1.0
723 3439 0.11633325359707508
723 3364 0.2405207083022587
723 3379 -0.14716918981527013
723 3394 0.07763580347846218
723 3409 -0.3360031701614416
724 725 0.1612206626873068
724 739 0.7815193546662549
724 3604 0.29543518010255526
724 3619 0.7070929261913012
724 3454 0.6767455468565008
724 3469 -0.4251188167531529
724 3484 0.008295503048684408
724 3499 -0.5141467074163579
724 3514 -0.18999797558385287
724 3529 0.7620598613152231
724 3544 -0.6038028044118876
724 3559 -0.20302338659215155
724 3574 0.7635702702985104
724 3589 -0.060950406208887316
725 740 0.07431201227589057
725 3784 -0.44806041635350186
725 3799 0.18622594797100234
725 3634 -0.6397134402991081
725 3649 0.6439279842713385
725 3664 0.06358821558755941
725 3679 0.29334473492580876
725 3694 -0.8391212995828989
725 3709 -0.27644623857424006
725 3724 -0.25575262709207
725 3739 -0.7574377946813476
725 3754 0.24563885264446345
725 3769 0.23246576679509567
738 739 0.020810981469604223
738 3424 -0.773177322104953
738 3439 0.011232633555164642
738 3364 0.3758464169428601
738 3379 0.7084196356837965
738 3394 -0.5838316087507605
738 3409 -0.364500261644577
739 740 0.43584182915623826
739 3604 0.18316233905827903
739 3619 -0.5300020268067196
739 3454 -0.3355275213719011
739 3469 -0.0905924869261608
739 3484 -0.3936244239190924
739 3499 0.32094072783070166
739 3514 0.013898565905334396
739 3529 -0.14982501464361905
739 3544 0.26413406738049167
739 3559 0.012043625701910681
739 3574 0.10588966361039814
739 3589 -0.1215369450880473
740 3784 0.05901542069480482
740 3799 -0.8981242571979946
740 3634 -0.8354549625876693
740 3649 -0.2570148899846605
740 3664 0.3071657155403116
740 3679 0.7299406282993706
740 3694 0.11830492421363253
740 3709 0.38812395752112455
740 3724 0.1254366874662208
740 3739 -0.6635054330381299
740 3754 0.9637789500916233
740 3769 -0.33399013531422916
753 754 -0.09599256744717717
753 768 0.1194646940825297
753 3424 -0.7366832540761299
753 3439 -0.10982600921951659
753 3364 -0.05291107850661432
753 3379 0.11207776904394509
753 3394 -0.2505183214744488
753 3409 0.4152354446487419
754 755 -0.6928136466702057
754 769 -0.008737804224797401
754 3604 0.39219562881689046
754 3619 0.45410940009883854
754 3454 0.10074124470443058
754 3469 0.032427427761598994
754 3485 0.09776788237459072
754 3500 -0.14123296241549246
754 3515 -0.1703089455061808
754 3530 0.022987358309904164
754 3544 0.7658501670349862
754 3559 -0.5176415931492526
754 3574 -0.4262741556137825
754 3589 -1.0
755 770 -0.6882245486323572
755 3784 -0.04477664182195494
755 3799 0.8816636177831159
755 3634 -0.2758369017839152
755 3649 -0.3709372568918616
755 3665 0.5696871328367015
755 3680 0.3193897134235974
755 3695 -0.24247969169687664
755 3710 0.1841801898714257
755 3724 -0.35988137220810956
755 3739 0.36433996268060775
755 3754 -0.283871006573391
755 3769 -0.315903402806175
768 769 0.36726386809682104
768 3424 0.14150751074586979
768 3439 0.3134233172890508
768 3364 0.48296007864670987
768 3379 0.026231165599508617
768 3394 0.5852639703243522
768 3409 -0.2243831882997423
769 770 0.08290536615793197
769 3604 -1.0
769 3619 0.42599019126001525
769 3454 -0.744166622330919
769 3469 -0.02942457393655196
769 3485 -0.5402856006837523
769 3500 0.18029895551333475
769 3515 -0.8956912430516112
769 3530 -0.12870402879709092
769 3544 -0.3703936548159906
769 3559 -0.004227203823379359
769 3574 0.18162117029617933
769 3589 0.06410236032271868
770 3784 -0.07744145740833693
770 3799 0.3810843510211521
770 3634 0.5746572678805277
770 3649 -0.21926010680326197
770 3665 -0.5296848437009924
770 3680 -0.21013632668035986
770 3695 0.2722408642414454
770 3710 0.9772725011796607
770 3724 0.5305512656187863
770 3739 0.3871772186746551
770 3754 0.18606576007557796
770 3769 0.34692775841088547
783 784 -0.6080671586403827
783 798 -0.03869904010180537
783 3424 -0.7079034488977339
783 3439 -0.4620315770954119
783 3454 0.7306039477004703
783 3469 0.4993962641652085
783 3485 -0.36600695675877815
783 3500 0.2385359465815274
783 3515 0.8931326262032115
783 3530 1.0
783 3544 0.2866763211996857
783 3559 -1.0
783 3394 0.7732534677881191
783 3409 -0.12396368674694412
784 785 -1.0
784 799 0.4433143568659159
784 3604 -0.16440237979196365
784 3619 -0.2566244419664718
784 3634 0.46386545775911975
784 3649 0.21915550502735467
784 3665 0.8050058327508348
784 3680 0.415658230696947
784 3695 -0.9362947729821046
784 3710 0.5543906527261117
784 3724 -0.23084820347519427
784 3739 0.01869539872072023
784 3574 0.32769533140678836
784 3589 -0.5346218534490129
785 800 -0.208233489397671
785 3784 0.8785492365390122
785 3799 0.9855424423565241
785 3814 -0.11881940961571198
785 3829 -0.32024076531339773
785 3845 -0.07462240154819587
785 3860 0.3015805474947319
785 3875 -0.4538056221899246
785 3890 -0.34547050689330633
785 3754 -0.8812471144455548
785 3769 0.037646236637405774
798 799 -0.015668893481346566
798 3424 -0.32450028242750223
798 3439 -0.4703303174830068
798 3454 0.34236781354031115
798 3469 0.3978053823983409
798 3485 -0.019012127478262753
798 3500 0.18060120911906774
798 3515 0.5627994336287987
798 3530 0.2989302608694992
798 3544 -0.01080884110278454
798 3559 0.42194831030148505
798 3394 -0.044704479815292665
798 3409 -0.7499119840036237
799 800 0.11687266792737826
799 3604 0.6404240203857429
799 3619 0.29510384740690493
799 3634 0.3045488767552663
799 3649 -0.4509661755213189
799 3665 0.10283355430887473
799 3680 -0.11641382874025193
799 3695 -0.007074826241055345
799 3710 1.0
799 3724 -0.05460880322482506
799 3739 0.6359951554732007
799 3574 -0.1492994232516323
799 3589 -0.66492790330096
800 3784 -0.48968279225978795
800 3799 0.08306873220736356
800 3814 -0.2031235968222819
800 3829 -0.041941552472269356
800 3845 0.5803966871050011
800 3860 -0.7127548010109627
800 3875 -0.7156405730552746
800 3890 0.07949505628477416
800 3754 -0.7400154911487117
800 3769 -0.5868220445281608
813 814 -0.8172547504881527
813 828 0.3444884481379612
813 3425 0.34628404555487446
813 3440 0.22366155599393028
813 3455 0.38108541970098686
813 3470 0.17264733776322042
813 3485 0.06856046344778054
813 3500 0.3454346556558878
813 3515 0.3446631086017376
813 3530 -1.0
813 3544 0.6061353950040015
813 3559 -0.20757039223779494
813 3394 -0.10330024960900337
813 3409 -0.10411673972095849
814 815 0.8180460337333546
814 829 0.16284662540031697
814 3605 0.1102419090486287
814 3620 0.15160331343208513
814 3635 -0.7923613074383049
814 3650 -0.4257353732336272
814 3665 -0.8065013182750582
814 3680 -0.19308095704725323
814 3695 0.013772848102568463
814 3710 0.8591435755745895
814 3724 0.01713126857476717
814 3739 0.49138082873883626
814 3574 -0.5629102696266699
814 3589 -0.491094228511498
815 830 0.33347296140990196
815 3785 0.5983189257986318
815 3800 -0.19563686575763783
815 3815 1.0
815 3830 -0.09073094119539103
815 3845 -0.07125674720010232
815 3860 0.39624041518928793
815 3875 -0.2948376194306154
815 3890 -0.2734855558417591
815 3754 -1.0
815 3769 -0.7084701553651492
828 829 0.5609805168229395
828 3425 -0.08701332006764566
828 3440 -0.12912102070545983
828 3455 1.0
828 3470 -0.6581092580198148
828 3485 -0.07846495686521045
828 3500 -0.09918144881083411
828 3515 -0.0910641281727326
828 3530 -0.615998398608484
828 3544 -0.27975898996141607
828 3559 -0.7668170204303667
828 3394 0.08256038775825374
828 3409 0.32501943914421444
829 830 0.4247453773273232
829 3605 -0.13187776578150667
829 3620 -0.583634672631778
829 3635 0.5827654721050174
829 3650 -0.36955931939439596
829 3665 0.22041197334311485
829 3680 0.7158770673689356
829 3695 0.1228891335870128
829 3710 0.23939587295730158
829 3724 -0.05839550922922155
829 3739 -0.2727896869732378
829 3574 0.03442683753277143
829 3589 -0.36510967286486096
830 3785 0.6484469640885964
830 3800 0.19241506124244215
830 3815 -0.046591217388964955
830 3830 0.04002036728314086
830 3845 -0.05121334086892962
830 3860 -0.25361447011837884
830 3875 0.31105849567103655
830 3890 0.0678526041301635
830 3754 -0.21895229278744743
830 3769 0.3448433403737451
843 844 -0.7342494608878434
843 858 0.4903100390625149
843 3425 -0.3028504300531586
843 3440 -0.30542606351958096
843 3455 0.18346897071929838
843 3470 1.0
843 3485 -1.0
843 3500 1.0
843 3364 -0.5844011711326971
843 3379 0.36097021798765866
843 3394 -0.2319746142548272
843 3409 0.30715278544052205
844 845 0.6682207192064583
844 859 0.06387441935333917
844 3605 0.32897796610285757
844 3620 -0.3037509082200084
844 3635 -0.8152842126509008
844 3650 -0.9211917391538106
844 3665 -0.3487813888412326
844 3680 -0.34437853501775584
844 3515 0.469312810283797
844 3530 0.14591945610763496
844 3544 -0.12169142065628351
844 3559 0.05706528419789556
844 3574 -0.9991380245640943
844 3589 -0.7637744000146345
845 860 0.26870093824793295
845 3785 -0.3945221494609973
845 3800 0.09017386280503879
845 3815 0.46248987195458635
845 3830 1.0
845 3845 -0.32680245466814284
845 3860 -0.2667331068921342
845 3695 -0.2862862858811714
845 3710 -0.009060747778557202
845 3724 0.4716220519387219
845 3739 0.24614087518149963
845 3754 0.49033783384251495
845 3769 -0.07765651699414862
858 859 0.5787058523278646
858 3425 0.06034687614571234
858 3440 -0.1487194395524195
858 3455 0.7065027727885477
858 3470 -0.3458900043418278
858 3485 0.5857848744037107
858 3500 0.06494843878438841
858 3364 -0.35412417736604185
858 3379 -0.48018849300108263
858 3394 -0.04034498087976225
858 3409 -0.38910272485753084
859 860 -0.19252351774046664
859 3605 -0.24784084450302646
859 3620 0.1895280331100911
859 3635 0.4963270856700285
859 3650 0.9837802923623261
859 3665 0.23032117310262842
859 3680 -0.2097985274692622
859 3515 0.1664474138579226
859 3530 0.45422290761087364
859 3544 -0.6044650583852641
859 3559 0.04290782640518379
859 3574 -0.2038864254939225
859 3589 -1.0
860 3785 0.3416465050292352
860 3800 -0.18004280595273278
860 3815 -0.6100881446968971
860 3830 -0.4680822422409178
860 3845 -0.5609928513478544
860 3860 -0.011009975168201827
860 3695 -0.32526591881235406
860 3710 0.8612252715986753
860 3724 0.38719946247753473
860 3739 0.28375048752870263
860 3754 0.14390602511552744
860 3769 0.2526933680986033
873 874 0.08837661366730139
873 888 0.3551204080593653
873 3425 -0.18812980326402334
873 3440 0.4762509003998262
873 3455 -0.012156325915171094
873 3470 0.18652269184942274
873 3485 0.12159049113257592
873 3500 0.16139987399290323
873 3365 0.47342986857132613
873 3380 -0.10395566010596792
873 3395 -0.4622894906142997
873 3410 -0.09217693747643775
874 875 -0.39630258613472313
874 889 -1.0
874 3605 -0.5950592694421066
874 3620 0.6128576982605112
874 3635 -0.5461183860166541
874 3650 -0.044600103866189705
874 3665 -0.6338699550486454
874 3680 -0.4913357349809288
874 3515 -1.0
874 3530 -0.10116880742349618
874 3545 0.7741102286994593
874 3560 -0.6697298591092419
874 3575 -0.7276645381416917
874 3590 0.845468514184224
875 890 -0.39178414561457703
875 3785 0.39316347777934557
875 3800 0.09086171008304687
875 3815 0.1481849421320376
875 3830 0.029762711038821037
875 3845 -0.07494210064190111
875 3860 -0.8027959772512719
875 3695 -0.3263103472041218
875 3710 -0.15016917138009353
875 3725 0.13625913454406743
875 3740 0.020814289526869964
875 3755 0.03535232465607875
875 3770 0.32044191513514836
888 889 0.46341450405629087
888 3425 -0.18167860524566612
888 3440 -0.19210583221016608
888 3455 0.4652598555757895
888 3470 -1.0
888 3485 0.30160569350747474
888 3500 1.0
888 3365 -0.7986958360339939
888 3380 0.20752276984075893
888 3395 0.41170951524432003
888 3410 -0.04961778640219745
889 890 0.7247142112624122
889 3605 1.0
889 3620 -0.04820582718361707
889 3635 0.44427371333767307
889 3650 -0.5056579421820824
889 3665 0.037871807960650504
889 3680 0.5760805858685002
889 3515 -0.4682936629761809
889 3530 -0.3358879168079462
889 3545 0.7001877525365447
889 3560 -0.3487861327131605
889 3575 0.3796598358842616
889 3590 0.421679778567824
890 3785 -0.7931792490619101
890 3800 -0.49254346711831193
890 3815 -0.23258155717536838
890 3830 -0.22717444884851856
890 3845 0.30294017250397176
890 3860 -0.3231297896684272
890 3695 0.6083211709897027
890 3710 -1.0
890 3725 0.0677744437847506
890 3740 0.1824437843782054
890 3755 -0.2774767357190881
890 3770 -0.4178604632108621
903 904 -0.6913224802490597
903 918 0.14007250740671873
903 3425 0.03680837457206161
903 3440 -0.3507985692071955
903 3365 -0.12417845550357844
903 3380 -0.2779530470534685
903 3395 0.1744276248515476
903 3410 -0.028557565611710776
904 905 -0.5961616514984466
904 919 0.4868665948360228
904 3605 0.36118681720981993
904 3620 0.5283674811817284
904 3455 -0.3565256526588358
904 3470 0.8555844559457771
904 3485 1.0
904 3500 -0.29724754074951953
904 3515 0.49620383948288516
904 3530 -0.531054072867532
904 3545 -0.3350420547501498
904 3560 -0.25425897578772055
904 3575 0.4632933258576457
904 3590 0.05288618357658588
905 920 0.014858446829864497
905 3785 -0.602558154961395
905 3800 0.78961021803176
905 3635 -0.10535012895734368
905 3650 0.5193661565080613
905 3665 0.8593705940733644
905 3680 -0.7461806240267664
905 3695 0.11771239432048174
905 3710 -0.2616490012805412
905 3725 -0.694733231666466
905 3740 0.20173469513945708
905 3755 -0.322627196053469
905 3770 0.0681862060512681
918 919 0.5407705097856274
918 3425 -0.8413141873242077
918 3440 0.10528531912400833
918 3365 0.6553622277615705
918 3380 -0.4008926106463857
918 3395 -0.6003172368301946
918 3410 0.17080658586531647
919 920 -0.20060176600084353
919 3605 0.34874551219958017
919 3620 -0.4728982543955045
919 3455 0.29707778120106954
919 3470 0.2382071611250743
919 3485 -0.5825276817744752
919 3500 -0.8510822076477234
919 3515 0.01457624606831899
919 3530 -0.531026846114438
919 3545 0.03976002672541301
919 3560 0.29779831539400975
919 3575 0.32594992447136206
919 3590 0.36946297809387724
920 3785 -0.29204814330043666
920 3800 -0.43625332872102446
920 3635 -0.21312195880736495
920 3650 -0.8312388661119665
920 3665 0.7357519860468411
920 3680 0.298552695110838
920 3695 -0.0773736807371786
920 3710 0.20533639399418085
920 3725 -0.5123772583360021
920 3740 -0.4521485582952512
920 3755 -0.2546566768582561
920 3770 0.12907687212763236
933 934 0.2450869883791934
933 948 0.27225628807492025
933 3425 0.2739702431570807
933 3440 0.06295909538274218
933 3365 -0.5269976029949399
933 3380 -0.02886535138787907
933 3395 -1.0
933 3410 -0.6385746618643153
934 935 0.6751409922879821
934 949 -0.2811788288462796
934 3605 -0.11593897962429878
934 3620 -0.21731721800333378
934 3455 -0.09832539304300107
934 3470 0.4923920156773343
934 3486 -0.9697024021387839
934 3501 -0.1843169676540041
934 3516 -0.1644886022059081
934 3531 0.3026246180699357
934 3545 0.5414491199633356
934 3560 0.05895360022019442
934 3575 -0.07453191494972876
934 3590 -0.02103697149175229
935 950 -0.3102730192445483
935 3785 0.15089846643090304
935 3800 -0.11228178335043452
935 3635 -0.22039600796743325
935 3650 -0.3007644475194383
935 3666 -0.33171656977486774
935 3681 1.0
935 3696 0.5413956650803194
935 3711 -0.5328446484620218
935 3725 0.6150577216438375
935 3740 0.01784700660848035
935 3755 -0.4771442469541686
935 3770 -0.20885493692990553
948 949 -0.0637457241965777
948 3425 0.3073579272196673
948 3440 0.017903940401683693
948 3365 0.29132513647418673
948 3380 0.11180928286332441
948 3395 0.24479397076429854
948 3410 -0.6191168536018542
949 950 -0.47781934533950504
949 3605 -0.06534829826823442
949 3620 -0.22532701399284338
949 3455 -0.7545091875763356
949 3470 0.1985959971283145
949 3486 -0.36883985450804535
949 3501 -0.5150160967543743
949 3516 0.2783803566364375
949 3531 -0.425015066637864
949 3545 0.46608336288058655
949 3560 -1.0
949 3575 0.306346305784701
949 3590 -0.6061093306783363
950 3785 1.0
950 3800 0.11674541496309841
950 3635 -0.2192276024682916
950 3650 -0.5682271972178901
950 3666 0.15637221787136915
950 3681 0.3128661956113647
950 3696 0.162962935006823
950 3711 0.904831850405479
950 3725 0.3740664546556256
950 3740 0.557620408035512
950 3755 -0.19354063350933454
950 3770 0.9176187032344625
963 964 -0.08690638733279038
963 978 0.10572158044496478
963 3425 -0.7286311174654512
963 3440 0.6951949366944827
963 3455 0.5871545807750188
963 3470 -0.19166278833915745
963 3486 -0.06939026347065255
963 3501 0.24380633267392782
963 3516 0.13288256055100253
963 3531 1.0
963 3545 -1.0
963 3560 -0.2633389617340623
963 3395 -0.8572053231198716
963 3410 0.42190142730735086
964 965 -0.7378550884417895
964 979 0.6285953684257937
964 3605 0.05292281849646888
964 3620 1.0
964 3635 -0.23754042582142282
964 3650 0.7210865902510305
964 3666 -0.08873202457272207
964 3681 -0.1301840777836136
964 3696 -0.16170067640690883
964 3711 0.8086404168538852
964 3725 -0.3615644874538848
964 3740 0.7565997608306121
964 3575 -0.5858192915051247
964 3590 -1.0
965 980 -0.09934310100842796
965 3785 0.2874926749157851
965 3800 0.3159962319056266
965 3815 0.19598482747165358
965 3830 0.4261360473867177
965 3846 -0.6167570033006545
965 3861 0.46766638831307816
965 3876 -0.5909221000095439
965 3891 0.2178388226348141
965 3755 -0.6696610459288579
965 3770 -0.02435928057024161
978 979 0.8807631735825733
978 3425 0.11228032297591099
978 3440 0.4725755771148568
978 3455 0.20261230287464213
978 3470 -0.16384394820814174
978 3486 -0.25601167896219623
978 3501 -0.8301259304027101
978 3516 -0.10102815378458413
978 3531 0.4421753520199283
978 3545 -0.34313672191693395
978 3560 -0.20567818008240554
978 3395 0.8216307591634169
978 3410 -0.38731047730555673
979 980 -0.2048239764278163
979 3605 -0.5264418548382415
979 3620 -0.19713877281238093
979 3635 0.08622412021770925
979 3650 -0.5525063023689308
979 3666 -0.18532384262319318
979 3681 -0.2887650207603418
979 3696 -0.5706394787918198
979 3711 -0.5811806267691154
979 3725 -0.08936753018481676
979 3740 0.8126309588572603
979 3575 -0.6937962948214357
979 3590 -0.623819200933198
980 3785 0.497223813751839
980 3800 -0.3839264646687687
980 3815 -0.08364811984551156
980 3830 0.5105473138235025
980 3846 -0.5145235892967842
980 3861 -0.2212731169785175
980 3876 0.6044897323510561
980 3891 -0.2961153789702421
980 3755 -0.24428021151274268
980 3770 -1.0
993 994 0.13067337405883683
993 1008 0.812374594248072
993 3426 -1.0
993 3441 -0.05427704988033832
993 3456 0.021592498096670694
993 3471 0.32406810313283185
993 3486 -0.14169441907432473
993 3501 0.1312018422475536
993 3516 0.5929214064271289
993 3531 1.0
993 3545 -0.9465998334786976
993 3560 -0.32354592771195734
993 3395 -0.04819023979240693
993 3410 -0.20027247239529064
994 995 -0.6062755624663345
994 1009 -0.3538904203226154
994 3606 0.04806152560371252
994 3621 -0.0054475241122532774
994 3636 -0.48082518973127547
994 3651 0.24437837583087751
994 3666 0.6781221582761314
994 3681 0.13442079853660646
994 3696 -0.29847456896883795
994 3711 -0.24218957708604066
994 3725 0.20164322944875412
994 3740 0.4156795201901876
994 3575 -0.0064270447735092495
994 3590 -0.6647939049838085
995 1010 -0.11837838900263571
995 3786 0.5456263857971437
995 3801 -0.8009610477572033
995 3816 -0.08027990424250003
995 3831 0.2019468419930958
995 3846 0.08944763136428142
995 3861 -0.6659427339067694
995 3876 0.3125168900673169
995 3891 -0.632062017322082
995 3755 -0.4872315107361612
995 3770 -0.5157789918665835
1008 1009 -0.016748464651805184
1008 3426 -0.2282050079406128
1008 3441 0.9393044402243289
1008 3456 -0.5552878185199286
1008 3471 -1.0
1008 3486 0.3445193079268149
1008 3501 0.6963312909999615
1008 3516 0.744971222160147
1008 3531 0.0948956328589545
1008 3545 0.37477211386250736
1008 3560 0.44035314083673294
1008 3395 0.051246194560766026
1008 3410 -0.5140028827874584
1009 1010 0.029705811066843883
1009 3606 0.21864536973657756
1009 3621 -0.08283695124055288
1009 3636 -0.38864654316862657
1009 3651 0.24004549759606722
1009 3666 -0.2915828302598305
1009 3681 0.768921691620317
1009 3696 -0.012426859727532207
1009 3711 0.1442419807426228
1009 3725 0.050709335108205494
1009 3740 0.06068804516500049
1009 3575 0.40019312835997484
1009 3590 -0.17970616805182268
1010 3786 0.37476672043910497
1010 3801 -0.36599487489956356
1010 3816 0.41427624178058964
1010 3831 -0.6424473779079181
1010 3846 0.6548699215327134
1010 3861 0.9433107677684168
1010 3876 0.024653069162963778
1010 3891 1.0
1010 3755 -0.23454207318506437
1010 3770 -0.5116021935401258
1023 1024 0.6809404460064142
1023 1038 -0.026157658315198666
1023 3426 0.14009039954625271
1023 3441 0.1376588602390696
1023 3456 0.0775156626253129
1023 3471 -0.2408882561251844
1023 3486 -0.49766880530196944
1023 3501 -0.8015078226995191
1023 3365 0.13270015656638467
1023 3380 0.9649399376402213
1023 3395 0.10660553198910326
1023 3410 0.0414164830732252
1024 1025 -0.3447634606095272
1024 1039 0.22128457788546016
1024 3606 0.03546212210927589
1024 3621 0.02697989532303521
1024 3636 0.40589679369641285
1024 3651 0.9022297802745178
1024 3666 0.9546820182067133
1024 3681 0.23690223927056606
1024 3516 0.6137683904097555
1024 3531 -0.3507849316831132
1024 3545 -0.14329040985737668
1024 3560 0.6378543758481173
1024 3575 0.43846361635176573
1024 3590 -0.16975728429430942
1025 1040 -0.7654794465439756
1025 3786 -0.33298317560788654
1025 3801 0.20659359884744105
1025 3816 -0.4418577920676733
1025 3831 0.7546093225930437
1025 3846 0.4735727564377248
1025 3861 -0.03224299860529808
1025 3696 -0.24059912319365825
1025 3711 0.2579532608257484
1025 3725 0.6385985793982504
1025 3740 0.4853130995008503
1025 3755 0.8063362053513561
1025 3770 -0.5735530651309104
1038 1039 0.9877298082200349
1038 3426 0.16245988194351998
1038 3441 -0.41125355470840375
1038 3456 -0.6959682418303382
1038 3471 0.576485973023032
1038 3486 -0.22999589032520046
1038 3501 -0.18581084291181696
1038 3365 -0.2334803389370328
1038 3380 0.0008529989203301605
1038 3395 -0.0021390988072146526
1038 3410 -1.0
1039 1040 0.4006959197413774
1039 3606 -0.05521624131583098
1039 3621 0.5664940207999314
1039 3636 -0.3238388906649398
1039 3651 0.42788584257944506
1039 3666 0.2262254259657639
1039 3681 -0.39533603955161606
1039 3516 0.24859279167566908
1039 3531 0.35317914292833535
1039 3545 0.18600168513421528
1039 3560 0.3983825927142986
1039 3575 -0.22080162865602476
1039 3590 -0.20670779999793107
1040 3786 0.6270154086913465
1040 3801 0.17175635635574357
1040 3816 -0.999386334005437
1040 3831 0.03343016949304584
1040 3846 0.5946778828355733
1040 3861 -0.018634263717982276
1040 3696 -0.7322332530649583
1040 3711 0.2773971153179136
1040 3725 -1.0
1040 3740 0.013146642711753325
1040 3755 0.17585601388777608
1040 3770 0.32114997442852944
1053 1054 0.28644669526496197
1053 1068 0.6794741495288059
1053 3426 -0.19394481796020202
1053 3441 -0.02842976237432556
1053 3456 0.12099637918319432
1053 3471 -0.3896197734167838
1053 3486 0.4510155894346053
1053 3501 0.23650960081701683
1053 3366 0.6165482304653028
1053 3381 0.3591802907730246
1053 3396 -0.2382980308201165
1053 3411 -0.18875477485415154
1054 1055 -0.09772478266009267
1054 1069 -0.5119313602624046
1054 3606 0.06567567339982798
1054 3621 0.37150331479064624
1054 3636 -0.6978402851968286
1054 3651 1.0
1054 3666 -0.16493590009237294
1054 3681 -0.12173524877712588
1054 3516 0.12858747113203597
1054 3531 -0.7345183549029702
1054 3546 -0.1573141038129631
1054 3561 -0.7817467411885717
1054 3576 0.3921284114163549
1054 3591 0.1465293472744992
1055 1070 0.007147564279839942
1055 3786 0.27566497788431676
1055 3801 -0.606441545963717
1055 3816 -0.00783478339634347
1055 3831 -1.0
1055 3846 0.5430643486156234
1055 3861 0.23984095474956474
1055 3696 -0.21057099378458735
1055 3711 -0.503370709805669
1055 3726 0.4035387633368724
1055 3741 -0.008696223271211567
1055 3756 -0.35134087215624216
1055 3771 0.34286940113337144
1068 1069 -0.5260910559261276
1068 3426 -0.19511519050095266
1068 3441 1.0
1068 3456 -0.17625834288444614
1068 3471 -0.8818873375777956
1068 3486 -0.8517109775230992
1068 3501 0.3004085773480431
1068 3366 -0.3377806400633422
1068 3381 0.3179255642721895
1068 3396 0.04223302163169725
1068 3411 0.33433042001862684
1069 1070 0.11637656165247079
1069 3606 0.7243941505088921
1069 3621 0.8175371029649395
1069 3636 -0.2783455665859422
1069 3651 0.4743221210634039
1069 3666 -0.05752097942635986
1069 3681 0.467182508139625
1069 3516 0.6016184258393087
1069 3531 -0.41917390900406915
1069 3546 0.5813030561663115
1069 3561 0.0929088965128597
1069 3576 -0.6590560784783326
1069 3591 0.7845593938022003
1070 3786 -0.13396927814179257
1070 3801 0.23230089236539006
1070 3816 0.018382032866108993
1070 3831 -0.17681032378421135
1070 3846 0.18045258677380316
1070 3861 0.9522842538230131
1070 3696 0.3209846865915813
1070 3711 0.021547451385563573
1070 3726 -0.6349408072037606
1070 3741 -0.4171286311612788
1070 3756 0.6485228777289415
1070 3771 0.1366502959182432
1083 1084 0.5199659427750564
1083 1098 0.6131715438995304
1083 3426 0.21733139205380408
1083 3441 0.64563528710099
1083 3366 -0.15371212927698927
1083 3381 1.0
1083 3396 -0.7534452805501215
1083 3411 0.19251629822964944
1084 1085 0.013603115224925993
1084 1099 0.7120170135406324
1084 3606 0.007686322669011091
1084 3621 0.02174313009891485
1084 3456 0.3083182402504798
1084 3471 0.22087685129535825
1084 3486 -0.1963452777642088
1084 3501 0.07351890060157394
1084 3516 0.3711908999078696
1084 3531 -0.4839240038940567
1084 3546 -0.10751285853661886
1084 3561 -0.1636758033852794
1084 3576 0.7303559884945705
1084 3591 -0.6187634038825737
1085 1100 -0.14922563251474405
1085 3786 0.14634598873790322
1085 3801 -0.016466280127912337
1085 3636 0.0680211396666724
1085 3651 -0.10872970036620273
1085 3666 0.133196408684667
1085 3681 0.34113931465415365
1085 3696 -0.6103922992326426
1085 3711 0.1445337358666767
1085 3726 0.5385990215418223
1085 3741 -0.28770143160836453
1085 3756 0.09722024290494904
1085 3771 0.647095846943687
1098 1099 -0.4865203853559687
1098 3426 -1.0
1098 3441 0.04384949541897081
1098 3366 0.07449897817914788
1098 3381 -0.7832981451718847
1098 3396 -0.8951284965456348
1098 3411 -0.6671980345828079
1099 1100 0.35729548285179175
1099 3606 -0.7595358199752802
1099 3621 -0.8330849062345932
1099 3456 -0.453331128951505
1099 3471 0.5048592336599783
1099 3486 -0.03944004606431041
1099 3501 -0.5859000038540603
1099 3516 0.4231733314112166
1099 3531 0.5694279622980917
1099 3546 -0.25803395993775186
1099 3561 0.08747154820118287
1099 3576 -0.5018706661575676
1099 3591 0.5995998863567678
1100 3786 -0.12190371713604994
1100 3801 -0.02639137020806482
1100 3636 -0.8221409931953702
1100 3651 0.4950183010539835
1100 3666 -0.32032727542655176
1100 3681 -0.7081780259696393
1100 3696 -0.27249866586257565
1100 3711 -0.2834570396476927
1100 3726 -0.17357594457278394
1100 3741 -0.29535623161203906
1100 3756 0.03815715494211311
1100 3771 -0.08085442650575679
1113 1114 -0.19435329951022026
1113 1128 -0.6047944585054142
1113 3426 0.3925652200589765
1113 3441 0.045528773449061824
1113 3366 -0.39336223160828565
1113 3381 0.5109314771272104
1113 3396 -0.1792107388815665
1113 3411 0.46139802305656696
1114 1115 0.2244019821154631
1114 1129 0.455945931721805
1114 3606 1.0
1114 3621 0.5810671345038156
1114 3456 0.4843744482344889
1114 3471 0.27521924618797816
1114 3546 0.15642314962829013
1114 3561 0.5805982272441109
1114 3576 0.07893555899491363
1114 3591 0.3740457925839979
1115 1130 0.4893085123471479
1115 3786 -0.15141145543244638
1115 3801 -0.1922798404662995
1115 3636 -0.834194484040928
1115 3651 -0.16498994040689077
1115 3726 0.319094201604493
1115 3741 -0.3057394220754387
1115 3756 0.603621615834722
1115 3771 -0.4131659969409724
1128 1129 -0.33093038638103095
1128 3426 0.08865094624979085
1128 3441 -0.9752613974624738
1128 3366 0.7729598506548845
1128 3381 -0.3587726427375305
1128 3396 0.03677059322950028
1128 3411 -0.20482087897592383
1129 1130 0.27776681240170376
1129 3606 0.06440411477965721
1129 3621 0.47057230845811593
1129 3456 0.6674865581451433
1129 3471 0.8950890354954442
1129 3546 -0.2779956455213234
1129 3561 -0.11509472439300267
1129 3576 0.7839972243976554
1129 3591 0.12414685032039834
1130 3786 -0.49970796920752864
1130 3801 -0.33317164483532974
1130 3636 -0.14122326578950967
1130 3651 -0.924298022908605
1130 3726 -0.1623536417188659
1130 3741 0.29354329975895527
1130 3756 0.5589925521277394
1130 3771 0.8117953842144487
3364 3365 -0.5135333322752161
3364 3379 0.3898735560498931
3365 3366 -0.5586597774516198
3365 3380 0.30611786928334533
3366 3381 -0.5251994469947191
3379 3380 -0.1629592921248724
3380 3381 -0.49124343718648816
3394 3395 -0.39843509457220844
3394 3409 -1.0
3395 3396 0.21252767931342065
3395 3410 -0.4289672197761985
3396 3411 -0.018550814606534405
3409 3410 1.0
3410 3411 -0.45969819959774944
3424 3425 -0.47263540417416455
3424 3439 0.2798164243827887
3425 3426 -0.0697545741976629
3425 3440 0.4524825827505257
3426 3441 -0.19486772117002407
3439 3440 -0.46126251767741716
3440 3441 0.35026199474673475
3454 3455 -0.4755721710936172
3454 3469 0.10086145931371991
3455 3456 1.0
3455 3470 -0.05440143436201678
3456 3471 0.26496607401607675
3469 3470 0.2680106651867264
3470 3471 0.21339758505362919
3484 3485 -0.29667249807144663
3484 3499 0.9327591849739624
3485 3486 0.2150470865497085
3485 3500 0.16538906378388737
3486 3501 -0.5730963866526319
3499 3500 -0.17768441707420285
3500 3501 0.1195545808432857
3514 3515 -0.42808392885099655
3514 3529 -0.6560289097828377
3515 3516 -0.5263213353415479
3515 3530 0.5125737656748908
3516 3531 0.2992320345513488
3529 3530 0.07091519203945128
3530 3531 -0.21137481384342016
3544 3545 0.8824433129785709
3544 3559 -0.2692854876246186
3545 3546 -0.11381314462756235
3545 3560 0.6966498392166198
3546 3561 -0.44765744764553944
3559 3560 -0.5468368115070096
3560 3561 -0.6297127040520307
3574 3575 0.3718639308636863
3574 3589 -0.5099235209808007
3575 3576 0.046710775543762066
3575 3590 -0.2890023857721176
3576 3591 -0.3841561279577565
3589 3590 0.44902746951328476
3590 3591 -0.24958693267206633
3604 3605 0.08939085328205806
3604 3619 -0.13997796203197116
3605 3606 0.29715243646379247
3605 3620 0.04569286117385233
3606 3621 -0.17676203533983267
3619 3620 0.16807112356479728
3620 3621 0.018856879351206633
3634 3635 -0.09368239517174776
3634 3649 -1.0
3635 3636 -0.531463963794797
3635 3650 0.40257594413836684
3636 3651 -0.7308324742469716
3649 3650 0.01677928416914009
3650 3651 0.9551880216264795
3664 3665 0.49455981008921435
3664 3679 0.8136795237036365
3665 3666 -0.5797017431743666
3665 3680 0.11822940644239789
3666 3681 -0.3501206126735823
3679 3680 -0.5704871987802114
3680 3681 -0.19507344259650564
3694 3695 0.0804150942667427
3694 3709 -0.0156953427319783
3695 3696 -0.7872697393204354
3695 3710 0.24559952673617183
3696 3711 -0.7413938984953126
3709 3710 0.4894650418557109
3710 3711 -0.5454333402181236
3724 3725 -0.5594141244292384
3724 3739 0.05110303741169872
3725 3726 0.5996124119639615
3725 3740 -0.312571749714491
3726 3741 0.14283941247943427
3739 3740 -0.10802375993544944
3740 3741 -0.5735860293800737
3754 3755 -0.01727852937268538
3754 3769 -0.4381838278583456
3755 3756 -0.06915028628206485
3755 3770 0.3200335238659906
3756 3771 0.8770268738852127
3769 3770 0.7414515474048193
3770 3771 0.09722578059515731
3784 3785 0.6346744491349272
3784 3799 -0.1337590966841475
3785 3786 -0.5184141801630981
3785 3800 -0.1668718776724008
3786 3801 0.2063827914924469
3799 3800 0.42758471916538504
3800 3801 0.2733608945231364
3814 3815 -0.25853017510460063
3814 3829 -0.1511616752855896
3815 3816 0.5228992885782187
3815 3830 -0.791830167018714
3816 3831 -1.0
3829 3830 0.38297921570367444
3830 3831 0.45371978885058295
3844 3845 -0.44764715300025637
3844 3859 -0.73631542504081
3845 3846 0.5760469973052846
3845 3860 -0.08744569880480481
3846 3861 -0.16705515167776883
3859 3860 0.511038348715529
3860 3861 -0.5111283767741432
3874 3875 -0.9637338805323892
3874 3889 -0.016021297114609392
3875 3876 0.1736199086988181
3875 3890 -0.15574794750243076
3876 3891 -1.0
3889 3890 0.0054837415893601886
3890 3891 0.3234024473256139
