# 
603 603 -0.1494595347011902
604 604 0.37968043958450964
605 605 -2.1273221447114747
618 618 -0.35184171283901405
619 619 0.3885594624057335
620 620 0.7043058839908704
633 633 -1.5386061270259717
634 634 -1.4072637393767569
635 635 0.8830022623351598
648 648 0.7368899640652615
649 649 0.5994115381565824
650 650 2.248990173877084
663 663 1.0011242038925228
664 664 0.9900680332491107
665 665 0.3262822440201932
678 678 0.202972977264167
679 679 -1.0210341092414863
680 680 0.4359692655746775
693 693 0.5998916229287656
694 694 0.9268007905912052
695 695 0.7887094689829582
708 708 -1.7320859944864913
709 709 1.0338336299510649
710 710 -2.1184418714324926
723 723 -1.171396080902508
724 724 0.619867868093371
725 725 -0.287064458051042
738 738 0.16508126007284954
739 739 0.5964647053456015
740 740 0.020202618093608928
753 753 -0.618956462841209
754 754 0.33780771243137736
755 755 -0.17468656486543177
768 768 -1.2657385114068398
769 769 0.18088248250400132
770 770 -1.0079307191234326
783 783 -0.8902439544126813
784 784 -0.8439245601870528
785 785 -0.2501513240072449
798 798 0.05483094248415712
799 799 1.1849798436661119
800 800 1.1292970482404232
813 813 1.181365873435876
814 814 -0.3486065675637488
815 815 -0.3236869456726213
828 828 -1.880734673944213
829 829 1.0945226836154966
830 830 -0.05027084840257567
843 843 -0.5360298110998666
844 844 -0.7851744363277526
845 845 -0.04090165167298674
858 858 0.5889988547682288
859 859 0.42012140792356073
860 860 -2.7773617942903406
873 873 1.1075590417099577
874 874 0.0843358424921451
875 875 1.8534762303837042
888 888 0.04287791994670375
889 889 -0.830558523170081
890 890 1.2525403930796988
903 903 1.2253033666456559
904 904 0.7215989706339974
905 905 0.49397232843574884
918 918 -0.7692605053662958
919 919 -0.622868052231046
920 920 0.5176941886080515
933 933 0.02822187991090963
934 934 1.1709264368626449
935 935 -1.1387430560625111
948 948 -0.8226956471239238
949 949 -0.36131161459673533
950 950 0.005278879189957235
963 963 -1.5277646296796992
964 964 -0.3407916584042234
965 965 1.5814918278281924
978 978 -0.14768402956275495
979 979 -0.07694857871262065
980 980 0.8610770738598236
993 993 0.9128873327402899
994 994 0.916359486070423
995 995 -0.4632524695449448
1008 1008 0.00130047762462216
1009 1009 0.16053609830698368
1010 1010 0.5429342148286533
1023 1023 -0.89271326334957
1024 1024 -0.47449167542199105
1025 1025 -0.8855844174608781
1038 1038 -0.7656616006451875
1039 1039 -0.37208633996346696
1040 1040 1.3308639736176755
1053 1053 0.16760211281973011
1054 1054 0.13184810709074432
1055 1055 -0.7791759331733139
1068 1068 0.9885249303885203
1069 1069 0.10208481749336307
1070 1070 0.021092367350381384
1083 1083 -0.15859507463991326
1084 1084 0.9190546896395978
1085 1085 1.1209065297081209
1098 1098 1.270178117744472
1099 1099 0.14375532923556175
1100 1100 0.5602856130287202
1113 1113 2.531967664144787
1114 1114 -0.32639897936522133
1115 1115 2.2110908363763504
1128 1128 1.1639901558231247
1129 1129 -1.1522836562554448
1130 1130 0.12986190876192874
3364 3364 -0.10469642029086983
3365 3365 -1.0403385306837727
3366 3366 -1.6249673620862397
3379 3379 -0.6179250889666105
3380 3380 -0.15850834302113023
3381 3381 -1.0022809990758246
3394 3394 1.0354978553542065
3395 3395 -0.9331297422955707
3396 3396 -1.8690769051145812
3409 3409 0.3113112355161538
3410 3410 -0.37604732317731254
3411 3411 0.35093601293818616
3424 3424 1.6571306958986816
3425 3425 -1.2228236908720758
3426 3426 0.08582253945134567
3439 3439 1.5225434164747607
3440 3440 0.8275065575444313
3441 3441 1.4223123661403423
3454 3454 0.3324198569320255
3455 3455 -1.8504956124446323
3456 3456 -0.5943230596305412
3469 3469 -0.067866908437381
3470 3470 -0.6038739304573828
3471 3471 -0.6606221642822924
3484 3484 0.5733555234001729
3485 3485 0.6895224169556353
3486 3486 -1.429725802339092
3499 3499 -0.24260488623421786
3500 3500 -0.3949116960168223
3501 3501 1.3803188991928077
3514 3514 0.8199693385334818
3515 3515 -1.4486325179649147
3516 3516 -0.28725794814215044
3529 3529 -1.3781820725047207
3530 3530 -1.2698220966648257
3531 3531 1.2332111702788005
3544 3544 1.0118221281690367
3545 3545 -2.011484987303422
3546 3546 -0.7955982094041086
3559 3559 1.4617236001323162
3560 3560 0.4473519305603117
3561 3561 1.2140157481037412
3574 3574 -0.14173318899959939
3575 3575 -1.3347208793889762
3576 3576 -0.7787385712492878
3589 3589 -0.43264226763267605
3590 3590 1.392824957122521
3591 3591 0.7551731242995726
3604 3604 0.3493328297089374
3605 3605 -0.6742042319714381
3606 3606 -0.08567669058238703
3619 3619 1.3372298738208728
3620 3620 -0.43987670156702896
3621 3621 1.1329077098137001
3634 3634 0.17515072659828282
3635 3635 0.6427721678255791
3636 3636 1.5549288169242002
3649 3649 0.2835322524684832
3650 3650 -2.3951044902163923
3651 3651 2.2482935039222993
3664 3664 0.17471488298927565
3665 3665 1.0695031926066165
3666 3666 -1.351234591628806
3679 3679 -1.0598625466427791
3680 3680 -1.1879217180608743
3681 3681 -1.0229072654573936
3694 3694 0.6126527549810005
3695 3695 0.6596614769049963
3696 3696 -0.9420818416981732
3709 3709 0.3010385421183564
3710 3710 -0.7879923693488301
3711 3711 -0.24152768026308472
3724 3724 -0.4595701739740683
3725 3725 0.685918332887691
3726 3726 0.23297639110542068
3739 3739 0.7127176582366792
3740 3740 -0.14307137929638328
3741 3741 0.08487841275389982
3754 3754 0.2979751205892525
3755 3755 -0.2835171888310779
3756 3756 0.7066082425659983
3769 3769 -0.2172803407816812
3770 3770 0.1826604865547964
3771 3771 -0.49255124060729055
3784 3784 0.33458798310703686
3785 3785 0.607071330527593
3786 3786 -0.8119601622217609
3799 3799 0.688773979483937
3800 3800 -0.6261383489504149
3801 3801 -0.7554057278861647
3814 3814 1.2009288734059433
3815 3815 1.8781996486234713
3816 3816 0.7996154831785114
3829 3829 1.6735394262615069
3830 3830 0.5928522958676281
3831 3831 -0.6289877101514415
3844 3844 -0.33058382905700306
3845 3845 0.06703907583651388
3846 3846 -0.6300654171476039
3859 3859 -1.3254291785884174
3860 3860 -0.5537724853020497
3861 3861 0.7393055507617001
3874 3874 -1.4672039067349143
3875 3875 -1.207177448045646
3876 3876 -1.7996426472210256
3889 3889 1.2787342802331763
3890 3890 -2.4057602865488117
3891 3891 1.7276610839408002
603 604 -0.1666449753435304
603 618 0.012515249328788038
603 3484 0.21476368701889345
603 3499 0.3383208293475452
603 3514 1.0
603 3529 0.038946784207000124
604 605 0.39800824615726055
604 619 -0.07939227824273469
604 3664 -0.9316751782431811
604 3679 0.2418279167611586
604 3694 -0.05264459515068918
604 3709 -0.15607881177933755
605 620 -0.3739177595796086
605 3844 0.32488718616482504
605 3859 0.6074068518189976
605 3874 -0.4923134292180822
605 3889 -0.10300725782711936
618 619 -0.6253201261950849
618 3484 -0.1665295148396784
618 3499 0.44196487958891334
618 3514 -0.04612938865855882
618 3529 -0.07109075840876113
619 620 0.06275935382966918
619 3664 -0.5307208210915598
619 3679 0.5139913646076993
619 3694 -0.6410209891355414
619 3709 0.21235701637902554
620 3844 -0.5202688246482704
620 3859 0.06379413871138807
620 3874 -0.38640739688069703
620 3889 -0.03863549562707373
633 634 0.0743533543985843
633 648 0.36097034735336286
633 3424 -0.27270256038695206
633 3439 0.24001549379819703
633 3454 0.4749815415731807
633 3469 1.0
633 3484 -0.22318177500096278
633 3499 0.2090916552025884
633 3514 -0.11979576922550675
633 3529 0.447279106443132
634 635 -0.37462837228482665
634 649 0.3486038288829141
634 3604 -0.1432005251557225
634 3619 -0.30695464852226223
634 3634 0.10553796549500412
634 3649 -0.46765679047130604
634 3664 0.3973857950540969
634 3679 0.7981041081642037
634 3694 -0.9539250971109363
634 3709 -0.36483300797220447
635 650 -0.5634789757748232
635 3784 -0.7767571992889286
635 3799 -0.013931116783344978
635 3814 -0.15337524078886125
635 3829 -0.3453247750407903
635 3844 -0.9922843072523326
635 3859 0.012283536692397058
635 3874 0.34378108017750236
635 3889 -0.3926369667048399
648 649 0.5094852042546997
648 3424 -0.10483086205379835
648 3439 -0.3221541470526907
648 3454 0.1971775713691284
648 3469 -0.22193507633189902
648 3484 -0.7801776534821174
648 3499 0.3886937694258763
648 3514 -0.47980360409438755
648 3529 -0.08732172003219683
649 650 -0.7160080051932501
649 3604 -0.40755684668144027
649 3619 0.3753864715071821
649 3634 0.3064227932823124
649 3649 0.2092250958772273
649 3664 0.34799189082876625
649 3679 0.5645061175361504
649 3694 0.257834195157436
649 3709 0.7633314496640223
650 3784 0.01529604001850098
650 3799 0.4037171591720357
650 3814 -0.07709646782891191
650 3829 -0.5773889166087239
650 3844 0.2955307220402145
650 3859 0.06736585329011154
650 3874 -0.03427622051771024
650 3889 0.02298262234082985
663 664 -0.22179121146174335
663 678 -0.08993441088415569
663 3424 1.0
663 3439 0.04191838768552428
663 3454 -0.49874935703110684
663 3469 -0.4504151406428429
663 3484 0.28066597740059046
663 3499 0.5150746039375992
664 665 0.3075257978438185
664 679 -0.21079794390917905
664 3604 0.7785760878781923
664 3619 -0.14484868069963866
664 3634 -0.12640777378092205
664 3649 -0.3373760605146204
664 3664 0.47347498087763173
664 3679 0.3824070296970009
664 3514 0.18401033223399452
664 3529 0.02145245732038798
665 680 0.2469350195805855
665 3784 -0.10077602144242183
665 3799 0.5071098332054802
665 3814 0.18464148428633043
665 3829 -0.13328692533329947
665 3844 -0.5513975445333684
665 3859 -0.2636674660858763
665 3694 -0.1116900925684727
665 3709 -0.35981399961328586
678 679 1.0
678 3424 0.9245376741565673
678 3439 -0.5556298786017754
678 3454 0.5793684962722142
678 3469 0.042524566614629784
678 3484 0.254988866779411
678 3499 0.06041689110718802
679 680 -0.23749360269614175
679 3604 0.2957889998340083
679 3619 0.1492883013717126
679 3634 -0.4476804793697142
679 3649 -0.510247252016783
679 3664 -0.3557577139510104
679 3679 -0.9945474292991059
679 3514 -0.23407139522753223
679 3529 -0.17702225948169423
680 3784 0.1412253432393977
680 3799 0.4233831292689029
680 3814 -0.05312417345404948
680 3829 0.2823578378642747
680 3844 -0.3655073464647012
680 3859 -0.7278405843084063
680 3694 -0.3249105476148548
680 3709 -0.5625153106275886
693 694 0.10770579755804606
693 708 0.042335104405816504
693 3424 -0.3459055828248946
693 3439 -0.06496432370906867
693 3454 -0.20742783519255856
693 3469 0.5708004850791589
693 3484 -0.08862036241326628
693 3499 -0.32195152248334863
693 3364 -0.7094588619383828
693 3379 0.2852294425274638
693 3394 0.24288702555490166
693 3409 0.04432271456459454
694 695 -0.1223024199077732
694 709 0.7605119113005567
694 3604 -0.02523204178349411
694 3619 0.20934235987095678
694 3634 0.40749057417051043
694 3649 0.560154678233592
694 3664 0.07657131334714547
694 3679 0.793868239948047
694 3514 -0.825448133059896
694 3529 0.32148218750165625
694 3544 -0.5526396815297485
694 3559 0.12352885517036326
694 3574 0.8487796609541457
694 3589 -0.16906429603988432
695 710 -0.9530083169334138
695 3784 -0.32047287734743707
695 3799 -0.12838029988911184
695 3814 -0.02787858799094166
695 3829 -0.10153904860914666
695 3844 0.20135410075173688
695 3859 0.6620989378590124
695 3694 -0.7086202452218461
695 3709 0.5048004203859826
695 3724 0.0559045182066654
695 3739 0.07415065389053144
695 3754 0.49719642421764315
695 3769 -0.8484280701918644
708 709 -0.5511079642961644
708 3424 -1.0
708 3439 -0.38014274485627525
708 3454 -0.1663401681622703
708 3469 -0.3085129470584391
708 3484 -0.06989213852624156
708 3499 0.20718135432777304
708 3364 -0.6527346152116259
708 3379 -0.936051544046828
708 3394 -1.0
708 3409 -0.895350780982659
709 710 -0.5378186489588357
709 3604 -0.21096965269130147
709 3619 0.548958844675431
709 3634 0.15046256453147305
709 3649 -0.8383401910997916
709 3664 -0.5001660799074541
709 3679 1.0
709 3514 -0.26831015931508206
709 3529 0.19085307193769666
709 3544 0.3644005486997842
709 3559 -0.012019939053910614
709 3574 -0.14001423937793286
709 3589 0.9534119882130822
710 3784 -0.04452197176630178
710 3799 0.6884788955812151
710 3814 0.03817391316411085
710 3829 -0.5164042443283189
710 3844 -0.6044463150614153
710 3859 0.06042685203178666
710 3694 0.42306556367425685
710 3709 -0.47699220686780125
710 3724 0.05441746595084819
710 3739 -0.057202048602026476
710 3754 0.11647304352189196
710 3769 0.4477551090218417
723 724 -1.0
723 738 0.5740262053158941
723 3424 0.12909331301584054
723 3439 0.31293399174929154
723 3364 0.18403110215785776
723 3379 0.9737031369295915
723 3394 0.8499114707797325
723 3409 0.020415417163466117
724 725 1.0
724 739 -0.20996198634576888
724 3604 -0.07163444406014151
724 3619 -0.9031677395902628
724 3454 -0.6549360179835036
724 3469 0.1090103492532851
724 3484 -1.0
724 3499 0.20604142866443126
724 3514 -0.1508510901831453
724 3529 -0.5846052672749541
724 3544 0.26365955836640287
724 3559 -0.027723501374918608
724 3574 0.01661700925433587
724 3589 1.0
725 740 0.18677556288835082
725 3784 -0.7850334153797189
725 3799 -0.36537362851015615
725 3634 -0.44875761036663075
725 3649 -0.26717393726600625
725 3664 0.4352945542255204
725 3679 -0.1426864540670108
725 3694 -0.018396850316316708
725 3709 0.044926953332755426
725 3724 -0.08343610312430974
725 3739 -0.5650015492896823
725 3754 -0.34742249291477273
725 3769 -0.28234387182547943
738 739 -0.7382405241760138
738 3424 0.04617691285697197
738 3439 -0.015364873413919969
738 3364 -0.1990225476231667
738 3379 -0.8524244535374277
738 3394 0.04881300652986395
738 3409 -0.44729574659643845
739 740 0.5118219418037041
739 3604 0.2639679897730725
739 3619 -0.180820985070546
739 3454 0.780610091330084
739 3469 -0.43379128773936776
739 3484 0.4878094513772646
739 3499 0.053829070658730674
739 3514 0.6728806194232493
739 3529 -0.13636000265444956
739 3544 1.0
739 3559 0.2806800897005348
739 3574 0.14238118025458094
739 3589 1.0
740 3784 0.7961163576394392
740 3799 -0.12803003395498955
740 3634 0.2448082002275045
740 3649 -0.5427120293475496
740 3664 0.09412214044944191
740 3679 -0.26969464841688623
740 3694 0.5318390116091902
740 3709 -0.3523359818133103
740 3724 -0.16844075659349253
740 3739 0.8425187861386618
740 3754 0.5220079210594224
740 3769 0.3302021009812854
753 754 0.37436857232903
753 768 0.8549222345622106
753 3424 0.31706476140878054
753 3439 -0.500951469681654
753 3364 0.2745704719489071
753 3379 0.08189502684808464
753 3394 0.20098014670724573
753 3409 0.06343259708470173
754 755 -0.22489838497057213
754 769 -0.3091213343894606
754 3604 0.12716659562813581
754 3619 0.35527990342520965
754 3454 0.6139795032872262
754 3469 -0.5769092184503923
754 3485 -0.10741116841892377
754 3500 1.0
754 3515 -0.056173557357351626
754 3530 0.08517866913543978
754 3544 0.3689255277689766
754 3559 0.7837390994400997
754 3574 -0.19382021085900847
754 3589 -1.0
755 770 0.28523737242680874
755 3784 0.44204549037268215
755 3799 -0.008946023418525077
755 3634 -0.10001531452848003
755 3649 0.2800793115988885
755 3665 -0.28088892090312106
755 3680 -0.14407062007339005
755 3695 0.31675959096610556
755 3710 -0.4259863666509353
755 3724 -0.08624014798122255
755 3739 -0.9267799303483145
755 3754 -0.4481918768145206
755 3769 0.16719983385545142
768 769 -0.32809010568000274
768 3424 -0.3816733795081489
768 3439 0.208650877213769
768 3364 0.790219525061175
768 3379 0.4338537072136831
768 3394 -0.5566559920853783
768 3409 -0.3400831756695289
769 770 -0.6963480695628456
769 3604 0.22727706311809742
769 3619 0.055276373565837374
769 3454 -0.1713118460343027
769 3469 -0.4718539902837883
769 3485 1.0
769 3500 -0.39075489952465386
769 3515 0.3510583803259128
769 3530 -0.18378549772769537
769 3544 0.8374340811312675
769 3559 0.4372245121684515
769 3574 -0.0736756715715167
769 3589 -0.5234753855274386
770 3784 -0.002661812855323742
770 3799 -1.0
770 3634 -0.3015358487629284
770 3649 -0.6401540373320788
770 3665 0.5255284058325316
770 3680 -0.08634370926135769
770 3695 -0.14430497781472776
770 3710 -0.2830240309612027
770 3724 -0.7239967418958072
770 3739 0.8821747223368109
770 3754 0.1903450435845285
770 3769 -0.745052222822784
783 784 -0.2968713281507365
783 798 -0.23744723103465715
783 3424 -0.2383457995566763
783 3439 -0.0867663881643996
783 3454 1.0
783 3469 -0.13679163926063728
783 3485 -0.7669392962388094
783 3500 -0.5913657706814689
783 3515 0.3559099650852078
783 3530 -0.6451786768599393
783 3544 -0.08142496094321958
783 3559 0.24420291514239229
783 3394 0.34872066282046055
783 3409 0.4361052884251496
784 785 0.2187384233246685
784 799 -0.2767442273917527
784 3604 0.5637903399146802
784 3619 -0.6746389564191326
784 3634 0.22669439128197327
784 3649 0.10536614893339598
784 3665 0.37609285133754733
784 3680 0.3201663178685635
784 3695 -0.047175378365447204
784 3710 0.24170007592865794
784 3724 -0.5509592798560596
784 3739 0.20343889949492128
784 3574 -0.15857945405615756
784 3589 -1.0
785 800 0.23585676866264357
785 3784 -0.13985592297687832
785 3799 -0.11379875398875039
785 3814 0.1669348387835232
785 3829 0.7933278913705278
785 3845 -0.4531238556353047
785 3860 0.6022938137155043
785 3875 -0.210955800893196
785 3890 0.20229867746661856
785 3754 -0.1146866790839733
785 3769 -0.3384692428450551
798 799 0.22124848266577846
798 3424 -0.593007768374509
798 3439 0.18597065000550217
798 3454 -0.2657308440757373
798 3469 0.4525277592980791
798 3485 0.38148888088753874
798 3500 -0.49182714056292703
798 3515 -0.5709662179082755
798 3530 0.72421038179758
798 3544 -0.40167363597086764
798 3559 -0.03720742309157982
798 3394 -0.5942760230086341
798 3409 0.8578907960463585
799 800 1.0
799 3604 0.1593612139394486
799 3619 -0.13231549260999195
799 3634 -0.08729655362665786
799 3649 -0.2862589091422836
799 3665 0.0027440159656788614
799 3680 -0.1480285157141994
799 3695 0.47793570013822734
799 3710 -0.2618900201167504
799 3724 0.3623104769958631
799 3739 -0.8155482882413115
799 3574 -1.0
799 3589 0.02231030054183715
800 3784 -0.7908319450680921
800 3799 0.1467682990149289
800 3814 -0.2872286643892103
800 3829 -0.33325925669110146
800 3845 0.24412566300262153
800 3860 -0.41339309142041586
800 3875 0.6574574842922151
800 3890 0.7461996240464184
800 3754 0.39268126504292783
800 3769 -0.9032280028487585
813 814 -0.00843895839641758
813 828 -0.24990811529228354
813 3425 0.32874970101169126
813 3440 0.16697947512205277
813 3455 -0.6926584090517788
813 3470 0.1200919571002016
813 3485 -0.012638124892349289
813 3500 0.4773490861609995
813 3515 0.36496283419281145
813 3530 -0.48372006603329526
813 3544 0.22310848344048373
813 3559 -0.9191063123725544
813 3394 0.0966530444460904
813 3409 -0.039168772765414986
814 815 0.23674995986986233
814 829 0.2303872527943742
814 3605 0.7468703486717433
814 3620 -0.09765672083317582
814 3635 1.0
814 3650 0.6563570899604392
814 3665 0.2880111377808936
814 3680 0.4259164116251778
814 3695 0.08082754365118408
814 3710 -0.29039452727621673
814 3724 0.11512767841225377
814 3739 -0.2428887365197677
814 3574 0.4955810507954164
814 3589 0.3294883519874443
815 830 0.05243049945298355
815 3785 0.056568049378457844
815 3800 -0.971285013473372
815 3815 0.0061985153809863865
815 3830 0.3535396341222667
815 3845 0.3411675910250457
815 3860 -0.21261658689010826
815 3875 -0.08218803721482287
815 3890 0.0536341030487913
815 3754 -0.47720029461052627
815 3769 -0.07266464019287573
828 829 -0.5039707421051787
828 3425 0.08399479803994431
828 3440 0.3911605524013868
828 3455 0.9381816346235462
828 3470 -0.9321048495215066
828 3485 -0.11927221071148175
828 3500 -0.3286081500933937
828 3515 0.5701144825608209
828 3530 -0.3580616723430019
828 3544 0.34366872819094774
828 3559 0.6669603738799813
828 3394 0.282695211225653
828 3409 0.20425262797448202
829 830 0.2025251445767421
829 3605 1.0
829 3620 -0.9585339235760294
829 3635 -0.3322477625323452
829 3650 0.38964436270751424
829 3665 0.507355236131067
829 3680 -0.17098975676967024
829 3695 -0.8514858324238244
829 3710 0.015762747813404445
829 3724 -0.9471341212644481
829 3739 -0.6605631265819756
829 3574 -0.16056084706849852
829 3589 -0.717049803513633
830 3785 0.1985516398382825
830 3800 -0.2220922154756152
830 3815 -0.4544516535508358
830 3830 0.26900303637217937
830 3845 1.0
830 3860 0.18980206016371032
830 3875 0.7167182033067736
830 3890 -0.4763304883320792
830 3754 0.5279837267621151
830 3769 -0.22111733800116445
843 844 -0.4428022793372722
843 858 -0.15223436107245802
843 3425 0.5322655085278408
843 3440 -0.11911528050141944
843 3455 0.8270826054866361
843 3470 -0.1497786359644568
843 3485 -0.31710983057180564
843 3500 -0.44266994439481655
843 3364 0.2932317496805711
843 3379 -0.04974837551816891
843 3394 0.6045620010486146
843 3409 -0.694697966585564
844 845 -0.018319962622914927
844 859 0.6856546167148106
844 3605 0.1422676150445683
844 3620 0.7812172457536382
844 3635 -0.031627948186815684
844 3650 0.009176729353664443
844 3665 0.12411736285161368
844 3680 0.32830010957671935
844 3515 0.11904138771185038
844 3530 0.16841167174211066
844 3544 0.8959549807486432
844 3559 -0.5926420515587804
844 3574 -0.41028963434156873
844 3589 -0.02299089844726383
845 860 0.39090487411773805
845 3785 -0.27749044992582694
845 3800 0.25113140765225994
845 3815 0.3372423496693649
845 3830 0.7783276078220116
845 3845 0.4121360025094445
845 3860 0.1263266578419109
845 3695 -0.40421770915289257
845 3710 0.4082239638545297
845 3724 -0.1258482872774609
845 3739 -0.3035022996576037
845 3754 -0.4120198991875142
845 3769 0.22003103012848776
858 859 1.0
858 3425 0.1950320652831999
858 3440 0.7860346629172776
858 3455 0.17565305238704593
858 3470 -0.46191603999239716
858 3485 0.22711977485379958
858 3500 -0.03198082908963878
858 3364 0.4497145175206668
858 3379 -0.011744244964664986
858 3394 0.04987146068336824
858 3409 0.11246455692913855
859 860 -0.2257736028033555
859 3605 -0.17400979737971772
859 3620 -0.6332143426848859
859 3635 0.5831819913583086
859 3650 -0.3944023504989567
859 3665 0.08817636815072505
859 3680 -0.31685138306607513
859 3515 -0.2887090907351659
859 3530 -0.5488694755566677
859 3544 -0.16659817248175837
859 3559 0.33579118458955287
859 3574 0.2068630277572779
859 3589 -0.025150423977925784
860 3785 0.43775043480377235
860 3800 -0.3726275643398517
860 3815 -0.7149266696690671
860 3830 0.38969392082923876
860 3845 0.49533272901172337
860 3860 0.2844290767463157
860 3695 -0.6986185108995198
860 3710 0.3027871847539757
860 3724 -0.21567849005252068
860 3739 0.2600896159388491
860 3754 0.5217307353228768
860 3769 -0.27616836181651694
873 874 -0.24345584556300323
873 888 -0.4797032677822827
873 3425 -0.17492026359399268
873 3440 0.5121659176167002
873 3455 0.37343775240975097
873 3470 0.38939401387985384
873 3485 0.8405399311194679
873 3500 -0.7037059350632269
873 3365 -0.15431729061878383
873 3380 0.1154937024966874
873 3395 0.593877333998138
873 3410 -0.33377518186510846
874 875 1.0
874 889 0.397902408026394
874 3605 -0.23366868866907473
874 3620 -0.17596298764235668
874 3635 -0.03838096629527059
874 3650 -0.4135144750193942
874 3665 -0.09909096873539736
874 3680 0.9732295944678465
874 3515 -0.36493636831632414
874 3530 0.5777280781420226
874 3545 -0.1942757188285677
874 3560 -0.015005784409464077
874 3575 -0.7028666852002058
874 3590 0.3107316733770112
875 890 0.20699546835270285
875 3785 -0.026140796434892588
875 3800 -0.3998165140557721
875 3815 -0.7275352716680292
875 3830 0.2008714943776468
875 3845 0.21691694430711467
875 3860 -0.06627241292875036
875 3695 0.09151816843174158
875 3710 -0.46856858215707536
875 3725 -0.07191080964513749
875 3740 -1.0
875 3755 0.6722919545362968
875 3770 0.503226771588353
888 889 0.3843773889309635
888 3425 -0.6501487805847492
888 3440 0.12271878731725437
888 3455 0.8658761585432522
888 3470 0.06725844737419576
888 3485 0.04418339462173663
888 3500 -0.8960232429610698
888 3365 0.19603804109120376
888 3380 -1.0
888 3395 0.48684044911583607
888 3410 -0.5021865086045069
889 890 -0.22002657990864682
889 3605 0.2431072844135679
889 3620 -0.14188203511123063
889 3635 -0.3406227515896706
889 3650 -0.32699111333137376
889 3665 0.8392319915924823
889 3680 0.8684322503535932
889 3515 -0.19857747486303753
889 3530 -0.2709600737029201
889 3545 -0.18856056422106054
889 3560 0.02481652728222926
889 3575 0.378426886695592
889 3590 -0.037237798046587625
890 3785 0.6166678919811482
890 3800 0.649603378042305
890 3815 0.29067926961350177
890 3830 -0.3638958230695687
890 3845 0.06647796556238601
890 3860 0.32009339676437504
890 3695 -0.883728121687844
890 3710 -0.7325856833480333
890 3725 0.1391122547909521
890 3740 -0.6651150803862184
890 3755 0.6553722934098414
890 3770 0.0064411128768741815
903 904 -0.18819578053958752
903 918 -0.6268817644286233
903 3425 0.6988894825944664
903 3440 -0.17872896101658478
903 3365 -0.5950855927465214
903 3380 0.16842098716627837
903 3395 0.3507555732518288
903 3410 -0.6176100191772019
904 905 -0.3527161350169157
904 919 -0.14913530493204066
904 3605 -0.527655392308551
904 3620 0.6713145700341283
904 3455 -0.328216382946197
904 3470 0.0430787574183286
904 3485 -0.6863944171384226
904 3500 0.16457952975263657
904 3515 -0.6108916962795258
904 3530 0.052149846305366246
904 3545 -0.6698120634627037
904 3560 -0.2868106410099045
904 3575 -0.3314674848438083
904 3590 -0.4351623350138277
905 920 -0.13713065079294487
905 3785 0.20760345153053825
905 3800 -1.0
905 3635 0.38417967459629754
905 3650 -0.1809747077878355
905 3665 -0.30087075625339993
905 3680 -0.003210386318575859
905 3695 0.1208451591274622
905 3710 0.24974559323022696
905 3725 -0.5410516037575822
905 3740 -0.26315334858316153
905 3755 -0.0997897969368182
905 3770 -0.4439419610632055
918 919 0.036588709938764105
918 3425 0.7470115497685835
918 3440 -0.3277954194947015
918 3365 0.05120507088959435
918 3380 -0.0931067350687451
918 3395 0.5310874913655796
918 3410 -0.8994277513618977
919 920 0.4158807302279544
919 3605 -0.4357399192653235
919 3620 -0.7152322753893205
919 3455 0.19036520115055852
919 3470 -0.735478075305604
919 3485 -0.41712208837743314
919 3500 -0.17667071924416758
919 3515 0.7054478025575063
919 3530 0.8409487718215738
919 3545 0.7955763837910341
919 3560 0.33676304295504345
919 3575 0.11781274513299693
919 3590 0.07457896091704763
920 3785 0.19451462954314094
920 3800 0.10318529146874005
920 3635 -0.7751260084830783
920 3650 0.8227064648891111
920 3665 -0.38860769823439195
920 3680 -0.2029636128193281
920 3695 -0.3659556753646017
920 3710 -0.1684068341004549
920 3725 0.23970786874285796
920 3740 0.9649904895243668
920 3755 -1.0
920 3770 0.014596711384929998
933 934 0.28761608932196475
933 948 0.0746525605303115
933 3425 -0.7033120310663865
933 3440 0.15007488909318298
933 3365 0.08693063147607025
933 3380 0.40598617384304697
933 3395 0.15957066218949584
933 3410 -0.015181697263443142
934 935 0.3559275128434814
934 949 -0.22559911804432337
934 3605 -0.14530387459136607
934 3620 -0.0036589761466139193
934 3455 0.14753840030002743
934 3470 -0.5539410699995656
934 3486 0.12299941823631388
934 3501 0.3775063493750754
934 3516 0.11077400361348248
934 3531 -0.0912887397951493
934 3545 0.38701657325293376
934 3560 0.1222665975195948
934 3575 0.1697697692123855
934 3590 0.4374748818592659
935 950 -0.5683606785743271
935 3785 -0.4570533590271005
935 3800 0.34140343835083486
935 3635 -0.11310595364588133
935 3650 0.3781757028808325
935 3666 -0.15083007743350715
935 3681 0.15144028350831598
935 3696 0.14733974615844977
935 3711 0.45517670730641496
935 3725 0.5375194983861253
935 3740 -0.06873842264523965
935 3755 0.8154265592267131
935 3770 0.19973162084139923
948 949 0.7884558317175768
948 3425 0.23749615714693934
948 3440 0.5419034477403109
948 3365 -0.5300641488431316
948 3380 0.4522916134058846
948 3395 -0.8513039814132879
948 3410 0.15890063304868154
949 950 -0.8120481613069521
949 3605 -0.5295746162085263
949 3620 -0.12067588547669755
949 3455 0.3329498851928326
949 3470 -0.058052054908556736
949 3486 0.4539696625234607
949 3501 0.7066217937184448
949 3516 0.1105683514485921
949 3531 -0.0007173533954312828
949 3545 -0.7975451901026746
949 3560 0.4454493769513647
949 3575 -0.15923617860107
949 3590 0.4087799239390267
950 3785 -0.06963906936303667
950 3800 0.2164911388270546
950 3635 -0.34907265304397833
950 3650 1.0
950 3666 0.3912907475913445
950 3681 -0.8535786669510071
950 3696 -0.6662311028523837
950 3711 -0.16793595172677409
950 3725 -0.6910221851348577
950 3740 -0.3446453405443348
950 3755 -0.059109037520001254
950 3770 0.30756826082367816
963 964 0.48517583893963745
963 978 -0.039001083380999
963 3425 -0.4563385668035698
963 3440 0.35064823329657824
963 3455 -0.144120712484997
963 3470 0.6243852705560067
963 3486 0.013009843072342204
963 3501 0.24412865490274144
963 3516 0.7659152350895667
963 3531 -0.34380891896639365
963 3545 0.09428584517969085
963 3560 -0.07238874580150328
963 3395 -0.21855653942565703
963 3410 -0.5625546274829708
964 965 -0.1495443043532598
964 979 0.6967403859594428
964 3605 -0.594639610348756
964 3620 -0.21052397780244136
964 3635 0.46200677759463815
964 3650 -0.2366523095184944
964 3666 -0.9440844740028557
964 3681 0.6288572157988063
964 3696 1.0
964 3711 0.3316656443117214
964 3725 -0.2693676916081697
964 3740 -0.0572199275563603
964 3575 0.222485605892989
964 3590 0.9680605343694091
965 980 -0.39641716681985356
965 3785 -0.26743475006152934
965 3800 0.7695380986740733
965 3815 1.0
965 3830 -0.4617700685943775
965 3846 0.5175591742511498
965 3861 0.21610272408971867
965 3876 0.24179978903650917
965 3891 -0.37282948301947705
965 3755 -0.3536483580873044
965 3770 -0.4257435814017775
978 979 0.5211530603310026
978 3425 -0.14061983356032987
978 3440 -0.14672143458706402
978 3455 0.5534676130025795
978 3470 0.22239231838710305
978 3486 0.3830485521000871
978 3501 -0.3534698569185738
978 3516 -0.26333836147165013
978 3531 -0.9608445410282079
978 3545 0.2599902153468616
978 3560 0.3156960954191022
978 3395 -0.026391868092133352
978 3410 0.2623103787605588
979 980 0.20212276827363823
979 3605 0.15861029686506065
979 3620 0.2292143624131758
979 3635 0.5811655287194326
979 3650 -0.23460589480884736
979 3666 -0.4101838132812155
979 3681 -0.8248934954623768
979 3696 -0.019540690376791587
979 3711 0.06734610444841127
979 3725 0.18193735497531677
979 3740 0.3131238185928381
979 3575 -0.6543346223703068
979 3590 0.3039647030886588
980 3785 0.43125745576481583
980 3800 0.2519250630004371
980 3815 0.2588097395386283
980 3830 0.03671077745807038
980 3846 -0.6125271339057682
980 3861 -0.38164989759951146
980 3876 -0.7109858083903126
980 3891 -0.10322037128446677
980 3755 -0.485149404945429
980 3770 -0.6028659801766746
993 994 -0.6313169706624716
993 1008 -0.15494592718533928
993 3426 -0.549142633717478
993 3441 -0.002613726639616078
993 3456 0.20393723999899446
993 3471 -0.5104821568346612
993 3486 -0.18192795659969765
993 3501 0.645739724734385
993 3516 -0.5648973779166888
993 3531 0.18904735195344044
993 3545 0.610641074753819
993 3560 -0.18714133978655148
993 3395 0.3563231673499799
993 3410 -0.17601304579306395
994 995 1.0
994 1009 0.424366341052793
994 3606 0.09504258693297055
994 3621 0.6640629301810562
994 3636 -0.419419272964368
994 3651 -0.18831855942768494
994 3666 0.03361778282129091
994 3681 -0.6401066362599825
994 3696 -0.004007142068335227
994 3711 -0.36859385439324
994 3725 0.168738553904215
994 3740 1.0
994 3575 0.3906299819691196
994 3590 -0.16873356763818723
995 1010 -0.31206163316906044
995 3786 -0.5003048046114253
995 3801 0.6003631257898794
995 3816 1.0
995 3831 0.07354371052795401
995 3846 -0.547116034164707
995 3861 -0.16833780609322466
995 3876 0.6110421882896496
995 3891 -0.03213533679626558
995 3755 0.14694941882239093
995 3770 0.7492009248143953
1008 1009 -0.5754586556557804
1008 3426 -0.32179339368446885
1008 3441 -1.0
1008 3456 0.1054613307835332
1008 3471 -0.12928376779415876
1008 3486 0.5240105403877053
1008 3501 0.12783344676840253
1008 3516 0.17133436973139363
1008 3531 0.2754167184270074
1008 3545 -0.9830803927276991
1008 3560 -0.36596813853961624
1008 3395 1.0
1008 3410 -0.12013167046670781
1009 1010 0.9690390260327608
1009 3606 0.010828759123241277
1009 3621 -0.2697198721422407
1009 3636 0.21382433011516291
1009 3651 0.581317769576344
1009 3666 -0.3948866198611513
1009 3681 -0.19414484187803485
1009 3696 -0.2871217830781707
1009 3711 -0.13795581148789568
1009 3725 -0.9138397121471666
1009 3740 0.5531446632909182
1009 3575 0.2285648343313072
1009 3590 -0.29514265874248224
1010 3786 -0.6686030410650724
1010 3801 -0.37669655055469886
1010 3816 -0.3842435379541344
1010 3831 -0.12654104364750207
1010 3846 0.4917272092594261
1010 3861 0.9555788589315048
1010 3876 -0.37640941180634857
1010 3891 -0.04875471480371173
1010 3755 1.0
1010 3770 0.37414933060640554
1023 1024 -0.14729301580330217
1023 1038 -0.26713084903353657
1023 3426 -0.29157283136062667
1023 3441 -0.3542810792134582
1023 3456 0.0172097295346279
1023 3471 -0.26721011183899196
1023 3486 -0.5890830878792475
1023 3501 0.4205749524308722
1023 3365 0.7898896228209376
1023 3380 0.37541310495185204
1023 3395 0.6742831838145529
1023 3410 -0.05205958037326895
1024 1025 0.16959465318429398
1024 1039 0.9355508867113598
1024 3606 1.0
1024 3621 -0.3537271294309997
1024 3636 0.47798168192990553
1024 3651 0.4995385403455082
1024 3666 -1.0
1024 3681 0.051578933642111933
1024 3516 -0.3881332787243236
1024 3531 0.164055022336275
1024 3545 -0.181777513532572
1024 3560 -0.5591166366483244
1024 3575 0.3232566604741584
1024 3590 0.10516714865306158
1025 1040 -0.4728250739606709
1025 3786 0.6828398206465529
1025 3801 0.21665887101820566
1025 3816 0.145324350695141
1025 3831 0.4168945498525636
1025 3846 -0.24968317747262003
1025 3861 0.564233434064609
1025 3696 -0.5040623989442801
1025 3711 -0.7960757064902135
1025 3725 0.32682023267309124
1025 3740 -0.18417275764097302
1025 3755 -0.07677362339729396
1025 3770 0.323193507768038
1038 1039 -0.18101064744277126
1038 3426 -0.1783192432614886
1038 3441 -0.7317481813064561
1038 3456 0.5355731184334882
1038 3471 0.9490850736088612
1038 3486 0.8609747578063978
1038 3501 0.6595825521207733
1038 3365 -0.00777052445686121
1038 3380 -0.045432451702755054
1038 3395 -0.0036036418131040336
1038 3410 0.9184341131108507
1039 1040 -0.4570427807459542
1039 3606 -0.006710494533692738
1039 3621 -0.11996255034619023
1039 3636 -0.4935270448120433
1039 3651 0.6377983841943085
1039 3666 -0.20954174101938347
1039 3681 0.3656765572310875
1039 3516 0.11326844497699882
1039 3531 -0.3400746153490256
1039 3545 0.5834743204442882
1039 3560 -0.1518568919620963
1039 3575 0.2702924341549412
1039 3590 -0.16826820273785767
1040 3786 -0.04510390424835229
1040 3801 -0.5733960638103232
1040 3816 0.16317446856373044
1040 3831 0.31226435067194663
1040 3846 -0.3569732197303635
1040 3861 -0.5284778374976835
1040 3696 0.16249931121978342
1040 3711 0.17879038115791207
1040 3725 -0.33348404186421493
1040 3740 -1.0
1040 3755 0.5906877470897581
1040 3770 -0.00877230154530781
1053 1054 -0.8026723290305194
1053 1068 -0.8448909768953319
1053 3426 -0.15388723516322736
1053 3441 -0.34275847441611157
1053 3456 0.2578095214131724
1053 3471 -0.07141853224102537
1053 3486 0.49632930812925247
1053 3501 -0.37922779771048115
1053 3366 -0.44344026934665853
1053 3381 -0.017227166533488134
1053 3396 -0.5353536307954732
1053 3411 0.03321420556369453
1054 1055 -0.1075363942453067
1054 1069 0.011207256335847942
1054 3606 0.650059552865866
1054 3621 0.05801303952298366
1054 3636 0.6581929373568706
1054 3651 -0.09139992643147002
1054 3666 -0.38429049871915427
1054 3681 0.7778190972616346
1054 3516 0.17785363558913267
1054 3531 -0.573492328505122
1054 3546 -0.34723743111692884
1054 3561 -0.6287216801428427
1054 3576 -0.9846748744782657
1054 3591 -0.9421858627136614
1055 1070 0.4305790245788264
1055 3786 -0.28620940401320943
1055 3801 0.09209574003561996
1055 3816 -0.2562342868239478
1055 3831 0.1813768396256496
1055 3846 -0.3203589054659243
1055 3861 -0.2519953772058753
1055 3696 -0.2664015038949206
1055 3711 0.8402614081293592
1055 3726 0.45329249457849685
1055 3741 0.35848039616333066
1055 3756 0.3196695492338629
1055 3771 0.22398551302324163
1068 1069 0.054541048123827665
1068 3426 -0.5935019633215904
1068 3441 0.3772162204178568
1068 3456 0.7409147663828416
1068 3471 -0.9928269867502774
1068 3486 -0.2975838048947119
1068 3501 -0.027882902803644
1068 3366 -0.11076492653161524
1068 3381 -0.10073562383391507
1068 3396 0.13361707763285072
1068 3411 -0.5509027704637565
1069 1070 0.6576739956809969
1069 3606 0.09931958077960601
1069 3621 -0.5452423981778427
1069 3636 0.34570698113230225
1069 3651 -0.15189238554517392
1069 3666 0.47008027207438635
1069 3681 0.06687316643395728
1069 3516 0.3991185283307956
1069 3531 -0.3824562610320563
1069 3546 0.5235764132190753
1069 3561 -0.7546711474540214
1069 3576 -0.033599920240653974
1069 3591 -0.2749687356485546
1070 3786 0.23339016876230306
1070 3801 1.0
1070 3816 -0.8571850721657699
1070 3831 -0.02275889646978354
1070 3846 0.541700067518432
1070 3861 -0.0854258789406868
1070 3696 0.01700282950882273
1070 3711 0.17793087083077663
1070 3726 1.0
1070 3741 -0.0952392956901768
1070 3756 -0.25242201940568076
1070 3771 0.09268362088538082
1083 1084 0.20366596401421166
1083 1098 -0.12915752558656887
1083 3426 0.5272847377660215
1083 3441 0.48604152320028937
1083 3366 -0.08025041738674435
1083 3381 -0.1819216089797866
1083 3396 0.11266791273533493
1083 3411 -0.21897070570260938
1084 1085 -0.034273915787648705
1084 1099 -0.07890628812371546
1084 3606 -0.9537743620451666
1084 3621 -0.452151665182388
1084 3456 -0.30505800244677916
1084 3471 0.5353699483242471
1084 3486 -0.8964089891747036
1084 3501 0.12554805716524042
1084 3516 -0.13074705110677223
1084 3531 0.2639343574861512
1084 3546 -0.5100884142177882
1084 3561 -0.20094214758961068
1084 3576 -0.5949790262897469
1084 3591 0.5090296805695426
1085 1100 0.5901566839383382
1085 3786 0.137266680365068
1085 3801 0.024528900559219337
1085 3636 -0.004651404913191026
1085 3651 0.6688571183233573
1085 3666 0.4832447199201707
1085 3681 0.04125272907172984
1085 3696 -0.6251295217405973
1085 3711 -0.46498495544757534
1085 3726 0.11239404943605448
1085 3741 -0.13649200218923177
1085 3756 0.3215436782356273
1085 3771 0.08961229794559478
1098 1099 -0.05132388269562961
1098 3426 -0.7470302493395632
1098 3441 -0.06436030921807487
1098 3366 -0.22344924893220627
1098 3381 -0.4280923513838737
1098 3396 0.5647953572343317
1098 3411 -0.011799012461782688
1099 1100 0.29372404132286634
1099 3606 -0.3834063339918766
1099 3621 0.18695118951212777
1099 3456 0.8534793404771063
1099 3471 0.391637033604143
1099 3486 -0.244728257225423
1099 3501 -0.32244213323308174
1099 3516 0.9754439559637788
1099 3531 0.7579770833658215
1099 3546 0.5280750076685502
1099 3561 -0.5578000249274919
1099 3576 0.6871392020787007
1099 3591 -0.21978154879827458
1100 3786 0.3346379250591163
1100 3801 -0.38978440197712555
1100 3636 -0.37053929821986686
1100 3651 -0.2930176806673018
1100 3666 -0.42388766163605107
1100 3681 -0.859613874178507
1100 3696 0.25478735307274625
1100 3711 0.2211319622356944
1100 3726 -0.20997532585826542
1100 3741 -0.12535018018459385
1100 3756 0.4178997050973725
1100 3771 -0.18436373808705536
1113 1114 -0.38222894753484304
1113 1128 0.2078817675531704
1113 3426 0.47433106345618875
1113 3441 -0.3524133414069192
1113 3366 -0.7237859685542306
1113 3381 -0.13648750613235783
1113 3396 0.009005845494853938
1113 3411 -0.26847076940241066
1114 1115 0.22976251870097755
1114 1129 -0.3399767393447785
1114 3606 0.6394363845335612
1114 3621 0.817894149770942
1114 3456 -0.3844935447981756
1114 3471 -1.0
1114 3546 -0.09316607177310067
1114 3561 -0.12247272235797164
1114 3576 -0.335063665752511
1114 3591 0.19627532481817034
1115 1130 -0.11603452085363199
1115 3786 -0.595932557491749
1115 3801 -0.8364428235992944
1115 3636 -0.16497296832667563
1115 3651 -0.29844494436457547
1115 3726 0.49126099782921606
1115 3741 0.6409377223131162
1115 3756 -0.40649822229509286
1115 3771 0.4641486446243874
1128 1129 -0.03878029296326559
1128 3426 0.3441137691174306
1128 3441 -0.21103596473223848
1128 3366 -0.763045331794184
1128 3381 0.38268467160816877
1128 3396 -0.015877195363939806
1128 3411 0.4339396980240156
1129 1130 -0.08779658993457434
1129 3606 0.10286079144859554
1129 3621 0.03709247362951932
1129 3456 -0.9347048495043219
1129 3471 -0.7941445817041906
1129 3546 0.19579417446065184
1129 3561 -0.7522646592870785
1129 3576 0.26343531194374054
1129 3591 -0.2269046158821041
1130 3786 0.6262744248393467
1130 3801 -0.5712183061481289
1130 3636 -0.10752923212120048
1130 3651 -0.04213877273377485
1130 3726 -0.04703750493088742
1130 3741 -0.18310231684141678
1130 3756 0.36104655615051
1130 3771 -0.3318133223741583
3364 3365 1.0
3364 3379 -0.44319636554824626
3365 3366 0.7711056557820557
3365 3380 0.24067461731018497
3366 3381 -0.19274138501471275
3379 3380 0.5521529563090806
3380 3381 -0.3826645948223289
3394 3395 -1.0
3394 3409 -0.5382947927897747
3395 3396 -0.5239772279650006
3395 3410 -0.13819966038104364
3396 3411 0.1074335193986838
3409 3410 -0.4372848433129259
3410 3411 0.04843396419462813
3424 3425 0.26358662629835766
3424 3439 0.020620070886529535
3425 3426 -0.3618128118698381
3425 3440 0.7534036790095454
3426 3441 0.4834295405471105
3439 3440 0.9727595015434638
3440 3441 0.1560846702810822
3454 3455 -0.47518567491336344
3454 3469 0.994979163739644
3455 3456 0.35645747376377046
3455 3470 0.04280543534625698
3456 3471 0.24295495424118946
3469 3470 0.21301613036970105
3470 3471 0.07180605870874089
3484 3485 0.5716845367328232
3484 3499 0.21642848496069386
3485 3486 0.12167661478719562
3485 3500 0.21882573723086132
3486 3501 0.6248447942946754
3499 3500 0.06371069258754852
3500 3501 0.6161086285562453
3514 3515 -0.911467405655066
3514 3529 -0.2446138118353191
3515 3516 -0.39804476444519304
3515 3530 0.8955299758852061
3516 3531 0.09580641805015709
3529 3530 -0.5807570185869625
3530 3531 -0.1028452996081262
3544 3545 0.46414151155364736
3544 3559 0.5851318676987004
3545 3546 -0.825135101844885
3545 3560 0.3785099606229506
3546 3561 0.16376442335724967
3559 3560 -0.21345609612530217
3560 3561 -0.48678400008062417
3574 3575 -0.3539297221823921
3574 3589 0.3391717801263012
3575 3576 0.0503232414145844
3575 3590 -0.012954070439596043
3576 3591 0.7608313798719845
3589 3590 -0.22922803280357487
3590 3591 -0.27452213081143956
3604 3605 0.0538947926278221
3604 3619 -0.23275556236587772
3605 3606 -0.27359383531428155
3605 3620 0.8377591948528671
3606 3621 -0.46848674968436155
3619 3620 -0.028984084264049633
3620 3621 0.7539023814510232
3634 3635 0.3754704080133667
3634 3649 0.1757457413953641
3635 3636 -0.6705866570982895
3635 3650 -0.5395239362125782
3636 3651 -0.17029766985896205
3649 3650 0.14475899728806135
3650 3651 -0.021000215449184904
3664 3665 0.09760878613500287
3664 3679 0.22893209289331518
3665 3666 -0.26113180358832633
3665 3680 0.07217197859453726
3666 3681 -0.47536714724888446
3679 3680 0.11840256245135673
3680 3681 0.5574563498847485
3694 3695 1.0
3694 3709 -0.47714343136748705
3695 3696 0.5559144538859009
3695 3710 -0.15069442856701618
3696 3711 -0.5997798150399621
3709 3710 -0.6414835922984317
3710 3711 -0.2646363139135902
3724 3725 0.4543150509386031
3724 3739 0.0693309680775739
3725 3726 -0.20351565967033036
3725 3740 0.940428073079567
3726 3741 0.47879535844570037
3739 3740 0.22129884780980977
3740 3741 -0.5564768915614847
3754 3755 0.2695461120132947
3754 3769 -0.38165807621780246
3755 3756 -1.0
3755 3770 0.2638429253760061
3756 3771 -0.08563005187606253
3769 3770 0.22991853090651865
3770 3771 0.6317141581221102
3784 3785 -0.10581499933659608
3784 3799 -0.3436868712882035
3785 3786 0.26386570881896837
3785 3800 -0.6695234006881858
3786 3801 0.17884699578188118
3799 3800 0.19264050295813176
3800 3801 -0.4251176902055338
3814 3815 -1.0
3814 3829 0.6059723425633488
3815 3816 0.42997114332411196
3815 3830 -0.274426979890614
3816 3831 0.2732483535040502
3829 3830 0.12461663210965294
3830 3831 0.31379342831913193
3844 3845 0.024782893855007815
3844 3859 0.08426681725637859
3845 3846 0.14912393628543893
3845 3860 0.26602199171765467
3846 3861 -0.6039383098333684
3859 3860 0.35822640407674566
3860 3861 -0.033670101285041214
3874 3875 0.643651218521721
3874 3889 -0.4812526503217652
3875 3876 0.5814931057267981
3875 3890 -0.09327859799088453
3876 3891 0.29619362894866874
3889 3890 0.3279594112124287
3890 3891 0.17935790887361158
